0.6814855337142944
0.4678526520729065
0.4207528531551361
0.4028553068637848
0.39456281065940857
0.38869592547416687
0.38499706983566284
0.3811308741569519
0.37803319096565247
0.3772146999835968
0.3758091926574707
0.3718128204345703
0.36989253759384155
0.36739668250083923
0.36497750878334045
0.36632731556892395
0.36198410391807556
0.359551340341568
0.35770878195762634
0.35616424679756165
0.35611870884895325
0.35442641377449036
0.3529462516307831
0.34972789883613586
0.34884554147720337
0.34684446454048157
0.3476239740848541
0.34327876567840576
0.3449028432369232
0.34090474247932434
0.3408394753932953
0.3385430872440338
0.337541401386261
0.33565717935562134
0.3336561918258667
0.333428293466568
0.33098113536834717
0.33153820037841797
0.3289843201637268
0.327272891998291
0.326082706451416
0.32810190320014954
0.32762736082077026
0.3252663314342499
0.3225519359111786
0.3190464675426483
0.31918177008628845
0.3146953880786896
0.3166331648826599
0.31471726298332214
0.31016892194747925
0.31224068999290466
0.31068190932273865
0.30766743421554565
0.30626237392425537
0.3056224584579468
0.3003802001476288
0.304086297750473
0.2992422878742218
0.2965780794620514
0.2932400107383728
0.29320675134658813
0.2983975112438202
0.28983181715011597
0.2892437279224396
0.2863270044326782
0.2875406742095947
0.28417694568634033
0.28438541293144226
0.28100788593292236
0.27770599722862244
0.2780449688434601
0.2739045023918152
0.272999107837677
0.2727340757846832
0.275706946849823
0.2716912627220154
0.2806051969528198
0.27265989780426025
0.26793205738067627
0.26919400691986084
0.2644864618778229
0.2609044313430786
0.26396259665489197
0.25886067748069763
0.2561887502670288
0.25739744305610657
0.2561093866825104
0.24994643032550812
0.2530651390552521
0.2532883584499359
0.24727176129817963
0.24557456374168396
0.2460700124502182
0.25340279936790466
0.24485962092876434
0.24572858214378357
0.24325253069400787
0.23938071727752686
0.2372787594795227
0.23525820672512054
0.23436671495437622
0.23191779851913452
0.23081611096858978
0.22863392531871796
0.23011350631713867
0.22629493474960327
0.22954733669757843
0.22446253895759583
0.22437931597232819
0.22041745483875275
0.22591306269168854
0.22464913129806519
0.22569118440151215
0.21858510375022888
0.2185974270105362
0.217233344912529
0.21930591762065887
0.22858433425426483
0.21185211837291718
0.21059954166412354
0.20717822015285492
0.20470695197582245
0.19961118698120117
0.19854965806007385
0.20022259652614594
0.19729763269424438
0.19854103028774261
0.19607962667942047
0.19447872042655945
0.1940181404352188
0.19556491076946259
0.1929716318845749
0.19661647081375122
0.19322142004966736
0.19182050228118896
0.1924920231103897
0.19089138507843018
0.19273477792739868
0.19115899503231049
0.19336791336536407
0.18905888497829437
0.1918632835149765
0.18959549069404602
0.18657298386096954
0.18588539958000183
0.1871643215417862
0.18529801070690155
0.18314771354198456
0.18430854380130768
0.18370208144187927
0.18278972804546356
0.1818273365497589
0.1813451051712036
0.17865103483200073
0.17820119857788086
0.1781199425458908
0.1793479025363922
0.18623554706573486
0.17823639512062073
0.1767086237668991
0.1750287562608719
0.1757633090019226
0.17401276528835297
0.17357705533504486
0.1733953058719635
0.1729276478290558
0.17319712042808533
0.17431122064590454
0.17234213650226593
0.1708323210477829
0.17231668531894684
0.17006367444992065
0.17217738926410675
0.16992489993572235
0.16761575639247894
0.16721434891223907
0.16981476545333862
0.16656722128391266
0.1666499674320221
0.1680680513381958
0.16877521574497223
0.16351044178009033
0.1628383845090866
0.16154369711875916
0.1688583344221115
0.16314521431922913
0.16398374736309052
0.16154392063617706
0.16378211975097656
0.1598588228225708
0.16181883215904236
0.16119195520877838
0.16194479167461395
0.15820783376693726
0.1562827229499817
0.15985876321792603
0.16031168401241302
0.15595793724060059
0.16042399406433105
0.15905359387397766
0.15815046429634094
0.1548364907503128
0.1546456664800644
0.15460756421089172
0.1543276011943817
0.15190523862838745
0.15390241146087646
0.151900053024292
0.15313659608364105
0.15128347277641296
0.1504678577184677
0.15028049051761627
0.14933249354362488
0.1495007574558258
0.14859333634376526
0.1488136500120163
0.1495019793510437
0.14692248404026031
0.1464575082063675
0.14510104060173035
0.14723576605319977
0.14579036831855774
0.14458103477954865
0.14198783040046692
0.14047549664974213
0.1402568519115448
0.14093159139156342
0.13958090543746948
0.14021746814250946
0.1395902782678604
0.13943670690059662
0.13950702548027039
0.1384373903274536
0.13889667391777039
0.1378316879272461
0.13795402646064758
0.13773301243782043
0.1376463770866394
0.13816022872924805
0.13834688067436218
0.1366938352584839
0.13731954991817474
0.13858331739902496
0.1375107318162918
0.13687938451766968
0.13663709163665771
0.13613684475421906
0.135203018784523
0.13524827361106873
0.13490071892738342
0.1362537294626236
0.1364435851573944
0.13545599579811096
0.13379153609275818
0.13419991731643677
0.13422006368637085
0.13366606831550598
0.13368739187717438
0.13325713574886322
0.13275839388370514
0.13396267592906952
0.1328877955675125
0.13621141016483307
0.13340866565704346
0.13246549665927887
0.13218751549720764
0.13423843681812286
0.1311933845281601
0.13064901530742645
0.13091377913951874
0.1306324601173401
0.1304393708705902
0.13029222190380096
0.1305830180644989
0.12907344102859497
0.1303829848766327
0.1307477504014969
0.1299429088830948
0.13014179468154907
0.12845969200134277
0.12892840802669525
0.12913118302822113
0.12812195718288422
0.12982460856437683
0.1291743516921997
0.12792420387268066
0.12912233173847198
0.1291467845439911
0.12710556387901306
0.12647560238838196
0.12605538964271545
0.1268967241048813
0.12679773569107056
0.1275346428155899
0.12579701840877533
0.12578171491622925
0.12528285384178162
0.12455933541059494
0.12462394684553146
0.12564808130264282
0.12380539625883102
0.12490195035934448
0.12686441838741302
0.1253218948841095
0.12407072633504868
0.12374371290206909
0.12358875572681427
0.12395532429218292
0.1229272335767746
0.12299614399671555
0.12515965104103088
0.12350528687238693
0.12412708252668381
0.12246249616146088
0.1218501478433609
0.1217794120311737
0.12286484986543655
0.123219795525074
0.12137042731046677
0.12048612534999847
0.12131436169147491
0.11987951397895813
0.11880943179130554
0.11835259199142456
0.11804424971342087
0.11853774636983871
0.11850666254758835
0.11746290326118469
0.11809851229190826
0.11747372895479202
0.11793375015258789
0.11801771074533463
0.11726133525371552
0.11726818978786469
0.11747962981462479
0.11772303283214569
0.11689773201942444
0.11738734692335129
0.11711134016513824
0.11671313643455505
0.11664523184299469
0.11645373702049255
0.11634544283151627
0.11658422648906708
0.11607499420642853
0.11655912548303604
0.11636686325073242
0.11561189591884613
0.11656858772039413
0.11629415303468704
0.1159818023443222
0.11579083651304245
0.11658188700675964
0.11567143350839615
0.11621147394180298
0.11651398241519928
0.11537444591522217
0.11519057303667068
0.11489283293485641
0.11512281745672226
0.11531379073858261
0.11470367014408112
0.11452259123325348
0.11549309641122818
0.11541200429201126
0.11415080726146698
0.11408308893442154
0.1148601844906807
0.1140144020318985
0.1138082817196846
0.11372685432434082
0.11369382590055466
0.11366578191518784
0.1138518899679184
0.11333368718624115
0.11350256949663162
0.11385159939527512
0.11340811103582382
0.11337561160326004
0.1134941354393959
0.11305680125951767
0.11302709579467773
0.1127825602889061
0.11300192028284073
0.113617904484272
0.11284145712852478
0.11237934976816177
0.1120457574725151
0.1121908575296402
0.11256110668182373
0.11197137087583542
0.11169522255659103
0.1119563952088356
0.11215832829475403
0.11166565120220184
0.11163929104804993
0.11238022148609161
0.11166810244321823
0.11171182990074158
0.111544668674469
0.11130435764789581
0.1109953448176384
0.11085335910320282
0.11148946732282639
0.11087823659181595
0.11090922355651855
0.11040227115154266
0.11038385331630707
0.11150044947862625
0.11051507294178009
0.11090641468763351
0.11045698821544647
0.11015687137842178
0.10995916277170181
0.11102814972400665
0.11007263511419296
0.1096593365073204
0.10995133221149445
0.11030382663011551
0.10921609401702881
0.10974355041980743
0.10949765890836716
0.10867547243833542
0.10826915502548218
0.10802875459194183
0.1083722785115242
0.10822911560535431
0.10796595364809036
0.10797633230686188
0.10806279629468918
0.10789427906274796
0.10794153064489365
0.10835152864456177
0.10781192779541016
0.10764545202255249
0.10770463943481445
0.1077893003821373
0.10754232853651047
0.10762082785367966
0.10750561207532883
0.10815642029047012
0.1075923815369606
0.10764183849096298
0.10789863020181656
0.10712569206953049
0.10721287876367569
0.10704991966485977
0.10716959834098816
0.10751199722290039
0.10704890638589859
0.106967993080616
0.10705370455980301
0.10736103355884552
0.10718098282814026
0.10673651844263077
0.1067640408873558
0.10676612704992294
0.10694670677185059
0.1067810207605362
0.10651350021362305
0.10703127086162567
0.1068103015422821
0.10652057081460953
0.10657544434070587
0.10636204481124878
0.1061394065618515
0.1066664382815361
0.106570303440094
0.1064566969871521
0.10623824596405029
0.1063174232840538
0.10620185732841492
0.10654627531766891
0.1061016395688057
0.10624860227108002
0.10586010664701462
0.10623777657747269
0.1060912013053894
0.10583744943141937
0.10589880496263504
0.10556555539369583
0.10551320016384125
0.10538554191589355
0.10556037724018097
0.1054261326789856
0.1054099053144455
0.10539407283067703
0.10556425154209137
0.10536103695631027
0.1054912805557251
0.10542084276676178
0.10526222735643387
0.10539830476045609
0.10498054325580597
0.10524336248636246
0.10509408265352249
0.10512206703424454
0.10498686134815216
0.10518214851617813
0.10510062426328659
0.10483964532613754
0.1049838736653328
0.10516881197690964
0.10487589985132217
0.1045960783958435
0.10445234179496765
0.10450222343206406
0.1044764593243599
0.10440627485513687
0.1043568104505539
0.10433036834001541
0.10483366250991821
0.10426820069551468
0.10429642349481583
0.10418857634067535
0.1041358932852745
0.10430452227592468
0.10435683280229568
0.10406021773815155
0.10409052670001984
0.1038159430027008
0.10416578501462936
0.10361192375421524
0.1034441813826561
0.10330279916524887
0.10326173156499863
0.10331584513187408
0.1032717227935791
0.10318120568990707
0.10321658849716187
0.10325213521718979
0.10325329005718231
0.10308994352817535
0.10316719859838486
0.10329010337591171
0.10329543054103851
0.10337276756763458
0.10328736156225204
0.10312055051326752
0.10307106375694275
0.10293082892894745
0.1028960645198822
0.10297594219446182
0.10297482460737228
0.10279648005962372
0.10312074422836304
0.10276172310113907
0.10278231650590897
0.10281907021999359
0.1028936579823494
0.10286519676446915
0.10279840230941772
0.1028224527835846
0.1026773750782013
0.10268086194992065
0.10274834930896759
0.10273042321205139
0.10257166624069214
0.10258691757917404
0.1027045026421547
0.10244453698396683
0.10258033126592636
0.1029074564576149
0.10245261341333389
0.10248413681983948
0.10261955857276917
0.10264988988637924
0.10247398167848587
0.10225800424814224
0.10258178412914276
0.10246274620294571
0.10239972919225693
0.10215412825345993
0.10243859142065048
0.10217254608869553
0.10223648697137833
0.10225950181484222
0.10225532948970795
0.10219695419073105
0.10218805819749832
0.1022724062204361
0.1021624282002449
0.10208720713853836
0.10209570825099945
0.10212372243404388
0.1019490584731102
0.10193537175655365
0.10196173936128616
0.10205599665641785
0.10188443213701248
0.10196350514888763
0.10194767266511917
0.10217693448066711
0.10202234983444214
0.10185921937227249
0.10178904235363007
0.10191217809915543
0.10181760042905807
0.10175540298223495
0.10188761353492737
0.1016438752412796
0.1016673669219017
0.10171516984701157
0.10172120481729507
0.10168115049600601
0.10163930058479309
0.10161073505878448
0.10155327618122101
0.10155173391103745
0.10154665261507034
0.10149247944355011
0.10141129046678543
0.10145639628171921
0.1014198586344719
0.10147521644830704
0.10155276954174042
0.10137804597616196
0.10136088728904724
0.10126259922981262
0.10129556059837341
0.10127725452184677
0.10121738165616989
0.10097669064998627
0.1011124923825264
0.10098151117563248
0.10097718238830566
0.10100678354501724
0.10097213089466095
0.10102688521146774
0.10095621645450592
0.1010260134935379
0.1009146124124527
0.10100237280130386
0.10086341202259064
0.10087067633867264
0.10088897496461868
0.10084431618452072
0.10084229707717896
0.10086993873119354
0.10076562315225601
0.10082437843084335
0.1008523553609848
0.10076982527971268
0.10081090778112411
0.10070765018463135
0.10075366497039795
0.10072772204875946
0.10077778249979019
0.10068552941083908
0.10067670792341232
0.10064622014760971
0.10066086798906326
0.10074320435523987
0.100608229637146
0.10062672197818756
0.10071076452732086
0.10064653307199478
0.10059415549039841
0.1006559506058693
0.1007172018289566
0.10054143518209457
0.10057436674833298
0.1005503311753273
0.10054168105125427
0.10052698850631714
0.10051632672548294
0.10060524940490723
0.10044529289007187
0.10047712922096252
0.10052977502346039
0.10043180733919144
0.10045775026082993
0.1005205437541008
0.10045500844717026
0.10038156807422638
0.1004372164607048
0.1003812775015831
0.10062297433614731
0.10048739612102509
0.10037145018577576
0.10038740932941437
0.1003900021314621
0.10032191872596741
0.10030069202184677
0.10036523640155792
0.10028316080570221
0.10032922029495239
0.10029059648513794
0.10032400488853455
0.10031145066022873
0.10035054385662079
0.10028521716594696
0.10022137314081192
0.10019820183515549
0.10021204501390457
0.10021424293518066
0.10013633221387863
0.10015099495649338
0.1001913994550705
0.10019373893737793
0.10016853362321854
0.10013426840305328
0.10012055933475494
0.1001318022608757
0.10007859021425247
0.10006605088710785
0.10002853721380234
0.10009817779064178
0.10006635636091232
0.10006637871265411
0.10005497187376022
0.10004053264856339
0.09999161213636398
0.10002393275499344
0.10004819184541702
0.10004705935716629
0.09994766116142273
0.09993667155504227
0.10001847892999649
0.09996696561574936
0.09988618642091751
0.09993439167737961
0.09981454163789749
0.09983493387699127
0.09981202334165573
0.0998179093003273
0.09980325400829315
0.09982156753540039
0.09976069629192352
0.0997900515794754
0.09977210313081741
0.09973899275064468
0.09975305199623108
0.09973885118961334
0.09976568073034286
0.09980767965316772
0.09971252083778381
0.09971432387828827
0.09972003847360611
0.09969637542963028
0.09971286356449127
0.09968996793031693
0.09966722875833511
0.09967918694019318
0.09969442337751389
0.09966156631708145
0.09968452155590057
0.09967678040266037
0.09975790977478027
0.09965410083532333
0.09964168816804886
0.09968037158250809
0.09968061745166779
0.09964342415332794
0.09962428361177444
0.09964246302843094
0.09960786998271942
0.09960221499204636
0.09966996312141418
0.0996067076921463
0.0996139645576477
0.09969253093004227
0.09959136694669724
0.09958711266517639
0.09957293421030045
0.09959918260574341
0.09954787790775299
0.09958633035421371
0.0995999276638031
0.0995372086763382
0.09952929615974426
0.09953125566244125
0.09955435246229172
0.099523164331913
0.09954521805047989
0.09952453523874283
0.09961012005805969
0.09955336153507233
0.09947231411933899
0.09952202439308167
0.09948299825191498
0.0995221883058548
0.09948402643203735
0.09953546524047852
0.09957101196050644
0.09955482929944992
0.09946335107088089
0.09949400275945663
0.0996132418513298
0.09952759742736816
0.09942291676998138
0.09941902756690979
0.0994374006986618
0.09941133856773376
0.09942447394132614
0.0994429662823677
0.09940314292907715
0.09941723942756653
0.09941505640745163
0.09936639666557312
0.09937609732151031
0.09938468784093857
0.09935902804136276
0.09948083758354187
0.09940697997808456
0.0993511900305748
0.09934835135936737
0.09937696903944016
0.09936311841011047
0.09932633489370346
0.09934332966804504
0.09933160245418549
0.09931018203496933
0.09929566830396652
0.09929901361465454
0.09931852668523788
0.09929831326007843
0.09937383234500885
0.09933197498321533
0.09928402304649353
0.09927257150411606
0.09933443367481232
0.09922991693019867
0.09920939803123474
0.0992114469408989
0.0992310494184494
0.09919675439596176
0.09919381886720657
0.09918869286775589
0.0991838201880455
0.09919685125350952
0.09918396174907684
0.09919419884681702
0.09919224679470062
0.09922068566083908
0.09917451441287994
0.09917086362838745
0.09918466210365295
0.09916532039642334
0.09916619211435318
0.09915737807750702
0.09915884584188461
0.0991552397608757
0.09915546327829361
0.09915859997272491
0.09916970878839493
0.09915520250797272
0.0991394966840744
0.09916047006845474
0.09914293885231018
0.09913785010576248
0.09916248172521591
0.09913139790296555
0.09912478178739548
0.09915193915367126
0.09911727905273438
0.09912966191768646
0.09911912679672241
0.09914111346006393
0.09909862279891968
0.09911060333251953
0.09910877048969269
0.09910273551940918
0.09911681711673737
0.09914103150367737
0.0990888848900795
0.0991058424115181
0.0991092249751091
0.09909367561340332
0.09911563992500305
0.09909744560718536
0.09907933324575424
0.09908565878868103
0.0990777462720871
0.09907681494951248
0.09906618297100067
0.09906014055013657
0.09906505793333054
0.09908019006252289
0.09909293800592422
0.099042147397995
0.09906856715679169
0.09907496720552444
0.09905630350112915
0.09905900061130524
0.09907101839780807
0.09904193133115768
0.09905697405338287
0.09903304278850555
0.09904355555772781
0.09903101623058319
0.09904272109270096
0.09903506934642792
0.09902071207761765
0.09904070198535919
0.0990448147058487
0.09901793301105499
0.0990367978811264
0.09901276975870132
0.0990355983376503
0.09903013706207275
0.09902464598417282
0.09898802638053894
0.09902439266443253
0.09901101142168045
0.09899966418743134
0.0990070253610611
0.09900522977113724
0.09898238629102707
0.0989898294210434
0.09899672865867615
0.09897354990243912
0.09897668659687042
0.09897272288799286
0.09898257255554199
0.0989779531955719
0.0989757776260376
0.09898117184638977
0.09897402673959732
0.09897802770137787
0.09896489977836609
0.09897016733884811
0.09893545508384705
0.09892766177654266
0.09892996400594711
0.09892775118350983
0.09891793876886368
0.09893340617418289
0.09892608970403671
0.09890908747911453
0.09891390055418015
0.09891563653945923
0.09892485290765762
0.09891355037689209
0.09890753030776978
0.09892658144235611
0.09890278428792953
0.09890079498291016
0.09890051931142807
0.09890294075012207
0.0989055186510086
0.09892228990793228
0.09889746457338333
0.09889597445726395
0.09889711439609528
0.09889790415763855
0.09889049828052521
0.09890682250261307
0.09888381510972977
0.09888956695795059
0.09888572245836258
0.09888657182455063
0.09888336807489395
0.09887874871492386
0.09887737035751343
0.098878875374794
0.09888020157814026
0.09887734055519104
0.09887576848268509
0.09887462854385376
0.09886889159679413
0.09887553751468658
0.09887136518955231
0.09888476878404617
0.09886761754751205
0.0988699272274971
0.0988592579960823
0.09886879473924637
0.09886924177408218
0.09886661171913147
0.09885698556900024
0.09885973483324051
0.09886036068201065
0.09885608404874802
0.0988583192229271
0.0988583117723465
0.09885241836309433
0.09884900599718094
0.09886323660612106
0.09885172545909882
0.09884660691022873
0.0988534539937973
0.09884181618690491
0.09884639084339142
0.09884282201528549
0.09883849322795868
0.09884017705917358
0.09884095937013626
0.09884019941091537
0.09883592277765274
0.09883769601583481
0.09883277118206024
0.09882912784814835
0.09883172810077667
0.09883176535367966
0.09882915765047073
0.09882472455501556
0.09882507473230362
0.09883669763803482
0.09881816059350967
0.098826564848423
0.09881938993930817
0.09882213175296783
0.0988195613026619
0.09882005304098129
0.09881234169006348
0.09881405532360077
0.09881298989057541
0.09881189465522766
0.0988149493932724
0.0988169014453888
0.09880758821964264
0.09881845116615295
0.09880144149065018
0.09881705045700073
0.09880174696445465
0.09879989176988602
0.09880130738019943
0.09880312532186508
0.09879788011312485
0.09879284352064133
0.09879288077354431
0.0987921729683876
0.09877826273441315
0.0987762063741684
0.0987730398774147
0.0987749993801117
0.09877178817987442
0.09877356141805649
0.09877528995275497
0.09877044707536697
0.09877331554889679
0.09877285361289978
0.09876984357833862
0.09876985847949982
0.09876538068056107
0.0987686887383461
0.09877116233110428
0.09877210855484009
0.0987713634967804
0.09876526892185211
0.09876616299152374
0.09876354038715363
0.09876754879951477
0.09876244515180588
0.0987696573138237
0.09876775741577148
0.09876305609941483
0.09876012802124023
0.09875976294279099
0.0987611636519432
0.09876374155282974
0.09876062721014023
0.09875603020191193
0.09875772148370743
0.09875725209712982
0.09875406324863434
0.09875618666410446
0.09877229481935501
0.0987585037946701
0.09875160455703735
0.09875383973121643
0.09876305609941483
0.09874962270259857
0.09875214099884033
0.09875170141458511
0.09875454753637314
0.09874749183654785
0.09874876588582993
0.09874707460403442
0.09874656796455383
0.09874490648508072
0.09874290972948074
0.09874439984560013
0.09874274581670761
0.09874553233385086
0.09874249994754791
0.09874199330806732
0.09874298423528671
0.09873808920383453
0.09873761236667633
0.09874173998832703
0.09874334931373596
0.09874187409877777
0.09874076396226883
0.09873813390731812
0.09874027222394943
0.09873834252357483
0.09873700886964798
0.0987393707036972
0.09873713552951813
0.09873306006193161
0.09873196482658386
0.0987342894077301
0.09873425960540771
0.09873092919588089
0.09873051941394806
0.09872903674840927
0.09872717410326004
0.09873165935277939
0.0987255647778511
0.0987325981259346
0.09872449934482574
0.0987270325422287
0.09872452169656754
0.09872609376907349
0.09872470051050186
0.098723866045475
0.09872350841760635
0.0987267717719078
0.09872198849916458
0.09872063249349594
0.09872114658355713
0.09871970862150192
0.09871845692396164
0.09871898591518402
0.09871930629014969
0.09871497750282288
0.09871383011341095
0.09871586412191391
0.0987149104475975
0.09871730208396912
0.098711758852005
0.0987078994512558
0.09870601445436478
0.09870576858520508
0.09871010482311249
0.09870357066392899
0.09870411455631256
0.09870512038469315
0.0987069308757782
0.09870372712612152
0.0987018346786499
0.0987032949924469
0.09870263934135437
0.09870126843452454
0.09870210289955139
0.09870044887065887
0.0987018421292305
0.09869997203350067
0.09869938343763351
0.09870024025440216
0.09869958460330963
0.09869953989982605
0.09869949519634247
0.09869984537363052
0.0986998900771141
0.09869781136512756
0.09869842976331711
0.09869886189699173
0.09869717806577682
0.09869634360074997
0.09869655221700668
0.09869653731584549
0.09869737923145294
0.09869495779275894
0.09869503974914551
0.09869780391454697
0.09869568794965744
0.0986952856183052
0.09869449585676193
0.09869633615016937
0.09869308024644852
0.09869126230478287
0.09869349747896194
0.09869293868541718
0.09869008511304855
0.09869085252285004
0.09869196265935898
0.09869153052568436
0.0986914113163948
0.09869124740362167
0.09869334101676941
0.0986907035112381
0.0986890122294426
0.0986894816160202
0.09868862479925156
0.09868757426738739
0.09868738055229187
0.098686084151268
0.09868639707565308
0.09868922829627991
0.09868652373552322
0.0986877903342247
0.09868577122688293
0.09868532419204712
0.0986858531832695
0.09868576377630234
0.0986870676279068
0.09868530929088593
0.09868475049734116
0.09868557006120682
0.09868314862251282
0.0986822247505188
0.09868378937244415
0.09868153929710388
0.09868348389863968
0.09868171811103821
0.09868167340755463
0.09868262708187103
0.098680280148983
0.09868091344833374
0.09868033975362778
0.09868035465478897
0.09868014603853226
0.09868281334638596
0.09868056327104568
0.09868226200342178
0.09867886453866959
0.09867797046899796
0.09867695719003677
0.09867875277996063
0.09868177771568298
0.09867635369300842
0.09867680072784424
0.0986764058470726
0.0986749529838562
0.09867526590824127
0.09867729991674423
0.09867773950099945
0.09867353737354279
0.09867549687623978
0.09866996109485626
0.09867163747549057
0.09867045283317566
0.09867057204246521
0.09867007285356522
0.09867052733898163
0.09866886585950851
0.09866940975189209
0.09867043048143387
0.09866873174905777
0.09867039322853088
0.09866821020841599
0.0986696109175682
0.0986679196357727
0.09866847842931747
0.0986671969294548
0.09866973757743835
0.09866731613874435
0.09866774827241898
0.09866780042648315
0.09866732358932495
0.09866724163293839
0.09866685420274734
0.0986674576997757
0.09866663068532944
0.09866752475500107
0.09866610914468765
0.09866609424352646
0.09866616129875183
0.09866627305746078
0.09866639971733093
0.09866754710674286
0.09866506606340408
0.09866858273744583
0.09866569191217422
0.09866536408662796
0.09866490215063095
0.09866621345281601
0.09866654872894287
0.0986645296216011
0.09866376966238022
0.09866349399089813
0.09866328537464142
0.0986635684967041
0.09866448491811752
0.09866511076688766
0.09866326302289963
0.09866373240947723
0.09866287559270859
0.09866297990083694
0.09866400808095932
0.09866287559270859
0.09866247326135635
0.09866233170032501
0.09866231679916382
0.09866195917129517
0.09866329282522202
0.09866184741258621
0.09866078197956085
0.09866150468587875
0.09866178780794144
0.09866142272949219
0.09866021573543549
0.09866035729646683
0.09866110235452652
0.09866110235452652
0.09866125881671906
0.09866095334291458
0.0986601859331131
0.09866054356098175
0.0986599400639534
0.09866012632846832
0.09866026788949966
0.09866020083427429
0.09865935146808624
0.09865893423557281
0.09865932166576385
0.09865889698266983
0.0986580103635788
0.09865836054086685
0.09866004437208176
0.09865923970937729
0.0986572802066803
0.09865764528512955
0.09865844249725342
0.09865695238113403
0.09865733981132507
0.09865697473287582
0.0986584946513176
0.09865697473287582
0.09865671396255493
0.09865695983171463
0.0986558347940445
0.09865759313106537
0.0986567810177803
0.09865745157003403
0.09865625202655792
0.0986563041806221
0.0986555740237236
0.09865617752075195
0.09865352511405945
0.09865403920412064
0.0986531525850296
0.09865379333496094
0.09865283966064453
0.0986534133553505
0.09865330904722214
0.0986534059047699
0.09865347295999527
0.0986526757478714
0.09865278750658035
0.09865251928567886
0.09865297377109528
0.09865269064903259
0.09865269064903259
0.09865285456180573
0.09865261614322662
0.09865258634090424
0.09865283221006393
0.0986526757478714
0.09865210950374603
0.09865211695432663
0.09865209460258484
0.0986526682972908
0.09865240752696991
0.09865185618400574
0.09865233302116394
0.09865190833806992
0.09865181148052216
0.09865178912878036
0.09865142405033112
0.09865228831768036
0.09865152835845947
0.09865133464336395
0.09865158051252365
0.09865165501832962
0.09865174442529678
0.09865157306194305
0.09865157306194305
0.09865116328001022
0.09865118563175201
0.09865091741085052
0.09865135699510574
0.0986509919166565
0.09865088015794754
0.09865102916955948
0.09865061938762665
0.09865062683820724
0.09865083545446396
0.098652184009552
0.09865037351846695
0.09865055233240128
0.0986505076289177
0.09865313023328781
0.09865032881498337
0.09865016490221024
0.09864992648363113
0.0986500084400177
0.09865041822195053
0.09865093976259232
0.09864964336156845
0.0986504927277565
0.0986502543091774
0.09865173697471619
0.09865012019872665
0.09864974766969681
0.09864955395460129
0.09864956140518188
0.09864979237318039
0.09864956885576248
0.09864925593137741
0.09864937514066696
0.09864887595176697
0.09864962846040726
0.0986490324139595
0.09864982217550278
0.0986490398645401
0.09864959120750427
0.09864891320466995
0.09864925593137741
0.09864911437034607
0.09865007549524307
0.09864841401576996
0.09864860028028488
0.09864860773086548
0.09864886105060577
0.09864823520183563
0.09864813834428787
0.09864822775125504
0.09864848107099533
0.09864930063486099
0.09864846616983414
0.09864889830350876
0.0986483246088028
0.09864772856235504
0.09864796698093414
0.09864825755357742
0.09864788502454758
0.09864858537912369
0.09864798933267593
0.09864799678325653
0.09864743798971176
0.09864744544029236
0.09864760935306549
0.09864688664674759
0.09864708036184311
0.09864751994609833
0.0986470952630043
0.09864728897809982
0.09864691644906998
0.09864664822816849
0.09864693135023117
0.09864670783281326
0.0986468717455864
0.09864681959152222
0.09864681214094162
0.09864665567874908
0.09864669293165207
0.09864725917577744
0.09864652901887894
0.09864695370197296
0.09864697605371475
0.09864690154790878
0.09864656627178192
0.09864714741706848
0.09864693880081177
0.09864624589681625
0.09864649176597595
0.09864635020494461
0.09864632040262222
0.09864624589681625
0.0986461490392685
0.09864596277475357
0.09864602237939835
0.09864576160907745
0.09864600747823715
0.09864601492881775
0.09864587336778641
0.09864684194326401
0.09864600747823715
0.0986454114317894
0.09864652156829834
0.09864576160907745
0.09864579141139984
0.09864556044340134
0.09864606708288193
0.09864547103643417
0.09864585846662521
0.0986451804637909
0.09864559024572372
0.09864524751901627
0.09864545613527298
0.09864534437656403
0.09864531457424164
0.09864507615566254
0.09864538162946701
0.09864547103643417
0.09864529967308044
0.09864490479230881
0.09864465147256851
0.09864500164985657
0.09864482283592224
0.09864494204521179
0.09864529967308044
0.09864531457424164
0.09864535182714462
0.09864455461502075
0.09864435344934464
0.09864503890275955
0.09864457696676254
0.09864477813243866
0.09864460676908493
0.09864471852779388
0.09864462912082672
0.09864448010921478
0.09864449501037598
0.09864448755979538
0.09864530712366104
0.09864434599876404
