0.532782256603241
0.4246063828468323
0.4050729274749756
0.3961344361305237
0.38826027512550354
0.38375747203826904
0.380372554063797
0.37784746289253235
0.3742614984512329
0.3729776442050934
0.37003764510154724
0.3679848909378052
0.36507976055145264
0.36320677399635315
0.36088627576828003
0.3592997193336487
0.35816192626953125
0.3553938567638397
0.3538481295108795
0.35212403535842896
0.35082048177719116
0.35001590847969055
0.34701716899871826
0.3471585810184479
0.34442993998527527
0.34201687574386597
0.34011805057525635
0.3392983376979828
0.3379006087779999
0.3379097580909729
0.3350847661495209
0.33310991525650024
0.3328637182712555
0.3313545286655426
0.32750996947288513
0.32576602697372437
0.3262536823749542
0.325909823179245
0.3234720528125763
0.31986162066459656
0.319786012172699
0.3180321455001831
0.31680428981781006
0.31474611163139343
0.3161690831184387
0.31478965282440186
0.31218934059143066
0.3105314373970032
0.3089672923088074
0.3061636686325073
0.3073432445526123
0.30274492502212524
0.30253398418426514
0.3013330399990082
0.2992420196533203
0.29929623007774353
0.2938559055328369
0.2931073307991028
0.29349958896636963
0.2910953164100647
0.2892017066478729
0.2894425690174103
0.2855656147003174
0.2861146926879883
0.2834109663963318
0.2870520353317261
0.28176724910736084
0.27935558557510376
0.28234198689460754
0.2810920476913452
0.2770223915576935
0.2777712345123291
0.27680668234825134
0.27244311571121216
0.26831167936325073
0.271257609128952
0.2679370045661926
0.26501139998435974
0.2661060094833374
0.2668735384941101
0.26069915294647217
0.25828680396080017
0.2576393783092499
0.2614619731903076
0.25712093710899353
0.2533542513847351
0.25210124254226685
0.25177815556526184
0.25129467248916626
0.25479695200920105
0.24767644703388214
0.24478481709957123
0.24712729454040527
0.24791060388088226
0.24611957371234894
0.24529407918453217
0.24332772195339203
0.24007932841777802
0.23686473071575165
0.23637565970420837
0.23453915119171143
0.23428380489349365
0.23015736043453217
0.2318171262741089
0.23523932695388794
0.2284008413553238
0.22501660883426666
0.22630658745765686
0.22494502365589142
0.22814229130744934
0.22429490089416504
0.2242671102285385
0.21845759451389313
0.2170936018228531
0.21444033086299896
0.21544168889522552
0.21683581173419952
0.20589958131313324
0.2039068341255188
0.20634664595127106
0.20383459329605103
0.20649723708629608
0.20121076703071594
0.20212413370609283
0.20038947463035583
0.19901514053344727
0.1992545872926712
0.19906239211559296
0.19806049764156342
0.199692502617836
0.19819578528404236
0.19747743010520935
0.19653618335723877
0.19812345504760742
0.19472543895244598
0.1962875872850418
0.19350047409534454
0.19080211222171783
0.19174624979496002
0.19243672490119934
0.18986327946186066
0.1909877359867096
0.18953301012516022
0.1935606747865677
0.18881863355636597
0.18921490013599396
0.18680188059806824
0.18714389204978943
0.18715587258338928
0.1856515109539032
0.18331266939640045
0.18646995723247528
0.18344491720199585
0.18275156617164612
0.18232494592666626
0.18068885803222656
0.18055106699466705
0.18155302107334137
0.18065747618675232
0.17908470332622528
0.17882336676120758
0.17746569216251373
0.17853029072284698
0.17697261273860931
0.17934881150722504
0.17711442708969116
0.17697684466838837
0.17498788237571716
0.17549966275691986
0.17257176339626312
0.17376239597797394
0.1730109304189682
0.1714920848608017
0.17182546854019165
0.1709788590669632
0.1723983734846115
0.17105191946029663
0.1707441657781601
0.17173312604427338
0.1691146194934845
0.17197676002979279
0.16607680916786194
0.16505903005599976
0.16708004474639893
0.16463078558444977
0.16523803770542145
0.16306844353675842
0.1626369059085846
0.1627979427576065
0.16684134304523468
0.16354086995124817
0.16276587545871735
0.16491688787937164
0.16134777665138245
0.1584109514951706
0.16005241870880127
0.15760333836078644
0.1568995714187622
0.15735454857349396
0.15891927480697632
0.16021348536014557
0.1572956144809723
0.15642909705638885
0.15849341452121735
0.15556228160858154
0.15633422136306763
0.15347671508789062
0.15459397435188293
0.15348830819129944
0.15298715233802795
0.15166322886943817
0.15249384939670563
0.15225645899772644
0.14928193390369415
0.15020950138568878
0.14882683753967285
0.14923211932182312
0.14680811762809753
0.1457960605621338
0.1447988748550415
0.1444777399301529
0.14600655436515808
0.14518316090106964
0.1451355218887329
0.1439630538225174
0.14335156977176666
0.14288702607154846
0.1422542780637741
0.14381460845470428
0.14268623292446136
0.1429300159215927
0.1421523541212082
0.14304663240909576
0.14216269552707672
0.1413353532552719
0.1404312700033188
0.14103040099143982
0.1404838263988495
0.1403178572654724
0.140680730342865
0.14059709012508392
0.13933399319648743
0.13930529356002808
0.13895796239376068
0.13947400450706482
0.13921993970870972
0.1382542848587036
0.1376783698797226
0.13753367960453033
0.13726598024368286
0.1381976157426834
0.13766628503799438
0.1380050629377365
0.13832560181617737
0.1371566653251648
0.13629953563213348
0.13641831278800964
0.1367061883211136
0.13586895167827606
0.13625432550907135
0.1354043036699295
0.13628923892974854
0.13539999723434448
0.13468649983406067
0.13517577946186066
0.13443440198898315
0.13513930141925812
0.13544294238090515
0.13390660285949707
0.13400593400001526
0.13419316709041595
0.13449113070964813
0.13342218101024628
0.13335315883159637
0.13268300890922546
0.13248953223228455
0.13202214241027832
0.13196903467178345
0.13202805817127228
0.13336919248104095
0.13174648582935333
0.1337805688381195
0.1312418133020401
0.13226774334907532
0.132140651345253
0.1304643303155899
0.1309235543012619
0.13022467494010925
0.12997150421142578
0.13075515627861023
0.12997783720493317
0.12955591082572937
0.12927986681461334
0.1298079639673233
0.128340482711792
0.1289002001285553
0.1287953406572342
0.12954610586166382
0.12771032750606537
0.12793482840061188
0.127076655626297
0.12711654603481293
0.12778984010219574
0.12853677570819855
0.12711916863918304
0.12578730285167694
0.1262224018573761
0.12527360022068024
0.12585653364658356
0.12492670863866806
0.12494739145040512
0.12512628734111786
0.12527479231357574
0.12485935539007187
0.12467817217111588
0.12386208027601242
0.12397027760744095
0.12301426380872726
0.1219281330704689
0.12198790907859802
0.12225280702114105
0.1214715912938118
0.12170808762311935
0.12157051265239716
0.1216791570186615
0.12109214812517166
0.12120674550533295
0.12129475921392441
0.12070994079113007
0.12166740745306015
0.12073928117752075
0.12028612941503525
0.12073588371276855
0.12077473104000092
0.1205272227525711
0.12025894224643707
0.12047990411520004
0.12024126946926117
0.12058427929878235
0.12030104547739029
0.11961277574300766
0.11964874714612961
0.11961735039949417
0.11911669373512268
0.11936092376708984
0.11904863268136978
0.11919302493333817
0.11891570687294006
0.11935023218393326
0.11896985024213791
0.11887078732252121
0.1186753660440445
0.11805598437786102
0.11846014857292175
0.1189393401145935
0.11824768781661987
0.11857128888368607
0.11871716380119324
0.117711141705513
0.1180691197514534
0.11776749044656754
0.11785717308521271
0.11740530282258987
0.11722968518733978
0.11725801974534988
0.11697129905223846
0.1168159767985344
0.11651789397001266
0.11661031097173691
0.11663387715816498
0.11661813408136368
0.1165250837802887
0.11648087203502655
0.11659183353185654
0.11628234386444092
0.11637596786022186
0.11609915643930435
0.11661934107542038
0.11561337113380432
0.11619607359170914
0.11576127260923386
0.11552061885595322
0.11592914164066315
0.11538957804441452
0.11606458574533463
0.11521455645561218
0.11509723961353302
0.11468333750963211
0.11447294801473618
0.11506561189889908
0.11474823951721191
0.11461833864450455
0.11488160490989685
0.1146816611289978
0.11415781825780869
0.11468509584665298
0.1141226664185524
0.1136225089430809
0.11392165720462799
0.11369379609823227
0.11363279074430466
0.11390765011310577
0.11385130137205124
0.11403366923332214
0.11318349093198776
0.11313465237617493
0.11396834999322891
0.11261551082134247
0.11288920789957047
0.1134672686457634
0.11295198649168015
0.11239342391490936
0.11288589984178543
0.11307080835103989
0.11261959373950958
0.11355772614479065
0.11272260546684265
0.11133285611867905
0.11148042976856232
0.11122214049100876
0.11104447394609451
0.1111602634191513
0.11100004613399506
0.11092737317085266
0.11090715229511261
0.11110211163759232
0.11094509065151215
0.11069714277982712
0.11059700697660446
0.11063031107187271
0.11080777645111084
0.11054036766290665
0.11089024692773819
0.11049889773130417
0.11046314239501953
0.11090533435344696
0.11052659898996353
0.11047545075416565
0.11018454283475876
0.11005005985498428
0.11012719571590424
0.11007999628782272
0.10997256636619568
0.11015225201845169
0.1100030168890953
0.10999000072479248
0.11000418663024902
0.10967078059911728
0.10974408686161041
0.10962345451116562
0.10969368368387222
0.10959489643573761
0.10975698381662369
0.10932674258947372
0.10950040817260742
0.10955192893743515
0.10951946675777435
0.10931933671236038
0.10908017307519913
0.10960512608289719
0.10888846218585968
0.10927924513816833
0.10961399972438812
0.10936654359102249
0.10914179682731628
0.10870178788900375
0.10888321697711945
0.10878770053386688
0.10889096558094025
0.10855113714933395
0.1089692935347557
0.10907023400068283
0.10874816030263901
0.10861650854349136
0.10842639952898026
0.10847028344869614
0.10834143310785294
0.10818886756896973
0.10825072228908539
0.10830499231815338
0.10793577134609222
0.10794483870267868
0.10797161608934402
0.1081109568476677
0.10803460329771042
0.10812736302614212
0.10827618092298508
0.10780032724142075
0.10790734738111496
0.1076880469918251
0.10774584114551544
0.10766191780567169
0.1076858788728714
0.10784175992012024
0.10769858956336975
0.10746600478887558
0.10744708776473999
0.10733931511640549
0.10717867314815521
0.10736624896526337
0.1075320765376091
0.10726750642061234
0.10694301873445511
0.10715970396995544
0.10726109892129898
0.1069822683930397
0.1068500205874443
0.10680291056632996
0.10678550601005554
0.10669366270303726
0.10698201507329941
0.1066708043217659
0.10674048215150833
0.10669465363025665
0.10669074207544327
0.10656453669071198
0.1062927395105362
0.10602417588233948
0.10602446645498276
0.1061488687992096
0.10601978003978729
0.10595531761646271
0.1058509349822998
0.10578007996082306
0.10579174011945724
0.10569515824317932
0.1057877466082573
0.10564423352479935
0.10576792061328888
0.10566610097885132
0.10565643757581711
0.10565659403800964
0.10568594187498093
0.10559314489364624
0.10552892833948135
0.10551057010889053
0.10562653839588165
0.1056252047419548
0.10554975271224976
0.10551901906728745
0.10546744614839554
0.10544521361589432
0.105394646525383
0.10536106675863266
0.10519295185804367
0.10543196648359299
0.10529918223619461
0.10538814216852188
0.105199433863163
0.10521712899208069
0.10518547147512436
0.10515996813774109
0.10518316924571991
0.10519810765981674
0.10511454939842224
0.10527843981981277
0.10499837249517441
0.10504624247550964
0.10500364005565643
0.10498323291540146
0.10515213757753372
0.10497308522462845
0.10508809238672256
0.104863740503788
0.10494081676006317
0.10474221408367157
0.10481838881969452
0.10474807024002075
0.10479067265987396
0.10483323782682419
0.10475704818964005
0.10485608875751495
0.10476936399936676
0.10475479066371918
0.10464131087064743
0.1046329066157341
0.10471732914447784
0.10469216108322144
0.10469961166381836
0.10465571284294128
0.10452628880739212
0.10442598909139633
0.1045321449637413
0.10447938740253448
0.10440134257078171
0.10447301715612411
0.10426029562950134
0.10441599041223526
0.1042722836136818
0.10426376014947891
0.1043621301651001
0.10438549518585205
0.10437799245119095
0.10417459160089493
0.1041739284992218
0.10427632927894592
0.1040801927447319
0.10407783091068268
0.10422953963279724
0.10397406667470932
0.10408695787191391
0.10402346402406693
0.10409677028656006
0.10404286533594131
0.1039532870054245
0.10391920804977417
0.10392069071531296
0.10392536222934723
0.10383565723896027
0.10378670692443848
0.10386469215154648
0.10377299040555954
0.10369955003261566
0.10387339442968369
0.10380249470472336
0.10361729562282562
0.103729747235775
0.10348976403474808
0.10347609221935272
0.10339856147766113
0.10338055342435837
0.10342098027467728
0.103383868932724
0.10344789922237396
0.10328330099582672
0.10339072346687317
0.10329122841358185
0.10329224914312363
0.10326726734638214
0.10330281406641006
0.1034153550863266
0.10329622030258179
0.10328555107116699
0.10328549891710281
0.10320045053958893
0.10328216105699539
0.10319650918245316
0.10316554456949234
0.10322018712759018
0.10315460711717606
0.1031918153166771
0.10317722707986832
0.10318189114332199
0.10313273221254349
0.10315483808517456
0.10313329100608826
0.10313618183135986
0.10308221727609634
0.1031106635928154
0.10317324101924896
0.10304361581802368
0.10319628566503525
0.10298000276088715
0.10307333618402481
0.10306146740913391
0.10302457213401794
0.1030636802315712
0.10299257189035416
0.10295162349939346
0.1029958426952362
0.1029670387506485
0.10296981036663055
0.10292738676071167
0.10287337750196457
0.10301967710256577
0.10290594398975372
0.10292535275220871
0.10279529541730881
0.10279550403356552
0.10282604396343231
0.10281481593847275
0.10283995419740677
0.10284237563610077
0.10294544696807861
0.10275499522686005
0.10272376984357834
0.1027555838227272
0.10274606198072433
0.10269567370414734
0.10275374352931976
0.10270823538303375
0.10269171744585037
0.10266648977994919
0.10270309448242188
0.1026400476694107
0.10266149789094925
0.10266320407390594
0.1025807335972786
0.1025896891951561
0.10261844098567963
0.10255641490221024
0.10256362706422806
0.10259852558374405
0.10266081988811493
0.10256628692150116
0.10255128145217896
0.1024826169013977
0.10251893103122711
0.10254252701997757
0.10243375599384308
0.10250455141067505
0.10242567956447601
0.10246399790048599
0.10240591317415237
0.1024329662322998
0.10254921764135361
0.10254108160734177
0.10245109349489212
0.10235976427793503
0.10230947285890579
0.102360799908638
0.1023707166314125
0.1024070680141449
0.10228121280670166
0.1023581400513649
0.10230319947004318
0.10230745375156403
0.1022007018327713
0.10216200351715088
0.10215061157941818
0.10214782506227493
0.10213632881641388
0.102168008685112
0.10212605446577072
0.10215636342763901
0.10214412212371826
0.10212874412536621
0.10211129486560822
0.1020902618765831
0.10210593044757843
0.10215535014867783
0.10214640200138092
0.10208787024021149
0.10208878666162491
0.10207780450582504
0.10209755599498749
0.10204094648361206
0.10208442062139511
0.10212033987045288
0.10210271924734116
0.10201433300971985
0.10205857455730438
0.10207828134298325
0.1020445004105568
0.10202894359827042
0.10202080011367798
0.10202556848526001
0.10207172483205795
0.101982481777668
0.10198107361793518
0.10205913335084915
0.10194914788007736
0.10197287797927856
0.10196508467197418
0.10197114944458008
0.10197144001722336
0.10192875564098358
0.10193050652742386
0.1019291952252388
0.1019374430179596
0.10191545635461807
0.10192031413316727
0.1019309014081955
0.1019156202673912
0.10188046842813492
0.10194799304008484
0.10191479325294495
0.1018708199262619
0.10188792645931244
0.10185157507658005
0.10184025764465332
0.10188575088977814
0.10186765342950821
0.10185817629098892
0.10188136249780655
0.10183057934045792
0.10183311998844147
0.10180743038654327
0.10182444006204605
0.1017879918217659
0.1017765924334526
0.10178691148757935
0.1017937958240509
0.1017913818359375
0.10178276896476746
0.10176762193441391
0.10184141248464584
0.10176019370555878
0.10173939168453217
0.10176335275173187
0.10177512466907501
0.1017775610089302
0.10174737125635147
0.10171639174222946
0.1017162874341011
0.10170885920524597
0.10174742341041565
0.10173167288303375
0.10169712454080582
0.10173925757408142
0.10169550776481628
0.10167199373245239
0.10168005526065826
0.10167989879846573
0.10168101638555527
0.10165505111217499
0.10166877508163452
0.10166239738464355
0.10167375952005386
0.10167228430509567
0.10163242369890213
0.10161955654621124
0.101640984416008
0.10164830088615417
0.1016223207116127
0.10164697468280792
0.10160454362630844
0.10153942555189133
0.10154575854539871
0.10154019296169281
0.10153030604124069
0.10152244567871094
0.10151413828134537
0.10152179002761841
0.10151930153369904
0.10151775181293488
0.1015043556690216
0.10150979459285736
0.10150106251239777
0.1014893501996994
0.10153614729642868
0.10148382931947708
0.10148176550865173
0.1014888733625412
0.10148829966783524
0.10148707032203674
0.1014651209115982
0.10148240625858307
0.10147866606712341
0.10148420929908752
0.10148265957832336
0.10147055983543396
0.10145635902881622
0.10145097225904465
0.10145367681980133
0.10144567489624023
0.10143838077783585
0.10143618285655975
0.101446233689785
0.10143541544675827
0.10143496841192245
0.10142835974693298
0.10142049193382263
0.10146866738796234
0.10142853111028671
0.10142830014228821
0.10142380744218826
0.10141389071941376
0.10142385959625244
0.10146064311265945
0.10139381140470505
0.10143887996673584
0.10145469009876251
0.10140862315893173
0.10138266533613205
0.10138928145170212
0.10139809548854828
0.10140623897314072
0.10137750953435898
0.10137777775526047
0.10139762610197067
0.10137451440095901
0.10139156877994537
0.1013658419251442
0.10137508064508438
0.10135772824287415
0.10136955976486206
0.10135999321937561
0.10135891288518906
0.10135321319103241
0.10134892910718918
0.10135646164417267
0.10141939669847488
0.10136887431144714
0.1013224869966507
0.10132861137390137
0.1013302206993103
0.10132791101932526
0.10131356865167618
0.10133327543735504
0.10133551061153412
0.10131540149450302
0.10133867710828781
0.10132472962141037
0.10134869068861008
0.10130806267261505
0.10129795968532562
0.10132663697004318
0.10129562020301819
0.10129401832818985
0.10128312557935715
0.10128504037857056
0.10128513723611832
0.10128531605005264
0.10129332542419434
0.10127899050712585
0.10127779841423035
0.10127929598093033
0.10126350075006485
0.10127963125705719
0.1012495681643486
0.10124876350164413
0.1012616828083992
0.10126031935214996
0.101252481341362
0.1012490764260292
0.10126907378435135
0.10120908915996552
0.10121534019708633
0.10122793912887573
0.10121878236532211
0.10120499134063721
0.10120587050914764
0.10119950771331787
0.10120982676744461
0.10120042413473129
0.10119610279798508
0.10119547694921494
0.10119852423667908
0.10119553655385971
0.10119830071926117
0.10119549930095673
0.10119730234146118
0.10119001567363739
0.10118391364812851
0.10118637979030609
0.10119276493787766
0.10117951780557632
0.10121182352304459
0.1011989489197731
0.10118308663368225
0.10119567811489105
0.10117442160844803
0.10118000954389572
0.1011781170964241
0.10117632895708084
0.10116787999868393
0.10117535293102264
0.10116679966449738
0.10116302967071533
0.10117345303297043
0.1011606827378273
0.10115352272987366
0.1011626198887825
0.10116322338581085
0.10116273164749146
0.10115483403205872
0.10115481168031693
0.10115272551774979
0.10115702450275421
0.10115314275026321
0.10114970803260803
0.10115297138690948
0.10114510357379913
0.10114403069019318
0.1011432483792305
0.10114051401615143
0.10114001482725143
0.10113932192325592
0.10113495588302612
0.10113579034805298
0.10113709419965744
0.10113299638032913
0.10112712532281876
0.10113172233104706
0.10113301873207092
0.10112752765417099
0.10112633556127548
0.10113152116537094
0.10113637149333954
0.10111963003873825
0.10111404210329056
0.10111384838819504
0.10113026201725006
0.10111597180366516
0.10111100971698761
0.10111267119646072
0.1011166125535965
0.10111351311206818
0.10110361874103546
0.10110355168581009
0.10110369324684143
0.10109974443912506
0.10110016912221909
0.10109974443912506
0.10111594200134277
0.10109338164329529
0.10109392553567886
0.10110112279653549
0.10109651833772659
0.10109073668718338
0.10109385848045349
0.10109519213438034
0.10108980536460876
0.10109270364046097
0.1010957658290863
0.10108467936515808
0.10107950121164322
0.10109402984380722
0.10107864439487457
0.10108019411563873
0.10107340663671494
0.10108397156000137
0.101071797311306
0.10107719898223877
0.10106770694255829
0.10106617957353592
0.10105165094137192
0.1010516807436943
0.10105487704277039
0.1010558009147644
0.10104961693286896
0.10105662047863007
0.10104568302631378
0.10104846954345703
0.10104764997959137
0.10104697942733765
0.1010439470410347
0.10104847699403763
0.10104828327894211
0.1010441705584526
0.10104319453239441
0.10104423761367798
0.10104336589574814
0.10103863477706909
0.1010475754737854
0.10104097425937653
0.10103634744882584
0.10103823244571686
0.10104092210531235
0.10103613883256912
0.1010345071554184
0.10103389620780945
0.10103996098041534
0.1010507270693779
0.10103923082351685
0.10103064775466919
0.10103309154510498
0.10103548318147659
0.10102856904268265
0.10102984309196472
0.10103058069944382
0.1010362058877945
0.1010248139500618
0.10102929919958115
0.10102859139442444
0.10102342814207077
0.1010277271270752
0.10102540254592896
0.1010248214006424
0.10102240741252899
0.10102295130491257
0.10101917386054993
0.10102066397666931
0.10101749747991562
0.10101546347141266
0.10101617872714996
0.10101530700922012
0.10103625804185867
0.10102993994951248
0.101011723279953
0.10101326555013657
0.10101152956485748
0.10101617872714996
0.10101330280303955
0.10101863741874695
0.1010095477104187
0.10101721435785294
0.1010134220123291
0.10100807994604111
0.10100851953029633
0.1010054275393486
0.10100472718477249
0.10100327432155609
0.10100459307432175
0.10100878775119781
0.10100922733545303
0.10101425647735596
0.10099970549345016
0.10100366920232773
0.10100122541189194
0.1010037511587143
0.10099714249372482
0.10100056231021881
0.1010008230805397
0.10099887102842331
0.10099538415670395
0.1009962409734726
0.10100005567073822
0.10099348425865173
0.10099402070045471
0.10099390149116516
0.100996233522892
0.10099320858716965
0.10100071132183075
0.10099563747644424
0.10098595172166824
0.10098781436681747
0.10099151730537415
0.10099007934331894
0.10098651051521301
0.10099071264266968
0.10099215060472488
0.10098668187856674
0.10098277032375336
0.10098428279161453
0.10098674893379211
0.10097454488277435
0.10097337514162064
0.10097574442625046
0.10097247362136841
0.10097718238830566
0.1009737029671669
0.1009707823395729
0.10097173601388931
0.10097415000200272
0.10097202658653259
0.10097280144691467
0.10096833109855652
0.10096947103738785
0.10096831619739532
0.10096827894449234
0.10097396373748779
0.10096960514783859
0.10096922516822815
0.10096732527017593
0.10096576064825058
0.10096647590398788
0.10096627473831177
0.10096610337495804
0.10096655040979385
0.10096914321184158
0.1009632796049118
0.10096292197704315
0.1009640246629715
0.10096307098865509
0.10096319764852524
0.10096282511949539
0.10096312314271927
0.10096177458763123
0.10096205025911331
0.10096230357885361
0.10096310824155807
0.10095995664596558
0.10096003115177155
0.10096114128828049
0.10096120834350586
0.10095913708209991
0.10095934569835663
0.10095831006765366
0.10095972567796707
0.10096073895692825
0.10095938295125961
0.10095814615488052
0.10095777362585068
0.10095519572496414
0.10095579922199249
0.10095483809709549
0.10095585137605667
0.10095532238483429
0.1009523868560791
0.10095474869012833
0.10095440596342087
0.10095886886119843
0.10095340758562088
0.10095168650150299
0.10095223039388657
0.1009531319141388
0.10095005482435226
0.10095369070768356
0.10095081478357315
0.10094940662384033
0.10095103830099106
0.10095152258872986
0.10094957798719406
0.10095098614692688
0.1009482741355896
0.10095040500164032
0.10094721615314484
0.10094557702541351
0.1009470745921135
0.10094761103391647
0.10094667226076126
0.10094644129276276
0.10094594210386276
0.1009458526968956
0.1009472906589508
0.10094702988862991
0.10094542801380157
0.10094376653432846
0.10094431042671204
0.10094337165355682
0.1009417474269867
0.10094519704580307
0.10094119608402252
0.10094242542982101
0.10094182193279266
0.10094288736581802
0.10094337165355682
0.10093913972377777
0.1009412482380867
0.10094044357538223
0.10094138979911804
0.10094209015369415
0.10093984007835388
0.10093913227319717
0.1009383425116539
0.1009364202618599
0.10093554854393005
0.1009339988231659
0.10093419253826141
0.10093366354703903
0.10093407332897186
0.10093275457620621
0.1009330302476883
0.10093209147453308
0.10093390196561813
0.1009320393204689
0.10093194246292114
0.10093212872743607
0.10093192011117935
0.1009310632944107
0.1009310707449913
0.10093086212873459
0.10093112289905548
0.10093101859092712
0.10093031823635101
0.1009305939078331
0.10093077272176743
0.10093014687299728
0.10092911869287491
0.10092984884977341
0.10092990100383759
0.10092899203300476
0.10092922300100327
0.10092846304178238
0.10093048959970474
0.10092897713184357
0.10092850774526596
0.10092931240797043
0.1009303629398346
0.10092964768409729
0.10093007981777191
0.10092881321907043
0.1009279116988182
0.10092710703611374
0.10093080997467041
0.10092802345752716
0.10092664510011673
0.10092820227146149
0.10092589259147644
0.10092732310295105
0.10092610865831375
0.10092581063508987
0.10092607140541077
0.1009257584810257
0.10092539340257645
0.1009254902601242
0.100926473736763
0.10092566162347794
0.1009252592921257
0.10092412680387497
0.10092491656541824
0.1009242907166481
0.10092435032129288
0.10092347860336304
0.10092312842607498
0.10092288255691528
0.10092352330684662
0.10092272609472275
0.1009230762720108
0.10092256218194962
0.1009228304028511
0.1009223461151123
0.10092305392026901
0.1009223610162735
0.10092131793498993
0.10092230886220932
0.10092256218194962
0.10092075169086456
0.10092199593782425
0.1009209156036377
0.1009201928973198
0.10091972351074219
0.10092011839151382
0.10092007368803024
0.10091982781887054
0.10091947764158249
0.10091988742351532
0.10091980546712875
0.10092305392026901
0.10091950744390488
0.10091965645551682
0.10091902315616608
0.10092028230428696
0.10091808438301086
0.10091838240623474
0.10091905295848846
0.10091741383075714
0.10091805458068848
0.10091882944107056
0.10091674327850342
0.1009175255894661
0.10091660171747208
0.10091645270586014
0.10091739147901535
0.10091566294431686
0.10091416537761688
0.1009146049618721
0.10091482102870941
0.10091449320316315
0.10091442614793777
0.10091425478458405
0.10091403871774673
0.10091443359851837
0.1009138748049736
0.10091374814510345
0.10091419517993927
0.10091429948806763
0.1009136214852333
0.10091375559568405
0.1009143739938736
0.10091385990381241
0.10091403126716614
0.10091352462768555
0.10091287642717361
0.10091330111026764
0.10091345757246017
0.10091333836317062
0.10091414302587509
0.10091272741556168
0.10091260075569153
0.10091289132833481
0.10091301053762436
0.10091260075569153
0.10091277956962585
0.10091225802898407
0.10091231763362885
0.10091259330511093
0.10091231763362885
0.10091269016265869
0.10091327130794525
0.10091234743595123
0.10091251879930496
0.10091206431388855
0.10091196000576019
0.10091212391853333
0.10091312974691391
0.10091172158718109
0.10091187804937363
0.10091125965118408
0.10091136395931244
0.10091149061918259
0.10091184824705124
0.10091084986925125
0.10091147571802139
0.10091173648834229
0.10091159492731094
0.10091109573841095
0.10091084241867065
0.10091102123260498
0.10091111809015274
0.10091159492731094
0.10091092437505722
0.10091038048267365
0.10091067105531693
0.100910484790802
0.1009102389216423
0.10091039538383484
0.10091011226177216
0.10091027617454529
0.10091022402048111
0.10091003775596619
0.10090998560190201
0.10091012716293335
0.10091029107570648
0.10091084241867065
0.10091016441583633
0.10091011226177216
0.10091002285480499
0.10090948641300201
0.10090949386358261
0.10090966522693634
0.10090983659029007
0.10090971738100052
0.10090987384319305
0.10090885311365128
0.10090886801481247
0.10090944170951843
0.10090970993041992
0.10090863704681396
0.10090909153223038
0.10090890526771545
0.10090906918048859
0.10090846568346024
0.10090911388397217
0.10090932995080948
0.1009085476398468
0.10090962052345276
0.1009088084101677
0.10090835392475128
0.1009088009595871
0.10090827941894531
0.10090985149145126
0.10090793669223785
0.1009100154042244
0.10090736299753189
0.10090738534927368
0.10090731829404831
0.10090740025043488
0.10090741515159607
0.10090745240449905
0.10090737044811249
0.10090690106153488
0.10090692341327667
0.10090683400630951
0.10090702027082443
0.10090705007314682
0.10090693831443787
0.10090629756450653
0.10090642422437668
0.1009066179394722
0.10090678930282593
0.10090683400630951
0.10090667754411697
0.10090639442205429
0.10090633481740952
0.10090665519237518
0.10090677440166473
0.10090579092502594
0.10090625286102295
0.10090664029121399
0.10090670734643936
0.10090582072734833
0.10090600699186325
0.10090591758489609
0.10090640932321548
0.10090658813714981
0.10090577602386475
0.10090614855289459
0.10090602189302444
0.10090629756450653
0.10090556740760803
0.1009054034948349
0.10090568661689758
0.10090569406747818
0.10090544819831848
0.1009051576256752
0.10090552270412445
0.10090545564889908
0.10090526938438416
0.10090560466051102
0.10090494900941849
0.10090552270412445
0.10090508311986923
0.10090479254722595
0.10090500861406326
0.10090532153844833
0.10090521723031998
0.10090497881174088
0.10090495645999908
0.1009053960442543
0.10090579092502594
0.10090520977973938
0.1009044349193573
0.1009049341082573
0.1009044274687767
0.10090424120426178
0.10090404748916626
0.10090440511703491
0.1009044200181961
0.1009039655327797
0.10090388357639313
0.10090471804141998
0.10090410709381104
0.10090390592813492
0.1009044349193573
0.10090417414903641
0.10090404748916626
0.10090517997741699
0.1009049266576767
0.1009034588932991
0.1009034514427185
0.1009037122130394
0.10090391337871552
0.10090360045433044
0.1009037122130394
0.10090339183807373
0.10090371966362
0.1009032279253006
0.10090354830026627
0.10090363025665283
0.10090342164039612
0.10090291500091553
0.10090408474206924
0.10090320557355881
0.10090349614620209
0.10090324282646179
0.10090378671884537
0.10090315341949463
0.10090285539627075
0.10090301930904388
0.10090276598930359
0.10090284049510956
0.10090332478284836
