0.6288979053497314
0.4144749939441681
0.3948754370212555
0.3854641914367676
0.38081488013267517
0.38469305634498596
0.3746508061885834
0.36877748370170593
0.36517396569252014
0.36240577697753906
0.35818180441856384
0.35463467240333557
0.3508337736129761
0.3468155562877655
0.34688401222229004
0.3410394787788391
0.33991923928260803
0.3362617790699005
0.33014050126075745
0.32898253202438354
0.32646018266677856
0.32751211524009705
0.32074761390686035
0.3139142692089081
0.31194832921028137
0.31212395429611206
0.3021495044231415
0.2998327612876892
0.29811152815818787
0.2891010344028473
0.28544881939888
0.2820291221141815
0.27490347623825073
0.276208758354187
0.2680702805519104
0.2720354497432709
0.2649424970149994
0.2568415105342865
0.2527008056640625
0.24356774985790253
0.24169039726257324
0.24446718394756317
0.24059586226940155
0.23108094930648804
0.22747182846069336
0.22701199352741241
0.2147834748029709
0.21314387023448944
0.21074910461902618
0.20917850732803345
0.21073633432388306
0.20551440119743347
0.2018287479877472
0.19490808248519897
0.18988633155822754
0.1915508657693863
0.1895449012517929
0.17889291048049927
0.18350918591022491
0.1711730808019638
0.16880424320697784
0.16866399347782135
0.17529237270355225
0.1687665432691574
0.15948712825775146
0.15599937736988068
0.155507892370224
0.15186046063899994
0.15012432634830475
0.15256838500499725
0.14725352823734283
0.13705120980739594
0.13169308006763458
0.13066713511943817
0.12765412032604218
0.13485293090343475
0.129950612783432
0.13795065879821777
0.1331552267074585
0.11989492923021317
0.11541277915239334
0.11276895552873611
0.11501869559288025
0.11121219396591187
0.10877077281475067
0.10566111654043198
0.10217230021953583
0.12225642800331116
0.10492970794439316
0.1011090874671936
0.09507613629102707
0.09761924296617508
0.09793446958065033
0.11335962265729904
0.1045040637254715
0.1306491196155548
0.11171896010637283
0.10302484780550003
0.08466490358114243
0.08868320286273956
0.0841645896434784
0.0924946740269661
0.09421034157276154
0.08406957238912582
0.07670609652996063
0.08034831285476685
0.08343532681465149
0.07683444768190384
0.07469060271978378
0.07018473744392395
0.0789688229560852
0.06701289862394333
0.05605018883943558
0.05679921805858612
0.06041495501995087
0.05849473550915718
0.05657853186130524
0.052366677671670914
0.05177554115653038
0.05214541032910347
0.0538010336458683
0.053852979093790054
0.053329721093177795
0.05747015029191971
0.05131751298904419
0.049107182770967484
0.0510464645922184
0.05062452703714371
0.04715042561292648
0.04967281222343445
0.04640275239944458
0.04706108942627907
0.045400019735097885
0.05343788117170334
0.04841156676411629
0.05092162266373634
0.04487020894885063
0.04477100446820259
0.04292616620659828
0.045153673738241196
0.04382318630814552
0.05035101994872093
0.045055508613586426
0.042182035744190216
0.04755153879523277
0.04841996356844902
0.045539215207099915
0.03991514444351196
0.04114731028676033
0.04108457267284393
0.04140074551105499
0.03900168836116791
0.04074084013700485
0.040276046842336655
0.040482889860868454
0.038862161338329315
0.03937043249607086
0.03764569014310837
0.04195452481508255
0.04229079931974411
0.040834903717041016
0.039897263050079346
0.04380975663661957
0.04445132240653038
0.03800244629383087
0.039880722761154175
0.0416276790201664
0.04422837495803833
0.03556405380368233
0.03621722012758255
0.037419382482767105
0.03455771505832672
0.03589873015880585
0.03447306156158447
0.033739540725946426
0.03490752354264259
0.03434645012021065
0.03812575340270996
0.03585890308022499
0.030773257836699486
0.03428829088807106
0.03915558382868767
0.04109779745340347
0.03430980071425438
0.03196756914258003
0.0319097526371479
0.0313773937523365
0.032145652920007706
0.044895194470882416
0.04140815883874893
0.03436185419559479
0.03744782879948616
0.04132087528705597
0.03372941538691521
0.02838898077607155
0.029504721984267235
0.03653458133339882
0.03613909333944321
0.037083905190229416
0.037299130111932755
0.029587266966700554
0.02890595607459545
0.029120882973074913
0.03041359782218933
0.02693960815668106
0.02944786660373211
0.024927251040935516
0.030764026567339897
0.03296491131186485
0.02820424921810627
0.027421094477176666
0.022324740886688232
0.021703209728002548
0.022247401997447014
0.021770665422081947
0.021250393241643906
0.022378819063305855
0.02221602201461792
0.020753324031829834
0.020359093323349953
0.020649589598178864
0.021299969404935837
0.020854216068983078
0.01965118572115898
0.02091369405388832
0.02014107070863247
0.019893277436494827
0.02044634148478508
0.01997554302215576
0.021037191152572632
0.02063790336251259
0.021147966384887695
0.020391644909977913
0.01954914815723896
0.021724417805671692
0.021312890574336052
0.021196473389863968
0.020876552909612656
0.01902400143444538
0.019959144294261932
0.018467390909790993
0.021162936463952065
0.021489864215254784
0.02120819501578808
0.020140698179602623
0.020818719640374184
0.021199584007263184
0.018493248149752617
0.019457802176475525
0.01916600950062275
0.019868291914463043
0.019455093890428543
0.01916622556746006
0.019136518239974976
0.019120754674077034
0.01983761042356491
0.018678409978747368
0.018111789599061012
0.020322376862168312
0.02085624262690544
0.020155735313892365
0.01810065098106861
0.020368196070194244
0.021190108731389046
0.020076118409633636
0.017929885536432266
0.018078582361340523
0.01856118254363537
0.018241649493575096
0.017948482185602188
0.020128533244132996
0.017402350902557373
0.018253440037369728
0.019945582374930382
0.01936376467347145
0.01708296127617359
0.017453966662287712
0.017686182633042336
0.018026646226644516
0.017626209184527397
0.017799803987145424
0.01646587997674942
0.016651486977934837
0.016954295337200165
0.017811842262744904
0.018811874091625214
0.0206784475594759
0.019130408763885498
0.018067171797156334
0.020539890974760056
0.019107168540358543
0.017077259719371796
0.01808776706457138
0.01716926507651806
0.01603810489177704
0.01776738092303276
0.016563983634114265
0.0179792158305645
0.018560264259576797
0.018132492899894714
0.018669448792934418
0.017188645899295807
0.01682780683040619
0.018092818558216095
0.01606607437133789
0.016425419598817825
0.017083097249269485
0.01683935709297657
0.015714207664132118
0.016712911427021027
0.015907399356365204
0.014292863197624683
0.01336407009512186
0.013683311641216278
0.013587350025773048
0.013713838532567024
0.013232969678938389
0.013178394176065922
0.013361006043851376
0.013364000245928764
0.012733888812363148
0.013302497565746307
0.012805036269128323
0.012804892845451832
0.013094734400510788
0.012710802257061005
0.01387664396315813
0.014265213161706924
0.013009603135287762
0.012476879172027111
0.01312319003045559
0.01276879757642746
0.012628553435206413
0.012836995534598827
0.01278715580701828
0.013264523819088936
0.012511280365288258
0.01292706374078989
0.012581455521285534
0.012551934458315372
0.013942421413958073
0.012619106099009514
0.012533347122371197
0.012652330100536346
0.01246434822678566
0.01236860454082489
0.012979051098227501
0.012622710317373276
0.011616398580372334
0.012619608081877232
0.012126332148909569
0.012379089370369911
0.011732806451618671
0.01240346860140562
0.012804493308067322
0.01230983342975378
0.011793317273259163
0.011936512775719166
0.01195639930665493
0.012116663157939911
0.013132658787071705
0.012848949059844017
0.012472108006477356
0.012476836331188679
0.012105965055525303
0.011271294206380844
0.012677577324211597
0.01158381998538971
0.012319226749241352
0.011674891225993633
0.012319441884756088
0.011923704296350479
0.011809821240603924
0.011704415082931519
0.011871736496686935
0.012433287687599659
0.012394090183079243
0.011985094286501408
0.011520521715283394
0.012299831956624985
0.010970803909003735
0.011655347421765327
0.011839430779218674
0.01188680436462164
0.01160020474344492
0.011209194548428059
0.012837139889597893
0.01144809927791357
0.01111900806427002
0.01102862786501646
0.011615223251283169
0.011414763517677784
0.01141777541488409
0.011928410269320011
0.01147784199565649
0.011233942583203316
0.01070648618042469
0.011377718299627304
0.010912766680121422
0.011673036031425
0.011288531124591827
0.011155172251164913
0.010756038129329681
0.010736092925071716
0.011244828812777996
0.011026667430996895
0.011328734457492828
0.010481440462172031
0.01056461688131094
0.01089504174888134
0.010886626318097115
0.010113950818777084
0.009982169605791569
0.010297602973878384
0.009755204431712627
0.009616807103157043
0.00989803858101368
0.00959382951259613
0.00998101755976677
0.009615253657102585
0.009794257581233978
0.009649883024394512
0.009842857718467712
0.009633508510887623
0.009602240286767483
0.009588814340531826
0.009584601037204266
0.009374895133078098
0.009434444829821587
0.009754262864589691
0.009685356169939041
0.009379173628985882
0.00961926020681858
0.009378381073474884
0.009530291892588139
0.009560641832649708
0.00915167573839426
0.009557963348925114
0.009756560437381268
0.009206810966134071
0.009304548613727093
0.009237952530384064
0.009415349923074245
0.009164085611701012
0.009343828074634075
0.009607665240764618
0.01016258168965578
0.009815827943384647
0.00932252686470747
0.009342669509351254
0.009440083056688309
0.009258189238607883
0.009184140712022781
0.00921711977571249
0.009073484688997269
0.009252572432160378
0.00914764404296875
0.008872616104781628
0.009527618996798992
0.009247257374227047
0.009473057463765144
0.009222808293998241
0.009111431427299976
0.009327777661383152
0.00960111990571022
0.009089726954698563
0.009113561362028122
0.009188283234834671
0.009182577952742577
0.009630466811358929
0.00937105342745781
0.009258857928216457
0.009380396455526352
0.009415402077138424
0.009320092387497425
0.008826440200209618
0.008985208347439766
0.009064123034477234
0.009091559797525406
0.008776789531111717
0.009411494247615337
0.009172094985842705
0.009288485161960125
0.00897969026118517
0.008950328454375267
0.009193427860736847
0.00899475160986185
0.008974658325314522
0.008958106860518456
0.008636603131890297
0.008958784863352776
0.00874869991093874
0.0090556088835001
0.008889460004866123
0.00878455862402916
0.00871349684894085
0.00872454047203064
0.008734982460737228
0.008671781048178673
0.00904260203242302
0.00849102158099413
0.008754076436161995
0.00851430930197239
0.008730090223252773
0.008582641370594501
0.008839824236929417
0.00859004631638527
0.008695167489349842
0.008522935211658478
0.008754354901611805
0.008706646040081978
0.008160801604390144
0.008206856437027454
0.008100337348878384
0.008307057432830334
0.00814299937337637
0.008318851701915264
0.008225992321968079
0.008075403980910778
0.008136321790516376
0.008126136846840382
0.008057151921093464
0.008133710362017155
0.007992619648575783
0.007940961048007011
0.008066649548709393
0.008055930957198143
0.008029824122786522
0.008063235320150852
0.008001868613064289
0.008060590364038944
0.00806520413607359
0.007961814291775227
0.00809621624648571
0.008054030127823353
0.007986883632838726
0.00799901969730854
0.008030959405004978
0.008127077482640743
0.008128304965794086
0.007951355539262295
0.007967166602611542
0.007958282716572285
0.007844720967113972
0.007941331714391708
0.00791291892528534
0.007796176243573427
0.007819818332791328
0.00786703359335661
0.00783390924334526
0.00789320282638073
0.007921651005744934
0.007843637838959694
0.00789952278137207
0.007917731069028378
0.008084423840045929
0.00794923771172762
0.0077740889973938465
0.007849594578146935
0.007797565311193466
0.007918558083474636
0.007903301157057285
0.007802555337548256
0.007788096088916063
0.008045538328588009
0.007698636036366224
0.007982737384736538
0.007959239184856415
0.008115234784781933
0.007992389611899853
0.007952351123094559
0.007691286038607359
0.007775366771966219
0.0077844541519880295
0.007691202685236931
0.007807522546499968
0.008233322761952877
0.007765918970108032
0.007745533715933561
0.007715362124145031
0.007710915990173817
0.007661593612283468
0.007709508296102285
0.007840135134756565
0.007764396723359823
0.007663058582693338
0.007695094682276249
0.00769762322306633
0.007673825602978468
0.007640888914465904
0.007576428819447756
0.007674876134842634
0.007614599075168371
0.007787232752889395
0.007981009781360626
0.007625567726790905
0.007520677056163549
0.007592369802296162
0.007545949425548315
0.007611074019223452
0.007598942145705223
0.00754303066059947
0.007568864617496729
0.007619282230734825
0.007523083593696356
0.007636367809027433
0.007825273089110851
0.007579660974442959
0.007474588695913553
0.007798314560204744
0.007840989157557487
0.007457785774022341
0.007373752072453499
0.0073230816051363945
0.0073404316790401936
0.007322465535253286
0.007332953158766031
0.007331962697207928
0.0073647266253829
0.0074741593562066555
0.007502330467104912
0.007418856956064701
0.007270041387528181
0.007332556881010532
0.007344259414821863
0.007334504276514053
0.007341210730373859
0.007412726525217295
0.007227615918964148
0.00730768870562315
0.007297731935977936
0.007295471150428057
0.0072762384079396725
0.0073014828376472
0.007299351505935192
0.007340106647461653
0.007340719923377037
0.007256333716213703
0.007302375044673681
0.007252978626638651
0.00720306346192956
0.007252765819430351
0.007257046643644571
0.007204265799373388
0.007228250149637461
0.007263497449457645
0.007207344751805067
0.007186632603406906
0.007276615127921104
0.007261557970196009
0.007176646497100592
0.007245004642754793
0.007203018758445978
0.007311771623790264
0.007487280294299126
0.007226597983390093
0.007229385431855917
0.007216980215162039
0.00727037712931633
0.007288235239684582
0.0071986885741353035
0.0071871052496135235
0.007210234180092812
0.007183764595538378
0.007189960218966007
0.007196921855211258
0.00720225740224123
0.007220125757157803
0.007211373653262854
0.007182711735367775
0.007165334187448025
0.0072154700756073
0.007176460698246956
0.007118812296539545
0.007212637457996607
0.00720203947275877
0.00715765543282032
0.007106167729943991
0.007161993533372879
0.0071726832538843155
0.007140184752643108
0.00722626643255353
0.007172707002609968
0.007056455593556166
0.007125816307961941
0.007195556070655584
0.007059331983327866
0.007102146744728088
0.007259998004883528
0.0071710217744112015
0.007137215696275234
0.0071583702228963375
0.007083144970238209
0.007090112194418907
0.00703391432762146
0.0070826271548867226
0.0070967236533761024
0.007062130607664585
0.007108824327588081
0.007068839855492115
0.007141466718167067
0.007054682355374098
0.00707841943949461
0.007089081220328808
0.007118267007172108
0.007117490284144878
0.007079222705215216
0.007095614913851023
0.007078333292156458
0.0070020705461502075
0.007072991691529751
0.0069754295982420444
0.007009357679635286
0.0069413441233336926
0.006950836628675461
0.0069615524262189865
0.006947859190404415
0.007001740392297506
0.006938433274626732
0.006962949875742197
0.006932488176971674
0.0069389259442687035
0.0069569433107972145
0.006939404644072056
0.006932092364877462
0.0069430735893547535
0.0069263349287211895
0.006902758032083511
0.0069361100904643536
0.006942032370716333
0.006953462027013302
0.006937101017683744
0.006925442721694708
0.006973302457481623
0.006913772784173489
0.0069330004043877125
0.0069234296679496765
0.0069031380116939545
0.006920261308550835
0.006961232051253319
0.006898774765431881
0.006902461405843496
0.006915459409356117
0.006922622211277485
0.006924102548509836
0.006900296546518803
0.006924482993781567
0.00692477822303772
0.006913949269801378
0.006912669632583857
0.0068930829875171185
0.0068845185451209545
0.006917502265423536
0.006878962274640799
0.006901673041284084
0.006875916384160519
0.006872827652841806
0.006894073449075222
0.006938674952834845
0.0069290222600102425
0.006911211647093296
0.006890991702675819
0.006912205368280411
0.00693693058565259
0.006887819617986679
0.0068656099028885365
0.0068921539932489395
0.006881001405417919
0.006841782480478287
0.0069037266075611115
0.006891603581607342
0.006877136416733265
0.006856715772300959
0.006865318398922682
0.006836484186351299
0.006884609814733267
0.006877920124679804
0.0068855187855660915
0.0068651526235044
0.0068654329515993595
0.006839284207671881
0.006842114496976137
0.006851530633866787
0.0068472749553620815
0.006851430982351303
0.006856080610305071
0.006867534480988979
0.006847165059298277
0.006906549911946058
0.0068825953640043736
0.006856512278318405
0.006840944290161133
0.00681236432865262
0.006820173934102058
0.006838270928710699
0.006852831691503525
0.006912854965776205
0.0068170479498803616
0.00680948793888092
0.006824169773608446
0.006836197804659605
0.006848832592368126
0.006823731120675802
0.00681385537609458
0.006831292994320393
0.006806680001318455
0.006800252944231033
0.006820472422987223
0.00687418133020401
0.00682121841236949
0.006821241229772568
0.006774986162781715
0.0067731281742453575
0.006755308248102665
0.006758273579180241
0.006770080886781216
0.006770608481019735
0.006771374028176069
0.006792421918362379
0.006767353508621454
0.006763166282325983
0.006762513890862465
0.006810605991631746
0.00676853209733963
0.0067628598771989346
0.006756648421287537
0.006750283297151327
0.0067613092251122
0.006776545662432909
0.006758466828614473
0.006748879794031382
0.006746030878275633
0.006744741927832365
0.006753793451935053
0.006762150675058365
0.006752402987331152
0.006740310695022345
0.006756159011274576
0.006740107201039791
0.006733494810760021
0.006752024870365858
0.006733620073646307
0.006752044428139925
0.006772452499717474
0.006743847392499447
0.00673828087747097
0.006735068745911121
0.006735381204634905
0.00672319857403636
0.006752280984073877
0.006745771039277315
0.006728531792759895
0.006725287530571222
0.006721724756062031
0.00671919621527195
0.00672033429145813
0.006721334531903267
0.006730449851602316
0.006742373108863831
0.006748296320438385
0.006724375765770674
0.006728554610162973
0.006738938856869936
0.006711967289447784
0.006727909669280052
0.006724742706865072
0.006724854465574026
0.006725159008055925
0.006742967292666435
0.006711904425173998
0.0067120511084795
0.006713713984936476
0.0067381407134234905
0.0067211841233074665
0.006724406499415636
0.006712304428219795
0.006723497062921524
0.006712930742651224
0.006712418049573898
0.006712331902235746
0.006745531689375639
0.006758042145520449
0.006709199398756027
0.006710504647344351
0.006703595165163279
0.006700263824313879
0.006717898417264223
0.006698184181004763
0.006723429076373577
0.006717624142765999
0.006706508342176676
0.00669074198231101
0.006725988816469908
0.006687238812446594
0.0067068771459162235
0.006714622024446726
0.00670188432559371
0.006704987958073616
0.006704773288220167
0.006692648399621248
0.006710057612508535
0.006703321821987629
0.006682502571493387
0.006704546976834536
0.00670374883338809
0.006693671923130751
0.00670843617990613
0.006685897707939148
0.006697086151689291
0.0066924369893968105
0.006691962946206331
0.006664172280579805
0.006672474090009928
0.0066665783524513245
0.0066682565957307816
0.0066622463054955006
0.006673043593764305
0.006666911765933037
0.006659623701125383
0.006666446570307016
0.006671579089015722
0.006660184357315302
0.00666933273896575
0.00666743703186512
0.00666798697784543
0.006675295066088438
0.006654596421867609
0.006660273764282465
0.006659048143774271
0.006654616445302963
0.0066644554026424885
0.006657145917415619
0.00666180532425642
0.006656369660049677
0.006660101003944874
0.006656993180513382
0.006653692573308945
0.006657096091657877
0.006650549825280905
0.006654558703303337
0.006681459024548531
0.006655125413089991
0.0066535561345517635
0.006657622754573822
0.006652906537055969
0.006652026902884245
0.0066491602919995785
0.0066647958010435104
0.006652980111539364
0.0066572511568665504
0.006665485445410013
0.006662117317318916
0.006651103962212801
0.006661899853497744
0.006664452608674765
0.006651814561337233
0.006653482560068369
0.006651397328823805
0.006646483205258846
0.0066679250448942184
0.006647646892815828
0.006653110031038523
0.006648251321166754
0.006646704860031605
0.00664528040215373
0.0066553400829434395
0.006642753258347511
0.0066426522098481655
0.006642729043960571
0.006645366083830595
0.0066419863142073154
0.006655106786638498
0.006641526240855455
0.006650147959589958
0.0066538965329527855
0.0066439313814044
0.006649247370660305
0.0066510941833257675
0.006651000119745731
0.006651890464127064
0.006640369072556496
0.006641882471740246
0.006636472884565592
0.006642783991992474
0.0066380309872329235
0.006639467086642981
0.0066357385367155075
0.006641529034823179
0.006643933244049549
0.006642553023993969
0.0066443136893212795
0.00664015207439661
0.006637214682996273
0.006635076832026243
0.006638583727180958
0.006637095008045435
0.006630339659750462
0.006660917308181524
0.006636828184127808
0.006640354171395302
0.006654141470789909
0.006631953176110983
0.006627627648413181
0.0066337971948087215
0.006628639996051788
0.0066385334357619286
0.006632320117205381
0.006630680523812771
0.006631473079323769
0.006650072522461414
0.006634173449128866
0.006621383596211672
0.0066179800778627396
0.006617624778300524
0.006615353748202324
0.006614364683628082
0.006619952619075775
0.006617752369493246
0.0066162459552288055
0.006616717204451561
0.006613139063119888
0.006618148181587458
0.0066172657534480095
0.006618618033826351
0.006620785221457481
0.006617661565542221
0.00661385478451848
0.006616855505853891
0.0066152298822999
0.006616853643208742
0.006613556295633316
0.006625219713896513
0.006611783988773823
0.006615635938942432
0.0066126673482358456
0.0066162655130028725
0.006614732556045055
0.006616339553147554
0.0066162520088255405
0.006614775862544775
0.00661124475300312
0.006617316510528326
0.0066123600117862225
0.006612746510654688
0.006612326484173536
0.006612557452172041
0.0066167511977255344
0.006610242649912834
0.006613289006054401
0.006610628683120012
0.006613022647798061
0.0066117593087255955
0.006614859215915203
0.006618014536798
0.006610921584069729
0.006607120856642723
0.006611911114305258
0.006612186785787344
0.00661094207316637
0.0066169267520308495
0.0066130273044109344
0.006608373019844294
0.006612651515752077
0.00660585006698966
0.006605957169085741
0.006614673882722855
0.00660954462364316
0.006610185373574495
0.006608142983168364
0.006609646137803793
0.00660642609000206
0.0066107348538935184
0.006607051007449627
0.006607662886381149
0.006606160197407007
0.006610414478927851
0.0066130864433944225
0.006612330209463835
0.006604969035834074
0.006611684802919626
0.00660898769274354
0.006603791378438473
0.006606544833630323
0.0066055110655725
0.00660686194896698
0.0066077327355742455
0.006607448682188988
0.0066130259074270725
0.006602327339351177
0.006602100096642971
0.00660532433539629
0.006603401619940996
0.0066039953380823135
0.006603497080504894
0.006607533432543278
0.006601592991501093
0.006600182503461838
0.006601444911211729
0.006600633263587952
0.006604230031371117
0.0066044568084180355
0.006598654668778181
0.006605292670428753
0.006603702902793884
0.006609699688851833
0.006606068462133408
0.00660074595361948
0.006599776446819305
0.00660185981541872
0.006602155044674873
0.006600961554795504
0.006595782935619354
0.006597432307898998
0.006594064645469189
0.006593582686036825
0.006598072592169046
0.0065957228653132915
0.006593105848878622
0.006593294907361269
0.006594041828066111
0.0065946499817073345
0.006594399455934763
0.006593185476958752
0.006593354046344757
0.0065963901579380035
0.006592635530978441
0.006593707017600536
0.006594313774257898
0.006595384795218706
0.006596930790692568
0.006592739839106798
0.0065936739556491375
0.006592200603336096
0.006593458354473114
0.00659334659576416
0.006592954974621534
0.006593335885554552
0.006592859979718924
0.006592076737433672
0.006592149380594492
0.006594414357095957
0.006593778729438782
0.00659235380589962
0.006590405013412237
0.006593003869056702
0.006591062992811203
0.00659257872030139
0.006591081153601408
0.006591963116079569
0.006590708624571562
0.00659198546782136
0.006592155899852514
0.006592280231416225
0.006589702796190977
0.006593089085072279
0.006591589190065861
0.006589838303625584
0.006592427380383015
0.006596857216209173
0.006590588949620724
0.006590040400624275
0.006592369172722101
0.006590060889720917
0.0065919081680476665
0.006594384089112282
0.006598606240004301
0.006588164251297712
0.0065916553139686584
0.006594228558242321
0.006591438315808773
0.006590203382074833
0.006589107681065798
0.006587999407202005
0.0065894597209990025
0.006588189862668514
0.006588231772184372
0.006589055527001619
0.006589612457901239
0.006587224081158638
0.006589950993657112
0.006588985212147236
0.006587897893041372
0.006588764488697052
0.0065887123346328735
0.006588193122297525
0.006588101852685213
0.006587426643818617
0.006589289288967848
0.006587805226445198
0.006593433208763599
0.006588050629943609
0.00658681895583868
0.006591636221855879
0.00658721337094903
0.006590209435671568
0.0065863532945513725
0.006586106494069099
0.00658669276162982
0.006585306953638792
0.006586610805243254
0.006587252486497164
0.0065876333974301815
0.006586420815438032
0.006585992872714996
0.0065886517986655235
0.0065864501520991325
0.006585073657333851
0.006585321854799986
0.006587847601622343
0.006587791722267866
0.00658597145229578
0.006582879927009344
0.006583378184586763
0.006582589820027351
0.006583150010555983
0.00658378703519702
0.006582452915608883
0.00658367108553648
0.006582644302397966
0.006582761649042368
0.00658296886831522
0.0065824007615447044
0.006583336275070906
0.0065817018039524555
0.006582099478691816
0.0065831393003463745
0.006582264322787523
0.00658257445320487
0.0065819500014185905
0.006581813562661409
0.006582615431398153
0.00658206595107913
0.006581954192370176
0.006580844987183809
0.006581935100257397
0.006583253853023052
0.00658236350864172
0.006582779809832573
0.006581328343600035
0.0065809981897473335
0.006581573281437159
0.0065813856199383736
0.006582281086593866
0.006580903194844723
0.006581295747309923
0.006581102032214403
0.006582116708159447
0.006581791210919619
0.006581188645213842
0.006582185626029968
0.006581421941518784
0.006582203321158886
0.006580378394573927
0.006581061985343695
0.006580797489732504
0.006580163259059191
0.006580933462828398
0.006580391898751259
0.006581526715308428
0.006581633817404509
0.006581051740795374
0.006579923443496227
0.006580787245184183
0.006581097841262817
0.00657989177852869
0.006580831948667765
0.006579904351383448
0.0065805041231215
0.0065805064514279366
0.006580080837011337
0.006580171640962362
0.006580324377864599
0.006580316461622715
0.006580204702913761
0.006579369306564331
0.006579415872693062
0.0065801735036075115
0.006579988170415163
0.006580007262527943
0.006579856388270855
0.0065809572115540504
0.006579153705388308
0.006579537410289049
0.006579885724931955
0.006580645218491554
0.006579570937901735
0.0065808771178126335
0.0065793381072580814
0.006578939501196146
0.006580149754881859
0.006579920183867216
0.006580198649317026
0.006579394917935133
0.00657897163182497
0.006578525993973017
0.00657891808077693
0.006578406319022179
0.006578708533197641
0.006577901542186737
0.006579187698662281
0.006578715052455664
0.006577971391379833
0.006578190252184868
0.006578198168426752
0.006578428205102682
0.006579519249498844
0.006578631699085236
0.006579759065061808
0.006578621920198202
0.006578099448233843
0.006578139960765839
0.006577049382030964
0.00657634437084198
0.006576880346983671
0.006577149033546448
0.006576321553438902
0.006577222142368555
0.006576510611921549
0.006577011663466692
0.006576753221452236
0.006576163228601217
0.006576504558324814
0.006576226092875004
0.00657649477943778
0.00657642399892211
0.006576364394277334
0.006576709449291229
0.006576129235327244
0.006576541345566511
0.006576153449714184
0.0065767220221459866
0.00657611433416605
0.006576445419341326
0.006576993968337774
0.0065761893056333065
0.006576187442988157
0.006576491519808769
0.006576326210051775
0.006576363928616047
0.006576681975275278
0.006576213054358959
0.00657652085646987
0.006576588377356529
0.0065768323838710785
0.006576132029294968
0.006576378829777241
0.0065768505446612835
0.00657561095431447
0.0065760076977312565
0.006575821898877621
0.006575811188668013
0.00657632714137435
0.006575560197234154
0.006575867999345064
0.00657556252554059
0.006576014216989279
0.006575772073119879
0.0065758246928453445
0.006575375329703093
0.006575739476829767
0.006575556937605143
0.006577123887836933
0.0065767536871135235
0.006575566716492176
0.006575623992830515
0.00657564215362072
0.006575557868927717
0.006575803738087416
0.006575372535735369
0.006575275678187609
0.0065765404142439365
0.0065767355263233185
0.00657523050904274
0.0065751513466238976
0.006575767416507006
0.006575257517397404
0.006575327832251787
0.0065755657851696014
0.006575810257345438
0.006575106177479029
0.006575548090040684
0.006575385108590126
0.006575597915798426
0.006575221195816994
0.006575196050107479
0.006575379054993391
0.006575050763785839
0.006574688479304314
0.006574864033609629
0.006575151812285185
0.006575135979801416
0.006575107108801603
0.006574932485818863
0.00657507823780179
0.0065758246928453445
0.006574897561222315
0.006575109902769327
0.0065749515779316425
0.006574810482561588
0.00657456461340189
0.006575197912752628
0.006575143896043301
0.006574635393917561
0.006575754377990961
0.006575324106961489
0.006574385799467564
0.006574948318302631
0.0065743704326450825
0.006574732251465321
0.006574884057044983
0.006575038190931082
0.006575047504156828
0.006574498489499092
0.0065743341110646725
0.006574470084160566
0.00657490361481905
0.006574457511305809
0.006574228871613741
0.006574041675776243
0.00657455762848258
0.006574202328920364
0.006574605591595173
0.006574289873242378
0.006574005354195833
0.00657485518604517
0.006574308034032583
0.006574502680450678
0.006573936901986599
0.0065748183988034725
0.006574994418770075
0.006574510596692562
0.00657401978969574
0.006574633065611124
0.006574054714292288
0.006573990453034639
0.006573787424713373
0.006574016530066729
0.006574256811290979
0.0065737515687942505
0.006573901511728764
0.006574023514986038
0.006573618855327368
0.0065738302655518055
0.006575392559170723
0.006574134808033705
0.006573578808456659
0.006573997903615236
0.006574093829840422
0.006573643535375595
0.006573742721229792
0.006573827005922794
0.0065738544799387455
0.006573645398020744
0.006573674734681845
0.006574793718755245
0.006574793718755245
0.0065735140815377235
0.006574212107807398
0.006573723163455725
0.006573740858584642
0.006573481485247612
0.006573667284101248
0.006573363207280636
0.0065737273544073105
0.006573909427970648
0.006573228631168604
0.006573611870408058
0.0065736230462789536
0.006573254708200693
0.006573292426764965
0.006573343183845282
0.006573571357876062
0.006573757156729698
0.006573573686182499
0.006573518738150597
0.006573997437953949
0.006573397666215897
0.0065733096562325954
0.006573375780135393
0.006573846098035574
0.006574047263711691
0.0065735019743442535
0.006573019549250603
0.006573494523763657
0.006573289632797241
0.0065731205977499485
0.006573267746716738
0.006572974380105734
0.006574166473001242
0.0065729799680411816
0.006573252379894257
0.006573142949491739
0.006573140621185303
0.0065731992945075035
0.006572962272912264
0.006573652382940054
0.0065727559849619865
0.0065732854418456554
0.006572835613042116
0.00657302001491189
0.006573312915861607
0.006572824902832508
0.006573019549250603
