0.8331234455108643
0.5870382785797119
0.5004055500030518
0.4647529423236847
0.4442376494407654
0.43082207441329956
0.421006977558136
0.4137111008167267
0.4077606499195099
0.40387681126594543
0.40008091926574707
0.39672476053237915
0.3941836655139923
0.3916974663734436
0.3898879289627075
0.38800492882728577
0.3876708149909973
0.38527119159698486
0.3843182921409607
0.3829684853553772
0.38210347294807434
0.3809097707271576
0.38042986392974854
0.37959569692611694
0.37846821546554565
0.37762153148651123
0.3772329092025757
0.37598899006843567
0.3757525086402893
0.37505725026130676
0.37424761056900024
0.3736248314380646
0.37326645851135254
0.3723570704460144
0.3723914623260498
0.37216290831565857
0.3715406358242035
0.37079980969429016
0.3704490661621094
0.3698643743991852
0.3697749078273773
0.3690645694732666
0.36881762742996216
0.3681514859199524
0.36857402324676514
0.36719173192977905
0.3676999509334564
0.3663805425167084
0.3661167621612549
0.3653353452682495
0.3649950325489044
0.36470648646354675
0.36437350511550903
0.3637152314186096
0.3635164499282837
0.36340567469596863
0.3625575304031372
0.3617764711380005
0.3614847958087921
0.3619341254234314
0.36086922883987427
0.3603256940841675
0.3601728081703186
0.35933002829551697
0.358842134475708
0.35888198018074036
0.3586626648902893
0.3582572042942047
0.35791122913360596
0.3577233552932739
0.3571642339229584
0.35688352584838867
0.35713669657707214
0.3564867675304413
0.3560604453086853
0.35579735040664673
0.3553658127784729
0.35510170459747314
0.35449567437171936
0.3544047474861145
0.3541024923324585
0.35416606068611145
0.35346877574920654
0.3534313142299652
0.35281476378440857
0.3525747060775757
0.3522816002368927
0.35370954871177673
0.35157880187034607
0.35136356949806213
0.3506716191768646
0.3506932556629181
0.3505955934524536
0.35060760378837585
0.34977850317955017
0.3494532108306885
0.35016754269599915
0.3498057425022125
0.3487471342086792
0.3495253920555115
0.34826231002807617
0.3474785387516022
0.34787121415138245
0.3468773365020752
0.34678131341934204
0.3466634750366211
0.3460712432861328
0.34625741839408875
0.34580668807029724
0.34536775946617126
0.3450862765312195
0.3446577489376068
0.34441906213760376
0.34363260865211487
0.34461379051208496
0.34334155917167664
0.34327247738838196
0.34305423498153687
0.3450325131416321
0.3424089848995209
0.3417835235595703
0.34186434745788574
0.34129974246025085
0.34141361713409424
0.34140270948410034
0.34028568863868713
0.3400692045688629
0.34014126658439636
0.34099912643432617
0.33995500206947327
0.3392176926136017
0.33854377269744873
0.3381098508834839
0.33874696493148804
0.3391342759132385
0.3378353714942932
0.33731186389923096
0.33778417110443115
0.33665263652801514
0.33646848797798157
0.335978239774704
0.335860013961792
0.3355942666530609
0.33582091331481934
0.3344000577926636
0.3342513144016266
0.3341253101825714
0.33398276567459106
0.3335832953453064
0.33376801013946533
0.3344024121761322
0.3326047360897064
0.33608749508857727
0.33277571201324463
0.3320356011390686
0.3315981924533844
0.33228808641433716
0.33146268129348755
0.3316991329193115
0.3323213756084442
0.33084040880203247
0.3309042453765869
0.3305182456970215
0.330740749835968
0.3303019404411316
0.3306989371776581
0.32916608452796936
0.32927536964416504
0.3287614583969116
0.3286217749118805
0.3285141587257385
0.32860860228538513
0.3276466131210327
0.3280118703842163
0.32777324318885803
0.3278641402721405
0.32690978050231934
0.32684528827667236
0.3274562954902649
0.3276575803756714
0.3278462290763855
0.32633769512176514
0.32706066966056824
0.3265504240989685
0.3262396454811096
0.3256916403770447
0.32518836855888367
0.32540106773376465
0.32548969984054565
0.3253087103366852
0.3241747319698334
0.3243100047111511
0.32518699765205383
0.3241308331489563
0.32401832938194275
0.322786808013916
0.32230621576309204
0.3223942816257477
0.32186058163642883
0.3217301070690155
0.3219335079193115
0.3218074440956116
0.3216111958026886
0.3219166100025177
0.32166191935539246
0.32168957591056824
0.3215826749801636
0.32120710611343384
0.3212434947490692
0.3209259808063507
0.3210527002811432
0.3207997679710388
0.32092270255088806
0.32040730118751526
0.32053548097610474
0.3209260106086731
0.3204021453857422
0.3202745318412781
0.32013338804244995
0.3198665678501129
0.3198348879814148
0.32058799266815186
0.3206184506416321
0.31957295536994934
0.3195017874240875
0.319335013628006
0.3192843198776245
0.3191992938518524
0.31896302103996277
0.3191951513290405
0.3189738094806671
0.31912171840667725
0.31950682401657104
0.31897827982902527
0.31848788261413574
0.3188396692276001
0.3189218044281006
0.31846678256988525
0.31830281019210815
0.31815487146377563
0.3183960020542145
0.3182023763656616
0.3184961676597595
0.3180718719959259
0.3177240788936615
0.31753337383270264
0.31783753633499146
0.31745103001594543
0.3174377679824829
0.3181970715522766
0.31728172302246094
0.3178301453590393
0.3173888325691223
0.3170139193534851
0.31730878353118896
0.3166513442993164
0.3170815110206604
0.3164377510547638
0.3165373206138611
0.3166724443435669
0.31624889373779297
0.31612634658813477
0.31614649295806885
0.3162793517112732
0.3159670829772949
0.31650814414024353
0.31618353724479675
0.3162957727909088
0.3172021508216858
0.3159557580947876
0.3161788284778595
0.31546226143836975
0.3153735101222992
0.3155277669429779
0.3153102993965149
0.31551435589790344
0.3150847256183624
0.31471186876296997
0.3152869641780853
0.3147454559803009
0.3157888948917389
0.3145110309123993
0.3157057464122772
0.3148706555366516
0.3149825930595398
0.3145736753940582
0.31450334191322327
0.3146449625492096
0.31438055634498596
0.3139225244522095
0.3143189251422882
0.31404271721839905
0.31376931071281433
0.3138568699359894
0.31387054920196533
0.3128846287727356
0.31295305490493774
0.31277361512184143
0.3127065598964691
0.3127778172492981
0.31263425946235657
0.3127499222755432
0.31259918212890625
0.3125344514846802
0.3130780756473541
0.3127409517765045
0.3124360144138336
0.3124811351299286
0.31242063641548157
0.31250640749931335
0.3122062683105469
0.31255289912223816
0.31251096725463867
0.3120339810848236
0.3122505247592926
0.3124408423900604
0.3121832609176636
0.3120384216308594
0.3123360276222229
0.3119676411151886
0.3120409846305847
0.3121137320995331
0.31191518902778625
0.31181779503822327
0.31187066435813904
0.3117240071296692
0.3117501437664032
0.31196269392967224
0.31184425950050354
0.31152093410491943
0.31161612272262573
0.3116157352924347
0.31190037727355957
0.3115070164203644
0.31141605973243713
0.3113146126270294
0.3113022446632385
0.31124404072761536
0.3114413917064667
0.3114016652107239
0.3110910654067993
0.31119272112846375
0.3112908601760864
0.3109304904937744
0.3109751045703888
0.3109944760799408
0.31097716093063354
0.31113630533218384
0.3110741674900055
0.3108523488044739
0.3107352554798126
0.3107561469078064
0.31101834774017334
0.3108401596546173
0.3105665445327759
0.31051477789878845
0.31058469414711
0.3106459081172943
0.3106871545314789
0.31041470170021057
0.3104565441608429
0.31049785017967224
0.31029170751571655
0.31046271324157715
0.3103824555873871
0.3102406859397888
0.310131698846817
0.31008076667785645
0.31011509895324707
0.31005001068115234
0.3099738359451294
0.3102739751338959
0.31001120805740356
0.30994993448257446
0.30981045961380005
0.31000566482543945
0.3098227083683014
0.30984213948249817
0.30982571840286255
0.3097124695777893
0.3096057176589966
0.3096560835838318
0.30951499938964844
0.309603750705719
0.3094690144062042
0.309559166431427
0.3094773292541504
0.3094230890274048
0.3095944821834564
0.3092571198940277
0.3092491924762726
0.30918899178504944
0.30923202633857727
0.3093019723892212
0.30902746319770813
0.3088333308696747
0.3087104558944702
0.3088426887989044
0.3088430166244507
0.3087756633758545
0.30876410007476807
0.30890360474586487
0.30854496359825134
0.3087424635887146
0.3086130917072296
0.3085831105709076
0.3086669147014618
0.3087078928947449
0.30849429965019226
0.3084914982318878
0.30849748849868774
0.30846482515335083
0.3085467219352722
0.30846527218818665
0.30838486552238464
0.3084157109260559
0.30847862362861633
0.30857983231544495
0.3084520995616913
0.3082830011844635
0.30837076902389526
0.30828267335891724
0.3082183301448822
0.30832281708717346
0.3082210123538971
0.30821922421455383
0.3081667423248291
0.3081948757171631
0.3081565499305725
0.30818307399749756
0.30817946791648865
0.3081119954586029
0.3081507980823517
0.3080156147480011
0.3080979585647583
0.3080311417579651
0.3079656660556793
0.30804336071014404
0.3079453110694885
0.3080030381679535
0.3079361319541931
0.3080204427242279
0.30796191096305847
0.30785632133483887
0.30795741081237793
0.3078254759311676
0.30786728858947754
0.30777233839035034
0.3077559173107147
0.3078007698059082
0.30786046385765076
0.3077623248100281
0.3076261878013611
0.30766400694847107
0.30772465467453003
0.30767014622688293
0.3076091706752777
0.3076022267341614
0.3076814115047455
0.3075607717037201
0.30758821964263916
0.3075907528400421
0.3074471354484558
0.30762284994125366
0.3075430393218994
0.3075573146343231
0.30744993686676025
0.30742353200912476
0.30744749307632446
0.3073737621307373
0.30744585394859314
0.3075847327709198
0.30728527903556824
0.3072957992553711
0.3073567748069763
0.30752238631248474
0.3075021207332611
0.30739569664001465
0.3071535527706146
0.30727601051330566
0.30712443590164185
0.30715855956077576
0.3070780634880066
0.30710569024086
0.3071700632572174
0.30737969279289246
0.3069870173931122
0.30710557103157043
0.30711355805397034
0.3069509267807007
0.30700376629829407
0.307014137506485
0.30714547634124756
0.30696362257003784
0.3067764639854431
0.3066997528076172
0.30670884251594543
0.3067111372947693
0.3066752254962921
0.3067190647125244
0.3067002296447754
0.3066664934158325
0.3065940737724304
0.3066297769546509
0.306591659784317
0.30659839510917664
0.3065662682056427
0.3065641522407532
0.3065353035926819
0.3065333664417267
0.30656924843788147
0.3065497875213623
0.30649739503860474
0.3065660893917084
0.30659520626068115
0.30656930804252625
0.306448370218277
0.30647724866867065
0.3064868450164795
0.3064171373844147
0.3064376413822174
0.3065164089202881
0.306458979845047
0.30636924505233765
0.3064308166503906
0.30640965700149536
0.3063909411430359
0.3064934015274048
0.30636724829673767
0.3063678443431854
0.3063782751560211
0.30632898211479187
0.30632951855659485
0.3063278794288635
0.306286484003067
0.306343138217926
0.30627575516700745
0.3062659502029419
0.3062953054904938
0.3062707781791687
0.3063260316848755
0.30624493956565857
0.30630776286125183
0.306270956993103
0.30630192160606384
0.3061927258968353
0.30620378255844116
0.30616986751556396
0.3062005043029785
0.30617162585258484
0.3061489760875702
0.3061616122722626
0.30613934993743896
0.3061372935771942
0.306180477142334
0.3061453700065613
0.3061133325099945
0.30616363883018494
0.30618026852607727
0.3061088025569916
0.30605706572532654
0.3061615526676178
0.3060716390609741
0.30607178807258606
0.30602362751960754
0.30607330799102783
0.30603256821632385
0.3060310482978821
0.3060142397880554
0.3060300648212433
0.3059632182121277
0.30603665113449097
0.3059818148612976
0.3060047924518585
0.30593979358673096
0.3059789538383484
0.3059302568435669
0.3059529662132263
0.3058757781982422
0.3059366047382355
0.30591267347335815
0.30593231320381165
0.3058556616306305
0.305877149105072
0.3058469593524933
0.30587878823280334
0.30577993392944336
0.30584460496902466
0.3058392405509949
0.3058196008205414
0.30578064918518066
0.3057883381843567
0.3058043122291565
0.3058050870895386
0.30576133728027344
0.30566564202308655
0.30565714836120605
0.3056967556476593
0.30565938353538513
0.3056368827819824
0.30565595626831055
0.30566123127937317
0.30564525723457336
0.30563220381736755
0.30562281608581543
0.3056521713733673
0.3056095242500305
0.3056337237358093
0.3056482672691345
0.3056163191795349
0.30562201142311096
0.3055872321128845
0.3056158721446991
0.3055778741836548
0.3056004047393799
0.30560216307640076
0.30559271574020386
0.3055707514286041
0.30558064579963684
0.3055802881717682
0.30556485056877136
0.30555635690689087
0.30555883049964905
0.3055562674999237
0.3055360019207001
0.30552488565444946
0.30552545189857483
0.3055564761161804
0.3055131435394287
0.30551040172576904
0.30549299716949463
0.3055107593536377
0.3055301010608673
0.30551689863204956
0.30550333857536316
0.30549806356430054
0.30547264218330383
0.30546778440475464
0.3054860532283783
0.3054664134979248
0.30545905232429504
0.30551886558532715
0.30546703934669495
0.30547016859054565
0.30543461441993713
0.30544546246528625
0.3054286539554596
0.30544739961624146
0.30542516708374023
0.3054480254650116
0.3054971396923065
0.30541932582855225
0.30541032552719116
0.3054365813732147
0.3054124712944031
0.3054121136665344
0.3053932785987854
0.3054006099700928
0.30539780855178833
0.30539506673812866
0.3053809404373169
0.30536767840385437
0.30535703897476196
0.3053654730319977
0.30536454916000366
0.3053734600543976
0.3053407669067383
0.3053385615348816
0.3053509593009949
0.30532267689704895
0.30533960461616516
0.305322527885437
0.30532151460647583
0.3053201138973236
0.305308073759079
0.30531325936317444
0.30531391501426697
0.30535638332366943
0.3052835762500763
0.30530011653900146
0.3052777349948883
0.30528682470321655
0.30531051754951477
0.3052751123905182
0.3052826523780823
0.3052915334701538
0.3052675127983093
0.30523520708084106
0.30533626675605774
0.3052469789981842
0.3052646815776825
0.3052423596382141
0.3052390217781067
0.30523526668548584
0.3052842915058136
0.30518051981925964
0.30517375469207764
0.30517610907554626
0.3052012622356415
0.3051605522632599
0.3051653504371643
0.3051646947860718
0.30516520142555237
0.30515041947364807
0.3051532208919525
0.30515503883361816
0.3051609992980957
0.3051643967628479
0.3051391839981079
0.3051741421222687
0.3051581382751465
0.30514633655548096
0.30515024065971375
0.30512672662734985
0.3051328957080841
0.30514606833457947
0.3051328659057617
0.3051454424858093
0.3051239252090454
0.30513429641723633
0.30511435866355896
0.3051373064517975
0.30510491132736206
0.30511870980262756
0.3050960302352905
0.3051033616065979
0.305103600025177
0.30509650707244873
0.30510812997817993
0.30508914589881897
0.30509576201438904
0.30509471893310547
0.3050960302352905
0.30509546399116516
0.305115282535553
0.30508872866630554
0.3050743043422699
0.30508601665496826
0.3050674498081207
0.30508410930633545
0.3050806224346161
0.3050970435142517
0.30506908893585205
0.30505824089050293
0.30506631731987
0.30506521463394165
0.3050592839717865
0.3050674796104431
0.30506277084350586
0.30506157875061035
0.3050496578216553
0.3050467073917389
0.30504903197288513
0.3050501048564911
0.3050493896007538
0.3050331175327301
0.30502769351005554
0.30504098534584045
0.30504167079925537
0.3050331473350525
0.30501893162727356
0.3050203025341034
0.30502694845199585
0.30503612756729126
0.3050372898578644
0.30501681566238403
0.30501678586006165
0.30501240491867065
0.30501458048820496
0.30499696731567383
0.3050038814544678
0.30500689148902893
0.3049907684326172
0.30499467253685
0.30499884486198425
0.30499744415283203
0.3050067126750946
0.3049808740615845
0.30499136447906494
0.3049817979335785
0.3049870729446411
0.30498480796813965
0.3049859404563904
0.30496731400489807
0.304977685213089
0.3049696683883667
0.30496272444725037
0.30498504638671875
0.30496570467948914
0.30495789647102356
0.3049539625644684
0.3049667477607727
0.3049636483192444
0.304959774017334
0.30495786666870117
0.3049258291721344
0.30493032932281494
0.30492788553237915
0.3049210011959076
0.304921954870224
0.3049182593822479
0.3049162030220032
0.3049221634864807
0.3049237132072449
0.3049143850803375
0.3049376606941223
0.3049183785915375
0.3049145042896271
0.30491024255752563
0.30490943789482117
0.30491775274276733
0.3049175441265106
0.3049113154411316
0.3049037754535675
0.30490386486053467
0.30490821599960327
0.30494168400764465
0.30490243434906006
0.3049141466617584
0.3049018681049347
0.3049086332321167
0.3048991560935974
0.3048945665359497
0.30491289496421814
0.3048970699310303
0.3048939108848572
0.30489304661750793
0.3049047887325287
0.3048878312110901
0.30488502979278564
0.30489563941955566
0.3048804700374603
0.3048875629901886
0.30489248037338257
0.304882287979126
0.30488401651382446
0.30487915873527527
0.30488333106040955
0.304878294467926
0.3048816919326782
0.30487146973609924
0.3048812448978424
0.30487218499183655
0.30487316846847534
0.30487191677093506
0.3048676550388336
0.3048725426197052
0.3048733174800873
0.3048669397830963
0.3048679232597351
0.30487197637557983
0.30486124753952026
0.3048606812953949
0.3048638701438904
0.30486369132995605
0.3048594892024994
0.30486100912094116
0.30485767126083374
0.3048575222492218
0.30485403537750244
0.3048521876335144
0.3048582673072815
0.3048612177371979
0.3048507571220398
0.30484887957572937
0.3048422932624817
0.30485260486602783
0.30484482645988464
0.30484244227409363
0.3048498332500458
0.3048463761806488
0.3048417270183563
0.30484360456466675
0.3048432171344757
0.304841548204422
0.3048303425312042
0.304838627576828
0.30483102798461914
0.30482935905456543
0.3048321604728699
0.3048272728919983
0.30482959747314453
0.30482688546180725
0.3048304617404938
0.3048308491706848
0.30483245849609375
0.30482155084609985
0.3048213720321655
0.30484333634376526
0.304818719625473
0.3048173189163208
0.3048136830329895
0.3048129379749298
0.30482128262519836
0.30480822920799255
0.30480149388313293
0.30480194091796875
0.3048029839992523
0.3047998547554016
0.30479878187179565
0.3047997057437897
0.30480045080184937
0.30479905009269714
0.30479973554611206
0.30479905009269714
0.30479878187179565
0.3048006594181061
0.3047958314418793
0.30479273200035095
0.30479490756988525
0.3047993779182434
0.30479469895362854
0.30479180812835693
0.3047927916049957
0.30479082465171814
0.3047932982444763
0.3047895133495331
0.30479228496551514
0.3047868013381958
0.3047868609428406
0.30479198694229126
0.30478811264038086
0.30478614568710327
0.30478447675704956
0.3047882914543152
0.3047865629196167
0.30478644371032715
0.30478301644325256
0.30478283762931824
0.30478495359420776
0.3047819137573242
0.30479326844215393
0.3047952353954315
0.30478423833847046
0.30478566884994507
0.3047824501991272
0.30478137731552124
0.30477726459503174
0.3047776222229004
0.3047773241996765
0.30477797985076904
0.30477792024612427
0.3047749996185303
0.3047766089439392
0.30477356910705566
0.30477139353752136
0.30477461218833923
0.304773211479187
0.3047744929790497
0.30477210879325867
0.3047715723514557
0.30477115511894226
0.30476880073547363
0.3047664761543274
0.30477508902549744
0.3047681152820587
0.30476513504981995
0.30476564168930054
0.3047671318054199
0.3047706186771393
0.3047690689563751
0.3047655522823334
0.30476078391075134
0.304760605096817
0.30476272106170654
0.30476096272468567
0.304761677980423
0.30476149916648865
0.30475950241088867
0.3047584891319275
0.3047604560852051
0.3047601282596588
0.30475857853889465
0.30476096272468567
0.30475956201553345
0.3047563433647156
0.3047580122947693
0.3047567903995514
0.30476096272468567
0.3047533631324768
0.30475687980651855
0.30475184321403503
0.3047538101673126
0.3047546148300171
0.3047507405281067
0.30475008487701416
0.30474939942359924
0.3047511577606201
0.30474942922592163
0.3047492504119873
0.30474814772605896
0.3047468662261963
0.30475056171417236
0.30474552512168884
0.30474868416786194
0.3047395944595337
0.304741233587265
0.3047383725643158
0.3047376871109009
0.3047409951686859
0.30473753809928894
0.3047381341457367
0.3047374188899994
0.3047395944595337
0.3047381341457367
0.30473819375038147
0.30473607778549194
0.30473557114601135
0.30473795533180237
0.30473583936691284
0.30473586916923523
0.3047352135181427
0.30473485589027405
0.3047345280647278
0.3047345280647278
0.3047334849834442
0.304734468460083
0.3047322630882263
0.3047327995300293
0.30473241209983826
0.30473223328590393
0.30473220348358154
0.30473312735557556
0.30473196506500244
0.30473262071609497
0.304730087518692
0.3047308921813965
0.304731547832489
0.3047303259372711
0.3047310411930084
0.3047305941581726
0.3047284185886383
0.30473020672798157
0.3047305941581726
0.3047306537628174
0.3047294318675995
0.3047272861003876
0.30472666025161743
0.3047274947166443
0.3047262132167816
0.30472683906555176
0.3047262728214264
0.30472904443740845
0.3047267198562622
0.30472618341445923
0.3047257661819458
0.3047238886356354
0.3047243654727936
0.30472683906555176
0.30472421646118164
0.30472415685653687
0.3047254979610443
0.3047220706939697
0.3047226667404175
0.3047242760658264
0.3047225773334503
0.3047221899032593
0.30472296476364136
0.3047215938568115
0.3047204613685608
0.30472198128700256
0.3047228753566742
0.30472004413604736
0.3047197461128235
0.3047206997871399
0.3047202229499817
0.3047192394733429
0.3047192394733429
0.3047199547290802
0.3047180771827698
0.3047180473804474
0.3047197461128235
0.30471861362457275
0.30472126603126526
0.3047177195549011
0.3047160804271698
0.30471596121788025
0.3047163486480713
0.30471545457839966
0.3047161102294922
0.304717481136322
0.3047173023223877
0.30471426248550415
0.30471301078796387
0.3047172725200653
0.3047136962413788
0.304714173078537
0.3047146499156952
0.3047126531600952
0.30471277236938477
0.3047122061252594
0.3047117292881012
0.30471163988113403
0.30471140146255493
0.3047121465206146
0.30470919609069824
0.3047104775905609
0.30470821261405945
0.30470767617225647
0.3047083616256714
0.3047083914279938
0.30470725893974304
0.30470767617225647
0.3047071099281311
0.30470752716064453
0.3047071099281311
0.3047082722187042
0.3047076165676117
0.30470630526542664
0.3047060966491699
0.30470725893974304
0.30470606684684753
0.3047064542770386
0.3047060966491699
0.3047060966491699
0.3047059178352356
0.30470556020736694
0.3047049939632416
0.30470532178878784
0.3047052323818207
0.30470478534698486
0.3047056496143341
0.3047056198120117
0.30470386147499084
0.3047057092189789
0.3047041594982147
0.30470430850982666
0.3047034442424774
0.30470356345176697
0.30470412969589233
0.30470284819602966
0.3047029972076416
0.30470314621925354
0.304703950881958
0.30470266938209534
0.3047026991844177
0.30470263957977295
0.304702490568161
0.30470266938209534
0.3047029972076416
0.3047034740447998
0.304703027009964
0.3047015368938446
0.3047027587890625
0.3047012984752655
0.3047019839286804
0.30470162630081177
0.30470114946365356
0.3047013580799103
0.30470117926597595
0.30470094084739685
0.30470019578933716
0.30470168590545654
0.3047000765800476
0.3047003149986267
0.30469948053359985
0.3046994209289551
0.3046998977661133
0.30469903349876404
0.3046994209289551
0.30469897389411926
0.30470162630081177
0.30470025539398193
0.30469876527786255
0.30469954013824463
0.30469810962677
0.3046983480453491
0.30469760298728943
0.30469855666160583
0.3046978712081909
0.3046978712081909
0.30469757318496704
0.30469852685928345
0.3046973645687103
0.3046974241733551
0.30469679832458496
0.304696649312973
0.30469679832458496
0.3046964108943939
0.30469730496406555
0.30469685792922974
0.30469685792922974
0.3046956956386566
0.3046955168247223
0.30469560623168945
0.30469635128974915
0.3046962320804596
0.304695188999176
0.30469512939453125
0.30469584465026855
0.30469486117362976
0.30469539761543274
0.3046947717666626
0.30469435453414917
0.3046940267086029
0.3046930432319641
0.304692804813385
0.304692804813385
0.30469274520874023
0.30469250679016113
0.3046925961971283
0.3046926259994507
0.30469241738319397
0.30469271540641785
0.3046923875808716
0.30469298362731934
0.3046925961971283
0.30469170212745667
0.30469223856925964
0.304691880941391
0.3046919107437134
0.3046921491622925
0.3046920597553253
0.30469173192977905
0.30469179153442383
0.3046913743019104
0.3046914041042328
0.30469149351119995
0.30469125509262085
0.3046913743019104
0.30469077825546265
0.3046909272670746
0.3046909272670746
0.30469104647636414
0.3046911060810089
0.30469194054603577
0.3046909272670746
0.3046915829181671
0.3046906590461731
0.30469030141830444
0.3046906292438507
0.30469033122062683
0.30469051003456116
0.30469024181365967
0.30469009280204773
0.30469080805778503
0.30469051003456116
0.30468982458114624
0.3046899735927582
0.3046904504299164
0.30468982458114624
0.3046897053718567
0.30468976497650146
0.30468934774398804
0.30468910932540894
0.30468955636024475
0.30468931794166565
0.30468958616256714
0.3046889007091522
0.3046894371509552
0.30468881130218506
0.30468928813934326
0.30468884110450745
0.304688960313797
0.30468907952308655
0.3046886920928955
0.3046887516975403
0.304688423871994
0.30468815565109253
0.30468812584877014
0.3046886622905731
0.3046882152557373
0.3046879470348358
0.30468809604644775
0.30468812584877014
0.3046884834766388
0.3046877682209015
0.3046874403953552
0.30468788743019104
0.3046884536743164
0.3046874403953552
0.30468758940696716
0.3046872317790985
0.3046872019767761
0.3046872615814209
0.3046872913837433
0.3046874701976776
0.3046870529651642
0.3046872317790985
0.3046870231628418
0.3046865463256836
0.3046879768371582
0.304686576128006
0.30468684434890747
0.30468684434890747
0.30468636751174927
0.30468687415122986
0.3046864867210388
0.30468639731407166
0.3046867847442627
0.3046868145465851
0.3046864867210388
0.3046862781047821
0.3046858608722687
0.3046860992908478
0.30468514561653137
0.3046852648258209
0.30468493700027466
0.3046853542327881
0.30468517541885376
0.30468493700027466
0.30468496680259705
0.3046848773956299
0.30468475818634033
0.30468475818634033
0.30468475818634033
0.30468472838401794
0.3046846389770508
0.3046848773956299
0.30468490719795227
0.3046846389770508
0.30468466877937317
0.3046846389770508
0.30468469858169556
0.30468448996543884
0.30468451976776123
0.30468472838401794
0.30468451976776123
0.30468425154685974
0.30468425154685974
0.3046843707561493
0.30468419194221497
0.30468422174453735
0.3046843111515045
0.3046841323375702
0.30468428134918213
0.304684042930603
0.30468398332595825
0.3046838641166687
0.30468401312828064
0.30468377470970154
0.3046841323375702
0.304684042930603
0.30468401312828064
0.3046838045120239
0.3046840727329254
0.30468374490737915
0.30468371510505676
0.30468374490737915
0.30468353629112244
0.30468353629112244
0.3046835958957672
0.3046841025352478
0.3046835958957672
0.30468350648880005
0.3046836256980896
0.3046834170818329
0.3046834170818329
0.30468329787254333
0.30468326807022095
0.30468329787254333
0.3046831786632538
0.30468326807022095
0.3046830892562866
0.3046831488609314
0.30468350648880005
0.3046831786632538
0.3046828508377075
0.30468302965164185
0.3046828508377075
0.3046831488609314
0.30468326807022095
0.3046838641166687
0.3046827018260956
0.30468282103538513
0.30468297004699707
0.3046828508377075
0.30468249320983887
0.30468258261680603
0.3046826124191284
0.30468258261680603
0.3046824634075165
0.3046824038028717
0.3046824634075165
0.30468225479125977
0.30468234419822693
0.3046826422214508
0.30468234419822693
0.3046821653842926
0.30468234419822693
0.3046824336051941
0.3046821057796478
0.3046821057796478
0.30468228459358215
0.3046818971633911
0.3046819865703583
0.3046819269657135
0.30468201637268066
0.3046819269657135
0.3046821653842926
0.3046819269657135
0.3046819567680359
0.3046819865703583
0.30468183755874634
0.30468177795410156
0.3046814501285553
0.30468136072158813
0.30468127131462097
0.3046814203262329
0.3046814799308777
0.30468127131462097
0.30468133091926575
0.30468127131462097
0.3046814203262329
0.3046812117099762
0.3046812117099762
0.3046811819076538
0.3046812117099762
0.30468130111694336
0.3046812117099762
0.30468112230300903
0.30468112230300903
0.30468112230300903
0.3046811819076538
0.30468109250068665
0.30468109250068665
0.30468112230300903
0.3046810030937195
0.30468112230300903
0.3046809136867523
0.30468103289604187
0.30468106269836426
0.30468106269836426
0.30468106269836426
0.3046809732913971
0.30468088388442993
0.30468106269836426
0.3046809732913971
0.3046809136867523
0.30468088388442993
0.30468082427978516
0.30468085408210754
0.30468082427978516
0.30468088388442993
0.30468088388442993
0.30468088388442993
0.30468082427978516
0.30468082427978516
0.30468082427978516
0.304680734872818
0.304680734872818
0.30468085408210754
0.304680734872818
0.3046806752681732
0.30468064546585083
0.3046806752681732
0.30468082427978516
0.30468061566352844
0.30468058586120605
0.30468058586120605
0.30468064546585083
0.30468061566352844
0.3046805262565613
0.30468064546585083
0.30468061566352844
0.30468061566352844
0.30468061566352844
0.3046804964542389
0.3046804964542389
0.3046805262565613
0.30468037724494934
0.3046805262565613
0.3046804368495941
0.3046805262565613
0.30468034744262695
0.30468037724494934
0.30468031764030457
0.30468058586120605
0.30468034744262695
0.3046801686286926
0.3046802878379822
0.3046806752681732
0.3046804964542389
0.30468034744262695
0.3046802878379822
0.3046802282333374
0.304680198431015
0.30468037724494934
0.3046801686286926
0.3046802878379822
0.3046802282333374
0.30468031764030457
0.304680198431015
0.30468010902404785
0.30468010902404785
0.304680198431015
0.3046801686286926
0.3046800494194031
0.30468007922172546
0.30468013882637024
0.3046801686286926
0.30468007922172546
0.30468010902404785
0.3046802282333374
0.304680198431015
0.3046800494194031
0.3046799600124359
0.304679811000824
0.30467990040779114
0.3046799898147583
0.30468013882637024
