0.632111132144928
0.516507089138031
0.4816063940525055
0.46064040064811707
0.4427494406700134
0.4317677617073059
0.4227161407470703
0.4160340130329132
0.4100629985332489
0.40593740344047546
0.40210622549057007
0.39919963479042053
0.39680957794189453
0.39399388432502747
0.3925466537475586
0.3904607594013214
0.38935017585754395
0.38737717270851135
0.3861256539821625
0.3846873342990875
0.3841921389102936
0.3834386467933655
0.3826993405818939
0.38195693492889404
0.3802780210971832
0.3796141743659973
0.3791102170944214
0.37824389338493347
0.3780950903892517
0.37743470072746277
0.3765656352043152
0.37601616978645325
0.3756903111934662
0.3753010034561157
0.3750465512275696
0.3749750256538391
0.37392571568489075
0.37315911054611206
0.372810423374176
0.3724273443222046
0.37157049775123596
0.37177345156669617
0.3712785243988037
0.37100040912628174
0.3708745241165161
0.3703474998474121
0.3719204366207123
0.3693798780441284
0.3693605065345764
0.36886104941368103
0.3684913218021393
0.3683929741382599
0.36873140931129456
0.36738115549087524
0.3675072193145752
0.3670981824398041
0.36652275919914246
0.3659029006958008
0.3657477796077728
0.36656150221824646
0.3652104139328003
0.36540687084198
0.36485251784324646
0.3646869361400604
0.36400800943374634
0.3639845848083496
0.36383509635925293
0.3633568584918976
0.36293336749076843
0.363041490316391
0.36253806948661804
0.36406752467155457
0.3631134331226349
0.3621900677680969
0.36311089992523193
0.3618103265762329
0.3618791997432709
0.36145874857902527
0.3611489236354828
0.36096638441085815
0.3607243001461029
0.36088794469833374
0.3605020046234131
0.36046090722084045
0.36020854115486145
0.359578400850296
0.3598867952823639
0.3611828684806824
0.3594719469547272
0.35956889390945435
0.3589595854282379
0.3587191104888916
0.3591431975364685
0.3591892719268799
0.35803475975990295
0.35842639207839966
0.35950395464897156
0.3587341606616974
0.35850590467453003
0.3582894504070282
0.3583905100822449
0.3574405312538147
0.35808655619621277
0.35749757289886475
0.35737234354019165
0.35721245408058167
0.3574218451976776
0.3581163287162781
0.3567986488342285
0.3576032221317291
0.35655784606933594
0.35704848170280457
0.3562743663787842
0.3563653826713562
0.3562818765640259
0.35640162229537964
0.3563869893550873
0.3567090332508087
0.3578886389732361
0.35633814334869385
0.35592448711395264
0.3553053140640259
0.35545623302459717
0.3554110825061798
0.35595592856407166
0.3550032079219818
0.35506123304367065
0.35551097989082336
0.35704341530799866
0.3554617762565613
0.3553438186645508
0.3541288375854492
0.35422971844673157
0.35475295782089233
0.3541110157966614
0.35392898321151733
0.35389238595962524
0.3543153703212738
0.3548643887042999
0.3541932702064514
0.35347074270248413
0.3530186712741852
0.3539389669895172
0.3533790409564972
0.353228360414505
0.35281696915626526
0.351921945810318
0.35185688734054565
0.3516601324081421
0.35162416100502014
0.3520156145095825
0.3516359329223633
0.353013277053833
0.35126742720603943
0.3512956202030182
0.35150980949401855
0.3514679968357086
0.35100144147872925
0.351184606552124
0.3512934744358063
0.3507881760597229
0.35077786445617676
0.35069140791893005
0.35088521242141724
0.3507547676563263
0.3502313792705536
0.35037103295326233
0.35052627325057983
0.35028883814811707
0.3499707281589508
0.35010209679603577
0.35006532073020935
0.35018566250801086
0.3499383330345154
0.3498113453388214
0.3497154712677002
0.3497598469257355
0.34988728165626526
0.3497481048107147
0.34983348846435547
0.34936273097991943
0.34954196214675903
0.3499813675880432
0.3500558137893677
0.3492332994937897
0.3493792414665222
0.34975624084472656
0.34957155585289
0.34944087266921997
0.34930336475372314
0.34925806522369385
0.3499262034893036
0.3491939604282379
0.3490009307861328
0.3489532172679901
0.3495197594165802
0.3494521975517273
0.3486980199813843
0.34870877861976624
0.34859588742256165
0.349101722240448
0.34876182675361633
0.34838688373565674
0.34865424036979675
0.3487149775028229
0.3485179543495178
0.34865322709083557
0.3486729562282562
0.3481445014476776
0.3482638895511627
0.34825536608695984
0.3481341302394867
0.34872835874557495
0.34776514768600464
0.34859761595726013
0.349290668964386
0.3480837345123291
0.3480725884437561
0.34798356890678406
0.347891241312027
0.34823116660118103
0.34821242094039917
0.34903064370155334
0.3479801118373871
0.3477156460285187
0.34760746359825134
0.3476431369781494
0.3472352623939514
0.34745052456855774
0.34725135564804077
0.34749287366867065
0.3475726246833801
0.3474532663822174
0.3478429615497589
0.3472161889076233
0.34769317507743835
0.3477664291858673
0.34729573130607605
0.3472956120967865
0.34698471426963806
0.34728431701660156
0.34697940945625305
0.34732964634895325
0.3472721576690674
0.3466701805591583
0.3468164801597595
0.34671542048454285
0.3461936414241791
0.34632059931755066
0.346796452999115
0.3461546301841736
0.3461929261684418
0.34611397981643677
0.34606656432151794
0.34632253646850586
0.34603285789489746
0.34631064534187317
0.3460434675216675
0.34608587622642517
0.34649741649627686
0.3460013270378113
0.3459866940975189
0.345813125371933
0.3460356593132019
0.3458433449268341
0.34619179368019104
0.34592893719673157
0.3460156321525574
0.3470427393913269
0.34614720940589905
0.34570035338401794
0.34565553069114685
0.34565287828445435
0.34574800729751587
0.34564894437789917
0.3457820415496826
0.3456600308418274
0.3454553782939911
0.3455999493598938
0.3454737961292267
0.3455597758293152
0.3454139232635498
0.3458091616630554
0.3453441858291626
0.3455665707588196
0.34540924429893494
0.3455757200717926
0.3453253507614136
0.345292329788208
0.3453925848007202
0.3453952372074127
0.345187246799469
0.3451213240623474
0.34531113505363464
0.345093309879303
0.3451693058013916
0.345077782869339
0.344947874546051
0.3450842797756195
0.3450525999069214
0.3451991379261017
0.3451779782772064
0.345454603433609
0.34504804015159607
0.3452966809272766
0.34505635499954224
0.34489789605140686
0.3449668288230896
0.34488388895988464
0.34489119052886963
0.34479236602783203
0.34506943821907043
0.34496772289276123
0.34477970004081726
0.3447771370410919
0.34513598680496216
0.34478819370269775
0.34465572237968445
0.344698429107666
0.3446359932422638
0.3445082902908325
0.3446792960166931
0.3447086215019226
0.3445501923561096
0.3448069989681244
0.3446469306945801
0.3447537124156952
0.34451594948768616
0.344497412443161
0.34441474080085754
0.34429931640625
0.34480634331703186
0.34455540776252747
0.34447312355041504
0.3446233868598938
0.3443833291530609
0.3443666696548462
0.3444629907608032
0.3442607820034027
0.34472987055778503
0.34418222308158875
0.3442419171333313
0.3442429304122925
0.34437882900238037
0.3441759943962097
0.3442152142524719
0.34387099742889404
0.3438796401023865
0.3438225984573364
0.3438290059566498
0.34383583068847656
0.3438960015773773
0.34413111209869385
0.3438856303691864
0.3437461256980896
0.3437790274620056
0.3438207805156708
0.34370875358581543
0.3437204360961914
0.343688040971756
0.3437255322933197
0.3437820076942444
0.3438458740711212
0.3438636362552643
0.3437063992023468
0.34362325072288513
0.3436245024204254
0.34363463521003723
0.34353163838386536
0.3435632884502411
0.34358158707618713
0.3437059223651886
0.3437955975532532
0.34356003999710083
0.3435874581336975
0.34362971782684326
0.34356799721717834
0.3435347378253937
0.3435354232788086
0.34345701336860657
0.34356388449668884
0.3436187207698822
0.343473881483078
0.34345880150794983
0.34344613552093506
0.34349602460861206
0.34347835183143616
0.3435419201850891
0.34365028142929077
0.3435295522212982
0.3433513045310974
0.3434540331363678
0.34337806701660156
0.34342944622039795
0.34335044026374817
0.34347254037857056
0.3434194028377533
0.3434317708015442
0.3434659540653229
0.34334856271743774
0.3434309959411621
0.3434712886810303
0.343311071395874
0.343522846698761
0.34339720010757446
0.34321218729019165
0.34329888224601746
0.3433879315853119
0.34318456053733826
0.3432163894176483
0.3431026041507721
0.34327417612075806
0.3432484269142151
0.3432238698005676
0.34320899844169617
0.3431524932384491
0.34323379397392273
0.34342023730278015
0.343200147151947
0.3431278169155121
0.3431304097175598
0.3431940972805023
0.3430548310279846
0.3431345224380493
0.34299761056900024
0.34303927421569824
0.3430260717868805
0.3430712819099426
0.3430596888065338
0.34308362007141113
0.34313103556632996
0.3431631922721863
0.34307587146759033
0.34298378229141235
0.3429451584815979
0.34297341108322144
0.3429412841796875
0.3429017663002014
0.34296590089797974
0.3429463505744934
0.3429395854473114
0.3429604172706604
0.34305325150489807
0.3428724408149719
0.3429374694824219
0.3428207039833069
0.34273144602775574
0.3427077829837799
0.3427746593952179
0.34270796179771423
0.3427121043205261
0.34266260266304016
0.3427077829837799
0.34265950322151184
0.3427107334136963
0.34266242384910583
0.3426370918750763
0.3426488935947418
0.3426567614078522
0.3426661193370819
0.34264007210731506
0.3427042067050934
0.342612624168396
0.34266623854637146
0.3426631689071655
0.3427678644657135
0.3426496088504791
0.3426256477832794
0.342595636844635
0.34263503551483154
0.34256115555763245
0.3426216244697571
0.3425542712211609
0.34264829754829407
0.34265458583831787
0.342583030462265
0.34265926480293274
0.34263575077056885
0.3425394892692566
0.34264612197875977
0.342499315738678
0.34253403544425964
0.3424874246120453
0.3424912989139557
0.34254908561706543
0.34269243478775024
0.3425750732421875
0.3425809442996979
0.34248629212379456
0.3425268232822418
0.3424822986125946
0.34259656071662903
0.34246495366096497
0.34248000383377075
0.3424222469329834
0.3424687385559082
0.3424426019191742
0.34248122572898865
0.3424265384674072
0.34252631664276123
0.34247446060180664
0.3424816131591797
0.3423769772052765
0.34241214394569397
0.34234902262687683
0.34242087602615356
0.342414528131485
0.34241020679473877
0.3424093425273895
0.34241414070129395
0.3423854410648346
0.34240609407424927
0.34233132004737854
0.34237632155418396
0.34232988953590393
0.3425064980983734
0.34226366877555847
0.34232133626937866
0.34243932366371155
0.3422861695289612
0.34230124950408936
0.34232544898986816
0.34227636456489563
0.3422817289829254
0.3422791063785553
0.34228625893592834
0.3422429859638214
0.34229767322540283
0.34227654337882996
0.3422299027442932
0.34221431612968445
0.34226277470588684
0.3422251045703888
0.342244416475296
0.3422219753265381
0.342289537191391
0.34221145510673523
0.3422098457813263
0.3422068953514099
0.34217238426208496
0.3422060012817383
0.34221306443214417
0.34219059348106384
0.3422459065914154
0.34226635098457336
0.34214532375335693
0.34213173389434814
0.3421141803264618
0.34207409620285034
0.34207168221473694
0.3420734405517578
0.34206849336624146
0.3420863151550293
0.3420534133911133
0.3420811593532562
0.3420661985874176
0.34205546975135803
0.3420630395412445
0.3420770764350891
0.3420417904853821
0.3420279324054718
0.3420935571193695
0.3420426845550537
0.3420458137989044
0.34202659130096436
0.3420708179473877
0.3420201539993286
0.3420338034629822
0.34203532338142395
0.3420366942882538
0.3420155346393585
0.342047780752182
0.3420272171497345
0.34203070402145386
0.34203046560287476
0.34203892946243286
0.34200307726860046
0.3420131206512451
0.3419770300388336
0.3419995605945587
0.3420077860355377
0.34199845790863037
0.3420148491859436
0.34200170636177063
0.3419889211654663
0.3420242369174957
0.3419742286205292
0.34199631214141846
0.341998428106308
0.3419894576072693
0.34197351336479187
0.3419477343559265
0.3419644832611084
0.3419784605503082
0.34196728467941284
0.34195971488952637
0.3419578969478607
0.34200164675712585
0.34194445610046387
0.34193214774131775
0.34191957116127014
0.34194496273994446
0.3419235944747925
0.3419613838195801
0.3419078290462494
0.341933935880661
0.3419232666492462
0.3419453799724579
0.3419473171234131
0.34194666147232056
0.34197989106178284
0.34189286828041077
0.34195321798324585
0.34188708662986755
0.3419065773487091
0.34192246198654175
0.3419102728366852
0.3418857455253601
0.3419019281864166
0.34191158413887024
0.34189555048942566
0.34189721941947937
0.34188392758369446
0.3418870270252228
0.3418850600719452
0.34184908866882324
0.3418554663658142
0.34190377593040466
0.34185582399368286
0.34186866879463196
0.3418952524662018
0.3418441414833069
0.34185975790023804
0.34183576703071594
0.34189358353614807
0.3418480455875397
0.34184348583221436
0.3418266177177429
0.34184786677360535
0.34185323119163513
0.34184932708740234
0.3419148623943329
0.3418411910533905
0.34185346961021423
0.34182414412498474
0.3418041467666626
0.34177687764167786
0.3417719900608063
0.3417903482913971
0.3417797386646271
0.34178414940834045
0.34178170561790466
0.3417561650276184
0.34179726243019104
0.3417799770832062
0.34176871180534363
0.34176138043403625
0.34176716208457947
0.34176743030548096
0.3417462706565857
0.34175246953964233
0.3417654037475586
0.3417443037033081
0.34175029397010803
0.34175220131874084
0.34174832701683044
0.34175559878349304
0.3417412042617798
0.34174129366874695
0.34174618124961853
0.3417350649833679
0.34173938632011414
0.34174826741218567
0.3417354226112366
0.3417278528213501
0.3417319357395172
0.34175020456314087
0.3417675793170929
0.3417370915412903
0.341738224029541
0.34172356128692627
0.34172821044921875
0.34174099564552307
0.3417191803455353
0.34172555804252625
0.34173235297203064
0.34172242879867554
0.3417190909385681
0.3417700231075287
0.34170418977737427
0.3417123258113861
0.34171319007873535
0.3417193293571472
0.3417283296585083
0.3417221009731293
0.34169939160346985
0.3417142629623413
0.34170636534690857
0.34173691272735596
0.34168535470962524
0.3416946828365326
0.3417060375213623
0.34169498085975647
0.34169885516166687
0.34170547127723694
0.3416920304298401
0.3416995406150818
0.34169483184814453
0.3416789174079895
0.34170591831207275
0.3416897654533386
0.3416823446750641
0.3416948914527893
0.34167879819869995
0.34167197346687317
0.34168511629104614
0.34167158603668213
0.34171298146247864
0.34168633818626404
0.3416720926761627
0.3416725993156433
0.3416760563850403
0.3416649103164673
0.3416843116283417
0.34166964888572693
0.34166818857192993
0.34166282415390015
0.34165966510772705
0.34165874123573303
0.34166184067726135
0.34166020154953003
0.34165075421333313
0.3416615128517151
0.3416631519794464
0.3416728079319
0.3416574001312256
0.3416508436203003
0.3416635990142822
0.34164196252822876
0.3416537642478943
0.3416473865509033
0.34164416790008545
0.3416456878185272
0.3416382074356079
0.3416360318660736
0.3416348993778229
0.34161752462387085
0.34161901473999023
0.34162038564682007
0.3416241705417633
0.3416176438331604
0.34162086248397827
0.3416137099266052
0.34162503480911255
0.34161195158958435
0.341617614030838
0.3416145443916321
0.3416118621826172
0.341617226600647
0.34161511063575745
0.34160739183425903
0.34161311388015747
0.3416082561016083
0.3416202664375305
0.3416096270084381
0.3416087329387665
0.3416067659854889
0.34161293506622314
0.341605544090271
0.3416022062301636
0.34160682559013367
0.3416014015674591
0.34160101413726807
0.34160226583480835
0.3416033983230591
0.341607004404068
0.3416083753108978
0.34160372614860535
0.3416033387184143
0.34159862995147705
0.3415946364402771
0.3415985405445099
0.3416048288345337
0.34159502387046814
0.3415963351726532
0.3415999412536621
0.34160158038139343
0.34159576892852783
0.3415927290916443
0.3415893614292145
0.3415849506855011
0.3415881395339966
0.3415950834751129
0.34159815311431885
0.34159448742866516
0.3415842354297638
0.34158480167388916
0.34159448742866516
0.34158748388290405
0.3415878415107727
0.3415874242782593
0.3415813446044922
0.34158629179000854
0.341583788394928
0.341580331325531
0.34160885214805603
0.3415842652320862
0.3415805697441101
0.341584712266922
0.3415808081626892
0.34158769249916077
0.3416038453578949
0.34159305691719055
0.3415760397911072
0.3415737748146057
0.34157314896583557
0.34158745408058167
0.3415822982788086
0.34157827496528625
0.34157484769821167
0.3415706157684326
0.34157484769821167
0.3415719270706177
0.3415960371494293
0.3415771424770355
0.3415769338607788
0.3415699601173401
0.34157583117485046
0.34156346321105957
0.3415667712688446
0.34156718850135803
0.34157148003578186
0.34156426787376404
0.3415665626525879
0.3415580093860626
0.3415587544441223
0.34156906604766846
0.34157291054725647
0.341561496257782
0.34156176447868347
0.34156376123428345
0.3415639400482178
0.3415605127811432
0.3415600061416626
0.34155499935150146
0.3415531516075134
0.34154781699180603
0.34154728055000305
0.3415437936782837
0.3415471613407135
0.3415520489215851
0.3415423035621643
0.3415440618991852
0.3415415287017822
0.34154218435287476
0.34154102206230164
0.34154361486434937
0.3415454030036926
0.34154242277145386
0.3415413796901703
0.3415416181087494
0.34154123067855835
0.34154045581817627
0.34153982996940613
0.3415394425392151
0.34153643250465393
0.34154602885246277
0.34153807163238525
0.34153643250465393
0.34154173731803894
0.3415362238883972
0.34154003858566284
0.34153813123703003
0.34153929352760315
0.3415357172489166
0.3415350317955017
0.34153807163238525
0.34153640270233154
0.34153425693511963
0.3415367901325226
0.34153392910957336
0.3415343761444092
0.34153082966804504
0.3415345847606659
0.3415311574935913
0.34153619408607483
0.3415316343307495
0.3415302336215973
0.34154197573661804
0.34153029322624207
0.3415340185165405
0.3415299952030182
0.3415287435054779
0.34153997898101807
0.3415296673774719
0.3415284752845764
0.3415290117263794
0.3415318727493286
0.34152817726135254
0.3415301442146301
0.34152692556381226
0.3415302336215973
0.34152600169181824
0.3415331542491913
0.34152930974960327
0.34152716398239136
0.3415277898311615
0.34152504801750183
0.3415248394012451
0.3415258228778839
0.34152650833129883
0.3415268659591675
0.34152454137802124
0.34152260422706604
0.34152892231941223
0.3415284752845764
0.3415255844593048
0.34152668714523315
0.34152472019195557
0.3415232300758362
0.3415204584598541
0.3415200114250183
0.3415201008319855
0.34151986241340637
0.34152600169181824
0.3415212631225586
0.34151896834373474
0.34152188897132874
0.3415186107158661
0.34152254462242126
0.3415221869945526
0.34153008460998535
0.34152641892433167
0.34152159094810486
0.3415188193321228
0.34151607751846313
0.3415205478668213
0.3415151536464691
0.34151580929756165
0.34151551127433777
0.3415159285068512
0.3415190875530243
0.3415147066116333
0.34152424335479736
0.34151241183280945
0.3415141999721527
0.34151118993759155
0.341508150100708
0.341507226228714
0.34151026606559753
0.341508150100708
0.34150856733322144
0.34151145815849304
0.3415057361125946
0.34150761365890503
0.34150728583335876
0.34150639176368713
0.34150582551956177
0.3415069878101349
0.3415082097053528
0.3415074944496155
0.34150877594947815
0.34150397777557373
0.34150394797325134
0.3415049612522125
0.34150421619415283
0.3415050506591797
0.3415050208568573
0.34150347113609314
0.3415049612522125
0.34150373935699463
0.3415038287639618
0.34150606393814087
0.3415050506591797
0.3415052890777588
0.3415059447288513
0.34150272607803345
0.34150299429893494
0.3415081202983856
0.3415021300315857
0.34150275588035583
0.341502845287323
0.34150430560112
0.3415054678916931
0.3415012061595917
0.34150174260139465
0.3415010869503021
0.3415008783340454
0.3415021002292633
0.34150201082229614
0.3415013253688812
0.341499924659729
0.3415023684501648
0.3415011763572693
0.341501384973526
0.3415015935897827
0.3414992690086365
0.3414994478225708
0.34149956703186035
0.34150052070617676
0.3414982259273529
0.34149906039237976
0.3414992392063141
0.34149783849716187
0.3415006101131439
0.341500848531723
0.3414992392063141
0.3414977788925171
0.3415008783340454
0.3414991497993469
0.3414989113807678
0.3414994776248932
0.34149691462516785
0.34149667620658875
0.3414967656135559
0.3414974808692932
0.34149670600891113
0.3414955735206604
0.3414960503578186
0.34149715304374695
0.34149548411369324
0.3414957523345947
0.34149816632270813
0.34149643778800964
0.3414962887763977
0.34149545431137085
0.34149548411369324
0.341497540473938
0.3414965271949768
0.3414960205554962
0.3414958417415619
0.34149301052093506
0.34149426221847534
0.34149685502052307
0.3414953052997589
0.3414950668811798
0.34149259328842163
0.34149420261383057
0.3414921760559082
0.34149232506752014
0.34149330854415894
0.341492235660553
0.3414943218231201
0.3414936065673828
0.34149354696273804
0.3414924144744873
0.34148964285850525
0.3414895832538605
0.3414914608001709
0.34149035811424255
0.34148964285850525
0.34149014949798584
0.341489315032959
0.3414889872074127
0.34148940443992615
0.3414895534515381
0.34148913621902466
0.34148895740509033
0.34148871898651123
0.3414883315563202
0.341488778591156
0.3414890766143799
0.34148868918418884
0.3414883017539978
0.3414883315563202
0.3414894938468933
0.3414880335330963
0.34148842096328735
0.34148892760276794
0.34148797392845154
0.3414875268936157
0.34148865938186646
0.3414877653121948
0.34148794412612915
0.34148693084716797
0.3414873480796814
0.3414870500564575
0.3414868712425232
0.34148740768432617
0.3414875566959381
0.34148773550987244
0.34148678183555603
0.34148722887039185
0.3414876461029053
0.3414869010448456
0.34148621559143066
0.3414872884750366
0.3414866328239441
0.34148648381233215
0.34148621559143066
0.34148603677749634
0.341486394405365
0.34148553013801575
0.341485857963562
0.3414854109287262
0.3414878249168396
0.3414863348007202
0.34148579835891724
0.3414856195449829
0.341485857963562
0.3414851725101471
0.3414853811264038
0.3414847254753113
0.34148475527763367
0.34148526191711426
0.34148770570755005
0.3414871394634247
0.34148550033569336
0.34148478507995605
0.34148430824279785
0.34148499369621277
0.34148478507995605
0.34148451685905457
0.34148454666137695
0.3414837718009949
0.34148380160331726
0.34148427844047546
0.3414852023124695
0.34148359298706055
0.34148356318473816
0.3414841294288635
0.3414837718009949
0.3414841592311859
0.34148433804512024
0.3414846360683441
0.34148505330085754
0.34148284792900085
0.34148314595222473
0.34148257970809937
0.34148311614990234
0.34148240089416504
0.34148386120796204
0.34148234128952026
0.3414832055568695
0.34148240089416504
0.34148314595222473
0.34148189425468445
0.3414822518825531
0.34148234128952026
0.3414819836616516
0.34148234128952026
0.34148356318473816
0.3414822816848755
0.34148257970809937
0.34148141741752625
0.3414841890335083
0.3414813280105591
0.3414805829524994
0.34148064255714417
0.34148070216178894
0.34148114919662476
0.34148088097572327
0.34148141741752625
0.34147992730140686
0.3414805829524994
0.3414801359176636
0.3414803147315979
0.341480553150177
0.3414804935455322
0.34147965908050537
0.3414797782897949
0.3414804935455322
0.34148073196411133
0.3414797782897949
0.34147998690605164
0.34147968888282776
0.34148019552230835
0.3414790630340576
0.34147992730140686
0.3414800465106964
0.34147945046424866
0.34147948026657104
0.3414798080921173
0.3414793312549591
0.34147951006889343
0.3414791226387024
0.341479629278183
0.34147921204566956
0.34147927165031433
0.34147903323173523
0.34147942066192627
0.34147909283638
0.3414793312549591
0.3414790630340576
0.34147879481315613
0.34147971868515015
0.3414790630340576
0.34147900342941284
0.34147897362709045
0.3414785861968994
0.3414793610572815
0.34147876501083374
0.3414790630340576
0.34147921204566956
0.34147849678993225
0.3414786458015442
0.3414783477783203
0.3414788246154785
0.341478556394577
0.3414781391620636
0.34147849678993225
0.3414788842201233
0.3414783477783203
0.3414781093597412
0.341478556394577
0.34147876501083374
0.34147828817367554
0.3414776623249054
0.3414779305458069
0.3414784073829651
0.3414778411388397
0.3414781093597412
0.34147801995277405
0.341478168964386
0.3414779007434845
0.34147772192955017
0.34147757291793823
0.3414779603481293
0.3414776921272278
0.3414781093597412
0.34147724509239197
0.341477632522583
0.341478168964386
0.3414773643016815
0.341477632522583
0.34147870540618896
0.3414773643016815
0.3414774537086487
0.3414771556854248
0.34147727489471436
0.3414771556854248
0.34147727489471436
0.34147733449935913
0.34147703647613525
0.3414771854877472
0.34147724509239197
0.3414768874645233
0.3414772152900696
0.3414769470691681
0.3414778709411621
0.3414776027202606
0.34147709608078003
0.34147658944129944
0.34147682785987854
0.34147652983665466
0.34147676825523376
0.3414760231971741
0.3414762318134308
0.3414757251739502
0.3414760231971741
0.3414757251739502
0.34147605299949646
0.3414757251739502
0.34147581458091736
0.34147581458091736
0.34147560596466064
0.3414757549762726
0.34147563576698303
0.3414756655693054
0.3414757251739502
0.34147581458091736
0.3414757549762726
0.3414754271507263
0.34147557616233826
0.3414755165576935
0.3414756655693054
0.3414754271507263
0.34147533774375916
0.34147557616233826
0.3414757549762726
0.34147560596466064
0.3414754271507263
0.34147536754608154
0.34147560596466064
0.341475248336792
0.3414755165576935
0.3414755165576935
0.34147533774375916
0.34147539734840393
0.34147533774375916
0.3414751887321472
0.34147557616233826
0.341475248336792
0.34147539734840393
0.3414751887321472
0.34147536754608154
0.34147533774375916
0.3414754271507263
0.34147533774375916
0.34147554636001587
0.3414755165576935
0.341475248336792
0.34147506952285767
0.34147530794143677
0.3414751887321472
0.34147506952285767
0.3414750397205353
0.34147506952285767
0.34147509932518005
0.34147509932518005
0.3414749503135681
0.341475248336792
0.34147489070892334
0.3414748013019562
0.3414748013019562
0.3414748013019562
0.34147483110427856
0.3414748013019562
0.34147483110427856
0.34147489070892334
0.34147512912750244
0.34147462248802185
0.34147465229034424
0.3414746820926666
0.34147462248802185
0.3414749205112457
0.3414748013019562
0.34147459268569946
0.3414744436740875
0.34147462248802185
0.34147462248802185
0.34147459268569946
0.3414744436740875
0.34147435426712036
0.3414744436740875
0.3414745032787323
0.341474711894989
0.34147441387176514
0.34147441387176514
0.3414744734764099
0.34147441387176514
0.3414745628833771
0.3414744734764099
0.34147465229034424
0.34147435426712036
0.34147438406944275
0.3414742350578308
0.34147435426712036
0.3414742648601532
0.34147411584854126
0.34147417545318604
0.34147414565086365
0.3414744436740875
0.3414742052555084
0.3414742648601532
0.34147435426712036
0.3414737582206726
0.34147369861602783
0.3414737284183502
0.3414737284183502
0.3414737582206726
0.3414737582206726
0.34147369861602783
0.34147369861602783
0.3414737284183502
0.34147366881370544
0.3414737284183502
0.34147363901138306
0.34147363901138306
0.34147369861602783
0.3414737284183502
0.34147369861602783
0.3414738178253174
0.3414735496044159
0.34147363901138306
0.3414737284183502
0.3414737284183502
0.3414735198020935
0.34147363901138306
0.3414735794067383
0.341473788022995
0.34147363901138306
0.3414735794067383
0.3414735198020935
0.34147346019744873
0.3414734899997711
0.34147369861602783
0.3414735496044159
0.3414735198020935
0.3414735198020935
0.34147363901138306
0.3414735794067383
0.34147346019744873
0.3414735794067383
0.3414734899997711
0.3414734899997711
0.3414734899997711
0.3414735198020935
0.3414733409881592
0.34147337079048157
0.34147346019744873
0.34147346019744873
0.34147346019744873
0.34147363901138306
0.3414733409881592
0.34147343039512634
0.3414735496044159
0.3414733409881592
0.34147337079048157
0.34147346019744873
0.3414734899997711
0.3414734899997711
0.341473251581192
0.3414734899997711
0.3414732813835144
0.34147343039512634
0.3414733111858368
0.3414732813835144
0.341473251581192
0.3414733409881592
0.3414732813835144
0.3414733111858368
0.3414733111858368
0.3414732813835144
0.3414732813835144
0.3414733409881592
0.3414733111858368
0.34147319197654724
0.3414733409881592
0.34147319197654724
0.3414733409881592
0.3414733111858368
0.341473251581192
0.34147343039512634
0.3414733111858368
0.34147313237190247
0.34147337079048157
0.3414733111858368
0.34147319197654724
0.34147343039512634
0.34147322177886963
0.3414731025695801
0.34147319197654724
0.341473251581192
0.34147322177886963
0.34147322177886963
0.341473251581192
0.34147313237190247
0.34147313237190247
0.3414730727672577
0.3414731025695801
0.3414731025695801
0.34147322177886963
0.34147313237190247
0.3414731025695801
0.34147319197654724
0.3414730727672577
0.3414729833602905
0.3414730429649353
0.3414729833602905
0.3414730131626129
0.3414730131626129
0.34147295355796814
0.3414729833602905
0.34147289395332336
0.34147319197654724
0.34147295355796814
0.3414730131626129
0.341472864151001
0.34147295355796814
0.3414730727672577
0.34147295355796814
0.3414729833602905
0.3414729833602905
0.34147295355796814
0.3414729833602905
0.34147289395332336
0.3414730727672577
0.34147295355796814
0.3414728343486786
0.3414729833602905
0.3414730727672577
0.3414731025695801
0.34147295355796814
0.34147289395332336
0.3414728343486786
0.3414728045463562
0.3414730429649353
0.341472864151001
0.3414729833602905
0.3414728045463562
0.34147289395332336
0.34147289395332336
0.341472864151001
0.341472864151001
0.3414729833602905
0.3414728343486786
0.341472864151001
0.3414728045463562
0.3414728343486786
0.34147295355796814
0.34147289395332336
0.3414728045463562
0.34147271513938904
0.3414727747440338
0.34147289395332336
0.3414728045463562
0.34147271513938904
0.3414728045463562
0.3414728045463562
0.34147289395332336
0.34147271513938904
0.3414727449417114
0.3414727747440338
0.3414728045463562
