0.5047042369842529
0.4455925226211548
0.4196694493293762
0.40703636407852173
0.4000628888607025
0.3957395553588867
0.39302071928977966
0.3900439739227295
0.38896313309669495
0.3887331783771515
0.3861413300037384
0.38493815064430237
0.38344401121139526
0.3828410804271698
0.38200175762176514
0.3811454772949219
0.3801688253879547
0.37973305583000183
0.3789146840572357
0.37776485085487366
0.3773176372051239
0.37771642208099365
0.3767664134502411
0.3767850399017334
0.3758833110332489
0.37396177649497986
0.3745168447494507
0.37336328625679016
0.37322449684143066
0.3726559579372406
0.37222257256507874
0.3709181547164917
0.3700794577598572
0.3696303367614746
0.37154340744018555
0.36860865354537964
0.36786335706710815
0.36720868945121765
0.3658285439014435
0.36556848883628845
0.36427024006843567
0.36331063508987427
0.3615773916244507
0.36085671186447144
0.3607274889945984
0.35975703597068787
0.35849177837371826
0.35822877287864685
0.3571009933948517
0.3562394976615906
0.355057954788208
0.353652685880661
0.35517868399620056
0.35361480712890625
0.3522457182407379
0.3514997959136963
0.3509836792945862
0.34929314255714417
0.3493618071079254
0.34907475113868713
0.34785377979278564
0.34771928191185
0.3453623354434967
0.34466713666915894
0.3443041443824768
0.3441725969314575
0.3425294756889343
0.34215131402015686
0.3418266475200653
0.340681791305542
0.3408055603504181
0.33837905526161194
0.33863988518714905
0.3381969630718231
0.3391454517841339
0.33540380001068115
0.33810076117515564
0.3374585509300232
0.33472466468811035
0.33420416712760925
0.33587029576301575
0.3313169479370117
0.3318246901035309
0.3305912911891937
0.32930076122283936
0.33156463503837585
0.32875117659568787
0.3282443583011627
0.32825934886932373
0.3259444534778595
0.3254217207431793
0.32483479380607605
0.32376009225845337
0.32325342297554016
0.32149776816368103
0.32065847516059875
0.32522568106651306
0.3230200707912445
0.31914111971855164
0.3181193470954895
0.3199109137058258
0.3182334303855896
0.3174189031124115
0.3165120482444763
0.31572267413139343
0.3171434700489044
0.31281647086143494
0.31607550382614136
0.3132307529449463
0.3107382655143738
0.31167519092559814
0.3111124038696289
0.30741751194000244
0.3090093433856964
0.30696776509284973
0.30631065368652344
0.30594006180763245
0.30570462346076965
0.303538978099823
0.3021757900714874
0.3071926534175873
0.3036014437675476
0.30605119466781616
0.3012807369232178
0.30049556493759155
0.2995363771915436
0.2975930869579315
0.2998172640800476
0.2974124848842621
0.297617107629776
0.29434406757354736
0.29462218284606934
0.2937208116054535
0.2925357520580292
0.29177263379096985
0.2914469540119171
0.29154127836227417
0.292924165725708
0.29022684693336487
0.28869542479515076
0.2892063558101654
0.28745052218437195
0.2877829670906067
0.2868970036506653
0.2883337736129761
0.2827821671962738
0.2812395691871643
0.2816113233566284
0.2816027104854584
0.2804184556007385
0.2797028124332428
0.27940869331359863
0.2810342013835907
0.280381441116333
0.28005334734916687
0.27894505858421326
0.27825307846069336
0.27929919958114624
0.27804452180862427
0.27882832288742065
0.27884212136268616
0.27767041325569153
0.27666738629341125
0.27795878052711487
0.2760320007801056
0.27648597955703735
0.2756173610687256
0.27606144547462463
0.2749699056148529
0.27433454990386963
0.27461835741996765
0.2746086120605469
0.27468568086624146
0.27570945024490356
0.2736476957798004
0.273775577545166
0.27352792024612427
0.27184736728668213
0.2710620164871216
0.2737417221069336
0.27373525500297546
0.2707558274269104
0.2736218273639679
0.2729722261428833
0.27064481377601624
0.2699013948440552
0.26979860663414
0.26987919211387634
0.26841384172439575
0.2686327397823334
0.2687520384788513
0.2672165632247925
0.2679154872894287
0.27063819766044617
0.26950016617774963
0.2668195068836212
0.26648372411727905
0.2655525207519531
0.2645028531551361
0.2670859396457672
0.26641106605529785
0.26503562927246094
0.2657616138458252
0.264215886592865
0.2648007571697235
0.26307374238967896
0.2636672854423523
0.26368674635887146
0.26334071159362793
0.26312586665153503
0.2624732553958893
0.261607825756073
0.2619609534740448
0.26194870471954346
0.2627722918987274
0.26092177629470825
0.2607823610305786
0.2610355615615845
0.2596372961997986
0.26044705510139465
0.2604483366012573
0.2594042420387268
0.26020073890686035
0.2596680819988251
0.2582285702228546
0.26072078943252563
0.25842416286468506
0.2580377161502838
0.2593967318534851
0.25590065121650696
0.2562026381492615
0.2555871307849884
0.25663498044013977
0.25628575682640076
0.2551063001155853
0.2550606429576874
0.2542479634284973
0.254560261964798
0.25437408685684204
0.25500956177711487
0.254290908575058
0.25352942943573
0.25265341997146606
0.2527790069580078
0.252577006816864
0.2507376968860626
0.25224801898002625
0.2510323226451874
0.24999812245368958
0.250027060508728
0.2486387938261032
0.24896980822086334
0.249118372797966
0.2483462244272232
0.2483491748571396
0.24814218282699585
0.2479219138622284
0.24829988181591034
0.248076930642128
0.24717754125595093
0.24756085872650146
0.2475641369819641
0.24737362563610077
0.2463749349117279
0.2472141534090042
0.24669580161571503
0.24639537930488586
0.24715714156627655
0.24744302034378052
0.24624907970428467
0.24666447937488556
0.24701178073883057
0.24634858965873718
0.2456420660018921
0.2455749660730362
0.24479340016841888
0.2458021342754364
0.24457499384880066
0.24474026262760162
0.2444315254688263
0.24598392844200134
0.24476273357868195
0.24436792731285095
0.2437029480934143
0.24394544959068298
0.24419210851192474
0.24367821216583252
0.2439143806695938
0.24347861111164093
0.24309498071670532
0.24300743639469147
0.24282445013523102
0.24252477288246155
0.2448476403951645
0.24314704537391663
0.24261125922203064
0.2422391176223755
0.24269931018352509
0.24209702014923096
0.24172057211399078
0.2414877712726593
0.24164654314517975
0.24188478291034698
0.24189844727516174
0.24360550940036774
0.2416488528251648
0.24080653488636017
0.24130010604858398
0.24049118161201477
0.2401389181613922
0.24019743502140045
0.24104736745357513
0.24066682159900665
0.24121984839439392
0.24063430726528168
0.23981833457946777
0.24111171066761017
0.23931103944778442
0.23951222002506256
0.23916001617908478
0.24044717848300934
0.2385733425617218
0.2387525737285614
0.2386382520198822
0.23807281255722046
0.23883402347564697
0.2382766455411911
0.23904477059841156
0.2384033203125
0.23758016526699066
0.23800362646579742
0.2382781207561493
0.23880963027477264
0.2390449494123459
0.2391902059316635
0.237198144197464
0.23867706954479218
0.23751585185527802
0.23825088143348694
0.23741388320922852
0.23668819665908813
0.2367444783449173
0.2371307611465454
0.2367936223745346
0.23621734976768494
0.2350083738565445
0.23477105796337128
0.23516784608364105
0.23504292964935303
0.23507006466388702
0.2348233163356781
0.23552373051643372
0.23532366752624512
0.23524852097034454
0.23468896746635437
0.23450110852718353
0.2344992756843567
0.23432165384292603
0.233992800116539
0.23376983404159546
0.23385906219482422
0.23394721746444702
0.23410505056381226
0.2340487837791443
0.23400062322616577
0.23402421176433563
0.2335965931415558
0.23389112949371338
0.23369796574115753
0.23356425762176514
0.23368479311466217
0.2338019609451294
0.23354893922805786
0.23391932249069214
0.2336397022008896
0.23355521261692047
0.2333093136548996
0.23359552025794983
0.23379240930080414
0.23309484124183655
0.23299309611320496
0.23292002081871033
0.2327095866203308
0.2332785278558731
0.23293788731098175
0.2329215556383133
0.2327742576599121
0.23264920711517334
0.23262286186218262
0.2323845773935318
0.23255491256713867
0.23271016776561737
0.23278024792671204
0.2323678582906723
0.2321929633617401
0.23206362128257751
0.23231089115142822
0.23196832835674286
0.23218350112438202
0.2318352311849594
0.2316846400499344
0.23171186447143555
0.23193874955177307
0.23158825933933258
0.2317684292793274
0.23189111053943634
0.23170728981494904
0.23153075575828552
0.23171360790729523
0.23165324330329895
0.23159097135066986
0.23160777986049652
0.23135656118392944
0.23092374205589294
0.23119297623634338
0.23123270273208618
0.2315186709165573
0.23108965158462524
0.2310907542705536
0.23096279799938202
0.23088030517101288
0.23055443167686462
0.23032279312610626
0.23053564131259918
0.2305155247449875
0.23038996756076813
0.23052337765693665
0.23055031895637512
0.2306886613368988
0.22991721332073212
0.22998234629631042
0.22982077300548553
0.22967518866062164
0.23018799722194672
0.2303047478199005
0.23040930926799774
0.23038820922374725
0.23003628849983215
0.2296302169561386
0.23026250302791595
0.22989314794540405
0.2300638109445572
0.22957289218902588
0.22960077226161957
0.22927461564540863
0.2285822629928589
0.2285660207271576
0.22849823534488678
0.22852793335914612
0.22837764024734497
0.2282676100730896
0.22827604413032532
0.22852356731891632
0.22831903398036957
0.22818055748939514
0.22816333174705505
0.22817541658878326
0.22805944085121155
0.2280225306749344
0.22816038131713867
0.22800105810165405
0.22802402079105377
0.22802986204624176
0.22826333343982697
0.22809578478336334
0.22779002785682678
0.22795449197292328
0.22802628576755524
0.22781264781951904
0.22776556015014648
0.22781045734882355
0.22761894762516022
0.22762121260166168
0.22775472700595856
0.22781047224998474
0.22747363150119781
0.22781182825565338
0.22761249542236328
0.22751066088676453
0.2276570349931717
0.22736866772174835
0.22752659022808075
0.22748245298862457
0.2274138331413269
0.2281489074230194
0.22753512859344482
0.2273291051387787
0.2271481603384018
0.22730298340320587
0.2275487780570984
0.22708801925182343
0.2270376831293106
0.22698986530303955
0.2271205335855484
0.22694216668605804
0.2269526720046997
0.22693777084350586
0.22691059112548828
0.22738905251026154
0.22689448297023773
0.22693243622779846
0.22704681754112244
0.22693581879138947
0.22679099440574646
0.2268446683883667
0.22672736644744873
0.22674840688705444
0.226796492934227
0.22659368813037872
0.2266494780778885
0.22665442526340485
0.2266356647014618
0.22673632204532623
0.22639285027980804
0.2267826944589615
0.22640341520309448
0.22633762657642365
0.22634318470954895
0.22623582184314728
0.22634994983673096
0.22628699243068695
0.2260974794626236
0.22625191509723663
0.2260696291923523
0.22616155445575714
0.22645226120948792
0.2260178029537201
0.22639679908752441
0.22616125643253326
0.22623664140701294
0.22640426456928253
0.22595179080963135
0.22594502568244934
0.22591336071491241
0.22588776051998138
0.22592531144618988
0.22586718201637268
0.22574202716350555
0.22580403089523315
0.226423978805542
0.22577644884586334
0.22574496269226074
0.22552832961082458
0.22568544745445251
0.22555069625377655
0.2252998948097229
0.22532297670841217
0.22523722052574158
0.2252236306667328
0.22524991631507874
0.22518150508403778
0.22512614727020264
0.2252063751220703
0.2251003384590149
0.22517485916614532
0.2251010686159134
0.2250809669494629
0.22520937025547028
0.224991574883461
0.22512243688106537
0.22511990368366241
0.22508837282657623
0.2250855565071106
0.22498849034309387
0.22494696080684662
0.22500480711460114
0.2250371128320694
0.2249046117067337
0.22490842640399933
0.22495730221271515
0.22495657205581665
0.22488948702812195
0.22494862973690033
0.22491221129894257
0.2249913215637207
0.2248183935880661
0.2248523235321045
0.22503797709941864
0.2247752547264099
0.22475136816501617
0.22469189763069153
0.22476772964000702
0.22480636835098267
0.22467492520809174
0.22475005686283112
0.22466719150543213
0.22476762533187866
0.2246379256248474
0.22469063103199005
0.2245912104845047
0.22466881573200226
0.2245781421661377
0.22458747029304504
0.22454051673412323
0.22460706532001495
0.2245635837316513
0.2245376706123352
0.22449557483196259
0.2244851142168045
0.22438940405845642
0.22456087172031403
0.22439450025558472
0.22456589341163635
0.22458608448505402
0.22446219623088837
0.22455155849456787
0.22434459626674652
0.22446683049201965
0.22433578968048096
0.2244349867105484
0.22433911263942719
0.2243637591600418
0.22426477074623108
0.2242516130208969
0.22423727810382843
0.2244047373533249
0.2244841605424881
0.22427575290203094
0.22420375049114227
0.22428083419799805
0.22417263686656952
0.22413849830627441
0.2241668850183487
0.2241045981645584
0.2240828275680542
0.224193274974823
0.22403694689273834
0.22409534454345703
0.22407905757427216
0.22409741580486298
0.2241779863834381
0.22413596510887146
0.22405357658863068
0.22396299242973328
0.2240944802761078
0.22386455535888672
0.22389039397239685
0.22392931580543518
0.22398878633975983
0.2238912582397461
0.22387395799160004
0.2238917052745819
0.2238614410161972
0.22401173412799835
0.2238820642232895
0.22368012368679047
0.2236812561750412
0.22367431223392487
0.22363634407520294
0.22368907928466797
0.22372238337993622
0.22370067238807678
0.22361405193805695
0.22362302243709564
0.22365036606788635
0.22369566559791565
0.2235841304063797
0.22357144951820374
0.22354599833488464
0.2236022800207138
0.22354324162006378
0.22354008257389069
0.22355474531650543
0.2235298901796341
0.22354133427143097
0.22348320484161377
0.2235065996646881
0.22352418303489685
0.22355835139751434
0.2234506607055664
0.22355085611343384
0.223447784781456
0.22353501617908478
0.22345790266990662
0.223414346575737
0.22346791625022888
0.22342030704021454
0.2234627604484558
0.22343112528324127
0.22340607643127441
0.22341759502887726
0.22337281703948975
0.2233687937259674
0.2233624905347824
0.22335411608219147
0.22334769368171692
0.2234169840812683
0.22335796058177948
0.22340147197246552
0.22334159910678864
0.2233474850654602
0.22338351607322693
0.22328892350196838
0.22332443296909332
0.2232779711484909
0.22330252826213837
0.22327923774719238
0.2232474833726883
0.22325816750526428
0.22328323125839233
0.22330427169799805
0.22325339913368225
0.22334793210029602
0.22331766784191132
0.2232368141412735
0.223208948969841
0.22317583858966827
0.22321577370166779
0.22317394614219666
0.22319339215755463
0.2232048064470291
0.22315792739391327
0.2231394201517105
0.22313062846660614
0.2231469601392746
0.22318847477436066
0.22316287457942963
0.22309976816177368
0.2232130914926529
0.22307945787906647
0.22330527007579803
0.22315137088298798
0.22311869263648987
0.22306863963603973
0.2230837047100067
0.22307544946670532
0.2230859398841858
0.22304964065551758
0.22308535873889923
0.22304034233093262
0.223074272274971
0.22301270067691803
0.22307512164115906
0.22305341064929962
0.22300437092781067
0.22297121584415436
0.22296221554279327
0.2229713648557663
0.22295260429382324
0.22298577427864075
0.22292928397655487
0.22306004166603088
0.2229527235031128
0.22291257977485657
0.2229223996400833
0.2228541076183319
0.22284972667694092
0.22288621962070465
0.22283311188220978
0.2228269875049591
0.22282126545906067
0.22283221781253815
0.22281813621520996
0.2228156328201294
0.22283168137073517
0.22281812131404877
0.22280944883823395
0.22286318242549896
0.22279642522335052
0.22283011674880981
0.22277191281318665
0.22283419966697693
0.22280067205429077
0.2227642834186554
0.22276583313941956
0.22279639542102814
0.222781702876091
0.22275447845458984
0.22275470197200775
0.22278781235218048
0.2227485030889511
0.22274884581565857
0.22274504601955414
0.22274595499038696
0.2227315753698349
0.22273999452590942
0.22272799909114838
0.22272302210330963
0.22276772558689117
0.22276940941810608
0.22273308038711548
0.22270989418029785
0.22272616624832153
0.22271206974983215
0.22268088161945343
0.2226889729499817
0.22269026935100555
0.22272354364395142
0.2227068394422531
0.22269439697265625
0.2226995974779129
0.2226645052433014
0.22266815602779388
0.22268792986869812
0.22268761694431305
0.22268378734588623
0.22264397144317627
0.2226485013961792
0.22265969216823578
0.22266565263271332
0.2226477414369583
0.22265075147151947
0.22266611456871033
0.2226465344429016
0.22263456881046295
0.22264888882637024
0.22261947393417358
0.22262419760227203
0.22262822091579437
0.2226114273071289
0.22260643541812897
0.2225993573665619
0.22260305285453796
0.22258983552455902
0.22258327901363373
0.22258126735687256
0.22258225083351135
0.22258895635604858
0.22260385751724243
0.2225673794746399
0.22256112098693848
0.22256503999233246
0.2225557118654251
0.22255651652812958
0.2225770652294159
0.22258193790912628
0.22256027162075043
0.22256122529506683
0.22255967557430267
0.22252224385738373
0.22255845367908478
0.22252187132835388
0.22250542044639587
0.2225596010684967
0.2225598245859146
0.22252126038074493
0.22251342236995697
0.2225206047296524
0.22254544496536255
0.22252480685710907
0.22249995172023773
0.22252486646175385
0.22250896692276
0.2225169986486435
0.2224849909543991
0.22243492305278778
0.2224586308002472
0.22243429720401764
0.22243398427963257
0.22243118286132812
0.22243504226207733
0.22244659066200256
0.22244325280189514
0.22242189943790436
0.22243453562259674
0.22241505980491638
0.22241748869419098
0.22241796553134918
0.2224193662405014
0.22241561114788055
0.2224072366952896
0.22241036593914032
0.2224145233631134
0.22240771353244781
0.22242090106010437
0.2224033623933792
0.22240981459617615
0.2224036157131195
0.222391277551651
0.22240449488162994
0.22239044308662415
0.22240565717220306
0.22239217162132263
0.2223992496728897
0.22238390147686005
0.22238759696483612
0.22238531708717346
0.22238101065158844
0.2223777025938034
0.22238357365131378
0.22237661480903625
0.22236646711826324
0.22237977385520935
0.22238919138908386
0.22236934304237366
0.22235475480556488
0.2223636507987976
0.22236107289791107
0.22236499190330505
0.22237133979797363
0.2223631888628006
0.2223532795906067
0.22235265374183655
0.22234532237052917
0.2223552167415619
0.22236774861812592
0.22235846519470215
0.22234883904457092
0.222358837723732
0.22234739363193512
0.22233781218528748
0.22234298288822174
0.22233405709266663
0.22232714295387268
0.2223280370235443
0.22233125567436218
0.2223413735628128
0.22232189774513245
0.22231629490852356
0.22232042253017426
0.2223532646894455
0.22231662273406982
0.22230954468250275
0.2223156839609146
0.22231970727443695
0.22231709957122803
0.22230228781700134
0.222310870885849
0.22230730950832367
0.22233331203460693
0.2222980111837387
0.22229768335819244
0.2222943902015686
0.2222851812839508
0.22229371964931488
0.22228269279003143
0.22229790687561035
0.222313791513443
0.2222922295331955
0.22228245437145233
0.22228504717350006
0.22227723896503448
0.2222839742898941
0.22226782143115997
0.22228068113327026
0.22228720784187317
0.22226884961128235
0.22226911783218384
0.22226780652999878
0.2222689986228943
0.22226962447166443
0.22226227819919586
0.2222643494606018
0.22225885093212128
0.2222544103860855
0.22223682701587677
0.22224043309688568
0.2222389131784439
0.2222314327955246
0.22223800420761108
0.22223185002803802
0.2222331166267395
0.22223398089408875
0.2222255915403366
0.22222797572612762
0.2222290337085724
0.22222371399402618
0.22222372889518738
0.22222557663917542
0.22222648561000824
0.22222766280174255
0.22222821414470673
0.22221887111663818
0.22222557663917542
0.22221702337265015
0.22221621870994568
0.22221967577934265
0.2222137749195099
0.2222137749195099
0.22221045196056366
0.22221073508262634
0.22221088409423828
0.22221152484416962
0.22220651805400848
0.22220760583877563
0.22221240401268005
0.22220483422279358
0.22220779955387115
0.22221678495407104
0.22221507132053375
0.22220072150230408
0.22220611572265625
0.2222004234790802
0.222197487950325
0.22219812870025635
0.22219625115394592
0.22220301628112793
0.22219668328762054
0.2221953421831131
0.2221950739622116
0.22219926118850708
0.22219054400920868
0.22219164669513702
0.22219230234622955
0.22219166159629822
0.22219045460224152
0.22218535840511322
0.2221880555152893
0.22219622135162354
0.22218240797519684
0.22218498587608337
0.2221871167421341
0.22218285501003265
0.22218464314937592
0.22218085825443268
0.22219331562519073
0.22218094766139984
0.22217656672000885
0.22217795252799988
0.22217729687690735
0.22217483818531036
0.22217683494091034
0.22217227518558502
0.22217139601707458
0.22217214107513428
0.22216804325580597
0.2221725881099701
0.22216834127902985
0.22217287123203278
0.22217155992984772
0.2221677005290985
0.22216449677944183
0.22216391563415527
0.2221621870994568
0.22216390073299408
0.2221633791923523
0.22217081487178802
0.22215798497200012
0.2221633940935135
0.22216051816940308
0.2221575379371643
0.22216516733169556
0.22215980291366577
0.22215554118156433
0.2221626490354538
0.22215233743190765
0.2221589833498001
0.22215038537979126
0.22214803099632263
0.22215306758880615
0.22214482724666595
0.2221514880657196
0.22214657068252563
0.22214658558368683
0.2221456617116928
0.22214184701442719
0.22213470935821533
0.222134068608284
0.22213460505008698
0.22213022410869598
0.2221328318119049
0.22213219106197357
0.22213627398014069
0.22212935984134674
0.22213169932365417
0.2221372276544571
0.22212792932987213
0.22212882339954376
0.22212916612625122
0.22212937474250793
0.22212906181812286
0.22212812304496765
0.22212573885917664
0.22213050723075867
0.22213254868984222
0.22212904691696167
0.22212399542331696
0.22212477028369904
0.22212320566177368
0.22212204337120056
0.22212427854537964
0.22212263941764832
0.2221209555864334
0.22212082147598267
0.22211921215057373
0.22212262451648712
0.22212035953998566
0.2221190184354782
0.22211846709251404
0.22211867570877075
0.22212301194667816
0.2221199870109558
0.22211922705173492
0.22211706638336182
0.22211791574954987
0.22211629152297974
0.22211647033691406
0.22211436927318573
0.22211416065692902
0.22211508452892303
0.2221142053604126
0.2221124768257141
0.2221217155456543
0.22211092710494995
0.2221122533082962
0.2221127152442932
0.222110778093338
0.2221093326807022
0.22210827469825745
0.22210776805877686
0.2221096158027649
0.22210770845413208
0.2221178561449051
0.22210794687271118
0.22210611402988434
0.22210723161697388
0.22210577130317688
0.2221042364835739
0.22210602462291718
0.2221049964427948
0.22210250794887543
0.22210676968097687
0.22210688889026642
0.22210073471069336
0.22210466861724854
0.22210370004177094
0.2221047431230545
0.2221022993326187
0.22209879755973816
0.222101628780365
0.2221001386642456
0.22210447490215302
0.22209866344928741
0.22210025787353516
0.22209762036800385
0.22209884226322174
0.22209925949573517
0.2220958024263382
0.2220955640077591
0.2220945805311203
0.22209519147872925
0.22209475934505463
0.2220926582813263
0.2220965474843979
0.22209566831588745
0.2220941036939621
0.22209160029888153
0.22209002077579498
0.22208985686302185
0.2220897376537323
0.22209379076957703
0.22209055721759796
0.22209103405475616
0.2220916897058487
0.2220873087644577
0.22208301723003387
0.22208479046821594
0.22208267450332642
0.22208374738693237
0.22208355367183685
0.22208398580551147
0.22208203375339508
0.2220824509859085
0.22208291292190552
0.22208444774150848
0.22208163142204285
0.2220807671546936
0.2220814973115921
0.22207897901535034
0.2220800518989563
0.22208191454410553
0.22207991778850555
0.22207845747470856
0.222080260515213
0.22207963466644287
0.22207950055599213
0.22207936644554138
0.22207869589328766
0.222079798579216
0.22207805514335632
0.22207848727703094
0.22207970917224884
0.22207792103290558
0.22207818925380707
0.2220761626958847
0.22207631170749664
0.22207610309123993
0.2220759391784668
0.2220759391784668
0.22207500040531158
0.22207605838775635
0.22207480669021606
0.2220756560564041
0.22207510471343994
0.2220740169286728
0.2220769077539444
0.22207759320735931
0.22207492589950562
0.22207333147525787
0.2220730483531952
0.22207297384738922
0.22207526862621307
0.22207264602184296
0.2220723181962967
0.22207114100456238
0.2220737338066101
0.22207333147525787
0.22207170724868774
0.22207225859165192
0.22207258641719818
0.22207240760326385
0.22207270562648773
0.22206981480121613
0.22207047045230865
0.22206959128379822
0.22206908464431763
0.22206948697566986
0.22206905484199524
0.22206927835941315
0.2220720797777176
0.22206835448741913
0.2220686823129654
0.22206777334213257
0.2220682054758072
0.2220686972141266
0.22206661105155945
0.22206881642341614
0.22206763923168182
0.22206945717334747
0.22206640243530273
0.22206605970859528
0.22206585109233856
0.22206877171993256
0.22206543385982513
0.22206570208072662
0.22206397354602814
0.22206608951091766
0.22206741571426392
0.22206592559814453
0.22206594049930573
0.22206313908100128
0.22206351161003113
0.22206497192382812
0.22206664085388184
0.22206179797649384
0.22206342220306396
0.2220638245344162
0.22206299006938934
0.22206294536590576
0.222062349319458
0.22206155955791473
0.2220618724822998
0.2220604121685028
0.2220604568719864
0.22206111252307892
0.22205917537212372
0.22205860912799835
0.22205835580825806
0.22205746173858643
0.22205740213394165
0.22205698490142822
0.2220579981803894
0.2220572978258133
0.22205738723278046
0.2220568209886551
0.22205683588981628
0.22205692529678345
0.22205647826194763
0.2220573127269745
0.2220563292503357
0.22205787897109985
0.22205600142478943
0.2220565229654312
0.22205568850040436
0.22205591201782227
0.22205646336078644
0.22205522656440735
0.22205546498298645
0.22205598652362823
0.2220551073551178
0.22205610573291779
0.2220550775527954
0.22205433249473572
0.22205471992492676
0.2220550924539566
0.2220543473958969
0.22205477952957153
0.22205521166324615
0.22205626964569092
0.22205451130867004
0.22205530107021332
0.22205398976802826
0.22205346822738647
0.22205449640750885
0.22205473482608795
0.22205325961112976
0.22205334901809692
0.22205360233783722
0.2220529019832611
0.22205358743667603
0.2220529019832611
0.2220529317855835
0.2220529466867447
0.22205273807048798
0.22205252945423126
0.2220524549484253
0.22205249965190887
0.22205346822738647
0.22205162048339844
0.22205224633216858
0.2220516949892044
0.22205187380313873
0.2220515012741089
0.22205135226249695
0.222051739692688
0.2220533937215805
0.22205112874507904
0.2220509946346283
0.22205087542533875
0.2220507711172104
0.22205191850662231
0.22205057740211487
0.22205036878585815
0.22205018997192383
0.22205062210559845
0.222049742937088
0.2220495492219925
0.22205008566379547
0.22205016016960144
0.22204989194869995
0.222049742937088
0.2220495492219925
0.22204960882663727
0.22204914689064026
0.22204920649528503
0.2220495343208313
0.2220492660999298
0.22204937040805817
0.2220488041639328
0.22204893827438354
0.22204872965812683
0.22204828262329102
0.22204862534999847
0.22204799950122833
0.22204750776290894
0.22204844653606415
0.22204765677452087
0.22204777598381042
0.22204716503620148
0.2220476269721985
0.22204788029193878
0.22204789519309998
0.22204725444316864
0.22204697132110596
0.2220468521118164
0.22204600274562836
0.22204601764678955
0.22204577922821045
0.22204551100730896
0.22204558551311493
0.22204533219337463
0.22204579412937164
0.22204501926898956
0.22204512357711792
0.22204531729221344
0.22204521298408508
0.2220456600189209
0.22204521298408508
0.22204555571079254
0.2220454066991806
0.22204510867595673
0.22204512357711792
0.2220449298620224
0.22204507887363434
0.2220449298620224
0.22204506397247314
0.22204501926898956
0.22204452753067017
0.22204455733299255
0.22204527258872986
0.22204464673995972
0.2220446765422821
0.22204522788524628
0.22204500436782837
0.22204449772834778
0.22204455733299255
0.22204460203647614
0.22204425930976868
0.22204427421092987
0.22204461693763733
0.22204460203647614
0.22204458713531494
0.22204412519931793
0.22204433381557465
0.22204400599002838
0.22204439342021942
0.22204424440860748
0.22204403579235077
0.22204452753067017
0.22204390168190002
0.22204358875751495
0.22204391658306122
0.22204335033893585
0.22204415500164032
0.22204340994358063
0.2220437228679657
0.2220436930656433
0.22204360365867615
0.222043976187706
0.22204361855983734
0.22204339504241943
0.2220444679260254
0.2220434546470642
0.22204343974590302
0.22204336524009705
0.2220439314842224
0.22204327583312988
0.22204293310642242
0.22204327583312988
0.22204332053661346
0.22204306721687317
0.22204288840293884
0.2220429927110672
0.22204287350177765
0.22204288840293884
0.22204267978668213
0.22204260528087616
0.22204267978668213
0.22204242646694183
0.2220424860715866
0.22204247117042542
0.22204254567623138
0.22204254567623138
0.22204244136810303
0.22204245626926422
0.22204264998435974
0.22204266488552094
0.22204214334487915
0.2220427393913269
0.22204230725765228
0.22204232215881348
0.22204217314720154
0.2220419943332672
0.22204187512397766
0.2220419943332672
0.22204217314720154
0.22204159200191498
0.22204144299030304
0.2220415323972702
0.22204196453094482
0.2220422923564911
0.2220417857170105
0.22204159200191498
0.22204162180423737
0.22204138338565826
0.2220410853624344
0.2220412641763687
0.2220413088798523
0.2220410704612732
0.22204118967056274
0.2220410704612732
0.22204117476940155
0.2220412790775299
0.2220410406589508
0.2220410704612732
0.22204096615314484
0.22204092144966125
0.22204115986824036
0.22204093635082245
0.2220410406589508
0.22204144299030304
0.22204090654850006
0.22204092144966125
0.22204072773456573
0.22204114496707916
0.22204113006591797
0.22204062342643738
0.22204071283340454
0.2220403552055359
0.22204068303108215
0.22204050421714783
0.2220410704612732
0.22204096615314484
0.22204092144966125
0.22204041481018066
0.2220402956008911
0.22204084694385529
0.2220401018857956
0.22204075753688812
0.22204025089740753
0.22204039990901947
0.22204038500785828
0.2220403403043747
0.22204025089740753
0.22204025089740753
0.22203987836837769
0.2220398187637329
0.22203998267650604
0.22203990817070007
0.22204017639160156
0.22204017639160156
0.2220401167869568
0.22203969955444336
0.2220398634672165
0.22204013168811798
0.22203975915908813
0.22203992307186127
0.22203972935676575
0.2220395803451538
0.22203946113586426
0.2220393568277359
