0.5058671236038208
0.4352499842643738
0.4007444977760315
0.38540759682655334
0.37961700558662415
0.3725670278072357
0.37421759963035583
0.3682132065296173
0.3654112219810486
0.3628767132759094
0.3561026453971863
0.35872456431388855
0.35408729314804077
0.3497069478034973
0.3479582965373993
0.34746053814888
0.3417266309261322
0.3426411747932434
0.34039485454559326
0.3355575501918793
0.33234140276908875
0.33347228169441223
0.3275984823703766
0.32952597737312317
0.321547269821167
0.3254031538963318
0.3182651698589325
0.3173988461494446
0.31342655420303345
0.31356289982795715
0.31121084094047546
0.30929261445999146
0.3072793781757355
0.30863404273986816
0.3015517592430115
0.3015046715736389
0.2983359396457672
0.29697734117507935
0.3013334274291992
0.29051464796066284
0.2930466830730438
0.2878958284854889
0.28216758370399475
0.2823532819747925
0.28389155864715576
0.2746676504611969
0.27257007360458374
0.27447956800460815
0.2719964385032654
0.2668478190898895
0.27537789940834045
0.2676944434642792
0.2664828598499298
0.26271355152130127
0.2741895616054535
0.2682667672634125
0.26949191093444824
0.255187064409256
0.254097044467926
0.25741860270500183
0.25148457288742065
0.2463894784450531
0.24120643734931946
0.24097470939159393
0.23676921427249908
0.2324485033750534
0.23838388919830322
0.24224349856376648
0.23055629432201385
0.23386356234550476
0.2327587604522705
0.23110222816467285
0.22874316573143005
0.2250739336013794
0.23577462136745453
0.23208118975162506
0.22346803545951843
0.21779626607894897
0.21047858893871307
0.20646698772907257
0.21774107217788696
0.20978105068206787
0.20389950275421143
0.21754226088523865
0.22924762964248657
0.20166046917438507
0.1999647319316864
0.19520168006420135
0.1993529349565506
0.19279184937477112
0.19042173027992249
0.1882454752922058
0.1865784078836441
0.18723902106285095
0.18123582005500793
0.18881720304489136
0.18722809851169586
0.1826658993959427
0.18545058369636536
0.1717519313097
0.17615801095962524
0.1692034900188446
0.17599305510520935
0.1748817265033722
0.1688346564769745
0.17045103013515472
0.16774587333202362
0.16144001483917236
0.155888170003891
0.14847539365291595
0.1546497941017151
0.15451008081436157
0.14664040505886078
0.14081089198589325
0.14366360008716583
0.14514754712581635
0.14327579736709595
0.14426809549331665
0.14292705059051514
0.13855454325675964
0.13642171025276184
0.1377037912607193
0.1386900097131729
0.13772346079349518
0.13433879613876343
0.13321129977703094
0.1340935081243515
0.1324038803577423
0.137875035405159
0.12981918454170227
0.13286256790161133
0.13099130988121033
0.12654736638069153
0.1276814341545105
0.12961061298847198
0.12716881930828094
0.12726765871047974
0.12671254575252533
0.1275024116039276
0.12669359147548676
0.12169446796178818
0.1221306324005127
0.12469632178544998
0.12416515499353409
0.12202595919370651
0.11720937490463257
0.11774735897779465
0.11940253525972366
0.11768560856580734
0.11873042583465576
0.11665448546409607
0.11534608900547028
0.11484513431787491
0.1147160530090332
0.11454926431179047
0.11238984018564224
0.11361055821180344
0.12190351635217667
0.11876288801431656
0.11767135560512543
0.11418501287698746
0.11287203431129456
0.10994642972946167
0.10868507623672485
0.11005084216594696
0.1111673042178154
0.1071910709142685
0.10538148134946823
0.10948105156421661
0.1114966869354248
0.1079181358218193
0.10449589043855667
0.10339750349521637
0.10285602509975433
0.10298166424036026
0.10383019596338272
0.102304607629776
0.10209770500659943
0.1020168587565422
0.09605025500059128
0.09775261580944061
0.09757661074399948
0.09655909240245819
0.10182685405015945
0.1007016971707344
0.0965447947382927
0.09626393765211105
0.09294529259204865
0.10392185300588608
0.09739731252193451
0.0979950875043869
0.09147429466247559
0.09378129988908768
0.09281093627214432
0.09271673858165741
0.09137465059757233
0.09180434048175812
0.08910974860191345
0.09196962416172028
0.08895476907491684
0.08959341049194336
0.08791763335466385
0.09102727472782135
0.09483575075864792
0.08519420027732849
0.0860605537891388
0.0841779112815857
0.09389854967594147
0.08509509265422821
0.0796118974685669
0.07929632067680359
0.0780765637755394
0.08185584843158722
0.08021839708089828
0.07828929275274277
0.07873103767633438
0.0771479681134224
0.0769372209906578
0.07657667994499207
0.07683363556861877
0.07789324969053268
0.07549780607223511
0.07573512196540833
0.07836905866861343
0.0780131071805954
0.0764693170785904
0.07516054809093475
0.07565407454967499
0.07805746793746948
0.07635118067264557
0.07517469674348831
0.07409659773111343
0.07551757991313934
0.07460752129554749
0.0745120644569397
0.0735865980386734
0.07372693717479706
0.0718238353729248
0.07449457794427872
0.07311512529850006
0.0780411958694458
0.0730927437543869
0.0732913538813591
0.07443313300609589
0.07185213267803192
0.07206658273935318
0.07160861045122147
0.07254642993211746
0.07116221636533737
0.07257767021656036
0.07144258916378021
0.07159213721752167
0.07055582106113434
0.07063700258731842
0.06958508491516113
0.07021833211183548
0.0695711076259613
0.06952544301748276
0.07194292545318604
0.06983497738838196
0.06946168839931488
0.06867635995149612
0.06991010159254074
0.07041455060243607
0.06998811662197113
0.06850620359182358
0.06783787161111832
0.06937378644943237
0.06801074743270874
0.0673501193523407
0.06604203581809998
0.0662887915968895
0.06802797317504883
0.06635844707489014
0.06655306369066238
0.06903189420700073
0.06599035114049911
0.06718147546052933
0.0706300213932991
0.06534461677074432
0.0670827180147171
0.06479667127132416
0.0640902891755104
0.06600122898817062
0.06449195742607117
0.0650356188416481
0.06520231813192368
0.06538166850805283
0.0649203360080719
0.06337149441242218
0.06349585950374603
0.06214761361479759
0.06346750259399414
0.06687787920236588
0.06295947730541229
0.0632733553647995
0.06160316988825798
0.06295248121023178
0.06152558699250221
0.06194489449262619
0.06134160980582237
0.06440312415361404
0.06150558218359947
0.061135031282901764
0.06102846562862396
0.06107477843761444
0.06505125015974045
0.0636453852057457
0.05977946147322655
0.06033499911427498
0.058274634182453156
0.05743980407714844
0.05649235099554062
0.05674828216433525
0.056542959064245224
0.056602273136377335
0.05593434348702431
0.05625155195593834
0.05725565925240517
0.05745949596166611
0.0567675419151783
0.05591501668095589
0.05602012202143669
0.05593625083565712
0.05575941130518913
0.05666448920965195
0.055642593652009964
0.05589452013373375
0.05622996389865875
0.05612225458025932
0.055049099028110504
0.05604124069213867
0.05485716089606285
0.05521920323371887
0.054701413959264755
0.05554547160863876
0.05419214069843292
0.05523145571351051
0.05594666302204132
0.055010635405778885
0.054038479924201965
0.05475660413503647
0.05505083501338959
0.05455362796783447
0.05369680002331734
0.05437749624252319
0.05419475585222244
0.0540657639503479
0.05522150173783302
0.05470831319689751
0.054462239146232605
0.052929434925317764
0.053092360496520996
0.053067803382873535
0.055075183510780334
0.055464066565036774
0.05337262898683548
0.05340684950351715
0.05417752265930176
0.053914107382297516
0.053768340498209
0.052637651562690735
0.05240302532911301
0.0524558499455452
0.053904905915260315
0.0534091517329216
0.052493855357170105
0.0526261143386364
0.0527883805334568
0.052232809364795685
0.05204283446073532
0.05253254622220993
0.052336979657411575
0.0523478165268898
0.051531244069337845
0.05176762118935585
0.051675062626600266
0.051833540201187134
0.051448892802000046
0.05177786946296692
0.05146002396941185
0.053012650460004807
0.05317825824022293
0.051661137491464615
0.05046607553958893
0.051266107708215714
0.051301293075084686
0.0513094961643219
0.0513068363070488
0.05057172477245331
0.050068579614162445
0.051491737365722656
0.05108856409788132
0.05123410001397133
0.049499474465847015
0.04972907900810242
0.04991636425256729
0.050001874566078186
0.04918208345770836
0.050345998257398605
0.04969949647784233
0.04955649375915527
0.04955409839749336
0.05055693909525871
0.04965892434120178
0.049649111926555634
0.05001069977879524
0.04911455884575844
0.04850360006093979
0.04766765981912613
0.04798658937215805
0.047349926084280014
0.04762979596853256
0.04741525277495384
0.04721271991729736
0.047490157186985016
0.0478878952562809
0.04725988954305649
0.047373779118061066
0.04735097661614418
0.047566529363393784
0.04764048010110855
0.047324202954769135
0.0470760241150856
0.04716423526406288
0.047225985676050186
0.04784771054983139
0.04736147075891495
0.04665978252887726
0.04704417660832405
0.04739832133054733
0.04673530533909798
0.04657125845551491
0.04658287763595581
0.04687242954969406
0.047339893877506256
0.0471632219851017
0.046413253992795944
0.04647986590862274
0.04725748673081398
0.04699988663196564
0.04669264703989029
0.04653477668762207
0.046829838305711746
0.04621398448944092
0.046655409038066864
0.04654860496520996
0.04675944149494171
0.046263594180345535
0.04593311995267868
0.04607732966542244
0.04608890414237976
0.04607162997126579
0.045707132667303085
0.046277113258838654
0.04590493440628052
0.04607833921909332
0.04580964148044586
0.04568803310394287
0.04579734429717064
0.04559386149048805
0.04602205753326416
0.045897260308265686
0.04543091729283333
0.045514412224292755
0.045702144503593445
0.045774053782224655
0.04600302875041962
0.04561096429824829
0.04578694328665733
0.04538239166140556
0.04502738639712334
0.04506693035364151
0.045606013387441635
0.04505300894379616
0.045272346585989
0.045326441526412964
0.04537785053253174
0.04531076177954674
0.045042164623737335
0.045071735978126526
0.04512963443994522
0.04497704654932022
0.04464026167988777
0.0451672300696373
0.04538632184267044
0.04468981549143791
0.044817592948675156
0.045014042407274246
0.04454651474952698
0.044773515313863754
0.04487703740596771
0.044792212545871735
0.045357756316661835
0.04450392350554466
0.04435291886329651
0.044167689979076385
0.044875483959913254
0.04487872123718262
0.0443144217133522
0.04373665899038315
0.044052086770534515
0.044113799929618835
0.04393993318080902
0.04400147125124931
0.04428847134113312
0.043974101543426514
0.04553833231329918
0.04366673156619072
0.04336290806531906
0.043343737721443176
0.043467387557029724
0.04335855692625046
0.04369416460394859
0.04310492053627968
0.04308975487947464
0.043001916259527206
0.04313463717699051
0.042973510921001434
0.04284552112221718
0.042925965040922165
0.04287581890821457
0.04291900619864464
0.04297731816768646
0.04327884688973427
0.04279525205492973
0.04295993596315384
0.043105047196149826
0.04274176433682442
0.042608845978975296
0.04296204447746277
0.042529813945293427
0.0428374782204628
0.04285379499197006
0.042831458151340485
0.04259875789284706
0.042668551206588745
0.04264271259307861
0.0425090454518795
0.04258888587355614
0.042503323405981064
0.042839810252189636
0.04269397631287575
0.04270674288272858
0.042579468339681625
0.04276808723807335
0.0431666225194931
0.042876437306404114
0.04241904243826866
0.0423399843275547
0.04228300228714943
0.042498424649238586
0.042353998869657516
0.04251944273710251
0.04236757382750511
0.04235910624265671
0.0423462837934494
0.0423995666205883
0.04266129806637764
0.04242996126413345
0.042127739638090134
0.042019911110401154
0.042122259736061096
0.04231984540820122
0.04214701056480408
0.042432449758052826
0.04200618341565132
0.042274944484233856
0.042181920260190964
0.04196393862366676
0.04187694191932678
0.041903939098119736
0.042073700577020645
0.0419640950858593
0.04208219796419144
0.04178905487060547
0.041847988963127136
0.041912198066711426
0.04176837205886841
0.04189302772283554
0.04187992587685585
0.04190126806497574
0.04189092293381691
0.0418018214404583
0.041934676468372345
0.04236406832933426
0.04169156402349472
0.041889775544404984
0.041800905019044876
0.04182066395878792
0.04168377071619034
0.04152844473719597
0.041669536381959915
0.04164237901568413
0.04161474108695984
0.04156450182199478
0.041583288460969925
0.04165704920887947
0.04149607941508293
0.04154953733086586
0.041687384247779846
0.041562777012586594
0.04154805839061737
0.041452210396528244
0.041439734399318695
0.04139011725783348
0.041214361786842346
0.041603781282901764
0.04103241488337517
0.04100215807557106
0.041079334914684296
0.04099562019109726
0.040883634239435196
0.040875740349292755
0.040932055562734604
0.04099581390619278
0.0409005768597126
0.040905244648456573
0.040924280881881714
0.040985167026519775
0.040912218391895294
0.040796443819999695
0.040899086743593216
0.04099004715681076
0.04084855690598488
0.040820732712745667
0.041019853204488754
0.04088867828249931
0.04081987589597702
0.040829408913850784
0.04084572568535805
0.04077376425266266
0.040810272097587585
0.04073384776711464
0.04071805253624916
0.04078323766589165
0.04078570380806923
0.04080108925700188
0.04069136455655098
0.04073437675833702
0.040687255561351776
0.04067656397819519
0.040679022669792175
0.04069513455033302
0.0407034307718277
0.04057558998465538
0.04064471274614334
0.04063327983021736
0.040600307285785675
0.04056905210018158
0.04066014662384987
0.040617555379867554
0.040599849075078964
0.040671736001968384
0.040573328733444214
0.04066275432705879
0.04060318320989609
0.04052749276161194
0.04040643572807312
0.0406259186565876
0.040557216852903366
0.04045408219099045
0.04044003412127495
0.04047347232699394
0.040437281131744385
0.04049389436841011
0.040442150086164474
0.04039734601974487
0.04040883854031563
0.04040805995464325
0.0406319722533226
0.04044104740023613
0.040390368551015854
0.040446411818265915
0.04043461009860039
0.04049048200249672
0.04039070010185242
0.040414631366729736
0.04025658220052719
0.04028933495283127
0.04039555415511131
0.040397759526968
0.040336236357688904
0.04035972058773041
0.04036146402359009
0.040332164615392685
0.04026332125067711
0.040377888828516006
0.04027511179447174
0.04035993292927742
0.04058563709259033
0.040232621133327484
0.0402536541223526
0.04027421027421951
0.040489647537469864
0.04032854363322258
0.040243953466415405
0.04033225402235985
0.04040423408150673
0.040168870240449905
0.04016634821891785
0.040244344621896744
0.040314748883247375
0.04031049832701683
0.04019610956311226
0.04016776382923126
0.040111951529979706
0.04012900963425636
0.040018126368522644
0.039988137781620026
0.039927445352077484
0.039876338094472885
0.03988741338253021
0.039888784289360046
0.03992822766304016
0.039888784289360046
0.0398256815969944
0.03987592086195946
0.03983709216117859
0.039850007742643356
0.03981562703847885
0.039914775639772415
0.039834022521972656
0.039855483919382095
0.03992193192243576
0.039882611483335495
0.0398138128221035
0.039815451949834824
0.039834048599004745
0.039820339530706406
0.039821557700634
0.03980166092514992
0.039818793535232544
0.03982548043131828
0.03983704745769501
0.03984575346112251
0.039788685739040375
0.03983811289072037
0.039802923798561096
0.03977410867810249
0.03982321918010712
0.0397319570183754
0.03987348824739456
0.039778463542461395
0.03977758437395096
0.03976842761039734
0.03984801843762398
0.03982578217983246
0.039761681109666824
0.03976244106888771
0.03973545879125595
0.039717234671115875
0.039815597236156464
0.039810117334127426
0.03985907882452011
0.03979654610157013
0.03973521292209625
0.03967917338013649
0.039753615856170654
0.03977099061012268
0.039714787155389786
0.03965442627668381
0.03967507183551788
0.03969908878207207
0.039723120629787445
0.03969123959541321
0.03966192156076431
0.03970826044678688
0.03962002322077751
0.03969492390751839
0.039610907435417175
0.0395982526242733
0.039649900048971176
0.03965901583433151
0.039666518568992615
0.03966466337442398
0.039693158119916916
0.03960767388343811
0.03963151574134827
0.03960062563419342
0.03967469930648804
0.039584629237651825
0.03963003680109978
0.03958619758486748
0.03963738679885864
0.039558012038469315
0.03957457095384598
0.039534345269203186
0.03963824734091759
0.03953170031309128
0.039552997797727585
0.03954039886593819
0.03953895345330238
0.03954801708459854
0.0395674854516983
0.03954964876174927
0.039581991732120514
0.03948535770177841
0.03949408233165741
0.03948367387056351
0.03953719139099121
0.03951206058263779
0.03948047384619713
0.0395767018198967
0.039524514228105545
0.03943706303834915
0.03944321721792221
0.03948213532567024
0.039386872202157974
0.03936998173594475
0.039382461458444595
0.039362430572509766
0.039381589740514755
0.03938636556267738
0.03936609625816345
0.039353832602500916
0.039406709372997284
0.039375245571136475
0.03936947137117386
0.0393667072057724
0.03939983248710632
0.039356932044029236
0.03937093913555145
0.03935914859175682
0.03938649967312813
0.03934749588370323
0.03937024995684624
0.03935439512133598
0.03938137739896774
0.0393589623272419
0.03935859724879265
0.03933729603886604
0.03933039307594299
0.03934471309185028
0.039334487169981
0.03932098299264908
0.0393153578042984
0.039335500448942184
0.03932134807109833
0.03933015465736389
0.03933347761631012
0.03931973874568939
0.03932787850499153
0.03933180123567581
0.039305806159973145
0.03930380940437317
0.039312466979026794
0.039335813373327255
0.03930992633104324
0.03930865228176117
0.03929304704070091
0.03931576758623123
0.03930791839957237
0.03929823637008667
0.03935040533542633
0.03929346427321434
0.039333276450634
0.03932398185133934
0.039279915392398834
0.03927942365407944
0.03928004577755928
0.039255302399396896
0.03927139192819595
0.03929543495178223
0.039279501885175705
0.0392630398273468
0.039291754364967346
0.03933277353644371
0.03928876295685768
0.03926043584942818
0.03932122513651848
0.03926083818078041
0.03924799710512161
0.039231643080711365
0.03925945609807968
0.03923952206969261
0.039253514260053635
0.039264388382434845
0.0392320491373539
0.03923095017671585
0.03926819562911987
0.03922957926988602
0.03923003375530243
0.03932059183716774
0.03920396789908409
0.039233457297086716
0.03923418000340462
0.03928660601377487
0.03922122344374657
0.03921502083539963
0.03920166194438934
0.039212245494127274
0.0392066165804863
0.039205968379974365
0.03918229788541794
0.039232466369867325
0.03921685367822647
0.03921758010983467
0.03918541222810745
0.03920472413301468
0.039193831384181976
0.03919984772801399
0.039181433618068695
0.039152130484580994
0.039190877228975296
0.0391615629196167
0.03917967900633812
0.03918790444731712
0.039133764803409576
0.03912787884473801
0.039122819900512695
0.03916701301932335
0.03912267088890076
0.03910988196730614
0.03910075128078461
0.039125844836235046
0.03912609815597534
0.039116792380809784
0.03911404684185982
0.039118580520153046
0.0391283817589283
0.0391324907541275
0.03910999745130539
0.039112649857997894
0.03911032900214195
0.03910858556628227
0.039099305868148804
0.039108581840991974
0.03909744694828987
0.03908922150731087
0.039106786251068115
0.03910687193274498
0.039106834679841995
0.039096295833587646
0.03909437358379364
0.039096664637327194
0.03909577429294586
0.039113257080316544
0.03908124193549156
0.03908640518784523
0.03909679502248764
0.039089564234018326
0.03908532112836838
0.039107032120227814
0.039075855165719986
0.0390855073928833
0.03909960389137268
0.0390951931476593
0.03906897455453873
0.03907974436879158
0.03907701000571251
0.039075542241334915
0.03907763212919235
0.03909033536911011
0.0390782505273819
0.03907009959220886
0.03908216580748558
0.03907068818807602
0.039064254611730576
0.039077844470739365
0.03906402736902237
0.03906450420618057
0.03908952325582504
0.03906036913394928
0.039071790874004364
0.03907041251659393
0.03910079225897789
0.039060138165950775
0.03906192630529404
0.03906411677598953
0.03906407207250595
0.039051033556461334
0.03906393423676491
0.039064835757017136
0.039057716727256775
0.03905683010816574
0.0390620194375515
0.03906082361936569
0.03904549032449722
0.0390496551990509
0.03905058652162552
0.039061956107616425
0.039056967943906784
0.03906070441007614
0.03905177861452103
0.03903452679514885
0.03902948275208473
0.039033208042383194
0.039034683257341385
0.03903690725564957
0.039042990654706955
0.039026062935590744
0.039076417684555054
0.039036352187395096
0.03905176371335983
0.03904004022479057
0.039043232798576355
0.03906647488474846
0.03903123736381531
0.03902142494916916
0.039028141647577286
0.03904018551111221
0.03902309387922287
0.039035145193338394
0.039013464003801346
0.03900981321930885
0.03902337700128555
0.039020296186208725
0.03898929804563522
0.03899044170975685
0.03898921236395836
0.03898969665169716
0.03898809850215912
0.038989219814538956
0.03898939490318298
0.038987357169389725
0.038992591202259064
0.038982145488262177
0.03898606821894646
0.038986317813396454
0.03900360316038132
0.038982223719358444
0.038979172706604004
0.0389837808907032
0.03897935524582863
0.03898466005921364
0.038983304053545
0.03898664191365242
0.038979899138212204
0.03898012265563011
0.03898118808865547
0.03897478058934212
0.03898155316710472
0.038979046046733856
0.03897877037525177
0.03898152336478233
0.03897325322031975
0.03897565230727196
0.03897593542933464
0.038978226482868195
0.03897672891616821
0.038970209658145905
0.038978055119514465
0.03897631913423538
0.03897331282496452
0.038972944021224976
0.038970351219177246
0.038972627371549606
0.038976557552814484
0.03897437825798988
0.038963694125413895
0.03896878659725189
0.0389675572514534
0.03896746039390564
0.03896266594529152
0.038960762321949005
0.038970064371824265
0.038963403552770615
0.03896341100335121
0.03896898776292801
0.03896276280283928
0.03896177187561989
0.038968123495578766
0.038963690400123596
0.038972388952970505
0.03895696625113487
0.038961537182331085
0.038954272866249084
0.038964953273534775
0.038954030722379684
0.03895433247089386
0.03896357864141464
0.038959234952926636
0.038966525346040726
0.038954854011535645
0.03896426036953926
0.03896015137434006
0.03894849866628647
0.03894924372434616
0.03895251452922821
0.03895241394639015
0.03895671293139458
0.03894959017634392
0.03896195441484451
0.0389467291533947
0.038953691720962524
0.038955483585596085
0.0389481782913208
0.03895203396677971
0.038957126438617706
0.038953978568315506
0.038942985236644745
0.03894249349832535
0.038941703736782074
0.038947418332099915
0.03893722966313362
0.03894338384270668
0.03893928974866867
0.03894184157252312
0.03894495964050293
0.038944583386182785
0.03894258290529251
0.03894159942865372
0.0389421246945858
0.038933251053094864
0.038939930498600006
0.03894886001944542
0.03893349692225456
0.03892548009753227
0.038924288004636765
0.038924578577280045
0.038924507796764374
0.0389266200363636
0.038924384862184525
0.03893548622727394
0.03892616927623749
0.03892366588115692
0.038922760635614395
0.03892658278346062
0.038928184658288956
0.03892029449343681
0.03891941159963608
0.038925398141145706
0.038921553641557693
0.03892294317483902
0.038916341960430145
0.03892290219664574
0.03891732916235924
0.038920845836400986
0.038921140134334564
0.038918036967515945
0.0389193631708622
0.03891859948635101
0.038922082632780075
0.03891671076416969
0.03891913220286369
0.0389164574444294
0.03891602158546448
0.038915202021598816
0.03891607001423836
0.03891740366816521
0.03891967236995697
0.03891976550221443
0.03891557455062866
0.03891867399215698
0.03891376405954361
0.03891589865088463
0.03891677036881447
0.03891386464238167
0.038916874676942825
0.03891202434897423
0.03891260176897049
0.03891469165682793
0.03891688212752342
0.03891703486442566
0.03891465812921524
0.03891206905245781
0.03891114890575409
0.038911446928977966
0.03890901058912277
0.03891278803348541
0.038909826427698135
0.03890858590602875
0.03891442343592644
0.03890588879585266
0.03890715166926384
0.03890922665596008
0.03891336917877197
0.038907527923583984
0.038908615708351135
0.03890816122293472
0.03891114890575409
0.03890916705131531
0.038905929774045944
0.03890865668654442
0.03891078010201454
0.03890924155712128
0.03891172260046005
0.038904935121536255
0.038904763758182526
0.03890957683324814
0.03890328109264374
0.038905467838048935
0.038908470422029495
0.03890691325068474
0.03890623524785042
0.0389031283557415
0.03890401870012283
0.03890271112322807
0.03890426829457283
0.03890219330787659
0.03890446946024895
0.0389004722237587
0.03890283778309822
0.03890600800514221
0.038904741406440735
0.038903750479221344
0.03890271112322807
0.03890078142285347
0.03889988735318184
0.03890083730220795
0.038901437073946
0.03889884427189827
0.03890003636479378
0.038901861757040024
0.03889552131295204
0.038899462670087814
0.03889677673578262
0.03889275714755058
0.03889170661568642
0.038892704993486404
0.038891810923814774
0.038892317563295364
0.03889255225658417
0.038892216980457306
0.038892701268196106
0.038890279829502106
0.03889292851090431
0.03888949006795883
0.038891248404979706
0.03888949006795883
0.03889095038175583
0.038889329880476
0.03889133036136627
0.03889175131917
0.03889043256640434
0.03888958692550659
0.03889156132936478
0.03888849914073944
0.038889747112989426
0.0388895608484745
0.038889314979314804
0.03888937458395958
0.03889027237892151
0.03888701647520065
0.03888779506087303
0.03888862952589989
0.038889143615961075
0.03888886049389839
0.038887862116098404
0.03888868913054466
0.03888707607984543
0.03888809680938721
0.03888726234436035
0.038886360824108124
0.03888737037777901
0.03888925909996033
0.038887348026037216
0.038888782262802124
0.03888772428035736
0.03888653218746185
0.03888658434152603
0.03888516500592232
0.03888809308409691
0.038887206465005875
0.038885634392499924
0.038886964321136475
0.038885124027729034
0.0388878658413887
0.0388866551220417
0.03888492286205292
0.03888529911637306
0.03888547793030739
0.038884665817022324
0.03888459876179695
0.03888449817895889
0.03888484835624695
0.03888373821973801
0.03888336941599846
0.038883816450834274
0.03888262063264847
0.038882505148649216
0.03888297453522682
0.038881514221429825
0.038884054869413376
0.03888225182890892
0.038882333785295486
0.038883060216903687
0.038882557302713394
0.0388837493956089
0.03888475522398949
0.038882266730070114
0.038882169872522354
0.03888225555419922
0.03888550400733948
0.038882385939359665
0.03888153284788132
0.038882117718458176
0.038883332163095474
0.03888352960348129
0.038882095366716385
0.038880396634340286
0.03888405114412308
0.038882169872522354
0.03888019546866417
0.03888387978076935
0.038880039006471634
0.038879163563251495
0.03888072445988655
0.03887876868247986
0.03887983039021492
0.03887941315770149
0.0388798862695694
0.038880810141563416
0.0388810932636261
0.03887862712144852
0.038880106061697006
0.038879912346601486
0.03887586295604706
0.03887544572353363
0.038876138627529144
0.038876261562108994
0.03887538984417915
0.03887501358985901
0.03887617215514183
0.03887546807527542
0.038875140249729156
0.038876723498106
0.038874827325344086
0.038874682039022446
0.03887593001127243
0.038873933255672455
0.038874782621860504
0.038875702768564224
0.03887438774108887
0.03887460380792618
0.03887520357966423
0.03887518122792244
0.03887490928173065
0.03887581825256348
0.03887411952018738
0.03887464106082916
0.03887445479631424
0.03887532278895378
0.03887395188212395
0.038874462246894836
0.03887344151735306
0.03887389600276947
0.03887416422367096
0.0388738177716732
0.03887367621064186
0.03887597471475601
0.03887343779206276
0.03887490555644035
0.03887374326586723
0.03887438401579857
0.03887364640831947
0.03887432441115379
0.03887316584587097
0.0388733372092247
0.03887331113219261
0.03887368366122246
0.038872912526130676
0.03887258842587471
0.03887462615966797
0.0388726070523262
0.038872621953487396
0.038872625678777695
0.03887256979942322
0.038872748613357544
0.03887234628200531
0.03887254744768143
0.038873400539159775
0.0388721227645874
0.03887268528342247
0.038874223828315735
0.03887198492884636
0.038872130215168
0.03887211158871651
0.03887167572975159
0.038871292024850845
0.038872379809617996
0.038871776312589645
0.03887135908007622
0.03887258842587471
0.03887203335762024
0.03887328505516052
0.038871657103300095
0.03887427598237991
0.03887122869491577
0.03887110576033592
0.03887219727039337
0.03887074813246727
0.03887062147259712
0.03887076675891876
0.038871195167303085
0.03887121379375458
0.03887101635336876
0.03887193650007248
0.03887138515710831
0.0388711541891098
0.038871653378009796
0.03887087106704712
0.03887084499001503
0.038871556520462036
0.0388723649084568
0.03887146711349487
0.03886997699737549
0.03887062519788742
0.03887098282575607
0.03887078911066055
0.03887082263827324
0.03887110948562622
0.03886958956718445
0.03886969015002251
0.038870617747306824
0.038870129734277725
0.038869306445121765
0.038869548588991165
0.03887069970369339
0.038868457078933716
0.03886900842189789
0.03886883705854416
0.038868676871061325
0.03886927291750908
0.038869209587574005
0.038869693875312805
0.038868241012096405
0.03886852040886879
0.03886859863996506
0.03886871039867401
0.038868676871061325
0.038868725299835205
0.03886929526925087
0.03886857256293297
0.03886900469660759
0.03886852413415909
0.03886799141764641
0.03886820003390312
0.038868751376867294
0.038868632167577744
0.03886843100190163
0.038867998868227005
0.03886818885803223
0.0388692244887352
0.0388677641749382
0.03886805474758148
0.03886876255273819
0.038869041949510574
0.03886803239583969
0.038868244737386703
0.03886755555868149
0.038867782801389694
0.03886816278100014
0.0388689823448658
0.038868021219968796
0.038867585361003876
0.03886769339442253
0.03886827081441879
0.03886818885803223
0.038867492228746414
0.03886701539158821
0.03886689245700836
0.038866836577653885
0.03886692225933075
0.03886688873171806
0.038867466151714325
0.03886711224913597
0.03886757045984268
0.03886684402823448
0.038867078721523285
0.03886701166629791
0.03886740654706955
0.03886750712990761
0.03886742517352104
0.03886627033352852
0.03886672481894493
0.03886808454990387
0.0388663150370121
0.038867052644491196
0.03886625915765762
0.03886701166629791
0.03886742517352104
0.03886788338422775
0.038866233080625534
0.03886625915765762
0.038866352289915085
0.038866035640239716
0.03886756673455238
0.03886646777391434
0.03886639326810837
0.0388660691678524
0.03886793553829193
0.03886684775352478
0.03886602818965912
0.03886633366346359
0.038866277784109116
0.03886628523468971
0.03886609524488449
0.038865841925144196
0.03886601701378822
0.03886580839753151
0.03886527940630913
0.03886567801237106
0.03886612877249718
0.038865722715854645
0.03886619210243225
0.038865771144628525
0.03886624798178673
0.038864992558956146
0.03886707127094269
0.03886474668979645
0.03886502608656883
0.03886555880308151
0.03886580467224121
