0.7593942880630493
0.7896803021430969
0.7969713807106018
0.7969713807106018
0.7997756600379944
0.8098710179328918
0.8093101382255554
0.8115535378456116
0.812114417552948
0.821648895740509
0.821648895740509
0.8194054961204529
0.8194054961204529
0.8289399743080139
0.8266965746879578
0.8261357545852661
0.8227705955505371
0.8255748748779297
0.8339876532554626
0.8367919325828552
0.8328659534454346
0.8401570320129395
0.8356702327728271
0.8345485329627991
0.8373527526855469
0.8468872904777527
0.842961311340332
0.8491306900978088
0.8508132100105286
0.8485698103904724
0.8463264107704163
0.8524957895278931
0.8553000688552856
0.8648345470428467
0.8541783690452576
0.8642736673355103
0.8710039258003235
0.8631519675254822
0.8732473254203796
0.8698822259902954
0.8743690252304077
0.8653954267501831
0.8754907250404358
0.8816601037979126
0.8738082051277161
0.881099283695221
0.8895120620727539
0.8782950043678284
0.882220983505249
0.8794167041778564
0.8923163414001465
0.8928771615028381
0.8917554616928101
0.8889511823654175
0.8900728821754456
0.8939988613128662
0.8996074199676514
0.9029725193977356
0.9057767987251282
0.8928771615028381
0.9063376188278198
0.8990465402603149
0.9040942192077637
0.9091418981552124
0.9091418981552124
0.9080201983451843
0.9097027778625488
0.9175546765327454
0.911946177482605
0.9091418981552124
0.9130678772926331
0.9209197759628296
0.9175546765327454
0.9220414757728577
0.9248457551002502
0.9231632351875305
0.9226023554801941
0.9282108545303345
0.9259674549102783
0.929893434047699
0.9355019927024841
0.9321368336677551
0.929893434047699
0.9355019927024841
0.9332585334777832
0.9383062124252319
0.9349411129951477
0.9248457551002502
0.9349411129951477
0.9338194131851196
0.9467189908027649
0.9349411129951477
0.9399887919425964
0.9411104917526245
0.9439147710800171
0.9444755911827087
0.9500841498374939
0.93942791223526
0.9450364708900452
0.9517666697502136
0.9472798705101013
0.9534492492675781
0.9545709490776062
0.9517666697502136
0.9517666697502136
0.9534492492675781
0.9545709490776062
0.9562535285949707
0.9506449699401855
0.947840690612793
0.9618620276451111
0.9708356857299805
0.9708356857299805
0.9708356857299805
0.970274806022644
0.9685922861099243
0.9730790853500366
0.9730790853500366
0.9764441847801208
0.9713965058326721
0.9680314064025879
0.9736399054527283
0.9730790853500366
0.9713965058326721
0.9719573855400085
0.9747616648674011
0.9725182056427002
0.978687584400177
0.9719573855400085
0.9764441847801208
0.9719573855400085
0.9758833646774292
0.9770050644874573
0.9770050644874573
0.970274806022644
0.9747616648674011
0.9736399054527283
0.9798092842102051
0.9736399054527283
0.9680314064025879
0.9809310436248779
0.9747616648674011
0.978687584400177
0.9770050644874573
0.982052743434906
0.9798092842102051
0.9809310436248779
0.9792484641075134
0.9753224849700928
0.9770050644874573
0.9814918637275696
0.9798092842102051
0.9842961430549622
0.9826135635375977
0.9809310436248779
0.9814918637275696
0.9809310436248779
0.9814918637275696
0.9798092842102051
0.9781267642974854
0.9775658845901489
0.9792484641075134
0.9842961430549622
0.9848569631576538
0.9826135635375977
0.9798092842102051
0.9809310436248779
0.9826135635375977
0.9848569631576538
0.982052743434906
0.9814918637275696
0.9775658845901489
0.9848569631576538
0.9809310436248779
0.9837352633476257
0.9831744432449341
0.9837352633476257
0.9809310436248779
0.9826135635375977
0.9848569631576538
0.9854178428649902
0.9831744432449341
0.9887829422950745
0.9854178428649902
0.9854178428649902
0.9859786629676819
0.9859786629676819
0.9871004223823547
0.9854178428649902
0.9803701639175415
0.982052743434906
0.9871004223823547
0.9814918637275696
0.9859786629676819
0.9871004223823547
0.9854178428649902
0.9865395426750183
0.9854178428649902
0.9854178428649902
0.9899046421051025
0.9814918637275696
0.9871004223823547
0.9854178428649902
0.9854178428649902
0.9865395426750183
0.9865395426750183
0.9876612424850464
0.982052743434906
0.9865395426750183
0.9837352633476257
0.9887829422950745
0.9927089214324951
0.9938306212425232
0.9927089214324951
0.9932697415351868
0.9949523210525513
0.9921480417251587
0.9955132007598877
0.9921480417251587
0.9921480417251587
0.991587221622467
0.9893438220024109
0.9887829422950745
0.9887829422950745
0.990465521812439
0.991587221622467
0.9943915009498596
0.9938306212425232
0.9949523210525513
0.9932697415351868
0.9932697415351868
0.9921480417251587
0.9932697415351868
0.991587221622467
0.9921480417251587
0.9938306212425232
0.9927089214324951
0.9910263419151306
0.9932697415351868
0.9932697415351868
0.9938306212425232
0.9932697415351868
0.9943915009498596
0.9943915009498596
0.9921480417251587
0.9932697415351868
0.9938306212425232
0.991587221622467
0.9932697415351868
0.9921480417251587
0.9943915009498596
0.9927089214324951
0.9932697415351868
0.9943915009498596
0.9943915009498596
0.9921480417251587
0.9949523210525513
0.9938306212425232
0.9949523210525513
0.9932697415351868
0.9921480417251587
0.9921480417251587
0.990465521812439
0.9932697415351868
0.9955132007598877
0.9938306212425232
0.9927089214324951
0.9921480417251587
0.9943915009498596
0.9932697415351868
0.9949523210525513
0.9938306212425232
0.9960740208625793
0.9949523210525513
0.9938306212425232
0.9949523210525513
0.9955132007598877
0.9943915009498596
0.9927089214324951
0.9921480417251587
0.9943915009498596
0.9921480417251587
0.9960740208625793
0.9949523210525513
0.9943915009498596
0.9938306212425232
0.9943915009498596
0.9971957206726074
0.9943915009498596
0.9943915009498596
0.9927089214324951
0.9927089214324951
0.9938306212425232
0.9943915009498596
0.9971957206726074
0.9899046421051025
0.9927089214324951
0.9932697415351868
0.9932697415351868
0.9927089214324951
0.9927089214324951
0.9943915009498596
0.9955132007598877
0.9960740208625793
0.9943915009498596
0.9960740208625793
0.9966349005699158
0.9932697415351868
0.9960740208625793
0.9955132007598877
0.9966349005699158
0.9966349005699158
0.9966349005699158
0.9960740208625793
0.9983174204826355
0.9971957206726074
0.9971957206726074
0.9977566003799438
0.9977566003799438
0.9966349005699158
0.9977566003799438
0.9966349005699158
0.9971957206726074
0.9971957206726074
0.9971957206726074
0.9955132007598877
0.9977566003799438
0.9960740208625793
0.9971957206726074
0.9977566003799438
0.9966349005699158
0.9966349005699158
0.9960740208625793
0.9971957206726074
0.9983174204826355
0.9960740208625793
0.9977566003799438
0.9966349005699158
0.9977566003799438
0.9966349005699158
0.9977566003799438
0.9977566003799438
0.9983174204826355
0.9966349005699158
0.9983174204826355
0.9966349005699158
0.9966349005699158
0.9983174204826355
0.9971957206726074
0.9971957206726074
0.9983174204826355
0.9971957206726074
0.9971957206726074
0.9971957206726074
0.9960740208625793
0.9977566003799438
0.9966349005699158
0.9955132007598877
0.9977566003799438
0.9971957206726074
0.9977566003799438
0.9949523210525513
0.9983174204826355
0.9971957206726074
0.9983174204826355
0.9966349005699158
0.9960740208625793
0.9955132007598877
0.9966349005699158
0.9971957206726074
0.9966349005699158
0.9977566003799438
0.9977566003799438
0.9977566003799438
0.9966349005699158
0.9966349005699158
0.9971957206726074
0.9966349005699158
0.9977566003799438
0.9971957206726074
0.9977566003799438
0.9966349005699158
0.9977566003799438
0.9966349005699158
0.9971957206726074
0.9971957206726074
0.9960740208625793
0.9983174204826355
0.9960740208625793
0.9971957206726074
0.9971957206726074
0.9977566003799438
0.9977566003799438
0.9977566003799438
0.9960740208625793
0.9971957206726074
0.9977566003799438
0.9983174204826355
0.9971957206726074
0.9977566003799438
0.9971957206726074
0.9971957206726074
0.9971957206726074
0.9977566003799438
0.9966349005699158
0.9977566003799438
0.9983174204826355
0.9983174204826355
0.9966349005699158
0.9966349005699158
0.9971957206726074
0.9988783001899719
0.9983174204826355
0.9983174204826355
0.9983174204826355
0.9977566003799438
0.9971957206726074
0.9983174204826355
0.9983174204826355
0.9983174204826355
0.9983174204826355
0.9988783001899719
0.9983174204826355
0.9983174204826355
0.9988783001899719
0.9988783001899719
0.9977566003799438
0.9988783001899719
0.9988783001899719
0.9977566003799438
0.9983174204826355
0.9988783001899719
0.9977566003799438
0.9988783001899719
0.9988783001899719
0.9977566003799438
0.9988783001899719
0.9983174204826355
0.9988783001899719
0.9983174204826355
0.9988783001899719
0.9983174204826355
0.9983174204826355
0.9983174204826355
0.9988783001899719
0.9988783001899719
0.9988783001899719
0.9988783001899719
0.9983174204826355
0.9983174204826355
0.9988783001899719
0.9983174204826355
0.9983174204826355
0.9983174204826355
0.9983174204826355
0.9977566003799438
0.9983174204826355
0.9988783001899719
0.9988783001899719
0.9983174204826355
0.9977566003799438
0.9983174204826355
0.9977566003799438
0.9977566003799438
0.9977566003799438
0.9988783001899719
0.9977566003799438
0.9994391202926636
0.9983174204826355
0.9988783001899719
0.9977566003799438
0.9966349005699158
0.9983174204826355
0.9988783001899719
0.9994391202926636
0.9988783001899719
0.9971957206726074
0.9988783001899719
0.9983174204826355
0.9988783001899719
0.9983174204826355
0.9983174204826355
0.9988783001899719
0.9988783001899719
0.9988783001899719
0.9983174204826355
0.9988783001899719
0.9988783001899719
0.9988783001899719
0.9983174204826355
0.9988783001899719
0.9988783001899719
0.9988783001899719
0.9977566003799438
0.9988783001899719
0.9988783001899719
0.9988783001899719
0.9988783001899719
0.9988783001899719
0.9977566003799438
0.9977566003799438
0.9966349005699158
0.9983174204826355
0.9988783001899719
0.9988783001899719
0.9983174204826355
0.9983174204826355
0.9988783001899719
0.9977566003799438
0.9988783001899719
0.9988783001899719
0.9994391202926636
0.9988783001899719
0.9988783001899719
0.9988783001899719
0.9988783001899719
0.9988783001899719
0.9988783001899719
0.9988783001899719
0.9994391202926636
0.9988783001899719
0.9988783001899719
0.9988783001899719
0.9988783001899719
0.9988783001899719
0.9988783001899719
0.9988783001899719
0.9988783001899719
0.9988783001899719
0.9988783001899719
0.9983174204826355
0.9988783001899719
0.9988783001899719
0.9988783001899719
0.9988783001899719
0.9994391202926636
0.9988783001899719
0.9994391202926636
0.9983174204826355
0.9988783001899719
0.9988783001899719
0.9988783001899719
0.9988783001899719
0.9988783001899719
0.9988783001899719
0.9988783001899719
0.9988783001899719
0.9988783001899719
0.9988783001899719
0.9988783001899719
0.9988783001899719
0.9988783001899719
0.9988783001899719
0.9988783001899719
0.9988783001899719
0.9988783001899719
0.9988783001899719
0.9988783001899719
0.9988783001899719
0.9988783001899719
0.9988783001899719
0.9988783001899719
0.9988783001899719
0.9988783001899719
0.9988783001899719
0.9988783001899719
0.9988783001899719
0.9988783001899719
0.9988783001899719
0.9988783001899719
0.9988783001899719
0.9988783001899719
0.9994391202926636
0.9988783001899719
0.9988783001899719
0.9988783001899719
0.9988783001899719
0.9988783001899719
0.9988783001899719
0.9994391202926636
0.9988783001899719
0.9988783001899719
0.9988783001899719
0.9988783001899719
0.9988783001899719
0.9988783001899719
0.9994391202926636
0.9988783001899719
0.9988783001899719
0.9988783001899719
0.9988783001899719
0.9994391202926636
0.9988783001899719
0.9988783001899719
0.9988783001899719
0.9988783001899719
0.9994391202926636
0.9988783001899719
0.9988783001899719
0.9988783001899719
0.9988783001899719
0.9988783001899719
0.9988783001899719
0.9994391202926636
0.9988783001899719
0.9988783001899719
0.9988783001899719
0.9988783001899719
0.9988783001899719
0.9988783001899719
0.9994391202926636
0.9988783001899719
0.9994391202926636
0.9988783001899719
0.9988783001899719
0.9988783001899719
0.9988783001899719
0.9988783001899719
0.9988783001899719
0.9988783001899719
0.9988783001899719
0.9988783001899719
0.9994391202926636
0.9988783001899719
0.9988783001899719
0.9988783001899719
0.9994391202926636
0.9988783001899719
0.9988783001899719
0.9988783001899719
0.9988783001899719
0.9988783001899719
0.9988783001899719
0.9988783001899719
0.9994391202926636
0.9988783001899719
0.9988783001899719
0.9988783001899719
0.9994391202926636
0.9988783001899719
0.9988783001899719
0.9988783001899719
0.9988783001899719
0.9988783001899719
0.9994391202926636
0.9988783001899719
0.9988783001899719
0.9994391202926636
0.9988783001899719
0.9988783001899719
0.9988783001899719
0.9988783001899719
0.9994391202926636
0.9994391202926636
0.9988783001899719
0.9988783001899719
0.9988783001899719
0.9988783001899719
0.9994391202926636
0.9988783001899719
0.9988783001899719
0.9988783001899719
0.9988783001899719
0.9994391202926636
0.9994391202926636
0.9988783001899719
0.9988783001899719
0.9988783001899719
0.9988783001899719
0.9994391202926636
0.9988783001899719
0.9988783001899719
0.9988783001899719
0.9994391202926636
0.9988783001899719
0.9994391202926636
0.9994391202926636
0.9994391202926636
0.9988783001899719
0.9988783001899719
0.9988783001899719
0.9988783001899719
0.9988783001899719
0.9988783001899719
0.9994391202926636
0.9994391202926636
0.9988783001899719
0.9994391202926636
0.9988783001899719
0.9994391202926636
0.9994391202926636
0.9988783001899719
0.9994391202926636
0.9994391202926636
0.9994391202926636
0.9994391202926636
0.9994391202926636
0.9988783001899719
0.9994391202926636
0.9988783001899719
0.9988783001899719
0.9994391202926636
0.9994391202926636
0.9994391202926636
0.9994391202926636
0.9994391202926636
0.9994391202926636
0.9994391202926636
0.9994391202926636
0.9994391202926636
0.9994391202926636
0.9994391202926636
0.9994391202926636
0.9994391202926636
0.9994391202926636
0.9988783001899719
0.9994391202926636
0.9994391202926636
0.9994391202926636
0.9994391202926636
0.9994391202926636
0.9994391202926636
0.9988783001899719
0.9994391202926636
0.9994391202926636
0.9994391202926636
0.9994391202926636
0.9994391202926636
0.9994391202926636
0.9994391202926636
0.9994391202926636
0.9994391202926636
0.9994391202926636
0.9994391202926636
0.9994391202926636
0.9994391202926636
0.9994391202926636
0.9994391202926636
0.9994391202926636
0.9994391202926636
0.9988783001899719
0.9994391202926636
0.9994391202926636
0.9994391202926636
0.9994391202926636
0.9994391202926636
0.9994391202926636
0.9994391202926636
0.9994391202926636
0.9994391202926636
0.9988783001899719
0.9994391202926636
0.9994391202926636
0.9994391202926636
0.9994391202926636
0.9994391202926636
0.9994391202926636
0.9994391202926636
0.9994391202926636
0.9994391202926636
0.9994391202926636
0.9994391202926636
0.9994391202926636
0.9994391202926636
0.9994391202926636
0.9988783001899719
0.9994391202926636
0.9994391202926636
0.9994391202926636
0.9994391202926636
0.9994391202926636
0.9994391202926636
0.9994391202926636
0.9994391202926636
0.9994391202926636
0.9994391202926636
0.9994391202926636
0.9994391202926636
0.9994391202926636
0.9994391202926636
0.9994391202926636
0.9994391202926636
0.9994391202926636
0.9994391202926636
0.9994391202926636
0.9994391202926636
0.9994391202926636
0.9994391202926636
0.9994391202926636
0.9994391202926636
0.9994391202926636
0.9994391202926636
0.9994391202926636
0.9994391202926636
0.9994391202926636
0.9994391202926636
0.9994391202926636
0.9994391202926636
0.9994391202926636
0.9994391202926636
0.9994391202926636
0.9994391202926636
0.9994391202926636
0.9994391202926636
0.9994391202926636
0.9994391202926636
0.9994391202926636
0.9994391202926636
0.9994391202926636
0.9994391202926636
0.9994391202926636
0.9994391202926636
0.9994391202926636
0.9994391202926636
0.9994391202926636
0.9994391202926636
0.9994391202926636
0.9994391202926636
0.9994391202926636
0.9994391202926636
0.9994391202926636
0.9994391202926636
0.9994391202926636
0.9994391202926636
0.9994391202926636
0.9994391202926636
0.9994391202926636
0.9994391202926636
0.9994391202926636
0.9994391202926636
0.9994391202926636
0.9994391202926636
0.9994391202926636
0.9994391202926636
0.9994391202926636
0.9994391202926636
0.9994391202926636
0.9994391202926636
0.9994391202926636
0.9994391202926636
0.9994391202926636
0.9994391202926636
0.9994391202926636
0.9994391202926636
0.9994391202926636
0.9994391202926636
0.9994391202926636
0.9994391202926636
0.9994391202926636
0.9994391202926636
0.9994391202926636
0.9994391202926636
0.9994391202926636
0.9994391202926636
0.9994391202926636
0.9994391202926636
0.9994391202926636
0.9994391202926636
0.9994391202926636
0.9994391202926636
0.9994391202926636
0.9994391202926636
0.9994391202926636
0.9994391202926636
0.9994391202926636
0.9994391202926636
0.9994391202926636
0.9994391202926636
0.9994391202926636
0.9994391202926636
0.9994391202926636
0.9994391202926636
0.9994391202926636
0.9994391202926636
0.9994391202926636
0.9994391202926636
0.9994391202926636
0.9994391202926636
0.9994391202926636
0.9994391202926636
0.9994391202926636
0.9994391202926636
0.9994391202926636
0.9994391202926636
0.9994391202926636
0.9994391202926636
0.9994391202926636
0.9994391202926636
0.9994391202926636
0.9994391202926636
0.9994391202926636
0.9994391202926636
0.9994391202926636
0.9994391202926636
0.9994391202926636
0.9994391202926636
0.9994391202926636
0.9994391202926636
0.9994391202926636
0.9994391202926636
0.9994391202926636
0.9994391202926636
0.9994391202926636
0.9994391202926636
0.9994391202926636
0.9994391202926636
0.9994391202926636
0.9994391202926636
0.9994391202926636
0.9994391202926636
0.9994391202926636
0.9994391202926636
0.9994391202926636
0.9994391202926636
0.9994391202926636
0.9994391202926636
0.9994391202926636
0.9994391202926636
0.9994391202926636
0.9994391202926636
0.9994391202926636
0.9994391202926636
0.9994391202926636
0.9994391202926636
0.9994391202926636
0.9994391202926636
0.9994391202926636
0.9994391202926636
0.9994391202926636
0.9994391202926636
0.9994391202926636
0.9994391202926636
0.9994391202926636
0.9994391202926636
0.9994391202926636
0.9994391202926636
0.9994391202926636
0.9994391202926636
0.9994391202926636
0.9994391202926636
0.9994391202926636
0.9994391202926636
0.9994391202926636
0.9994391202926636
0.9994391202926636
0.9994391202926636
0.9994391202926636
0.9994391202926636
0.9994391202926636
0.9994391202926636
0.9994391202926636
0.9994391202926636
0.9994391202926636
0.9994391202926636
0.9994391202926636
0.9994391202926636
0.9994391202926636
0.9994391202926636
0.9994391202926636
0.9994391202926636
0.9994391202926636
0.9994391202926636
0.9994391202926636
0.9994391202926636
0.9994391202926636
0.9994391202926636
0.9994391202926636
0.9994391202926636
0.9994391202926636
0.9994391202926636
0.9994391202926636
0.9994391202926636
0.9994391202926636
0.9994391202926636
0.9994391202926636
0.9994391202926636
0.9994391202926636
0.9994391202926636
0.9994391202926636
0.9994391202926636
0.9994391202926636
0.9994391202926636
0.9994391202926636
0.9994391202926636
0.9994391202926636
0.9994391202926636
0.9994391202926636
0.9994391202926636
0.9994391202926636
0.9994391202926636
0.9994391202926636
0.9994391202926636
0.9994391202926636
0.9994391202926636
0.9994391202926636
0.9994391202926636
0.9994391202926636
0.9994391202926636
0.9994391202926636
0.9994391202926636
0.9994391202926636
0.9994391202926636
0.9994391202926636
0.9994391202926636
0.9994391202926636
0.9994391202926636
0.9994391202926636
0.9994391202926636
0.9994391202926636
0.9994391202926636
0.9994391202926636
0.9994391202926636
0.9994391202926636
0.9994391202926636
0.9994391202926636
0.9994391202926636
0.9994391202926636
0.9994391202926636
0.9994391202926636
0.9994391202926636
0.9994391202926636
0.9994391202926636
0.9994391202926636
0.9994391202926636
0.9994391202926636
0.9994391202926636
0.9994391202926636
0.9994391202926636
0.9994391202926636
0.9994391202926636
0.9994391202926636
0.9994391202926636
0.9994391202926636
0.9994391202926636
0.9994391202926636
0.9994391202926636
0.9994391202926636
0.9994391202926636
0.9994391202926636
0.9994391202926636
0.9994391202926636
0.9994391202926636
0.9994391202926636
0.9994391202926636
0.9994391202926636
0.9994391202926636
0.9994391202926636
0.9994391202926636
0.9994391202926636
0.9994391202926636
0.9994391202926636
0.9994391202926636
0.9994391202926636
0.9994391202926636
0.9994391202926636
0.9994391202926636
0.9994391202926636
0.9994391202926636
0.9994391202926636
0.9994391202926636
0.9994391202926636
0.9994391202926636
0.9994391202926636
0.9994391202926636
0.9994391202926636
0.9994391202926636
0.9994391202926636
0.9994391202926636
0.9994391202926636
0.9994391202926636
0.9994391202926636
0.9994391202926636
1.0
0.9994391202926636
0.9994391202926636
0.9994391202926636
0.9994391202926636
0.9994391202926636
0.9994391202926636
0.9994391202926636
0.9994391202926636
0.9994391202926636
0.9994391202926636
0.9994391202926636
0.9994391202926636
0.9994391202926636
0.9994391202926636
0.9994391202926636
0.9994391202926636
0.9994391202926636
0.9994391202926636
0.9994391202926636
0.9994391202926636
0.9994391202926636
0.9994391202926636
0.9994391202926636
0.9994391202926636
0.9994391202926636
0.9994391202926636
0.9994391202926636
0.9994391202926636
0.9994391202926636
1.0
0.9994391202926636
0.9994391202926636
0.9994391202926636
0.9994391202926636
0.9994391202926636
0.9994391202926636
0.9994391202926636
0.9994391202926636
0.9994391202926636
0.9994391202926636
0.9994391202926636
0.9994391202926636
0.9994391202926636
0.9994391202926636
0.9994391202926636
0.9994391202926636
0.9994391202926636
0.9994391202926636
0.9994391202926636
0.9994391202926636
0.9994391202926636
0.9994391202926636
0.9994391202926636
0.9994391202926636
0.9994391202926636
0.9994391202926636
0.9994391202926636
0.9994391202926636
0.9994391202926636
0.9994391202926636
0.9994391202926636
0.9994391202926636
0.9994391202926636
0.9994391202926636
0.9994391202926636
0.9994391202926636
0.9994391202926636
0.9994391202926636
0.9994391202926636
0.9994391202926636
0.9994391202926636
0.9994391202926636
0.9994391202926636
0.9994391202926636
0.9994391202926636
0.9994391202926636
0.9994391202926636
0.9994391202926636
0.9994391202926636
0.9994391202926636
0.9994391202926636
0.9994391202926636
0.9994391202926636
0.9994391202926636
0.9994391202926636
0.9994391202926636
0.9994391202926636
0.9994391202926636
0.9994391202926636
0.9994391202926636
1.0
1.0
0.9994391202926636
0.9994391202926636
0.9994391202926636
0.9994391202926636
0.9994391202926636
0.9994391202926636
0.9994391202926636
0.9994391202926636
0.9994391202926636
0.9994391202926636
0.9994391202926636
0.9994391202926636
0.9994391202926636
0.9994391202926636
0.9994391202926636
0.9994391202926636
0.9994391202926636
0.9994391202926636
0.9994391202926636
0.9994391202926636
0.9994391202926636
0.9994391202926636
0.9994391202926636
0.9994391202926636
0.9994391202926636
0.9994391202926636
0.9994391202926636
1.0
0.9994391202926636
0.9994391202926636
0.9994391202926636
1.0
0.9994391202926636
0.9994391202926636
1.0
0.9994391202926636
0.9994391202926636
1.0
0.9994391202926636
0.9994391202926636
0.9994391202926636
0.9994391202926636
0.9994391202926636
0.9994391202926636
0.9994391202926636
0.9994391202926636
0.9994391202926636
0.9994391202926636
0.9994391202926636
0.9994391202926636
0.9994391202926636
0.9994391202926636
0.9994391202926636
0.9994391202926636
1.0
0.9994391202926636
0.9994391202926636
0.9994391202926636
0.9994391202926636
0.9994391202926636
0.9994391202926636
0.9994391202926636
0.9994391202926636
0.9994391202926636
0.9994391202926636
0.9994391202926636
0.9994391202926636
0.9994391202926636
0.9994391202926636
0.9994391202926636
0.9994391202926636
0.9994391202926636
0.9994391202926636
0.9994391202926636
1.0
0.9994391202926636
0.9994391202926636
0.9994391202926636
0.9994391202926636
1.0
0.9994391202926636
0.9994391202926636
0.9994391202926636
0.9994391202926636
1.0
0.9994391202926636
0.9994391202926636
0.9994391202926636
0.9994391202926636
1.0
0.9994391202926636
0.9994391202926636
0.9994391202926636
1.0
0.9994391202926636
0.9994391202926636
1.0
1.0
0.9994391202926636
0.9994391202926636
0.9994391202926636
1.0
1.0
0.9994391202926636
0.9994391202926636
0.9994391202926636
1.0
1.0
0.9994391202926636
0.9994391202926636
1.0
1.0
0.9994391202926636
0.9994391202926636
1.0
0.9994391202926636
0.9994391202926636
0.9994391202926636
0.9994391202926636
1.0
0.9994391202926636
1.0
1.0
1.0
1.0
0.9994391202926636
0.9994391202926636
0.9994391202926636
0.9994391202926636
1.0
1.0
1.0
0.9994391202926636
1.0
1.0
1.0
0.9994391202926636
1.0
1.0
1.0
0.9994391202926636
0.9994391202926636
0.9994391202926636
0.9994391202926636
1.0
1.0
1.0
1.0
1.0
1.0
1.0
1.0
1.0
1.0
1.0
1.0
1.0
1.0
1.0
1.0
1.0
1.0
1.0
1.0
0.9994391202926636
1.0
1.0
0.9994391202926636
1.0
1.0
1.0
1.0
1.0
1.0
0.9994391202926636
1.0
1.0
1.0
1.0
1.0
1.0
1.0
1.0
1.0
1.0
1.0
0.9994391202926636
1.0
1.0
1.0
1.0
1.0
1.0
1.0
1.0
1.0
1.0
1.0
1.0
1.0
1.0
1.0
1.0
1.0
1.0
1.0
1.0
1.0
1.0
1.0
1.0
1.0
1.0
1.0
1.0
1.0
1.0
1.0
1.0
1.0
1.0
1.0
1.0
1.0
1.0
1.0
1.0
1.0
1.0
1.0
1.0
1.0
1.0
1.0
1.0
1.0
1.0
1.0
1.0
1.0
1.0
1.0
1.0
1.0
1.0
1.0
1.0
1.0
1.0
1.0
1.0
1.0
1.0
1.0
1.0
1.0
1.0
1.0
1.0
1.0
1.0
1.0
1.0
1.0
1.0
1.0
1.0
1.0
1.0
1.0
1.0
1.0
1.0
1.0
1.0
1.0
1.0
1.0
1.0
1.0
1.0
1.0
1.0
1.0
1.0
1.0
1.0
1.0
1.0
1.0
1.0
1.0
1.0
1.0
1.0
1.0
1.0
1.0
1.0
1.0
1.0
1.0
1.0
1.0
1.0
1.0
1.0
1.0
1.0
1.0
1.0
1.0
1.0
1.0
1.0
1.0
1.0
1.0
1.0
1.0
1.0
1.0
1.0
1.0
1.0
1.0
1.0
1.0
1.0
1.0
1.0
1.0
1.0
1.0
1.0
1.0
1.0
