0.7650027871131897
0.7997756600379944
0.8070667386054993
0.803701639175415
0.8143578171730042
0.8177229166030884
0.8149186968803406
0.8166012167930603
0.821648895740509
0.821648895740509
0.8244531750679016
0.8317442536354065
0.8266965746879578
0.8379136323928833
0.833426833152771
0.8356702327728271
0.8328659534454346
0.8440830111503601
0.8412787318229675
0.8379136323928833
0.8452047109603882
0.8485698103904724
0.8424004316329956
0.8468872904777527
0.8524957895278931
0.8530566692352295
0.8558608889579773
0.8547391891479492
0.859786868095398
0.8508132100105286
0.8603477478027344
0.8637128472328186
0.8564217686653137
0.8653954267501831
0.8687605261802673
0.8648345470428467
0.8715648055076599
0.8665171265602112
0.8704430460929871
0.8681996464729309
0.8760516047477722
0.8749299049377441
0.872686505317688
0.8777341842651367
0.872686505317688
0.8782950043678284
0.8844643831253052
0.8771733045578003
0.881099283695221
0.8816601037979126
0.8883903622627258
0.8867077827453613
0.890633761882782
0.8889511823654175
0.8883903622627258
0.8923163414001465
0.9018508195877075
0.8996074199676514
0.8968031406402588
0.9007291197776794
0.9057767987251282
0.9012899398803711
0.8990465402603149
0.9102635979652405
0.9052159190177917
0.9097027778625488
0.9074593186378479
0.9164329767227173
0.9158720970153809
0.9102635979652405
0.9169938564300537
0.9125069975852966
0.9181155562400818
0.9186763763427734
0.9153112769126892
0.9220414757728577
0.9147503972053528
0.9332585334777832
0.9276500344276428
0.929893434047699
0.9293326139450073
0.9270891547203064
0.9287717342376709
0.9254066348075867
0.9287717342376709
0.9203589558601379
0.931015133857727
0.9349411129951477
0.9321368336677551
0.9321368336677551
0.9293326139450073
0.9338194131851196
0.9360628128051758
0.9321368336677551
0.93942791223526
0.9343802332878113
0.9371845126152039
0.9360628128051758
0.9472798705101013
0.9422321915626526
0.9439147710800171
0.9411104917526245
0.9455972909927368
0.9422321915626526
0.9467189908027649
0.9517666697502136
0.9495232701301575
0.9484015703201294
0.9506449699401855
0.9545709490776062
0.9517666697502136
0.9590577483177185
0.9584969282150269
0.9624229073524475
0.9618620276451111
0.9562535285949707
0.9613012075424194
0.9629837274551392
0.9646663069725037
0.9618620276451111
0.9618620276451111
0.9601794481277466
0.9635446071624756
0.9652271270751953
0.9618620276451111
0.9624229073524475
0.9613012075424194
0.9596186280250549
0.9624229073524475
0.9635446071624756
0.9618620276451111
0.9635446071624756
0.9635446071624756
0.9674705266952515
0.9596186280250549
0.9652271270751953
0.9629837274551392
0.9669097065925598
0.9652271270751953
0.9646663069725037
0.9669097065925598
0.9669097065925598
0.9674705266952515
0.9652271270751953
0.969153106212616
0.9697139859199524
0.9685922861099243
0.969153106212616
0.9685922861099243
0.9680314064025879
0.970274806022644
0.9708356857299805
0.969153106212616
0.969153106212616
0.9708356857299805
0.9680314064025879
0.9713965058326721
0.9713965058326721
0.9719573855400085
0.9669097065925598
0.970274806022644
0.9713965058326721
0.9708356857299805
0.969153106212616
0.9719573855400085
0.9725182056427002
0.9719573855400085
0.9730790853500366
0.9742007851600647
0.9747616648674011
0.9758833646774292
0.9730790853500366
0.9736399054527283
0.9730790853500366
0.9758833646774292
0.9708356857299805
0.9758833646774292
0.9758833646774292
0.9697139859199524
0.9753224849700928
0.9747616648674011
0.9792484641075134
0.9742007851600647
0.9781267642974854
0.9770050644874573
0.9747616648674011
0.9758833646774292
0.9775658845901489
0.9775658845901489
0.9753224849700928
0.9770050644874573
0.9770050644874573
0.9764441847801208
0.9758833646774292
0.9798092842102051
0.982052743434906
0.9775658845901489
0.982052743434906
0.9798092842102051
0.9831744432449341
0.978687584400177
0.9775658845901489
0.9798092842102051
0.9803701639175415
0.9770050644874573
0.982052743434906
0.9798092842102051
0.9803701639175415
0.9848569631576538
0.9859786629676819
0.9865395426750183
0.9854178428649902
0.9848569631576538
0.9859786629676819
0.9859786629676819
0.9882221221923828
0.9837352633476257
0.9876612424850464
0.9842961430549622
0.9876612424850464
0.9876612424850464
0.9871004223823547
0.9842961430549622
0.982052743434906
0.9876612424850464
0.9882221221923828
0.9910263419151306
0.9865395426750183
0.9882221221923828
0.9865395426750183
0.9887829422950745
0.9893438220024109
0.9848569631576538
0.9887829422950745
0.9882221221923828
0.9865395426750183
0.9882221221923828
0.9876612424850464
0.9887829422950745
0.9876612424850464
0.9882221221923828
0.9899046421051025
0.9882221221923828
0.9887829422950745
0.9910263419151306
0.9893438220024109
0.9876612424850464
0.9899046421051025
0.9893438220024109
0.9910263419151306
0.9893438220024109
0.9910263419151306
0.9871004223823547
0.990465521812439
0.9893438220024109
0.9887829422950745
0.9921480417251587
0.9899046421051025
0.9899046421051025
0.9921480417251587
0.9893438220024109
0.9899046421051025
0.9910263419151306
0.9893438220024109
0.9921480417251587
0.9910263419151306
0.990465521812439
0.9854178428649902
0.9893438220024109
0.9893438220024109
0.9921480417251587
0.991587221622467
0.991587221622467
0.9910263419151306
0.9927089214324951
0.991587221622467
0.9938306212425232
0.9921480417251587
0.9893438220024109
0.991587221622467
0.9927089214324951
0.9921480417251587
0.9927089214324951
0.990465521812439
0.9921480417251587
0.9899046421051025
0.9927089214324951
0.9921480417251587
0.9910263419151306
0.9893438220024109
0.9887829422950745
0.9899046421051025
0.9938306212425232
0.9927089214324951
0.9932697415351868
0.991587221622467
0.9882221221923828
0.991587221622467
0.9921480417251587
0.9921480417251587
0.991587221622467
0.9955132007598877
0.9910263419151306
0.9921480417251587
0.9932697415351868
0.9927089214324951
0.9932697415351868
0.991587221622467
0.9932697415351868
0.9943915009498596
0.9932697415351868
0.9949523210525513
0.9927089214324951
0.9943915009498596
0.9943915009498596
0.9938306212425232
0.9949523210525513
0.9949523210525513
0.9938306212425232
0.9943915009498596
0.9943915009498596
0.9938306212425232
0.9927089214324951
0.9932697415351868
0.9949523210525513
0.9938306212425232
0.9955132007598877
0.9960740208625793
0.9955132007598877
0.9960740208625793
0.9960740208625793
0.9938306212425232
0.9943915009498596
0.9949523210525513
0.9960740208625793
0.9943915009498596
0.9938306212425232
0.9949523210525513
0.9949523210525513
0.9955132007598877
0.9955132007598877
0.9960740208625793
0.9949523210525513
0.9943915009498596
0.9949523210525513
0.9960740208625793
0.9960740208625793
0.9938306212425232
0.9949523210525513
0.9949523210525513
0.9960740208625793
0.9960740208625793
0.9949523210525513
0.9949523210525513
0.9955132007598877
0.9938306212425232
0.9949523210525513
0.9943915009498596
0.9960740208625793
0.9955132007598877
0.9955132007598877
0.9949523210525513
0.9966349005699158
0.9949523210525513
0.9943915009498596
0.9960740208625793
0.9943915009498596
0.9955132007598877
0.9955132007598877
0.9938306212425232
0.9966349005699158
0.9938306212425232
0.9960740208625793
0.9955132007598877
0.9943915009498596
0.9955132007598877
0.9955132007598877
0.9966349005699158
0.9943915009498596
0.9932697415351868
0.9955132007598877
0.9966349005699158
0.9949523210525513
0.9943915009498596
0.9955132007598877
0.9949523210525513
0.9966349005699158
0.9960740208625793
0.9960740208625793
0.9955132007598877
0.9960740208625793
0.9955132007598877
0.9943915009498596
0.9949523210525513
0.9943915009498596
0.9960740208625793
0.9955132007598877
0.9943915009498596
0.9971957206726074
0.9955132007598877
0.9927089214324951
0.9955132007598877
0.9966349005699158
0.9949523210525513
0.9955132007598877
0.9955132007598877
0.9966349005699158
0.9960740208625793
0.9966349005699158
0.9966349005699158
0.9966349005699158
0.9966349005699158
0.9966349005699158
0.9971957206726074
0.9960740208625793
0.9960740208625793
0.9955132007598877
0.9960740208625793
0.9966349005699158
0.9966349005699158
0.9971957206726074
0.9960740208625793
0.9955132007598877
0.9966349005699158
0.9960740208625793
0.9966349005699158
0.9960740208625793
0.9960740208625793
0.9960740208625793
0.9971957206726074
0.9966349005699158
0.9966349005699158
0.9966349005699158
0.9966349005699158
0.9960740208625793
0.9966349005699158
0.9960740208625793
0.9966349005699158
0.9966349005699158
0.9971957206726074
0.9960740208625793
0.9966349005699158
0.9960740208625793
0.9971957206726074
0.9966349005699158
0.9971957206726074
0.9960740208625793
0.9971957206726074
0.9971957206726074
0.9971957206726074
0.9966349005699158
0.9971957206726074
0.9966349005699158
0.9966349005699158
0.9966349005699158
0.9971957206726074
0.9971957206726074
0.9971957206726074
0.9960740208625793
0.9966349005699158
0.9971957206726074
0.9971957206726074
0.9960740208625793
0.9966349005699158
0.9955132007598877
0.9960740208625793
0.9971957206726074
0.9960740208625793
0.9966349005699158
0.9960740208625793
0.9966349005699158
0.9971957206726074
0.9966349005699158
0.9971957206726074
0.9966349005699158
0.9966349005699158
0.9966349005699158
0.9960740208625793
0.9971957206726074
0.9977566003799438
0.9960740208625793
0.9977566003799438
0.9966349005699158
0.9960740208625793
0.9971957206726074
0.9977566003799438
0.9971957206726074
0.9966349005699158
0.9966349005699158
0.9977566003799438
0.9960740208625793
0.9971957206726074
0.9966349005699158
0.9971957206726074
0.9966349005699158
0.9971957206726074
0.9966349005699158
0.9966349005699158
0.9966349005699158
0.9966349005699158
0.9960740208625793
0.9960740208625793
0.9971957206726074
0.9966349005699158
0.9960740208625793
0.9971957206726074
0.9971957206726074
0.9966349005699158
0.9971957206726074
0.9966349005699158
0.9966349005699158
0.9966349005699158
0.9966349005699158
0.9983174204826355
0.9966349005699158
0.9971957206726074
0.9966349005699158
0.9966349005699158
0.9966349005699158
0.9966349005699158
0.9971957206726074
0.9971957206726074
0.9971957206726074
0.9966349005699158
0.9966349005699158
0.9971957206726074
0.9966349005699158
0.9966349005699158
0.9971957206726074
0.9966349005699158
0.9971957206726074
0.9977566003799438
0.9966349005699158
0.9971957206726074
0.9971957206726074
0.9966349005699158
0.9966349005699158
0.9971957206726074
0.9971957206726074
0.9966349005699158
0.9966349005699158
0.9966349005699158
0.9966349005699158
0.9966349005699158
0.9971957206726074
0.9966349005699158
0.9966349005699158
0.9971957206726074
0.9971957206726074
0.9966349005699158
0.9971957206726074
0.9966349005699158
0.9966349005699158
0.9971957206726074
0.9966349005699158
0.9966349005699158
0.9966349005699158
0.9966349005699158
0.9966349005699158
0.9966349005699158
0.9966349005699158
0.9966349005699158
0.9971957206726074
0.9966349005699158
0.9966349005699158
0.9966349005699158
0.9971957206726074
0.9971957206726074
0.9966349005699158
0.9966349005699158
0.9971957206726074
0.9971957206726074
0.9971957206726074
0.9966349005699158
0.9966349005699158
0.9971957206726074
0.9966349005699158
0.9971957206726074
0.9971957206726074
0.9966349005699158
0.9966349005699158
0.9971957206726074
0.9971957206726074
0.9966349005699158
0.9966349005699158
0.9966349005699158
0.9977566003799438
0.9966349005699158
0.9966349005699158
0.9966349005699158
0.9966349005699158
0.9966349005699158
0.9966349005699158
0.9971957206726074
0.9971957206726074
0.9971957206726074
0.9971957206726074
0.9966349005699158
0.9971957206726074
0.9971957206726074
0.9966349005699158
0.9966349005699158
0.9971957206726074
0.9966349005699158
0.9971957206726074
0.9966349005699158
0.9971957206726074
0.9966349005699158
0.9971957206726074
0.9966349005699158
0.9966349005699158
0.9966349005699158
0.9966349005699158
0.9966349005699158
0.9971957206726074
0.9966349005699158
0.9966349005699158
0.9971957206726074
0.9971957206726074
0.9966349005699158
0.9966349005699158
0.9966349005699158
0.9971957206726074
0.9966349005699158
0.9966349005699158
0.9971957206726074
0.9971957206726074
0.9966349005699158
0.9971957206726074
0.9966349005699158
0.9971957206726074
0.9966349005699158
0.9966349005699158
0.9966349005699158
0.9966349005699158
0.9971957206726074
0.9966349005699158
0.9966349005699158
0.9971957206726074
0.9966349005699158
0.9971957206726074
0.9966349005699158
0.9966349005699158
0.9966349005699158
0.9966349005699158
0.9971957206726074
0.9971957206726074
0.9971957206726074
0.9966349005699158
0.9971957206726074
0.9966349005699158
0.9966349005699158
0.9971957206726074
0.9966349005699158
0.9966349005699158
0.9966349005699158
0.9966349005699158
0.9966349005699158
0.9966349005699158
0.9971957206726074
0.9966349005699158
0.9966349005699158
0.9971957206726074
0.9966349005699158
0.9971957206726074
0.9966349005699158
0.9966349005699158
0.9966349005699158
0.9966349005699158
0.9971957206726074
0.9971957206726074
0.9966349005699158
0.9966349005699158
0.9977566003799438
0.9966349005699158
0.9971957206726074
0.9971957206726074
0.9966349005699158
0.9966349005699158
0.9971957206726074
0.9966349005699158
0.9966349005699158
0.9971957206726074
0.9966349005699158
0.9971957206726074
0.9966349005699158
0.9966349005699158
0.9966349005699158
0.9971957206726074
0.9966349005699158
0.9966349005699158
0.9966349005699158
0.9977566003799438
0.9971957206726074
0.9971957206726074
0.9966349005699158
0.9966349005699158
0.9966349005699158
0.9971957206726074
0.9966349005699158
0.9971957206726074
0.9966349005699158
0.9971957206726074
0.9966349005699158
0.9966349005699158
0.9966349005699158
0.9966349005699158
0.9971957206726074
0.9971957206726074
0.9977566003799438
0.9971957206726074
0.9966349005699158
0.9971957206726074
0.9966349005699158
0.9971957206726074
0.9966349005699158
0.9971957206726074
0.9971957206726074
0.9966349005699158
0.9966349005699158
0.9971957206726074
0.9971957206726074
0.9966349005699158
0.9971957206726074
0.9971957206726074
0.9971957206726074
0.9966349005699158
0.9966349005699158
0.9971957206726074
0.9971957206726074
0.9971957206726074
0.9966349005699158
0.9966349005699158
0.9966349005699158
0.9971957206726074
0.9971957206726074
0.9971957206726074
0.9966349005699158
0.9966349005699158
0.9966349005699158
0.9966349005699158
0.9966349005699158
0.9971957206726074
0.9966349005699158
0.9971957206726074
0.9966349005699158
0.9971957206726074
0.9971957206726074
0.9966349005699158
0.9971957206726074
0.9966349005699158
0.9971957206726074
0.9971957206726074
0.9971957206726074
0.9971957206726074
0.9971957206726074
0.9971957206726074
0.9966349005699158
0.9971957206726074
0.9966349005699158
0.9966349005699158
0.9971957206726074
0.9971957206726074
0.9971957206726074
0.9966349005699158
0.9966349005699158
0.9966349005699158
0.9971957206726074
0.9966349005699158
0.9971957206726074
0.9966349005699158
0.9966349005699158
0.9971957206726074
0.9966349005699158
0.9966349005699158
0.9971957206726074
0.9977566003799438
0.9971957206726074
0.9971957206726074
0.9971957206726074
0.9971957206726074
0.9966349005699158
0.9971957206726074
0.9977566003799438
0.9966349005699158
0.9971957206726074
0.9966349005699158
0.9971957206726074
0.9971957206726074
0.9966349005699158
0.9971957206726074
0.9966349005699158
0.9971957206726074
0.9971957206726074
0.9971957206726074
0.9971957206726074
0.9977566003799438
0.9971957206726074
0.9966349005699158
0.9971957206726074
0.9966349005699158
0.9966349005699158
0.9977566003799438
0.9966349005699158
0.9966349005699158
0.9966349005699158
0.9966349005699158
0.9966349005699158
0.9971957206726074
0.9971957206726074
0.9971957206726074
0.9971957206726074
0.9971957206726074
0.9971957206726074
0.9971957206726074
0.9971957206726074
0.9966349005699158
0.9971957206726074
0.9971957206726074
0.9971957206726074
0.9971957206726074
0.9971957206726074
0.9971957206726074
0.9971957206726074
0.9971957206726074
0.9966349005699158
0.9971957206726074
0.9966349005699158
0.9971957206726074
0.9971957206726074
0.9977566003799438
0.9971957206726074
0.9966349005699158
0.9966349005699158
0.9971957206726074
0.9977566003799438
0.9966349005699158
0.9971957206726074
0.9971957206726074
0.9971957206726074
0.9971957206726074
0.9966349005699158
0.9971957206726074
0.9971957206726074
0.9966349005699158
0.9977566003799438
0.9966349005699158
0.9971957206726074
0.9966349005699158
0.9966349005699158
0.9966349005699158
0.9977566003799438
0.9971957206726074
0.9971957206726074
0.9977566003799438
0.9971957206726074
0.9971957206726074
0.9971957206726074
0.9971957206726074
0.9971957206726074
0.9966349005699158
0.9966349005699158
0.9977566003799438
0.9966349005699158
0.9977566003799438
0.9971957206726074
0.9977566003799438
0.9966349005699158
0.9966349005699158
0.9971957206726074
0.9971957206726074
0.9971957206726074
0.9977566003799438
0.9966349005699158
0.9971957206726074
0.9971957206726074
0.9971957206726074
0.9977566003799438
0.9971957206726074
0.9977566003799438
0.9977566003799438
0.9977566003799438
0.9966349005699158
0.9971957206726074
0.9966349005699158
0.9971957206726074
0.9966349005699158
0.9977566003799438
0.9971957206726074
0.9966349005699158
0.9971957206726074
0.9971957206726074
0.9977566003799438
0.9966349005699158
0.9971957206726074
0.9971957206726074
0.9971957206726074
0.9977566003799438
0.9977566003799438
0.9966349005699158
0.9977566003799438
0.9971957206726074
0.9966349005699158
0.9971957206726074
0.9971957206726074
0.9971957206726074
0.9971957206726074
0.9966349005699158
0.9971957206726074
0.9971957206726074
0.9971957206726074
0.9971957206726074
0.9971957206726074
0.9971957206726074
0.9971957206726074
0.9977566003799438
0.9971957206726074
0.9971957206726074
0.9971957206726074
0.9971957206726074
0.9977566003799438
0.9971957206726074
0.9966349005699158
0.9971957206726074
0.9971957206726074
0.9971957206726074
0.9971957206726074
0.9971957206726074
0.9977566003799438
0.9966349005699158
0.9971957206726074
0.9977566003799438
0.9971957206726074
0.9971957206726074
0.9971957206726074
0.9971957206726074
0.9971957206726074
0.9971957206726074
0.9971957206726074
0.9966349005699158
0.9977566003799438
0.9977566003799438
0.9977566003799438
0.9971957206726074
0.9971957206726074
0.9977566003799438
0.9977566003799438
0.9971957206726074
0.9977566003799438
0.9971957206726074
0.9971957206726074
0.9977566003799438
0.9977566003799438
0.9977566003799438
0.9966349005699158
0.9971957206726074
0.9977566003799438
0.9971957206726074
0.9977566003799438
0.9977566003799438
0.9977566003799438
0.9977566003799438
0.9977566003799438
0.9977566003799438
0.9977566003799438
0.9977566003799438
0.9971957206726074
0.9977566003799438
0.9977566003799438
0.9977566003799438
0.9977566003799438
0.9977566003799438
0.9971957206726074
0.9977566003799438
0.9977566003799438
0.9971957206726074
0.9977566003799438
0.9971957206726074
0.9966349005699158
0.9971957206726074
0.9977566003799438
0.9977566003799438
0.9977566003799438
0.9977566003799438
0.9977566003799438
0.9977566003799438
0.9977566003799438
0.9977566003799438
0.9971957206726074
0.9971957206726074
0.9977566003799438
0.9977566003799438
0.9971957206726074
0.9977566003799438
0.9977566003799438
0.9977566003799438
0.9977566003799438
0.9971957206726074
0.9977566003799438
0.9971957206726074
0.9977566003799438
0.9977566003799438
0.9971957206726074
0.9977566003799438
0.9977566003799438
0.9977566003799438
0.9977566003799438
0.9977566003799438
0.9977566003799438
0.9977566003799438
0.9977566003799438
0.9977566003799438
0.9977566003799438
0.9977566003799438
0.9977566003799438
0.9977566003799438
0.9977566003799438
0.9977566003799438
0.9977566003799438
0.9977566003799438
0.9977566003799438
0.9977566003799438
0.9977566003799438
0.9977566003799438
0.9977566003799438
0.9977566003799438
0.9977566003799438
0.9977566003799438
0.9977566003799438
0.9977566003799438
0.9977566003799438
0.9977566003799438
0.9977566003799438
0.9977566003799438
0.9977566003799438
0.9977566003799438
0.9977566003799438
0.9977566003799438
0.9977566003799438
0.9971957206726074
0.9977566003799438
0.9977566003799438
0.9977566003799438
0.9977566003799438
0.9977566003799438
0.9977566003799438
0.9977566003799438
0.9977566003799438
0.9977566003799438
0.9977566003799438
0.9977566003799438
0.9977566003799438
0.9977566003799438
0.9977566003799438
0.9977566003799438
0.9977566003799438
0.9977566003799438
0.9977566003799438
0.9977566003799438
0.9977566003799438
0.9977566003799438
0.9977566003799438
0.9977566003799438
0.9977566003799438
0.9977566003799438
0.9977566003799438
0.9977566003799438
0.9977566003799438
0.9977566003799438
0.9977566003799438
0.9977566003799438
0.9977566003799438
0.9977566003799438
0.9977566003799438
0.9977566003799438
0.9977566003799438
0.9977566003799438
0.9977566003799438
0.9977566003799438
0.9977566003799438
0.9977566003799438
0.9977566003799438
0.9977566003799438
0.9977566003799438
0.9977566003799438
0.9977566003799438
0.9977566003799438
0.9977566003799438
0.9977566003799438
0.9977566003799438
0.9977566003799438
0.9977566003799438
0.9977566003799438
0.9977566003799438
0.9977566003799438
0.9977566003799438
0.9977566003799438
0.9977566003799438
0.9977566003799438
0.9977566003799438
0.9977566003799438
0.9977566003799438
0.9977566003799438
0.9977566003799438
0.9977566003799438
0.9977566003799438
0.9977566003799438
0.9977566003799438
0.9977566003799438
0.9977566003799438
0.9977566003799438
0.9977566003799438
0.9977566003799438
0.9977566003799438
0.9977566003799438
0.9977566003799438
0.9977566003799438
0.9977566003799438
0.9977566003799438
0.9977566003799438
0.9977566003799438
0.9977566003799438
0.9977566003799438
0.9977566003799438
0.9977566003799438
0.9977566003799438
0.9977566003799438
0.9977566003799438
0.9977566003799438
0.9977566003799438
0.9977566003799438
0.9977566003799438
0.9977566003799438
0.9977566003799438
0.9977566003799438
0.9977566003799438
0.9977566003799438
0.9977566003799438
0.9977566003799438
0.9977566003799438
0.9977566003799438
0.9977566003799438
0.9977566003799438
0.9977566003799438
0.9977566003799438
0.9977566003799438
0.9977566003799438
0.9977566003799438
0.9977566003799438
0.9977566003799438
0.9977566003799438
0.9977566003799438
0.9977566003799438
0.9977566003799438
0.9977566003799438
0.9977566003799438
0.9977566003799438
0.9977566003799438
0.9977566003799438
0.9977566003799438
0.9977566003799438
0.9977566003799438
0.9977566003799438
0.9977566003799438
0.9977566003799438
0.9977566003799438
0.9977566003799438
0.9977566003799438
0.9977566003799438
0.9977566003799438
0.9977566003799438
0.9977566003799438
0.9977566003799438
0.9977566003799438
0.9977566003799438
0.9977566003799438
0.9977566003799438
0.9977566003799438
0.9977566003799438
0.9977566003799438
0.9977566003799438
0.9977566003799438
0.9977566003799438
0.9977566003799438
0.9977566003799438
0.9977566003799438
0.9977566003799438
0.9977566003799438
0.9977566003799438
0.9977566003799438
0.9977566003799438
0.9977566003799438
0.9977566003799438
0.9977566003799438
0.9977566003799438
0.9977566003799438
0.9977566003799438
0.9977566003799438
0.9977566003799438
0.9977566003799438
0.9977566003799438
0.9977566003799438
0.9977566003799438
0.9977566003799438
0.9977566003799438
0.9977566003799438
0.9977566003799438
0.9977566003799438
0.9977566003799438
0.9977566003799438
0.9977566003799438
0.9977566003799438
0.9977566003799438
0.9977566003799438
0.9977566003799438
0.9977566003799438
0.9977566003799438
0.9977566003799438
0.9977566003799438
0.9977566003799438
0.9977566003799438
0.9977566003799438
0.9977566003799438
0.9977566003799438
0.9977566003799438
0.9977566003799438
0.9977566003799438
0.9977566003799438
0.9977566003799438
0.9977566003799438
0.9977566003799438
0.9977566003799438
0.9977566003799438
0.9977566003799438
0.9977566003799438
0.9977566003799438
0.9977566003799438
0.9977566003799438
0.9977566003799438
0.9977566003799438
0.9977566003799438
0.9977566003799438
0.9977566003799438
0.9977566003799438
0.9977566003799438
0.9977566003799438
0.9977566003799438
0.9977566003799438
0.9977566003799438
0.9977566003799438
0.9977566003799438
0.9977566003799438
0.9977566003799438
0.9977566003799438
0.9977566003799438
0.9977566003799438
0.9977566003799438
0.9977566003799438
0.9977566003799438
0.9977566003799438
0.9977566003799438
0.9977566003799438
0.9977566003799438
0.9977566003799438
0.9977566003799438
0.9977566003799438
0.9977566003799438
0.9977566003799438
0.9977566003799438
0.9977566003799438
0.9977566003799438
0.9977566003799438
0.9977566003799438
0.9977566003799438
0.9977566003799438
0.9977566003799438
0.9977566003799438
0.9977566003799438
0.9977566003799438
0.9977566003799438
0.9977566003799438
0.9977566003799438
0.9977566003799438
0.9977566003799438
0.9977566003799438
0.9977566003799438
0.9977566003799438
0.9977566003799438
0.9977566003799438
0.9977566003799438
0.9977566003799438
0.9977566003799438
0.9977566003799438
0.9977566003799438
0.9977566003799438
0.9977566003799438
0.9977566003799438
0.9977566003799438
0.9977566003799438
0.9977566003799438
0.9977566003799438
0.9977566003799438
0.9977566003799438
0.9977566003799438
0.9977566003799438
0.9977566003799438
0.9977566003799438
0.9977566003799438
0.9977566003799438
0.9977566003799438
0.9977566003799438
0.9977566003799438
0.9977566003799438
0.9977566003799438
0.9977566003799438
0.9977566003799438
0.9977566003799438
0.9977566003799438
0.9977566003799438
0.9977566003799438
0.9977566003799438
0.9977566003799438
0.9977566003799438
0.9977566003799438
0.9977566003799438
0.9977566003799438
0.9977566003799438
0.9977566003799438
0.9977566003799438
0.9977566003799438
0.9977566003799438
0.9977566003799438
0.9977566003799438
0.9977566003799438
0.9977566003799438
0.9977566003799438
0.9977566003799438
0.9977566003799438
0.9977566003799438
0.9977566003799438
0.9977566003799438
0.9977566003799438
0.9977566003799438
0.9977566003799438
0.9977566003799438
0.9977566003799438
0.9977566003799438
0.9977566003799438
0.9977566003799438
0.9977566003799438
0.9977566003799438
0.9977566003799438
0.9977566003799438
0.9977566003799438
0.9977566003799438
0.9977566003799438
0.9977566003799438
0.9977566003799438
0.9977566003799438
0.9977566003799438
0.9977566003799438
0.9977566003799438
0.9977566003799438
0.9977566003799438
0.9977566003799438
0.9977566003799438
0.9977566003799438
0.9977566003799438
0.9977566003799438
0.9977566003799438
0.9977566003799438
0.9977566003799438
0.9977566003799438
0.9977566003799438
0.9977566003799438
0.9977566003799438
0.9977566003799438
0.9977566003799438
0.9977566003799438
0.9977566003799438
0.9977566003799438
0.9977566003799438
0.9977566003799438
0.9977566003799438
0.9977566003799438
0.9977566003799438
0.9977566003799438
0.9977566003799438
0.9977566003799438
0.9977566003799438
0.9977566003799438
0.9977566003799438
0.9977566003799438
0.9977566003799438
0.9977566003799438
0.9977566003799438
0.9977566003799438
0.9977566003799438
0.9977566003799438
0.9977566003799438
0.9977566003799438
0.9977566003799438
0.9977566003799438
0.9977566003799438
0.9977566003799438
0.9977566003799438
0.9977566003799438
0.9977566003799438
0.9977566003799438
0.9977566003799438
0.9977566003799438
0.9977566003799438
0.9977566003799438
0.9977566003799438
0.9977566003799438
0.9977566003799438
0.9977566003799438
0.9977566003799438
0.9977566003799438
0.9977566003799438
0.9977566003799438
0.9977566003799438
0.9977566003799438
0.9977566003799438
0.9977566003799438
0.9977566003799438
0.9977566003799438
0.9977566003799438
0.9977566003799438
0.9977566003799438
0.9977566003799438
0.9977566003799438
0.9977566003799438
0.9977566003799438
0.9977566003799438
0.9977566003799438
0.9977566003799438
0.9977566003799438
0.9977566003799438
0.9977566003799438
0.9977566003799438
0.9977566003799438
0.9977566003799438
0.9977566003799438
0.9977566003799438
0.9977566003799438
0.9977566003799438
0.9977566003799438
0.9977566003799438
0.9977566003799438
0.9977566003799438
0.9977566003799438
0.9977566003799438
0.9977566003799438
0.9977566003799438
0.9977566003799438
0.9977566003799438
0.9977566003799438
0.9977566003799438
0.9977566003799438
0.9977566003799438
0.9977566003799438
0.9977566003799438
0.9977566003799438
0.9977566003799438
0.9977566003799438
0.9977566003799438
0.9977566003799438
0.9977566003799438
0.9977566003799438
0.9977566003799438
0.9977566003799438
0.9977566003799438
0.9977566003799438
0.9977566003799438
0.9977566003799438
0.9977566003799438
0.9977566003799438
0.9977566003799438
0.9977566003799438
0.9977566003799438
0.9977566003799438
0.9977566003799438
0.9977566003799438
0.9977566003799438
0.9977566003799438
0.9977566003799438
0.9977566003799438
0.9977566003799438
0.9977566003799438
0.9977566003799438
0.9977566003799438
0.9977566003799438
0.9977566003799438
0.9977566003799438
0.9977566003799438
0.9977566003799438
0.9977566003799438
0.9977566003799438
0.9977566003799438
0.9977566003799438
0.9977566003799438
0.9977566003799438
