0.751542329788208
0.794167160987854
0.802579939365387
0.8104318380355835
0.8166012167930603
0.821648895740509
0.820527195930481
0.8261357545852661
0.8373527526855469
0.8345485329627991
0.8435221314430237
0.8468872904777527
0.8463264107704163
0.8496915102005005
0.851374089717865
0.8553000688552856
0.8631519675254822
0.8648345470428467
0.8659562468528748
0.8715648055076599
0.8687605261802673
0.8721256256103516
0.8805384039878845
0.8771733045578003
0.8827818036079407
0.8844643831253052
0.8861469626426697
0.8861469626426697
0.8923163414001465
0.8923163414001465
0.8951205611228943
0.8911946415901184
0.9097027778625488
0.9018508195877075
0.9018508195877075
0.9080201983451843
0.9052159190177917
0.9102635979652405
0.9147503972053528
0.9164329767227173
0.9203589558601379
0.9220414757728577
0.9282108545303345
0.9265283346176147
0.9265283346176147
0.9237240552902222
0.9254066348075867
0.9254066348075867
0.9383062124252319
0.9321368336677551
0.9411104917526245
0.93942791223526
0.9383062124252319
0.9399887919425964
0.9287717342376709
0.9360628128051758
0.9433538913726807
0.9450364708900452
0.9467189908027649
0.9461581707000732
0.9366236925125122
0.9360628128051758
0.95232754945755
0.947840690612793
0.9534492492675781
0.9545709490776062
0.9590577483177185
0.960740327835083
0.9534492492675781
0.9596186280250549
0.95232754945755
0.951205849647522
0.9573752284049988
0.960740327835083
0.9629837274551392
0.9646663069725037
0.9590577483177185
0.9629837274551392
0.9657880067825317
0.9618620276451111
0.9551318287849426
0.951205849647522
0.9613012075424194
0.9618620276451111
0.9652271270751953
0.9742007851600647
0.9680314064025879
0.9618620276451111
0.9596186280250549
0.9657880067825317
0.9646663069725037
0.9680314064025879
0.9697139859199524
0.9713965058326721
0.9775658845901489
0.9798092842102051
0.9747616648674011
0.9517666697502136
0.960740327835083
0.9674705266952515
0.9730790853500366
0.9775658845901489
0.9770050644874573
0.9747616648674011
0.9669097065925598
0.9758833646774292
0.9781267642974854
0.9764441847801208
0.9842961430549622
0.9871004223823547
0.9859786629676819
0.9854178428649902
0.9882221221923828
0.9876612424850464
0.9893438220024109
0.9882221221923828
0.9882221221923828
0.9871004223823547
0.9876612424850464
0.9887829422950745
0.9871004223823547
0.9893438220024109
0.9876612424850464
0.9848569631576538
0.9882221221923828
0.9899046421051025
0.9882221221923828
0.991587221622467
0.9887829422950745
0.9865395426750183
0.990465521812439
0.9899046421051025
0.991587221622467
0.9882221221923828
0.9865395426750183
0.9893438220024109
0.9887829422950745
0.9848569631576538
0.9876612424850464
0.9876612424850464
0.9887829422950745
0.9882221221923828
0.9854178428649902
0.9893438220024109
0.9882221221923828
0.9876612424850464
0.9871004223823547
0.9887829422950745
0.9865395426750183
0.9809310436248779
0.9814918637275696
0.9871004223823547
0.9882221221923828
0.9871004223823547
0.9927089214324951
0.9899046421051025
0.991587221622467
0.9887829422950745
0.9859786629676819
0.9854178428649902
0.9927089214324951
0.9887829422950745
0.9893438220024109
0.9882221221923828
0.990465521812439
0.9887829422950745
0.991587221622467
0.9927089214324951
0.9899046421051025
0.991587221622467
0.991587221622467
0.9927089214324951
0.9921480417251587
0.990465521812439
0.9876612424850464
0.9893438220024109
0.990465521812439
0.990465521812439
0.9921480417251587
0.990465521812439
0.9893438220024109
0.9887829422950745
0.9893438220024109
0.990465521812439
0.9893438220024109
0.9887829422950745
0.9893438220024109
0.9921480417251587
0.9887829422950745
0.9893438220024109
0.9943915009498596
0.9927089214324951
0.9938306212425232
0.9921480417251587
0.9865395426750183
0.9893438220024109
0.9910263419151306
0.9932697415351868
0.990465521812439
0.9893438220024109
0.9871004223823547
0.9865395426750183
0.9932697415351868
0.9927089214324951
0.9921480417251587
0.9927089214324951
0.9927089214324951
0.9927089214324951
0.9938306212425232
0.9955132007598877
0.9966349005699158
0.9960740208625793
0.9971957206726074
0.9966349005699158
0.9949523210525513
0.9966349005699158
0.9955132007598877
0.9960740208625793
0.9960740208625793
0.9943915009498596
0.9971957206726074
0.9960740208625793
0.9955132007598877
0.9966349005699158
0.9966349005699158
0.9949523210525513
0.9960740208625793
0.9949523210525513
0.9955132007598877
0.9977566003799438
0.9966349005699158
0.9960740208625793
0.9977566003799438
0.9966349005699158
0.9960740208625793
0.9960740208625793
0.9983174204826355
0.9966349005699158
0.9955132007598877
0.9955132007598877
0.9966349005699158
0.9955132007598877
0.9943915009498596
0.9955132007598877
0.9966349005699158
0.9966349005699158
0.9966349005699158
0.9966349005699158
0.9932697415351868
0.9949523210525513
0.9943915009498596
0.9971957206726074
0.9966349005699158
0.9960740208625793
0.9949523210525513
0.9971957206726074
0.9943915009498596
0.9955132007598877
0.9971957206726074
0.9971957206726074
0.9949523210525513
0.9960740208625793
0.9938306212425232
0.9966349005699158
0.9943915009498596
0.9960740208625793
0.9977566003799438
0.9971957206726074
0.9943915009498596
0.9966349005699158
0.9971957206726074
0.9977566003799438
0.9977566003799438
0.9971957206726074
0.9949523210525513
0.9960740208625793
0.9977566003799438
0.9949523210525513
0.9955132007598877
0.9955132007598877
0.9971957206726074
0.9966349005699158
0.9977566003799438
0.9994391202926636
0.9960740208625793
0.9966349005699158
0.9977566003799438
0.9960740208625793
0.9977566003799438
0.9949523210525513
0.9971957206726074
0.9994391202926636
0.9971957206726074
0.9966349005699158
0.9955132007598877
0.9960740208625793
0.9955132007598877
0.9983174204826355
0.9966349005699158
0.9960740208625793
0.9977566003799438
0.9977566003799438
0.9960740208625793
0.9943915009498596
0.9955132007598877
0.9971957206726074
0.9949523210525513
0.9960740208625793
0.9977566003799438
1.0
0.9994391202926636
0.9994391202926636
1.0
0.9994391202926636
0.9994391202926636
1.0
1.0
0.9988783001899719
0.9994391202926636
0.9994391202926636
0.9994391202926636
0.9988783001899719
0.9994391202926636
0.9977566003799438
0.9977566003799438
0.9994391202926636
0.9988783001899719
1.0
0.9994391202926636
0.9988783001899719
0.9994391202926636
1.0
1.0
0.9994391202926636
0.9994391202926636
0.9994391202926636
1.0
0.9988783001899719
0.9983174204826355
0.9983174204826355
0.9977566003799438
1.0
0.9983174204826355
0.9971957206726074
0.9988783001899719
0.9994391202926636
0.9983174204826355
0.9966349005699158
0.9983174204826355
1.0
1.0
0.9994391202926636
0.9994391202926636
0.9994391202926636
0.9988783001899719
0.9994391202926636
0.9994391202926636
0.9994391202926636
1.0
0.9994391202926636
0.9983174204826355
1.0
0.9994391202926636
0.9994391202926636
0.9988783001899719
0.9983174204826355
0.9966349005699158
0.9988783001899719
0.9988783001899719
0.9988783001899719
0.9983174204826355
0.9988783001899719
0.9994391202926636
1.0
0.9994391202926636
1.0
0.9994391202926636
0.9994391202926636
1.0
0.9988783001899719
0.9977566003799438
0.9994391202926636
0.9994391202926636
0.9988783001899719
0.9994391202926636
0.9988783001899719
0.9988783001899719
0.9994391202926636
0.9994391202926636
0.9994391202926636
0.9988783001899719
0.9988783001899719
0.9988783001899719
0.9988783001899719
0.9994391202926636
1.0
0.9994391202926636
0.9983174204826355
0.9988783001899719
1.0
0.9994391202926636
1.0
1.0
0.9994391202926636
1.0
0.9988783001899719
0.9977566003799438
0.9983174204826355
1.0
1.0
1.0
1.0
1.0
1.0
1.0
1.0
1.0
1.0
1.0
1.0
1.0
1.0
1.0
1.0
1.0
1.0
1.0
1.0
1.0
1.0
1.0
1.0
1.0
1.0
1.0
1.0
1.0
1.0
1.0
1.0
1.0
1.0
1.0
1.0
1.0
1.0
1.0
1.0
1.0
1.0
1.0
1.0
1.0
1.0
1.0
1.0
1.0
1.0
1.0
1.0
1.0
1.0
1.0
1.0
1.0
1.0
1.0
1.0
1.0
1.0
1.0
1.0
1.0
1.0
1.0
1.0
1.0
1.0
1.0
1.0
1.0
1.0
1.0
1.0
1.0
1.0
1.0
1.0
1.0
1.0
1.0
1.0
1.0
1.0
1.0
1.0
1.0
1.0
1.0
1.0
1.0
1.0
1.0
1.0
1.0
1.0
1.0
1.0
1.0
1.0
1.0
1.0
1.0
1.0
1.0
1.0
1.0
1.0
1.0
1.0
1.0
1.0
1.0
1.0
1.0
1.0
1.0
1.0
1.0
1.0
1.0
1.0
1.0
1.0
1.0
1.0
1.0
1.0
1.0
1.0
1.0
1.0
1.0
1.0
1.0
1.0
1.0
1.0
1.0
1.0
1.0
1.0
1.0
1.0
1.0
1.0
1.0
1.0
1.0
1.0
1.0
1.0
1.0
1.0
1.0
1.0
1.0
1.0
1.0
1.0
1.0
1.0
1.0
1.0
1.0
1.0
1.0
1.0
1.0
1.0
1.0
1.0
1.0
1.0
1.0
1.0
1.0
1.0
1.0
1.0
1.0
1.0
1.0
1.0
1.0
1.0
1.0
1.0
1.0
1.0
1.0
1.0
1.0
1.0
1.0
1.0
1.0
1.0
1.0
1.0
1.0
1.0
1.0
1.0
1.0
1.0
1.0
1.0
1.0
1.0
1.0
1.0
1.0
1.0
1.0
1.0
1.0
1.0
1.0
1.0
1.0
1.0
1.0
1.0
1.0
1.0
1.0
1.0
1.0
1.0
1.0
1.0
1.0
1.0
1.0
1.0
1.0
1.0
1.0
1.0
1.0
1.0
1.0
1.0
1.0
1.0
1.0
1.0
1.0
1.0
1.0
1.0
1.0
1.0
1.0
1.0
1.0
1.0
1.0
1.0
1.0
1.0
1.0
1.0
1.0
1.0
1.0
1.0
1.0
1.0
1.0
1.0
1.0
1.0
1.0
1.0
1.0
1.0
1.0
1.0
1.0
1.0
1.0
1.0
1.0
1.0
1.0
1.0
1.0
1.0
1.0
1.0
1.0
1.0
1.0
1.0
1.0
1.0
1.0
1.0
1.0
1.0
1.0
1.0
1.0
1.0
1.0
1.0
1.0
1.0
1.0
1.0
1.0
1.0
1.0
1.0
1.0
1.0
1.0
1.0
1.0
1.0
1.0
1.0
1.0
1.0
1.0
1.0
1.0
1.0
1.0
1.0
1.0
1.0
1.0
1.0
1.0
1.0
1.0
1.0
1.0
1.0
1.0
1.0
1.0
1.0
1.0
1.0
1.0
1.0
1.0
1.0
1.0
1.0
1.0
1.0
1.0
1.0
1.0
1.0
1.0
1.0
1.0
1.0
1.0
1.0
1.0
1.0
1.0
1.0
1.0
1.0
1.0
1.0
1.0
1.0
1.0
1.0
1.0
1.0
1.0
1.0
1.0
1.0
1.0
1.0
1.0
1.0
1.0
1.0
1.0
1.0
1.0
1.0
1.0
1.0
1.0
1.0
1.0
1.0
1.0
1.0
1.0
1.0
1.0
1.0
1.0
1.0
1.0
1.0
1.0
1.0
1.0
1.0
1.0
1.0
1.0
1.0
1.0
1.0
1.0
1.0
1.0
1.0
1.0
1.0
1.0
1.0
1.0
1.0
1.0
1.0
1.0
1.0
1.0
1.0
1.0
1.0
1.0
1.0
1.0
1.0
1.0
1.0
1.0
1.0
1.0
1.0
1.0
1.0
1.0
1.0
1.0
1.0
1.0
1.0
1.0
1.0
1.0
1.0
1.0
1.0
1.0
1.0
1.0
1.0
1.0
1.0
1.0
1.0
1.0
1.0
1.0
1.0
1.0
1.0
1.0
1.0
1.0
1.0
1.0
1.0
1.0
1.0
1.0
1.0
1.0
1.0
1.0
1.0
1.0
1.0
1.0
1.0
1.0
1.0
1.0
1.0
1.0
1.0
1.0
1.0
1.0
1.0
1.0
1.0
1.0
1.0
1.0
1.0
1.0
1.0
1.0
1.0
1.0
1.0
1.0
1.0
1.0
1.0
1.0
1.0
1.0
1.0
1.0
1.0
1.0
1.0
1.0
1.0
1.0
1.0
1.0
1.0
1.0
1.0
1.0
1.0
1.0
1.0
1.0
1.0
1.0
1.0
1.0
1.0
1.0
1.0
1.0
1.0
1.0
1.0
1.0
1.0
1.0
1.0
1.0
1.0
1.0
1.0
1.0
1.0
1.0
1.0
1.0
1.0
1.0
1.0
1.0
1.0
1.0
1.0
1.0
1.0
1.0
1.0
1.0
1.0
1.0
1.0
1.0
1.0
1.0
1.0
1.0
1.0
1.0
1.0
1.0
1.0
1.0
1.0
1.0
1.0
1.0
1.0
1.0
1.0
1.0
1.0
1.0
1.0
1.0
1.0
1.0
1.0
1.0
1.0
1.0
1.0
1.0
1.0
1.0
1.0
1.0
1.0
1.0
1.0
1.0
1.0
1.0
1.0
1.0
1.0
1.0
1.0
1.0
1.0
1.0
1.0
1.0
1.0
1.0
1.0
1.0
1.0
1.0
1.0
1.0
1.0
1.0
1.0
1.0
1.0
1.0
1.0
1.0
1.0
1.0
1.0
1.0
1.0
1.0
1.0
1.0
1.0
1.0
1.0
1.0
1.0
1.0
1.0
1.0
1.0
1.0
1.0
1.0
1.0
1.0
1.0
1.0
1.0
1.0
1.0
1.0
1.0
1.0
1.0
1.0
1.0
1.0
1.0
1.0
1.0
1.0
1.0
1.0
1.0
1.0
1.0
1.0
1.0
1.0
1.0
1.0
1.0
1.0
1.0
1.0
1.0
1.0
1.0
1.0
1.0
1.0
1.0
1.0
1.0
1.0
1.0
1.0
1.0
1.0
1.0
1.0
1.0
1.0
1.0
1.0
1.0
1.0
1.0
1.0
1.0
1.0
1.0
1.0
1.0
1.0
1.0
1.0
1.0
1.0
1.0
1.0
1.0
1.0
1.0
1.0
1.0
1.0
1.0
1.0
1.0
1.0
1.0
1.0
1.0
1.0
1.0
1.0
1.0
1.0
1.0
1.0
1.0
1.0
1.0
1.0
1.0
1.0
1.0
1.0
1.0
1.0
1.0
1.0
1.0
1.0
1.0
1.0
1.0
1.0
1.0
1.0
1.0
1.0
1.0
1.0
1.0
1.0
1.0
1.0
1.0
1.0
1.0
1.0
1.0
1.0
1.0
1.0
1.0
1.0
1.0
1.0
1.0
1.0
1.0
1.0
1.0
1.0
1.0
1.0
1.0
1.0
1.0
1.0
1.0
1.0
1.0
1.0
1.0
1.0
1.0
1.0
1.0
1.0
1.0
1.0
1.0
1.0
1.0
1.0
1.0
1.0
1.0
1.0
1.0
1.0
1.0
1.0
1.0
1.0
1.0
1.0
1.0
1.0
1.0
1.0
1.0
1.0
1.0
1.0
1.0
1.0
1.0
1.0
1.0
1.0
1.0
1.0
1.0
1.0
1.0
1.0
1.0
1.0
1.0
1.0
1.0
1.0
1.0
1.0
1.0
1.0
1.0
1.0
1.0
1.0
1.0
1.0
1.0
1.0
1.0
1.0
1.0
1.0
1.0
1.0
1.0
1.0
1.0
1.0
1.0
1.0
1.0
1.0
1.0
1.0
1.0
1.0
1.0
1.0
1.0
1.0
1.0
1.0
1.0
1.0
1.0
1.0
1.0
1.0
1.0
1.0
1.0
1.0
1.0
1.0
1.0
1.0
1.0
1.0
1.0
1.0
1.0
1.0
1.0
1.0
1.0
1.0
1.0
1.0
1.0
1.0
1.0
1.0
1.0
1.0
1.0
1.0
1.0
1.0
1.0
1.0
1.0
1.0
1.0
1.0
1.0
1.0
1.0
1.0
1.0
1.0
1.0
1.0
1.0
1.0
1.0
1.0
1.0
1.0
1.0
1.0
1.0
1.0
1.0
1.0
1.0
1.0
1.0
1.0
1.0
1.0
1.0
1.0
1.0
1.0
1.0
1.0
1.0
1.0
1.0
1.0
1.0
1.0
1.0
1.0
1.0
1.0
1.0
1.0
1.0
1.0
1.0
1.0
1.0
1.0
1.0
1.0
1.0
1.0
1.0
1.0
1.0
1.0
1.0
1.0
1.0
1.0
1.0
1.0
1.0
1.0
1.0
1.0
1.0
1.0
1.0
1.0
1.0
1.0
1.0
1.0
1.0
1.0
1.0
1.0
1.0
1.0
1.0
1.0
1.0
1.0
1.0
1.0
1.0
1.0
1.0
1.0
1.0
1.0
1.0
1.0
1.0
1.0
1.0
1.0
1.0
1.0
1.0
1.0
1.0
1.0
1.0
1.0
1.0
1.0
1.0
1.0
1.0
1.0
1.0
1.0
1.0
1.0
1.0
1.0
1.0
1.0
1.0
1.0
1.0
1.0
1.0
1.0
1.0
1.0
1.0
1.0
1.0
1.0
1.0
1.0
1.0
1.0
1.0
1.0
1.0
1.0
1.0
1.0
1.0
1.0
1.0
1.0
1.0
1.0
1.0
1.0
1.0
1.0
1.0
