0.6049070358276367
0.4894653558731079
0.4494616687297821
0.43021637201309204
0.41487234830856323
0.4071604907512665
0.40166032314300537
0.3983553647994995
0.3952986001968384
0.39318549633026123
0.39182156324386597
0.39028605818748474
0.3884015381336212
0.3873768448829651
0.38589656352996826
0.38496214151382446
0.3840799629688263
0.3829963505268097
0.3822766840457916
0.3809000849723816
0.3805226981639862
0.3801170289516449
0.37916266918182373
0.3782140016555786
0.37813469767570496
0.3768477737903595
0.37641802430152893
0.37539780139923096
0.37634336948394775
0.37487152218818665
0.3746286928653717
0.3728557229042053
0.37254852056503296
0.37217605113983154
0.3721674382686615
0.3702603578567505
0.3705819547176361
0.3693045675754547
0.36896848678588867
0.3680669069290161
0.36721470952033997
0.3669995069503784
0.36630311608314514
0.36569327116012573
0.3646795153617859
0.36527174711227417
0.3635273873806
0.363538920879364
0.3634779751300812
0.3632974326610565
0.3624917268753052
0.3619045615196228
0.361330509185791
0.3599415123462677
0.3594939112663269
0.3583625555038452
0.35875582695007324
0.35647350549697876
0.35665836930274963
0.3554880619049072
0.35548463463783264
0.3567737936973572
0.3545340895652771
0.3538646399974823
0.35307201743125916
0.3533722162246704
0.35210275650024414
0.3516673445701599
0.35160595178604126
0.35026416182518005
0.35057148337364197
0.3494883179664612
0.34891805052757263
0.3476635217666626
0.3471553325653076
0.34636974334716797
0.34541869163513184
0.34647175669670105
0.34837380051612854
0.3454444706439972
0.3448043465614319
0.3441426455974579
0.3430785834789276
0.34326937794685364
0.34350064396858215
0.34415045380592346
0.34061098098754883
0.3397715091705322
0.34125787019729614
0.33929046988487244
0.34313589334487915
0.3387974798679352
0.3379729092121124
0.33777958154678345
0.3390807509422302
0.33712759613990784
0.33614349365234375
0.3362419009208679
0.33474043011665344
0.3348785638809204
0.3346833884716034
0.3351936340332031
0.33514606952667236
0.3314893841743469
0.33184614777565
0.3328414261341095
0.3322610557079315
0.3292868733406067
0.3296962380409241
0.3295730948448181
0.3274378776550293
0.3266125023365021
0.3276931047439575
0.32612818479537964
0.32469257712364197
0.324874609708786
0.3252127468585968
0.3234844207763672
0.3222159445285797
0.3226037323474884
0.3210504949092865
0.32125741243362427
0.32053959369659424
0.32058075070381165
0.31884515285491943
0.3210180699825287
0.3202178478240967
0.31924477219581604
0.31832826137542725
0.3189793527126312
0.31804540753364563
0.31613588333129883
0.3155861496925354
0.31545501947402954
0.3159322738647461
0.31390640139579773
0.3121699392795563
0.313464492559433
0.3140559792518616
0.31133410334587097
0.3130858838558197
0.3114221394062042
0.3103138506412506
0.30911195278167725
0.30916452407836914
0.3088487386703491
0.30784332752227783
0.3079929053783417
0.3079385459423065
0.3068067729473114
0.30800992250442505
0.30527639389038086
0.30490753054618835
0.3055095374584198
0.30495259165763855
0.3043886423110962
0.30364322662353516
0.3012089431285858
0.3006761968135834
0.3005659282207489
0.2991761565208435
0.2992866039276123
0.3001493215560913
0.29884037375450134
0.2987608015537262
0.2984089255332947
0.29854288697242737
0.29850608110427856
0.29826080799102783
0.2997165024280548
0.2979574501514435
0.2984273433685303
0.29828643798828125
0.2972604036331177
0.2969721853733063
0.29694613814353943
0.2957913279533386
0.296006977558136
0.29612430930137634
0.29592564702033997
0.295134037733078
0.2953236997127533
0.2958931624889374
0.2961161732673645
0.29546377062797546
0.29503676295280457
0.29346442222595215
0.2953554391860962
0.2935049831867218
0.2935144007205963
0.2944214344024658
0.2933173179626465
0.293994665145874
0.293256014585495
0.2929205596446991
0.29247167706489563
0.2910628616809845
0.29237183928489685
0.2915569245815277
0.2911045253276825
0.291204571723938
0.2922017276287079
0.2908701002597809
0.2911844253540039
0.290118008852005
0.29048842191696167
0.29122093319892883
0.2905690371990204
0.2899877727031708
0.2898639440536499
0.29128238558769226
0.28903260827064514
0.2890641391277313
0.28874680399894714
0.2888973355293274
0.2882436215877533
0.28926223516464233
0.2880188822746277
0.288944810628891
0.28835198283195496
0.2887890934944153
0.28680750727653503
0.2869024872779846
0.28654423356056213
0.28902918100357056
0.2869518995285034
0.2868449091911316
0.28720352053642273
0.2870105504989624
0.28527042269706726
0.2862565219402313
0.28669923543930054
0.2857169508934021
0.28600195050239563
0.2851928472518921
0.2846115827560425
0.2845940589904785
0.2840452194213867
0.2858787477016449
0.2844866216182709
0.2835475504398346
0.28474077582359314
0.284056156873703
0.2845798134803772
0.28426119685173035
0.2828001379966736
0.28397223353385925
0.2837050259113312
0.28328436613082886
0.28220564126968384
0.2820799648761749
0.28216972947120667
0.28162965178489685
0.2811034321784973
0.28212836384773254
0.2826504409313202
0.28194135427474976
0.28021371364593506
0.2797960042953491
0.2796202600002289
0.27973470091819763
0.2794554829597473
0.27952396869659424
0.2791229486465454
0.27944815158843994
0.27925604581832886
0.279681921005249
0.2790314853191376
0.27882620692253113
0.2786006033420563
0.27849987149238586
0.27847781777381897
0.27900490164756775
0.27822911739349365
0.2783602774143219
0.27832165360450745
0.2779572308063507
0.27808383107185364
0.2782784700393677
0.2783629298210144
0.27802884578704834
0.27768397331237793
0.27765151858329773
0.2776889503002167
0.27757829427719116
0.27759066224098206
0.2773728370666504
0.2770112454891205
0.2774043679237366
0.2770380973815918
0.27722668647766113
0.27671104669570923
0.2767408490180969
0.2769301235675812
0.2766426205635071
0.27735042572021484
0.27640029788017273
0.27654048800468445
0.27662739157676697
0.27654707431793213
0.2760503888130188
0.2763701379299164
0.275725781917572
0.2764022946357727
0.27623653411865234
0.27573642134666443
0.27771198749542236
0.2760849893093109
0.27622511982917786
0.27584579586982727
0.27575182914733887
0.27564263343811035
0.2754021883010864
0.27552786469459534
0.27539294958114624
0.27521491050720215
0.27521732449531555
0.27519527077674866
0.275360643863678
0.27483931183815
0.2750251591205597
0.2754933834075928
0.2759320139884949
0.27503758668899536
0.27496856451034546
0.2744171917438507
0.27445995807647705
0.2749277651309967
0.2738020122051239
0.2736673355102539
0.27419063448905945
0.2739349901676178
0.2747904658317566
0.27425625920295715
0.27442702651023865
0.27384084463119507
0.2737535238265991
0.27425727248191833
0.27427566051483154
0.2743704319000244
0.27354684472084045
0.27419450879096985
0.2731873691082001
0.27339088916778564
0.2730773389339447
0.2731707990169525
0.27349191904067993
0.2736032009124756
0.2727768123149872
0.27262699604034424
0.2725369930267334
0.2722647190093994
0.27244916558265686
0.2721787095069885
0.2730538249015808
0.2737893760204315
0.2727564871311188
0.27136027812957764
0.2712237238883972
0.27120187878608704
0.2711602449417114
0.27158451080322266
0.2713201344013214
0.27131977677345276
0.27153509855270386
0.2721300721168518
0.2716560959815979
0.2712331712245941
0.27092245221138
0.2714771628379822
0.2709275186061859
0.2708736062049866
0.27069467306137085
0.2707609236240387
0.27100613713264465
0.2709404230117798
0.2709555923938751
0.2706354260444641
0.270653635263443
0.27060678601264954
0.2706480324268341
0.2704998850822449
0.2704676687717438
0.27058374881744385
0.27057453989982605
0.27048203349113464
0.2703965902328491
0.2706092596054077
0.2704377770423889
0.27040085196495056
0.27084848284721375
0.27053844928741455
0.27006348967552185
0.2703169584274292
0.27007248997688293
0.2703329026699066
0.2705317437648773
0.2698497176170349
0.2701975107192993
0.2698613405227661
0.2698840796947479
0.2699333131313324
0.2697688937187195
0.2697802186012268
0.26970911026000977
0.2697869837284088
0.2696813941001892
0.26966315507888794
0.269473671913147
0.26946014165878296
0.269769549369812
0.26956772804260254
0.2694445550441742
0.26955586671829224
0.26950737833976746
0.26966866850852966
0.269441694021225
0.2693442404270172
0.2691744565963745
0.2690027952194214
0.26910829544067383
0.26915332674980164
0.2690924108028412
0.2694738209247589
0.2692679464817047
0.26935306191444397
0.2691163718700409
0.26889845728874207
0.2690756320953369
0.26883503794670105
0.2689329981803894
0.26867470145225525
0.26881593465805054
0.268627792596817
0.26872140169143677
0.26893267035484314
0.26871976256370544
0.2688318192958832
0.2692863643169403
0.268510103225708
0.26847246289253235
0.26901480555534363
0.26867207884788513
0.2684822678565979
0.26861798763275146
0.2683703899383545
0.26855725049972534
0.26819053292274475
0.2684546411037445
0.26818621158599854
0.2684099078178406
0.26811230182647705
0.26818475127220154
0.26819291710853577
0.26814618706703186
0.26794925332069397
0.26823168992996216
0.2677135765552521
0.2677881717681885
0.26767563819885254
0.2675536274909973
0.2674887478351593
0.2675074338912964
0.2675529718399048
0.2673746645450592
0.26740700006484985
0.26744529604911804
0.2673760950565338
0.2674381732940674
0.2676118016242981
0.26745572686195374
0.26738956570625305
0.2673945426940918
0.26758137345314026
0.26731833815574646
0.2672361433506012
0.26743564009666443
0.26726457476615906
0.2672328054904938
0.26724496483802795
0.26734697818756104
0.26721519231796265
0.267318993806839
0.2670704126358032
0.2670851945877075
0.2671608030796051
0.2672104835510254
0.2672233581542969
0.26700839400291443
0.26703551411628723
0.2669924199581146
0.26700881123542786
0.2671440541744232
0.26696497201919556
0.2669709026813507
0.26697784662246704
0.2668902575969696
0.2670932412147522
0.26709362864494324
0.2671181261539459
0.26707133650779724
0.26679545640945435
0.26676633954048157
0.2669394016265869
0.26682794094085693
0.2668435275554657
0.2667270004749298
0.26675090193748474
0.26680755615234375
0.2667260766029358
0.26684802770614624
0.2668645977973938
0.266949325799942
0.2668747305870056
0.26662713289260864
0.2667078673839569
0.26667386293411255
0.2665453255176544
0.26671698689460754
0.26660865545272827
0.2665313482284546
0.2664572298526764
0.26654601097106934
0.26645970344543457
0.2665241062641144
0.26652103662490845
0.26635998487472534
0.26644495129585266
0.26641276478767395
0.26648250222206116
0.2665288746356964
0.2663647532463074
0.2663458585739136
0.2663598358631134
0.2662709653377533
0.26643744111061096
0.2666867971420288
0.2663261592388153
0.26616910099983215
0.26613879203796387
0.2661810517311096
0.2663130462169647
0.26615720987319946
0.26618966460227966
0.26622769236564636
0.2659825384616852
0.266181081533432
0.26617783308029175
0.26622363924980164
0.26613906025886536
0.265986829996109
0.26612237095832825
0.266055166721344
0.2659853994846344
0.26594656705856323
0.26607099175453186
0.2658601999282837
0.2657591700553894
0.26572680473327637
0.2656910717487335
0.2657111883163452
0.2656077742576599
0.26566752791404724
0.26566261053085327
0.265706330537796
0.26564252376556396
0.26565179228782654
0.2656286060810089
0.26559242606163025
0.2656787633895874
0.2655932903289795
0.26561248302459717
0.2655682861804962
0.2656348645687103
0.26554855704307556
0.2655903100967407
0.2655836045742035
0.26548683643341064
0.2655976414680481
0.26555562019348145
0.26554352045059204
0.2655048072338104
0.26546138525009155
0.26551535725593567
0.2654852569103241
0.26546454429626465
0.2655104696750641
0.2654673755168915
0.26545169949531555
0.26547175645828247
0.2654207646846771
0.26541975140571594
0.26539644598960876
0.2655244469642639
0.2653777003288269
0.26538053154945374
0.2654602825641632
0.26531949639320374
0.2653551399707794
0.2653101682662964
0.26541030406951904
0.2654067277908325
0.2653248906135559
0.2653714418411255
0.2653060555458069
0.2652864456176758
0.2653966546058655
0.2653048634529114
0.2653007209300995
0.26530614495277405
0.26525840163230896
0.2652435302734375
0.2652519643306732
0.2652445137500763
0.2652190029621124
0.2651916742324829
0.2651914954185486
0.26521891355514526
0.26520219445228577
0.2652311623096466
0.26519250869750977
0.2651670277118683
0.2651394009590149
0.2651422917842865
0.2651577293872833
0.2651209533214569
0.26513609290122986
0.2650846242904663
0.2650845944881439
0.26505547761917114
0.2651364505290985
0.26511672139167786
0.2651470899581909
0.2651418149471283
0.26508134603500366
0.2650417387485504
0.26503312587738037
0.26514163613319397
0.26509788632392883
0.26500022411346436
0.26499050855636597
0.2649797797203064
0.2650417983531952
0.2650633156299591
0.26496681571006775
0.26496174931526184
0.26501724123954773
0.26504069566726685
0.2649807035923004
0.26496419310569763
0.26492130756378174
0.264901727437973
0.2648863196372986
0.26489242911338806
0.2648909389972687
0.2649581730365753
0.2648763656616211
0.26480576395988464
0.264753520488739
0.26477736234664917
0.26476386189460754
0.2647708058357239
0.26476427912712097
0.264738529920578
0.26477479934692383
0.26475173234939575
0.2647497057914734
0.2647455632686615
0.26475223898887634
0.2646891176700592
0.26470234990119934
0.26473045349121094
0.2647162079811096
0.2647414207458496
0.26469525694847107
0.2647104561328888
0.2646784782409668
0.2647067904472351
0.2646973729133606
0.26465630531311035
0.2646886110305786
0.26470449566841125
0.2646421492099762
0.26466238498687744
0.26465338468551636
0.26465970277786255
0.26462751626968384
0.26465505361557007
0.2646332085132599
0.2646377980709076
0.2646143436431885
0.26462432742118835
0.26461347937583923
0.26459625363349915
0.26463764905929565
0.26461827754974365
0.26459819078445435
0.2646031975746155
0.26462018489837646
0.26458626985549927
0.2646210789680481
0.2646186947822571
0.2645975649356842
0.26456087827682495
0.26460692286491394
0.264553964138031
0.2645633816719055
0.26453861594200134
0.2645415961742401
0.2645573914051056
0.26453733444213867
0.2645759880542755
0.264527827501297
0.26458045840263367
0.26452869176864624
0.26453840732574463
0.26456236839294434
0.2645139694213867
0.26452144980430603
0.26453158259391785
0.2644929587841034
0.2645057439804077
0.2645658552646637
0.2644865810871124
0.26447463035583496
0.2644825279712677
0.2644616961479187
0.2644955813884735
0.26445329189300537
0.2644684910774231
0.26449137926101685
0.2644444406032562
0.2644850015640259
0.2644531726837158
0.2644335925579071
0.2644597291946411
0.26442641019821167
0.26440778374671936
0.2644338011741638
0.2644069492816925
0.2644141912460327
0.2643807828426361
0.2644084393978119
0.2644059658050537
0.2644210159778595
0.26439976692199707
0.2644052505493164
0.2643738389015198
0.26438602805137634
0.26435908675193787
0.26436886191368103
0.2643745541572571
0.2643677890300751
0.26439470052719116
0.26439476013183594
0.26438960433006287
0.26434481143951416
0.2642967104911804
0.26429498195648193
0.2642945349216461
0.2642920911312103
0.2642824947834015
0.2642831802368164
0.2642812728881836
0.26427745819091797
0.2642676532268524
0.2642865478992462
0.26427677273750305
0.26427915692329407
0.2642586827278137
0.2642552852630615
0.2642570436000824
0.2642529606819153
0.264252245426178
0.2642729878425598
0.2642696499824524
0.264242023229599
0.26426228880882263
0.26424819231033325
0.2642401456832886
0.2642520070075989
0.26424679160118103
0.26424017548561096
0.264254629611969
0.264234721660614
0.2642311751842499
0.2642572820186615
0.26424115896224976
0.2642299234867096
0.2642204761505127
0.2642216682434082
0.26423487067222595
0.2642100751399994
0.26420852541923523
0.26424646377563477
0.2642204463481903
0.2642132639884949
0.2641970217227936
0.26420319080352783
0.2642000615596771
0.26420071721076965
0.2641943395137787
0.26421332359313965
0.2642081081867218
0.2641955614089966
0.2641870081424713
0.26417815685272217
0.2641938626766205
0.26418253779411316
0.264180451631546
0.2641863524913788
0.26418256759643555
0.26418057084083557
0.2641884386539459
0.2641691565513611
0.2642013132572174
0.26416224241256714
0.26416486501693726
0.26417580246925354
0.26415547728538513
0.2641657590866089
0.2641891837120056
0.26419249176979065
0.26416483521461487
0.2641430199146271
0.2641647756099701
0.26414042711257935
0.26414069533348083
0.2641426920890808
0.2641504406929016
0.2641462981700897
0.26413998007774353
0.26415255665779114
0.26412346959114075
0.2641337215900421
0.26412826776504517
0.264140784740448
0.26411572098731995
0.2641318738460541
0.2641245424747467
0.26416492462158203
0.26412567496299744
0.2641088664531708
0.26411575078964233
0.2640939950942993
0.2641023099422455
0.2641105651855469
0.264110803604126
0.26411646604537964
0.2641063928604126
0.2640981674194336
0.26408833265304565
0.26409459114074707
0.2640906870365143
0.26409560441970825
0.26410043239593506
0.2640834152698517
0.26406747102737427
0.26405274868011475
0.26405611634254456
0.26405858993530273
0.26405853033065796
0.26404765248298645
0.26404714584350586
0.264050155878067
0.2640566825866699
0.26403868198394775
0.2640513479709625
0.2640518248081207
0.26404744386672974
0.2640378475189209
0.26404502987861633
0.2640397250652313
0.2640336751937866
0.2640394866466522
0.2640371024608612
0.26403263211250305
0.2640319764614105
0.2640271484851837
0.2640300989151001
0.26403263211250305
0.2640368640422821
0.26403310894966125
0.2640250325202942
0.2640206217765808
0.26402589678764343
0.2640295624732971
0.26402077078819275
0.26402518153190613
0.26402002573013306
0.26401880383491516
0.26402929425239563
0.2640252113342285
0.2640124261379242
0.26401349902153015
0.2640121877193451
0.2640218138694763
0.2640235126018524
0.2640121579170227
0.2640025317668915
0.264010488986969
0.26402154564857483
0.26400575041770935
0.264011025428772
0.26401641964912415
0.26400482654571533
0.26400062441825867
0.2640003561973572
0.2639966607093811
0.2640077769756317
0.2639996409416199
0.2640044391155243
0.26400500535964966
0.26400530338287354
0.26399141550064087
0.26399746537208557
0.2639836370944977
0.26400530338287354
0.2639901041984558
0.26398763060569763
0.2639888525009155
0.26398786902427673
0.26399895548820496
0.26398226618766785
0.2639803886413574
0.26397961378097534
0.26398998498916626
0.263984739780426
0.26398181915283203
0.2639830410480499
0.2639790177345276
0.263998419046402
0.2639883756637573
0.2639734745025635
0.2639872431755066
0.26398539543151855
0.26396724581718445
0.2639823257923126
0.2639833986759186
0.26397204399108887
0.26396384835243225
0.26396501064300537
0.2639671266078949
0.2639594078063965
0.2639690637588501
0.2639642357826233
0.2639595866203308
0.26396793127059937
0.2639528214931488
0.26396703720092773
0.2639589309692383
0.26396074891090393
0.2639494836330414
0.2639540433883667
0.26395589113235474
0.2639760673046112
0.2639652490615845
0.2639380991458893
0.263935387134552
0.26393917202949524
0.2639336585998535
0.2639319598674774
0.2639344036579132
0.2639337182044983
0.26393067836761475
0.26392999291419983
0.2639303505420685
0.263927698135376
0.2639346718788147
0.2639313340187073
0.2639285922050476
0.26392948627471924
0.26392999291419983
0.2639302909374237
0.26392754912376404
0.26393213868141174
0.26392853260040283
0.26392409205436707
0.2639264762401581
0.263921856880188
0.2639221251010895
0.26392582058906555
0.2639257609844208
0.2639227509498596
0.26392048597335815
0.26391974091529846
0.26392099261283875
0.26392146944999695
0.2639158368110657
0.26392096281051636
0.2639218270778656
0.26391974091529846
0.26391780376434326
0.26392054557800293
0.2639177441596985
0.2639169991016388
0.2639232873916626
0.2639143764972687
0.2639131546020508
0.2639143764972687
0.26391318440437317
0.26391205191612244
0.2639128267765045
0.263913631439209
0.2639116644859314
0.2639147937297821
0.2639087438583374
0.26391151547431946
0.26390695571899414
0.26390841603279114
0.263906866312027
0.26390522718429565
0.26390618085861206
0.2639091908931732
0.2639123499393463
0.2639067769050598
0.263908714056015
0.26390311121940613
0.2639044523239136
0.2639046311378479
0.26390349864959717
0.26391077041625977
0.26390156149864197
0.2639022469520569
0.2638981342315674
0.2639015316963196
0.26390233635902405
0.2639042139053345
0.2639003396034241
0.2638972997665405
0.26389947533607483
0.26390400528907776
0.26389554142951965
0.2639023959636688
0.2638981342315674
0.26389580965042114
0.26389551162719727
0.26389625668525696
0.2638965845108032
0.2639077603816986
0.2638900578022003
0.2638934254646301
0.2638908922672272
0.2638958692550659
0.263897180557251
0.263888418674469
0.2638934552669525
0.2638915777206421
0.26388534903526306
0.26388537883758545
0.26388615369796753
0.26388734579086304
0.263883501291275
0.26388558745384216
0.2638843059539795
0.26388564705848694
0.2638864517211914
0.263876348733902
0.2638757824897766
0.2638809382915497
0.2638748586177826
0.2638772428035736
0.2638773024082184
0.2638767957687378
0.26387783885002136
0.26387497782707214
0.26387619972229004
0.263872891664505
0.26387783885002136
0.26387491822242737
0.26387423276901245
0.2638738751411438
0.26387301087379456
0.2638738453388214
0.2638743817806244
0.2638711929321289
0.2638719379901886
0.26387184858322144
0.26387327909469604
0.26387321949005127
0.26387259364128113
0.2638726830482483
0.2638706862926483
0.26387497782707214
0.26387593150138855
0.26386988162994385
0.263869047164917
0.26386988162994385
0.26386985182762146
0.26386702060699463
0.2638695240020752
0.26386669278144836
0.26386818289756775
0.26386910676956177
0.2638678550720215
0.26386699080467224
0.2638661861419678
0.2638700604438782
0.26386481523513794
0.2638680338859558
0.26386570930480957
0.2638665735721588
0.26386570930480957
0.26386335492134094
0.2638658285140991
0.2638651430606842
0.2638642191886902
0.26386529207229614
0.263864129781723
0.26386672258377075
0.2638642191886902
0.26386213302612305
0.26386183500289917
0.2638624608516693
0.2638627588748932
0.2638612687587738
0.2638610601425171
0.2638630270957947
0.2638627588748932
0.26386043429374695
0.2638597786426544
0.263860285282135
0.26386189460754395
0.2638591229915619
0.26386022567749023
0.2638588547706604
0.26385968923568726
0.2638589143753052
0.26386019587516785
0.26385894417762756
0.26385894417762756
0.26385703682899475
0.263857901096344
0.26385900378227234
0.2638568878173828
0.2638578414916992
0.2638568878173828
0.2638579308986664
0.26385822892189026
0.26385563611984253
0.26385682821273804
0.2638552784919739
0.2638570964336395
0.26385942101478577
0.2638562321662903
0.26385605335235596
0.26385438442230225
0.2638528645038605
0.2638542950153351
0.26385414600372314
0.2638550102710724
0.26385343074798584
0.26385506987571716
0.26385191082954407
0.26385411620140076
0.26385384798049927
0.26385337114334106
0.26384982466697693
0.2638479769229889
0.26384827494621277
0.26384761929512024
0.2638479769229889
0.2638481557369232
0.2638474404811859
0.2638484537601471
0.26384806632995605
0.263847291469574
0.26384681463241577
0.2638469934463501
0.2638474702835083
0.2638469636440277
0.26384639739990234
0.2638464868068695
0.26384592056274414
0.26384657621383667
0.2638471722602844
0.26384568214416504
0.26384618878364563
0.2638466954231262
0.2638453245162964
0.2638450860977173
0.2638457417488098
0.2638462483882904
0.26384562253952026
0.2638450562953949
0.26384446024894714
0.2638449966907501
0.2638448178768158
0.26384758949279785
0.2638445198535919
0.2638443410396576
0.2638445496559143
0.26384344696998596
0.2638436555862427
0.26384446024894714
0.26384347677230835
0.2638425827026367
0.2638435661792755
0.26384326815605164
0.2638431787490845
0.2638426721096039
0.2638419568538666
0.26384323835372925
0.2638424038887024
0.26384302973747253
0.26384273171424866
0.2638418972492218
0.2638428807258606
0.26384276151657104
0.2638424038887024
0.2638421356678009
0.26384180784225464
0.26384204626083374
0.26384320855140686
0.26384103298187256
0.2638421952724457
0.263841837644577
0.26384106278419495
0.26384055614471436
0.26384082436561584
0.2638413906097412
0.26384228467941284
0.2638411819934845
0.26384031772613525
0.26384037733078003
0.2638397812843323
0.2638404965400696
0.2638399302959442
0.2638392150402069
0.2638387680053711
0.2638397514820099
0.2638387382030487
0.2638384699821472
0.2638396918773651
0.26383906602859497
0.2638397216796875
0.26383787393569946
0.2638380229473114
0.2638383209705353
0.26383861899375916
0.2638379633426666
0.26383835077285767
0.2638389468193054
0.2638382613658905
0.2638377547264099
0.263837993144989
0.26383721828460693
0.2638378441333771
0.2638375163078308
0.26383742690086365
0.26383715867996216
0.2638368606567383
0.26383674144744873
0.26383739709854126
0.2638363838195801
0.2638365626335144
0.2638377547264099
0.2638342082500458
0.2638353109359741
0.26383480429649353
0.2638353705406189
0.2638343870639801
0.2638338506221771
0.26383399963378906
0.2638339698314667
0.2638337016105652
0.26383352279663086
0.263834685087204
0.2638336420059204
0.26383349299430847
0.2638339698314667
0.26383382081985474
0.26383325457572937
0.26383331418037415
0.26383355259895325
0.26383307576179504
0.2638334035873413
0.26383349299430847
0.2638328969478607
0.2638337016105652
0.26383307576179504
0.2638340890407562
0.2638326585292816
0.2638328969478607
0.263833612203598
0.26383259892463684
0.2638324499130249
0.2638324797153473
0.26383352279663086
0.2638326585292816
0.263832688331604
0.2638324499130249
0.2638322710990906
0.2638324499130249
0.2638329267501831
0.2638322710990906
0.2638320326805115
0.2638319730758667
0.263832151889801
0.2638322412967682
0.2638331353664398
0.2638321816921234
0.26383212208747864
0.2638319134712219
0.2638315260410309
0.2638314366340637
0.26383158564567566
0.2638309597969055
0.2638312578201294
0.2638320028781891
0.2638312578201294
0.2638316750526428
0.2638314962387085
0.2638310194015503
0.26383110880851746
0.2638307809829712
0.2638310492038727
0.26383107900619507
0.263831228017807
0.26383039355278015
0.263831228017807
0.2638305425643921
0.26383036375045776
0.2638322710990906
0.2638300657272339
0.2638304829597473
0.2638305425643921
0.26383012533187866
0.26383039355278015
0.26382991671562195
0.26383084058761597
0.26383036375045776
0.2638297975063324
0.26383018493652344
0.2638298571109772
0.26382994651794434
0.26383015513420105
0.2638295888900757
0.26382970809936523
0.26382946968078613
0.26382943987846375
0.26382938027381897
0.2638290226459503
0.26382946968078613
0.2638297379016876
0.26382920145988464
0.26382946968078613
0.2638290524482727
0.26382896304130554
0.26382893323898315
0.26382869482040405
0.2638293504714966
0.26382890343666077
0.2638295590877533
0.26382866501808167
0.2638285458087921
0.2638288140296936
0.26382774114608765
0.2638276219367981
0.2638275921344757
0.2638276517391205
0.2638275921344757
0.2638274133205414
0.2638274133205414
0.26382768154144287
0.26382750272750854
0.26382750272750854
0.2638274133205414
0.2638278305530548
0.263827383518219
0.2638274133205414
0.26382744312286377
0.26382726430892944
0.26382729411125183
0.26382726430892944
0.2638271749019623
0.26382747292518616
0.26382696628570557
0.2638270854949951
0.2638271152973175
0.2638271450996399
0.26382705569267273
0.26382702589035034
0.2638271450996399
0.263826847076416
0.2638269364833832
0.26382681727409363
0.263827383518219
0.26382696628570557
0.26382681727409363
0.2638270854949951
0.2638266384601593
0.2638269066810608
0.2638270854949951
0.2638268768787384
0.2638269364833832
0.2638266980648041
0.26382672786712646
0.2638269364833832
0.26382678747177124
0.263826847076416
0.2638270854949951
0.2638266682624817
0.26382648944854736
0.2638269364833832
0.263826847076416
0.2638266384601593
0.263826459646225
0.2638265788555145
0.2638263702392578
0.2638264000415802
0.2638266682624817
0.2638266086578369
0.263826459646225
0.2638263404369354
0.26382628083229065
0.2638261616230011
0.2638265788555145
0.2638263404369354
0.2638264298439026
0.2638265788555145
0.26382601261138916
0.2638263404369354
0.2638259828090668
0.26382601261138916
0.2638266682624817
0.2638261318206787
0.2638259530067444
0.2638259530067444
0.2638258934020996
0.26382601261138916
0.2638261318206787
0.2638261616230011
0.263825923204422
0.2638258934020996
0.2638259828090668
0.2638264000415802
0.26382556557655334
0.2638258934020996
0.2638258934020996
0.26382583379745483
0.26382574439048767
0.26382577419281006
0.2638265788555145
0.2638259828090668
0.26382580399513245
0.2638256251811981
0.26382553577423096
0.26382553577423096
0.26382556557655334
0.26382550597190857
0.2638254463672638
0.26382535696029663
0.26382535696029663
0.26382532715797424
0.263825386762619
0.2638256847858429
0.263824999332428
0.26382526755332947
0.2638252079486847
0.26382529735565186
0.2638252079486847
0.26382526755332947
0.263824999332428
0.2638251781463623
0.2638252079486847
0.26382508873939514
0.263824999332428
0.26382502913475037
0.263825386762619
0.2638254165649414
0.263824999332428
0.2638249695301056
0.26382508873939514
0.26382485032081604
0.2638251483440399
0.26382505893707275
0.26382529735565186
0.26382502913475037
0.2638249695301056
0.26382485032081604
0.26382485032081604
0.2638247609138489
0.26382485032081604
0.26382479071617126
0.2638247013092041
0.26382461190223694
0.26382482051849365
0.2638247311115265
0.2638247311115265
0.2638251483440399
0.26382461190223694
0.2638244926929474
0.26382458209991455
0.2638245224952698
0.26382458209991455
0.2638245224952698
0.2638245224952698
0.26382455229759216
0.263824462890625
0.2638245224952698
0.26382479071617126
0.2638245224952698
0.263824999332428
0.2638244330883026
0.26382437348365784
0.26382455229759216
0.2638242244720459
0.2638242542743683
0.2638242840766907
0.2638242840766907
