0.7756590247154236
0.8042624592781067
0.8093101382255554
0.803701639175415
0.812114417552948
0.8166012167930603
0.8154795169830322
0.8132361173629761
0.8182837963104248
0.8166012167930603
0.8227705955505371
0.8132361173629761
0.8244531750679016
0.8238922953605652
0.8188446164131165
0.8199663758277893
0.8233314752578735
0.8278182744979858
0.8250139951705933
0.8261357545852661
0.830061674118042
0.8317442536354065
0.830061674118042
0.838474452495575
0.8339876532554626
0.8345485329627991
0.8328659534454346
0.8407179117202759
0.8356702327728271
0.8407179117202759
0.8446438312530518
0.8407179117202759
0.8463264107704163
0.8379136323928833
0.8474481105804443
0.8519349694252014
0.8496915102005005
0.8424004316329956
0.8496915102005005
0.8569825887680054
0.8586651682853699
0.8524957895278931
0.8569825887680054
0.8603477478027344
0.8625911474227905
0.8553000688552856
0.860908567905426
0.8569825887680054
0.8519349694252014
0.8648345470428467
0.8665171265602112
0.8665171265602112
0.8698822259902954
0.8631519675254822
0.8687605261802673
0.8659562468528748
0.8738082051277161
0.8698822259902954
0.8760516047477722
0.8771733045578003
0.8827818036079407
0.8704430460929871
0.8687605261802673
0.8839035630226135
0.8805384039878845
0.8878294825553894
0.8827818036079407
0.8799775838851929
0.8754907250404358
0.8754907250404358
0.8883903622627258
0.8844643831253052
0.8850252628326416
0.8816601037979126
0.8844643831253052
0.8850252628326416
0.890633761882782
0.890633761882782
0.8984857201576233
0.8883903622627258
0.8917554616928101
0.8911946415901184
0.9012899398803711
0.8928771615028381
0.8878294825553894
0.8990465402603149
0.9029725193977356
0.8979248404502869
0.8962422609329224
0.8923163414001465
0.8878294825553894
0.8917554616928101
0.8956814408302307
0.908581018447876
0.9018508195877075
0.911946177482605
0.9091418981552124
0.908581018447876
0.9074593186378479
0.9052159190177917
0.9012899398803711
0.9097027778625488
0.9102635979652405
0.9068984985351562
0.911946177482605
0.8979248404502869
0.9175546765327454
0.9091418981552124
0.9153112769126892
0.9141895771026611
0.9141895771026611
0.9192372560501099
0.9158720970153809
0.9169938564300537
0.9242849349975586
0.9321368336677551
0.9248457551002502
0.9287717342376709
0.9265283346176147
0.9276500344276428
0.9282108545303345
0.929893434047699
0.9326977133750916
0.9293326139450073
0.931015133857727
0.9332585334777832
0.9276500344276428
0.9315760135650635
0.929893434047699
0.9321368336677551
0.9338194131851196
0.9321368336677551
0.9377453923225403
0.9343802332878113
0.9332585334777832
0.9343802332878113
0.9371845126152039
0.9349411129951477
0.9326977133750916
0.9388670921325684
0.9383062124252319
0.9343802332878113
0.9360628128051758
0.93942791223526
0.9332585334777832
0.9411104917526245
0.9349411129951477
0.93942791223526
0.9399887919425964
0.9411104917526245
0.9377453923225403
0.9422321915626526
0.9399887919425964
0.9388670921325684
0.9450364708900452
0.9461581707000732
0.9377453923225403
0.9405496120452881
0.9399887919425964
0.9377453923225403
0.9399887919425964
0.9455972909927368
0.9439147710800171
0.9455972909927368
0.9433538913726807
0.9405496120452881
0.9405496120452881
0.9416713118553162
0.9484015703201294
0.9461581707000732
0.9461581707000732
0.9461581707000732
0.9484015703201294
0.9450364708900452
0.951205849647522
0.9489624500274658
0.947840690612793
0.9467189908027649
0.9489624500274658
0.9461581707000732
0.9484015703201294
0.9467189908027649
0.9489624500274658
0.9489624500274658
0.9489624500274658
0.9528883695602417
0.9517666697502136
0.9472798705101013
0.951205849647522
0.9500841498374939
0.9551318287849426
0.95232754945755
0.9528883695602417
0.9556926488876343
0.9551318287849426
0.95232754945755
0.9584969282150269
0.9506449699401855
0.9562535285949707
0.9556926488876343
0.9517666697502136
0.9551318287849426
0.9506449699401855
0.9584969282150269
0.9590577483177185
0.9556926488876343
0.9562535285949707
0.9562535285949707
0.9540100693702698
0.9590577483177185
0.9562535285949707
0.960740327835083
0.9500841498374939
0.9551318287849426
0.960740327835083
0.9657880067825317
0.9646663069725037
0.9601794481277466
0.9663488268852234
0.9624229073524475
0.9613012075424194
0.9652271270751953
0.9652271270751953
0.9657880067825317
0.9624229073524475
0.9674705266952515
0.9657880067825317
0.9646663069725037
0.9646663069725037
0.9669097065925598
0.9629837274551392
0.9641054272651672
0.9641054272651672
0.9674705266952515
0.9657880067825317
0.9652271270751953
0.9669097065925598
0.9669097065925598
0.9641054272651672
0.9635446071624756
0.9657880067825317
0.9663488268852234
0.9657880067825317
0.9680314064025879
0.9685922861099243
0.9657880067825317
0.9657880067825317
0.9635446071624756
0.9674705266952515
0.9646663069725037
0.9657880067825317
0.9680314064025879
0.9674705266952515
0.969153106212616
0.9669097065925598
0.9669097065925598
0.9674705266952515
0.9674705266952515
0.969153106212616
0.9680314064025879
0.9685922861099243
0.9674705266952515
0.9641054272651672
0.970274806022644
0.9641054272651672
0.9685922861099243
0.9646663069725037
0.969153106212616
0.9663488268852234
0.9708356857299805
0.9663488268852234
0.9697139859199524
0.9669097065925598
0.970274806022644
0.9680314064025879
0.9685922861099243
0.9697139859199524
0.9669097065925598
0.969153106212616
0.9713965058326721
0.9674705266952515
0.9697139859199524
0.969153106212616
0.9697139859199524
0.9697139859199524
0.970274806022644
0.970274806022644
0.969153106212616
0.9708356857299805
0.970274806022644
0.970274806022644
0.969153106212616
0.9697139859199524
0.970274806022644
0.9725182056427002
0.9713965058326721
0.9697139859199524
0.970274806022644
0.9641054272651672
0.9719573855400085
0.9719573855400085
0.9719573855400085
0.9685922861099243
0.9713965058326721
0.9708356857299805
0.9725182056427002
0.9713965058326721
0.9719573855400085
0.9708356857299805
0.9685922861099243
0.9725182056427002
0.9685922861099243
0.9674705266952515
0.9713965058326721
0.9719573855400085
0.9725182056427002
0.9730790853500366
0.9742007851600647
0.9730790853500366
0.9736399054527283
0.9730790853500366
0.9730790853500366
0.9753224849700928
0.9730790853500366
0.9736399054527283
0.9753224849700928
0.9742007851600647
0.9736399054527283
0.9736399054527283
0.9758833646774292
0.9747616648674011
0.9747616648674011
0.9747616648674011
0.9736399054527283
0.9753224849700928
0.9747616648674011
0.9719573855400085
0.9758833646774292
0.9775658845901489
0.9742007851600647
0.9747616648674011
0.9719573855400085
0.9713965058326721
0.9719573855400085
0.9753224849700928
0.9736399054527283
0.9742007851600647
0.9758833646774292
0.9736399054527283
0.9747616648674011
0.9747616648674011
0.9747616648674011
0.9730790853500366
0.9753224849700928
0.9730790853500366
0.9764441847801208
0.9758833646774292
0.9753224849700928
0.9736399054527283
0.9730790853500366
0.9742007851600647
0.9736399054527283
0.9764441847801208
0.9736399054527283
0.9764441847801208
0.9753224849700928
0.9742007851600647
0.9747616648674011
0.9764441847801208
0.9730790853500366
0.9753224849700928
0.9753224849700928
0.9758833646774292
0.9753224849700928
0.9747616648674011
0.9747616648674011
0.9758833646774292
0.9736399054527283
0.9742007851600647
0.9770050644874573
0.9753224849700928
0.9747616648674011
0.9775658845901489
0.9758833646774292
0.9770050644874573
0.9758833646774292
0.9792484641075134
0.9758833646774292
0.9764441847801208
0.9747616648674011
0.9753224849700928
0.9758833646774292
0.9775658845901489
0.9747616648674011
0.9775658845901489
0.9742007851600647
0.9770050644874573
0.9747616648674011
0.9764441847801208
0.9758833646774292
0.9764441847801208
0.9747616648674011
0.9764441847801208
0.9764441847801208
0.9753224849700928
0.9758833646774292
0.9764441847801208
0.9764441847801208
0.9747616648674011
0.9758833646774292
0.9758833646774292
0.9764441847801208
0.9764441847801208
0.9781267642974854
0.9775658845901489
0.9764441847801208
0.9770050644874573
0.9758833646774292
0.9770050644874573
0.9781267642974854
0.9770050644874573
0.978687584400177
0.9770050644874573
0.978687584400177
0.9781267642974854
0.9775658845901489
0.9775658845901489
0.9764441847801208
0.9764441847801208
0.9781267642974854
0.9770050644874573
0.9781267642974854
0.9770050644874573
0.9775658845901489
0.9792484641075134
0.9770050644874573
0.9770050644874573
0.9764441847801208
0.9798092842102051
0.9775658845901489
0.9775658845901489
0.978687584400177
0.9764441847801208
0.9764441847801208
0.978687584400177
0.9770050644874573
0.9781267642974854
0.9775658845901489
0.978687584400177
0.9770050644874573
0.9792484641075134
0.9792484641075134
0.9775658845901489
0.978687584400177
0.9775658845901489
0.9781267642974854
0.9803701639175415
0.9792484641075134
0.9775658845901489
0.9798092842102051
0.9770050644874573
0.978687584400177
0.9770050644874573
0.9775658845901489
0.978687584400177
0.9764441847801208
0.9775658845901489
0.978687584400177
0.9803701639175415
0.9775658845901489
0.9781267642974854
0.978687584400177
0.9798092842102051
0.9798092842102051
0.9775658845901489
0.9775658845901489
0.9781267642974854
0.9781267642974854
0.9781267642974854
0.978687584400177
0.9775658845901489
0.9798092842102051
0.9792484641075134
0.978687584400177
0.9798092842102051
0.9798092842102051
0.9781267642974854
0.9781267642974854
0.978687584400177
0.9792484641075134
0.9809310436248779
0.9792484641075134
0.9792484641075134
0.9781267642974854
0.9798092842102051
0.9792484641075134
0.9798092842102051
0.9809310436248779
0.9803701639175415
0.978687584400177
0.9803701639175415
0.9775658845901489
0.9798092842102051
0.9775658845901489
0.9798092842102051
0.9781267642974854
0.9809310436248779
0.9814918637275696
0.9792484641075134
0.9798092842102051
0.9814918637275696
0.9792484641075134
0.9781267642974854
0.9803701639175415
0.9803701639175415
0.9809310436248779
0.9809310436248779
0.9814918637275696
0.9809310436248779
0.9814918637275696
0.9814918637275696
0.9814918637275696
0.9814918637275696
0.9814918637275696
0.9814918637275696
0.982052743434906
0.9814918637275696
0.9814918637275696
0.9814918637275696
0.9814918637275696
0.9792484641075134
0.9814918637275696
0.9814918637275696
0.9814918637275696
0.9803701639175415
0.9814918637275696
0.9798092842102051
0.982052743434906
0.9803701639175415
0.9814918637275696
0.9814918637275696
0.9814918637275696
0.9814918637275696
0.9814918637275696
0.9814918637275696
0.982052743434906
0.9814918637275696
0.9814918637275696
0.9814918637275696
0.9803701639175415
0.9814918637275696
0.9792484641075134
0.9809310436248779
0.9814918637275696
0.9809310436248779
0.9814918637275696
0.9803701639175415
0.9809310436248779
0.9814918637275696
0.9814918637275696
0.9792484641075134
0.9814918637275696
0.9792484641075134
0.982052743434906
0.9814918637275696
0.9803701639175415
0.9814918637275696
0.9814918637275696
0.9814918637275696
0.9814918637275696
0.9814918637275696
0.9809310436248779
0.9814918637275696
0.9809310436248779
0.9814918637275696
0.9809310436248779
0.982052743434906
0.978687584400177
0.9814918637275696
0.9814918637275696
0.9814918637275696
0.9809310436248779
0.9809310436248779
0.9814918637275696
0.9809310436248779
0.9814918637275696
0.9809310436248779
0.9809310436248779
0.9814918637275696
0.9803701639175415
0.9814918637275696
0.9809310436248779
0.9814918637275696
0.9809310436248779
0.982052743434906
0.9809310436248779
0.9809310436248779
0.982052743434906
0.982052743434906
0.9809310436248779
0.9809310436248779
0.9809310436248779
0.9809310436248779
0.982052743434906
0.9809310436248779
0.9814918637275696
0.9814918637275696
0.9809310436248779
0.9814918637275696
0.9814918637275696
0.9809310436248779
0.9826135635375977
0.9809310436248779
0.9809310436248779
0.9814918637275696
0.9814918637275696
0.9814918637275696
0.9814918637275696
0.982052743434906
0.9814918637275696
0.9814918637275696
0.982052743434906
0.9809310436248779
0.982052743434906
0.9814918637275696
0.9814918637275696
0.982052743434906
0.9814918637275696
0.982052743434906
0.9814918637275696
0.9814918637275696
0.982052743434906
0.9814918637275696
0.982052743434906
0.982052743434906
0.9814918637275696
0.982052743434906
0.9814918637275696
0.982052743434906
0.982052743434906
0.9809310436248779
0.9814918637275696
0.9814918637275696
0.982052743434906
0.982052743434906
0.982052743434906
0.9814918637275696
0.982052743434906
0.9814918637275696
0.982052743434906
0.982052743434906
0.9814918637275696
0.9814918637275696
0.982052743434906
0.9814918637275696
0.9814918637275696
0.9814918637275696
0.982052743434906
0.982052743434906
0.9814918637275696
0.9814918637275696
0.982052743434906
0.9814918637275696
0.982052743434906
0.982052743434906
0.9814918637275696
0.9814918637275696
0.982052743434906
0.982052743434906
0.982052743434906
0.9809310436248779
0.982052743434906
0.982052743434906
0.982052743434906
0.9814918637275696
0.982052743434906
0.982052743434906
0.9814918637275696
0.982052743434906
0.982052743434906
0.9814918637275696
0.982052743434906
0.9809310436248779
0.982052743434906
0.982052743434906
0.9814918637275696
0.982052743434906
0.982052743434906
0.982052743434906
0.982052743434906
0.9814918637275696
0.982052743434906
0.982052743434906
0.982052743434906
0.9814918637275696
0.982052743434906
0.9814918637275696
0.982052743434906
0.9814918637275696
0.9814918637275696
0.982052743434906
0.982052743434906
0.982052743434906
0.9814918637275696
0.9814918637275696
0.9814918637275696
0.9809310436248779
0.9814918637275696
0.9814918637275696
0.9814918637275696
0.982052743434906
0.982052743434906
0.982052743434906
0.982052743434906
0.982052743434906
0.982052743434906
0.982052743434906
0.982052743434906
0.982052743434906
0.982052743434906
0.982052743434906
0.982052743434906
0.982052743434906
0.982052743434906
0.982052743434906
0.982052743434906
0.982052743434906
0.982052743434906
0.982052743434906
0.982052743434906
0.982052743434906
0.982052743434906
0.982052743434906
0.982052743434906
0.982052743434906
0.982052743434906
0.982052743434906
0.982052743434906
0.982052743434906
0.982052743434906
0.982052743434906
0.982052743434906
0.982052743434906
0.982052743434906
0.982052743434906
0.982052743434906
0.982052743434906
0.982052743434906
0.982052743434906
0.982052743434906
0.982052743434906
0.982052743434906
0.982052743434906
0.982052743434906
0.982052743434906
0.982052743434906
0.9814918637275696
0.982052743434906
0.982052743434906
0.9814918637275696
0.982052743434906
0.982052743434906
0.982052743434906
0.982052743434906
0.982052743434906
0.982052743434906
0.982052743434906
0.982052743434906
0.982052743434906
0.982052743434906
0.982052743434906
0.982052743434906
0.9814918637275696
0.982052743434906
0.982052743434906
0.982052743434906
0.982052743434906
0.982052743434906
0.982052743434906
0.982052743434906
0.982052743434906
0.982052743434906
0.9814918637275696
0.982052743434906
0.982052743434906
0.982052743434906
0.982052743434906
0.982052743434906
0.982052743434906
0.982052743434906
0.982052743434906
0.982052743434906
0.982052743434906
0.982052743434906
0.982052743434906
0.982052743434906
0.982052743434906
0.982052743434906
0.982052743434906
0.982052743434906
0.982052743434906
0.982052743434906
0.982052743434906
0.982052743434906
0.982052743434906
0.982052743434906
0.982052743434906
0.982052743434906
0.982052743434906
0.982052743434906
0.982052743434906
0.982052743434906
0.9814918637275696
0.982052743434906
0.982052743434906
0.982052743434906
0.982052743434906
0.982052743434906
0.982052743434906
0.982052743434906
0.982052743434906
0.982052743434906
0.982052743434906
0.982052743434906
0.982052743434906
0.982052743434906
0.982052743434906
0.982052743434906
0.982052743434906
0.982052743434906
0.982052743434906
0.982052743434906
0.982052743434906
0.982052743434906
0.982052743434906
0.982052743434906
0.982052743434906
0.982052743434906
0.982052743434906
0.982052743434906
0.982052743434906
0.982052743434906
0.982052743434906
0.982052743434906
0.982052743434906
0.982052743434906
0.982052743434906
0.982052743434906
0.982052743434906
0.982052743434906
0.982052743434906
0.982052743434906
0.982052743434906
0.982052743434906
0.982052743434906
0.982052743434906
0.982052743434906
0.982052743434906
0.982052743434906
0.982052743434906
0.982052743434906
0.982052743434906
0.982052743434906
0.982052743434906
0.982052743434906
0.982052743434906
0.982052743434906
0.982052743434906
0.982052743434906
0.982052743434906
0.982052743434906
0.982052743434906
0.982052743434906
0.982052743434906
0.982052743434906
0.982052743434906
0.982052743434906
0.982052743434906
0.982052743434906
0.982052743434906
0.982052743434906
0.982052743434906
0.982052743434906
0.982052743434906
0.982052743434906
0.982052743434906
0.982052743434906
0.982052743434906
0.982052743434906
0.982052743434906
0.982052743434906
0.982052743434906
0.9826135635375977
0.982052743434906
0.982052743434906
0.982052743434906
0.982052743434906
0.982052743434906
0.982052743434906
0.982052743434906
0.982052743434906
0.982052743434906
0.982052743434906
0.982052743434906
0.982052743434906
0.982052743434906
0.982052743434906
0.982052743434906
0.982052743434906
0.982052743434906
0.982052743434906
0.982052743434906
0.982052743434906
0.982052743434906
0.982052743434906
0.982052743434906
0.982052743434906
0.982052743434906
0.982052743434906
0.982052743434906
0.982052743434906
0.982052743434906
0.982052743434906
0.982052743434906
0.982052743434906
0.982052743434906
0.982052743434906
0.982052743434906
0.982052743434906
0.982052743434906
0.982052743434906
0.982052743434906
0.982052743434906
0.982052743434906
0.982052743434906
0.982052743434906
0.982052743434906
0.982052743434906
0.982052743434906
0.982052743434906
0.982052743434906
0.982052743434906
0.982052743434906
0.982052743434906
0.982052743434906
0.982052743434906
0.982052743434906
0.982052743434906
0.982052743434906
0.982052743434906
0.982052743434906
0.982052743434906
0.982052743434906
0.982052743434906
0.982052743434906
0.982052743434906
0.982052743434906
0.982052743434906
0.982052743434906
0.982052743434906
0.982052743434906
0.982052743434906
0.982052743434906
0.982052743434906
0.982052743434906
0.982052743434906
0.982052743434906
0.982052743434906
0.982052743434906
0.982052743434906
0.982052743434906
0.982052743434906
0.982052743434906
0.982052743434906
0.982052743434906
0.982052743434906
0.982052743434906
0.982052743434906
0.982052743434906
0.982052743434906
0.982052743434906
0.982052743434906
0.982052743434906
0.982052743434906
0.982052743434906
0.982052743434906
0.982052743434906
0.982052743434906
0.982052743434906
0.982052743434906
0.982052743434906
0.982052743434906
0.982052743434906
0.982052743434906
0.982052743434906
0.982052743434906
0.982052743434906
0.982052743434906
0.982052743434906
0.982052743434906
0.982052743434906
0.982052743434906
0.982052743434906
0.982052743434906
0.982052743434906
0.982052743434906
0.982052743434906
0.982052743434906
0.982052743434906
0.982052743434906
0.982052743434906
0.982052743434906
0.982052743434906
0.982052743434906
0.982052743434906
0.982052743434906
0.982052743434906
0.982052743434906
0.982052743434906
0.982052743434906
0.982052743434906
0.982052743434906
0.982052743434906
0.982052743434906
0.982052743434906
0.982052743434906
0.982052743434906
0.982052743434906
0.982052743434906
0.982052743434906
0.982052743434906
0.982052743434906
0.982052743434906
0.982052743434906
0.982052743434906
0.982052743434906
0.982052743434906
0.982052743434906
0.982052743434906
0.982052743434906
0.982052743434906
0.982052743434906
0.982052743434906
0.982052743434906
0.982052743434906
0.982052743434906
0.982052743434906
0.982052743434906
0.982052743434906
0.982052743434906
0.982052743434906
0.982052743434906
0.982052743434906
0.982052743434906
0.982052743434906
0.982052743434906
0.982052743434906
0.982052743434906
0.982052743434906
0.982052743434906
0.982052743434906
0.982052743434906
0.982052743434906
0.982052743434906
0.982052743434906
0.982052743434906
0.982052743434906
0.982052743434906
0.982052743434906
0.982052743434906
0.982052743434906
0.982052743434906
0.982052743434906
0.982052743434906
0.982052743434906
0.982052743434906
0.982052743434906
0.982052743434906
0.982052743434906
0.9826135635375977
0.982052743434906
0.982052743434906
0.982052743434906
0.982052743434906
0.982052743434906
0.982052743434906
0.982052743434906
0.982052743434906
0.982052743434906
0.982052743434906
0.982052743434906
0.982052743434906
0.982052743434906
0.982052743434906
0.982052743434906
0.982052743434906
0.982052743434906
0.982052743434906
0.9826135635375977
0.9826135635375977
0.982052743434906
0.982052743434906
0.982052743434906
0.982052743434906
0.982052743434906
0.982052743434906
0.982052743434906
0.982052743434906
0.982052743434906
0.982052743434906
0.982052743434906
0.982052743434906
0.982052743434906
0.982052743434906
0.982052743434906
0.982052743434906
0.982052743434906
0.982052743434906
0.982052743434906
0.982052743434906
0.982052743434906
0.982052743434906
0.982052743434906
0.982052743434906
0.982052743434906
0.982052743434906
0.982052743434906
0.982052743434906
0.982052743434906
0.982052743434906
0.982052743434906
0.982052743434906
0.982052743434906
0.982052743434906
0.982052743434906
0.982052743434906
0.982052743434906
0.982052743434906
0.982052743434906
0.982052743434906
0.982052743434906
0.982052743434906
0.982052743434906
0.982052743434906
0.982052743434906
0.982052743434906
0.982052743434906
0.982052743434906
0.982052743434906
0.982052743434906
0.982052743434906
0.982052743434906
0.982052743434906
0.982052743434906
0.982052743434906
0.982052743434906
0.982052743434906
0.982052743434906
0.982052743434906
0.982052743434906
0.982052743434906
0.982052743434906
0.982052743434906
0.982052743434906
0.982052743434906
0.982052743434906
0.982052743434906
0.982052743434906
0.982052743434906
0.982052743434906
0.982052743434906
0.982052743434906
0.982052743434906
0.982052743434906
0.982052743434906
0.982052743434906
0.982052743434906
0.9826135635375977
0.982052743434906
0.9826135635375977
0.9826135635375977
0.982052743434906
0.982052743434906
0.982052743434906
0.982052743434906
0.982052743434906
0.982052743434906
0.982052743434906
0.982052743434906
0.982052743434906
0.9826135635375977
0.9826135635375977
0.982052743434906
0.982052743434906
0.982052743434906
0.982052743434906
0.982052743434906
0.982052743434906
0.982052743434906
0.9826135635375977
0.982052743434906
0.982052743434906
0.9826135635375977
0.9826135635375977
0.982052743434906
0.982052743434906
0.982052743434906
0.9826135635375977
0.9826135635375977
0.9826135635375977
0.982052743434906
0.982052743434906
0.982052743434906
0.982052743434906
0.982052743434906
0.9826135635375977
0.9826135635375977
0.9826135635375977
0.982052743434906
0.982052743434906
0.9826135635375977
0.9826135635375977
0.982052743434906
0.9826135635375977
0.9826135635375977
0.9826135635375977
0.9826135635375977
0.9826135635375977
0.982052743434906
0.9826135635375977
0.982052743434906
0.9826135635375977
0.9826135635375977
0.982052743434906
0.9826135635375977
0.9826135635375977
0.9826135635375977
0.9826135635375977
0.9826135635375977
0.982052743434906
0.9826135635375977
0.9826135635375977
0.9826135635375977
0.9826135635375977
0.9826135635375977
0.9826135635375977
0.9826135635375977
0.9826135635375977
0.982052743434906
0.9826135635375977
0.9826135635375977
0.9826135635375977
0.9826135635375977
0.9826135635375977
0.9826135635375977
0.982052743434906
0.9826135635375977
0.9826135635375977
0.9826135635375977
0.9826135635375977
0.9826135635375977
0.9826135635375977
0.9826135635375977
0.9826135635375977
0.9826135635375977
0.9826135635375977
0.9826135635375977
0.9826135635375977
0.982052743434906
0.9826135635375977
0.9826135635375977
0.9826135635375977
0.9826135635375977
0.9826135635375977
0.982052743434906
0.9826135635375977
0.9826135635375977
0.9826135635375977
0.9826135635375977
0.9826135635375977
0.982052743434906
0.9826135635375977
0.9826135635375977
0.9826135635375977
0.9826135635375977
0.982052743434906
0.982052743434906
0.9826135635375977
0.9826135635375977
0.9826135635375977
0.9826135635375977
0.9826135635375977
0.9826135635375977
0.9826135635375977
0.9826135635375977
0.9826135635375977
0.9826135635375977
0.9826135635375977
0.9826135635375977
0.9826135635375977
0.9826135635375977
0.9826135635375977
0.9826135635375977
0.9826135635375977
0.9826135635375977
0.9826135635375977
0.9826135635375977
0.9826135635375977
0.9826135635375977
0.9826135635375977
0.9826135635375977
0.9826135635375977
0.9826135635375977
0.9826135635375977
0.9826135635375977
0.9826135635375977
0.9826135635375977
0.9826135635375977
0.9826135635375977
0.9826135635375977
0.9826135635375977
0.9826135635375977
0.9826135635375977
0.9826135635375977
0.9826135635375977
0.9826135635375977
0.9826135635375977
0.9826135635375977
0.9826135635375977
0.9826135635375977
0.9826135635375977
0.9826135635375977
0.9826135635375977
0.9826135635375977
0.9826135635375977
0.9826135635375977
0.9826135635375977
0.9826135635375977
0.9826135635375977
0.9826135635375977
0.9826135635375977
0.9826135635375977
0.9826135635375977
0.9826135635375977
0.9826135635375977
0.9826135635375977
0.9826135635375977
0.9826135635375977
0.9826135635375977
0.9826135635375977
0.9826135635375977
0.9826135635375977
0.9826135635375977
0.9826135635375977
0.9826135635375977
0.9826135635375977
0.9826135635375977
0.9826135635375977
0.9826135635375977
0.9826135635375977
0.9826135635375977
0.9826135635375977
0.9826135635375977
0.9826135635375977
0.9826135635375977
0.9826135635375977
0.9826135635375977
0.9826135635375977
0.9826135635375977
0.9826135635375977
0.9826135635375977
0.9826135635375977
0.9826135635375977
0.9826135635375977
0.9826135635375977
0.9826135635375977
0.9826135635375977
0.9826135635375977
0.9826135635375977
0.9826135635375977
0.9826135635375977
0.9826135635375977
0.9826135635375977
0.9826135635375977
0.9826135635375977
0.9826135635375977
0.9826135635375977
0.9826135635375977
0.9826135635375977
0.9826135635375977
0.9826135635375977
0.9826135635375977
0.9826135635375977
0.9826135635375977
0.9826135635375977
0.9826135635375977
0.9826135635375977
0.9826135635375977
0.9826135635375977
0.9826135635375977
0.9826135635375977
0.9826135635375977
0.9826135635375977
0.9826135635375977
0.9826135635375977
0.9826135635375977
0.9826135635375977
0.9826135635375977
0.9826135635375977
0.9826135635375977
0.9826135635375977
0.9826135635375977
0.9826135635375977
0.9826135635375977
0.9826135635375977
0.9826135635375977
0.9826135635375977
0.9826135635375977
0.9826135635375977
0.9826135635375977
0.9826135635375977
0.9826135635375977
0.9826135635375977
0.9826135635375977
0.9826135635375977
0.9826135635375977
0.9826135635375977
0.9826135635375977
0.9826135635375977
0.9826135635375977
0.9826135635375977
0.9826135635375977
0.9826135635375977
0.9826135635375977
0.9826135635375977
0.9826135635375977
0.9826135635375977
0.9826135635375977
0.9826135635375977
0.9826135635375977
0.9826135635375977
0.9826135635375977
0.9826135635375977
0.9826135635375977
0.9826135635375977
0.9826135635375977
0.9826135635375977
0.9826135635375977
0.9826135635375977
0.9826135635375977
0.9826135635375977
0.9826135635375977
0.9826135635375977
0.9826135635375977
0.9826135635375977
0.9826135635375977
0.9826135635375977
0.9826135635375977
0.9826135635375977
0.9826135635375977
0.9826135635375977
0.9826135635375977
0.9826135635375977
0.9826135635375977
0.9826135635375977
0.9826135635375977
0.9826135635375977
0.9826135635375977
0.9826135635375977
0.9826135635375977
0.9826135635375977
0.9826135635375977
0.9826135635375977
0.9826135635375977
0.9826135635375977
0.9826135635375977
0.9826135635375977
0.9826135635375977
0.9826135635375977
0.9826135635375977
0.9826135635375977
0.9826135635375977
0.9826135635375977
0.9826135635375977
0.9826135635375977
0.9826135635375977
0.9826135635375977
0.9826135635375977
0.9826135635375977
0.9826135635375977
0.9826135635375977
0.9826135635375977
0.9826135635375977
0.9826135635375977
0.9826135635375977
0.9826135635375977
0.9826135635375977
0.9826135635375977
0.9826135635375977
0.9826135635375977
0.9826135635375977
0.9826135635375977
