0.4907800853252411
0.4062749147415161
0.3910018503665924
0.38270509243011475
0.37875911593437195
0.37495890259742737
0.37173616886138916
0.3678540587425232
0.3661031723022461
0.363578736782074
0.36018306016921997
0.35752469301223755
0.35523712635040283
0.35365018248558044
0.350834459066391
0.348882794380188
0.34836289286613464
0.34457293152809143
0.3437133729457855
0.3404962420463562
0.3388427495956421
0.3380697965621948
0.33744144439697266
0.3325726389884949
0.3318645656108856
0.33306649327278137
0.32786884903907776
0.32390421628952026
0.32407164573669434
0.32065215706825256
0.31824785470962524
0.3154110908508301
0.3160302937030792
0.31121060252189636
0.3088339567184448
0.3052673041820526
0.3034360110759735
0.3015400171279907
0.2993486523628235
0.29616400599479675
0.29422101378440857
0.2916593551635742
0.2888822555541992
0.28772369027137756
0.28496837615966797
0.2804393470287323
0.27879467606544495
0.27631938457489014
0.2747547924518585
0.27584946155548096
0.2704980969429016
0.2671148478984833
0.263928085565567
0.26424771547317505
0.2651991844177246
0.2600723206996918
0.2570757269859314
0.2527114748954773
0.24819839000701904
0.24979186058044434
0.2512187063694
0.25055426359176636
0.24312348663806915
0.24094952642917633
0.2432122677564621
0.23393067717552185
0.23323939740657806
0.23313866555690765
0.2377016395330429
0.2303091436624527
0.22389383614063263
0.22340905666351318
0.22234347462654114
0.22096501290798187
0.21962088346481323
0.21273206174373627
0.21441572904586792
0.21545147895812988
0.21659590303897858
0.21190528571605682
0.20426303148269653
0.20309250056743622
0.20377758145332336
0.2049957811832428
0.2058974653482437
0.2018524408340454
0.19205081462860107
0.1913927048444748
0.19255703687667847
0.19386017322540283
0.19033129513263702
0.18994544446468353
0.18337775766849518
0.18429604172706604
0.18207858502864838
0.17900024354457855
0.179314523935318
0.180838942527771
0.17589490115642548
0.1745791733264923
0.17309917509555817
0.17337815463542938
0.1694241464138031
0.17071017622947693
0.16458018124103546
0.1587480902671814
0.1633678525686264
0.15789182484149933
0.15069876611232758
0.1474299281835556
0.14495733380317688
0.1458907425403595
0.14476005733013153
0.14587582647800446
0.14470809698104858
0.14237059652805328
0.14257948100566864
0.14360828697681427
0.14089427888393402
0.13859133422374725
0.13932329416275024
0.13682571053504944
0.13805969059467316
0.13795052468776703
0.1360464245080948
0.13652688264846802
0.132951557636261
0.13051877915859222
0.1335369050502777
0.13016898930072784
0.1305897980928421
0.1301819384098053
0.13142603635787964
0.1280800998210907
0.12789930403232574
0.12736736238002777
0.12626148760318756
0.12340341508388519
0.12451081722974777
0.12262041121721268
0.12689118087291718
0.12249728292226791
0.12454339116811752
0.12108930200338364
0.11857593059539795
0.11749233305454254
0.11690887063741684
0.115559883415699
0.11600241810083389
0.11549622565507889
0.11429443955421448
0.11622942239046097
0.11691755801439285
0.11419249325990677
0.11314583569765091
0.11424582451581955
0.11018101871013641
0.10865259170532227
0.11003033071756363
0.10865636169910431
0.10865367949008942
0.10722555965185165
0.10567792505025864
0.1088554710149765
0.10550100356340408
0.10915560275316238
0.10420432686805725
0.10526464879512787
0.10401089489459991
0.1040281131863594
0.10161568224430084
0.1018659919500351
0.10082975029945374
0.09932273626327515
0.0992305651307106
0.09854599088430405
0.09806433320045471
0.09837556630373001
0.09728865325450897
0.0955338180065155
0.09436214715242386
0.09644153714179993
0.09578309953212738
0.09336967766284943
0.09580918401479721
0.09858189523220062
0.09649287909269333
0.09350124001502991
0.09005143493413925
0.09475570917129517
0.08993128687143326
0.09098964929580688
0.09140287339687347
0.08802150934934616
0.08657991141080856
0.0867181047797203
0.08609257638454437
0.08722660690546036
0.08750978857278824
0.086039237678051
0.08712989836931229
0.08248728513717651
0.08704051375389099
0.08290868252515793
0.08403030782938004
0.08090047538280487
0.08118625730276108
0.07709092646837234
0.07765887677669525
0.0759710967540741
0.07657334208488464
0.07625728100538254
0.0748448446393013
0.07494533807039261
0.0755603015422821
0.07573959976434708
0.07493468374013901
0.07410825043916702
0.07459559291601181
0.0743371769785881
0.07505545765161514
0.07272671163082123
0.07256324589252472
0.07262667268514633
0.07154648751020432
0.07251447439193726
0.0719836875796318
0.0714830532670021
0.07264628261327744
0.07078433036804199
0.0711967796087265
0.07098884880542755
0.07217293977737427
0.0707685574889183
0.0705297589302063
0.07069555670022964
0.0695917159318924
0.0703982263803482
0.07026447355747223
0.06978955119848251
0.06811566650867462
0.0683288648724556
0.0672651007771492
0.06788763403892517
0.06811283528804779
0.06784442812204361
0.06679710000753403
0.06793560832738876
0.06797679513692856
0.06781821697950363
0.06723038107156754
0.06665019690990448
0.06537643820047379
0.06604046374559402
0.06595759093761444
0.06675399094820023
0.06632611155509949
0.06588519364595413
0.06550749391317368
0.06483981758356094
0.06463681906461716
0.06888895481824875
0.0656970962882042
0.06379387527704239
0.06403399258852005
0.06563521176576614
0.06450845301151276
0.06394239515066147
0.06347533315420151
0.06306587904691696
0.06152183189988136
0.061853084713220596
0.062308456748723984
0.06204158067703247
0.06270881742238998
0.06186547130346298
0.06114068999886513
0.061624374240636826
0.06159209832549095
0.06011456251144409
0.06037607416510582
0.06046389043331146
0.05946016311645508
0.059763673692941666
0.05996467545628548
0.06034844368696213
0.060883913189172745
0.05808592587709427
0.05845699831843376
0.05891244485974312
0.05903644859790802
0.058386679738759995
0.05827506259083748
0.057884398847818375
0.057138118892908096
0.05719418078660965
0.05794645845890045
0.05654784291982651
0.05605345964431763
0.05774001032114029
0.05694771185517311
0.05713919177651405
0.05674070864915848
0.05752978473901749
0.057276349514722824
0.05587480217218399
0.05547396466135979
0.053513702005147934
0.05370950698852539
0.05337251350283623
0.052510350942611694
0.052459217607975006
0.053255561739206314
0.05237337946891785
0.052453238517045975
0.05276472121477127
0.05344248563051224
0.05223489925265312
0.052130382508039474
0.05233199894428253
0.05203435942530632
0.05201980471611023
0.05198236554861069
0.05136791244149208
0.05279291421175003
0.05126079544425011
0.052281975746154785
0.05174228921532631
0.051436055451631546
0.05139824375510216
0.05171693116426468
0.051270075142383575
0.05085030943155289
0.051478344947099686
0.050850760191679
0.051299963146448135
0.051199767738580704
0.050367482006549835
0.050877779722213745
0.05102652311325073
0.05025015026330948
0.05010542646050453
0.04987168684601784
0.04998575896024704
0.04987027868628502
0.04972491413354874
0.04957788065075874
0.04985874518752098
0.05052110552787781
0.04951325058937073
0.04986060410737991
0.05010344833135605
0.05021677911281586
0.04922494664788246
0.04921500012278557
0.049037542194128036
0.04968897998332977
0.049647007137537
0.049638595432043076
0.04870055243372917
0.048470381647348404
0.04866797477006912
0.048811621963977814
0.0488397479057312
0.049064427614212036
0.0493117980659008
0.0480281226336956
0.04806450381875038
0.04761766642332077
0.04756971076130867
0.047883715480566025
0.04833550751209259
0.04824223741889
0.04754866287112236
0.04861118644475937
0.04747561365365982
0.04729819297790527
0.047807205468416214
0.047312282025814056
0.04710756614804268
0.04697341471910477
0.04706937074661255
0.04665636271238327
0.04701226204633713
0.04688262194395065
0.04648362472653389
0.046339329332113266
0.04750388115644455
0.04627219960093498
0.046444933861494064
0.046637482941150665
0.04679262638092041
0.046624358743429184
0.04558354243636131
0.04580608382821083
0.04559899866580963
0.04567300155758858
0.045240867882966995
0.04713035002350807
0.04808823764324188
0.04584218189120293
0.04567289352416992
0.04602920636534691
0.046017322689294815
0.04556899890303612
0.04504673182964325
0.04465554282069206
0.04368427395820618
0.04414733126759529
0.043677181005477905
0.0440097339451313
0.043972309678792953
0.04416138678789139
0.04448825493454933
0.04379117116332054
0.043639667332172394
0.043399371206760406
0.043552231043577194
0.04376525804400444
0.04321490600705147
0.043443407863378525
0.043254539370536804
0.04325396940112114
0.04316644370555878
0.043539274483919144
0.04365561529994011
0.0433771014213562
0.04364266246557236
0.04303588718175888
0.04329251870512962
0.04304482042789459
0.04300868883728981
0.042950790375471115
0.04319304972887039
0.04287917912006378
0.0428105853497982
0.0427999421954155
0.043333426117897034
0.04275963455438614
0.042758483439683914
0.042653996497392654
0.042811617255210876
0.04378890246152878
0.04266984760761261
0.042882125824689865
0.04276971518993378
0.0422876700758934
0.04242950305342674
0.0421425886452198
0.04259942099452019
0.04224276915192604
0.04236003756523132
0.04286922141909599
0.042303990572690964
0.04235745221376419
0.04225898161530495
0.04220239445567131
0.04242749884724617
0.04209630936384201
0.04224807024002075
0.04209395870566368
0.04193568974733353
0.04222078248858452
0.04190894961357117
0.04170734062790871
0.04185996577143669
0.04205029830336571
0.04235890880227089
0.04179874435067177
0.0417754203081131
0.04173414036631584
0.04159092903137207
0.04153039678931236
0.04150477424263954
0.04162894934415817
0.04155633971095085
0.042239896953105927
0.04131694883108139
0.04121214896440506
0.04141777381300926
0.04137460142374039
0.041282590478658676
0.04123901575803757
0.04140567407011986
0.04147069901227951
0.0406990647315979
0.04122285917401314
0.041012074798345566
0.041200969368219376
0.040782906115055084
0.04122902825474739
0.04079106077551842
0.04104128107428551
0.040990136563777924
0.040622543543577194
0.04072092846035957
0.0408189482986927
0.04061407223343849
0.041138906031847
0.04051600396633148
0.040636029094457626
0.04079418256878853
0.04088969528675079
0.040365468710660934
0.0407988540828228
0.040359027683734894
0.040268585085868835
0.03969891741871834
0.039767954498529434
0.03972763568162918
0.03972652554512024
0.03953633829951286
0.03961988538503647
0.03958504647016525
0.039573438465595245
0.03963790088891983
0.039505183696746826
0.03958135470747948
0.03937024623155594
0.0394490584731102
0.039487581700086594
0.03933681547641754
0.03944564238190651
0.03956199809908867
0.03944535553455353
0.039454136043787
0.03929443284869194
0.03943940997123718
0.039299126714468
0.03918980807065964
0.03927428647875786
0.03923535346984863
0.03919219598174095
0.03916764259338379
0.03922843933105469
0.039442963898181915
0.03925071284174919
0.03902663290500641
0.03896592557430267
0.03900642693042755
0.03912156820297241
0.03905750811100006
0.03895598649978638
0.03894790634512901
0.03917653486132622
0.039081063121557236
0.03916017711162567
0.03887386992573738
0.038896847516298294
0.038831811398267746
0.03885401040315628
0.03889859467744827
0.03885265812277794
0.038913026452064514
0.03877488151192665
0.03875363618135452
0.038765065371990204
0.03873242810368538
0.03878461569547653
0.03896242752671242
0.03878164291381836
0.03870067372918129
0.03879749774932861
0.0385645367205143
0.03870861977338791
0.03878812491893768
0.03856978565454483
0.03853951767086983
0.03858869895339012
0.038512468338012695
0.038925651460886
0.03859218582510948
0.03851712495088577
0.03867902234196663
0.038588594645261765
0.038612160831689835
0.0386032871901989
0.038686152547597885
0.03838342800736427
0.03843541815876961
0.03844837099313736
0.03836120665073395
0.0383746400475502
0.038292139768600464
0.03846155107021332
0.03826051205396652
0.038195542991161346
0.03819936886429787
0.03825559467077255
0.03820790350437164
0.0382896289229393
0.038132406771183014
0.03824419528245926
0.03815395012497902
0.03819924592971802
0.037984076887369156
0.038165852427482605
0.038051787763834
0.03807350993156433
0.038050804287195206
0.03798817843198776
0.03797062113881111
0.038016561418771744
0.03794080764055252
0.03784561529755592
0.0378839485347271
0.037847522646188736
0.03754838928580284
0.03762529790401459
0.037616416811943054
0.037627313286066055
0.03758137300610542
0.03750704228878021
0.03750043362379074
0.037591833621263504
0.03754588961601257
0.03749007731676102
0.037460654973983765
0.0375385507941246
0.03749017417430878
0.03763134405016899
0.03745356574654579
0.03751832991838455
0.03743011876940727
0.03758401796221733
0.037440914660692215
0.037388868629932404
0.03740741312503815
0.0373956523835659
0.037405915558338165
0.0374608151614666
0.037353672087192535
0.03742992505431175
0.03750472515821457
0.03747202455997467
0.03730607032775879
0.03749260678887367
0.03734258562326431
0.03726691007614136
0.03734159097075462
0.03722459822893143
0.037343550473451614
0.0372815802693367
0.037289008498191833
0.03721783682703972
0.03719118982553482
0.037252277135849
0.03724556416273117
0.03718075528740883
0.03726952522993088
0.03720784932374954
0.037177957594394684
0.037231117486953735
0.03710929676890373
0.0371754951775074
0.03712264075875282
0.03712804242968559
0.037149686366319656
0.037110865116119385
0.03714292123913765
0.037072181701660156
0.03708554431796074
0.03709052875638008
0.037085190415382385
0.03703930228948593
0.03706991299986839
0.03717219829559326
0.03702889755368233
0.03709723427891731
0.03700828552246094
0.03695615753531456
0.03706791624426842
0.036993589252233505
0.03697985038161278
0.03703663870692253
0.03700254112482071
0.03699732571840286
0.036945126950740814
0.03689923509955406
0.03692019358277321
0.03701094165444374
0.036870766431093216
0.03690578043460846
0.036892130970954895
0.03693874552845955
0.03680870682001114
0.03687271848320961
0.03692115470767021
0.03691566735506058
0.03682238981127739
0.03684152290225029
0.0368063785135746
0.03683624044060707
0.036809805780649185
0.0369269959628582
0.036819636821746826
0.03672288730740547
0.03675937280058861
0.03676179423928261
0.03674623742699623
0.036787159740924835
0.03675055131316185
0.036925654858350754
0.0366642028093338
0.036767445504665375
0.036713261157274246
0.036730024963617325
0.036567214876413345
0.036657851189374924
0.03658951818943024
0.036536067724227905
0.03655364364385605
0.0365440808236599
0.036527119576931
0.0365259051322937
0.03666644170880318
0.03650566190481186
0.03650863468647003
0.036473583430051804
0.03650900349020958
0.03646835684776306
0.036493245512247086
0.036507174372673035
0.0365089476108551
0.03646240383386612
0.036487728357315063
0.0365278534591198
0.03648992255330086
0.036440636962652206
0.036500249058008194
0.036504488438367844
0.036428943276405334
0.03645128384232521
0.03642667084932327
0.036439165472984314
0.03645012900233269
0.036436375230550766
0.03641718253493309
0.03645624592900276
0.03640812262892723
0.036391571164131165
0.036435019224882126
0.03648923709988594
0.03636874631047249
0.03643355518579483
0.03649410605430603
0.03637556731700897
0.036360085010528564
0.03639906272292137
0.036511149257421494
0.03635809198021889
0.03641345351934433
0.03638603165745735
0.03634883090853691
0.03631860762834549
0.03636844828724861
0.036373261362314224
0.036389268934726715
0.036345306783914566
0.036365002393722534
0.03631913661956787
0.03633714094758034
0.03633607178926468
0.03630895912647247
0.036383047699928284
0.036313071846961975
0.03636438027024269
0.0362933985888958
0.036314286291599274
0.03627430647611618
0.036283984780311584
0.03627640753984451
0.036328595131635666
0.03622378408908844
0.036243781447410583
0.036252573132514954
0.036272864788770676
0.03629012778401375
0.03621506690979004
0.03625628352165222
0.036234837025403976
0.036308277398347855
0.036232322454452515
0.036328691989183426
0.03618203476071358
0.03625882789492607
0.036246102303266525
0.03618333488702774
0.036207616329193115
0.03623511642217636
0.03618598356842995
0.03616587072610855
0.036174409091472626
0.03619462251663208
0.036181025207042694
0.03615433722734451
0.036165110766887665
0.03614979237318039
0.036231983453035355
0.03618919104337692
0.03624020889401436
0.036134023219347
0.036165863275527954
0.03610362485051155
0.036106470972299576
0.03615494817495346
0.03615039959549904
0.036076031625270844
0.036053385585546494
0.03605004400014877
0.03605198860168457
0.03605634719133377
0.03605819493532181
0.03606455400586128
0.036041513085365295
0.036061499267816544
0.03605064004659653
0.036049481481313705
0.03601973503828049
0.036032784730196
0.03603535518050194
0.03602755442261696
0.03608109802007675
0.03601586073637009
0.03601721301674843
0.03605503961443901
0.03602449968457222
0.03602324426174164
0.03602239117026329
0.036024902015924454
0.0360114723443985
0.036004044115543365
0.03601451963186264
0.03599920868873596
0.036010999232530594
0.035991769284009933
0.03602288290858269
0.03602585941553116
0.03599771112203598
0.03599737957119942
0.03598402440547943
0.03598727658390999
0.036004483699798584
0.035996872931718826
0.03596791252493858
0.03596314415335655
0.03597044199705124
0.03598201274871826
0.035966657102108
0.03597591072320938
0.03597486391663551
0.03595453500747681
0.035967204719781876
0.035959698259830475
0.035965967923402786
0.0359625481069088
0.035959627479314804
0.03595476597547531
0.03596055135130882
0.035950541496276855
0.035942140966653824
0.03593583405017853
0.03592250868678093
0.03592180460691452
0.0359455868601799
0.035927530378103256
0.035923123359680176
0.03595062345266342
0.03591403365135193
0.035916849970817566
0.035932157188653946
0.03591913729906082
0.035906195640563965
0.03592408075928688
0.0359056256711483
0.03593327850103378
0.035895660519599915
0.035914864391088486
0.035913579165935516
0.035898637026548386
0.03590581938624382
0.035893186926841736
0.03590398654341698
0.035899609327316284
0.03589307516813278
0.03589184954762459
0.035897716879844666
0.035887330770492554
0.03589330613613129
0.03586823493242264
0.03588088974356651
0.0358860120177269
0.03587332367897034
0.035871222615242004
0.03586796298623085
0.03589329868555069
0.03587576746940613
0.03590298071503639
0.03585429862141609
0.035846203565597534
0.035860709846019745
0.03585701435804367
0.03588069975376129
0.035872526466846466
0.035852424800395966
0.03582964837551117
0.03582894057035446
0.035823360085487366
0.03580756112933159
0.035809580236673355
0.03580768033862114
0.03580307960510254
0.035816773772239685
0.03580150380730629
0.03580262511968613
0.035811394453048706
0.03581245243549347
0.03581961989402771
0.03579618036746979
0.03580528870224953
0.035799991339445114
0.03579840064048767
0.03579564020037651
0.03579120710492134
0.0357976071536541
0.03579721227288246
0.03578825667500496
0.03580445051193237
0.035796601325273514
0.03580799698829651
0.03578097000718117
0.03580796346068382
0.03578338772058487
0.035779740661382675
0.03578612580895424
0.03578092157840729
0.03578614816069603
0.035800736397504807
0.035775113850831985
0.03577415645122528
0.03577563911676407
0.035789813846349716
0.035774003714323044
0.03578480705618858
0.03577495738863945
0.0357666052877903
0.035765934735536575
0.03577890992164612
0.03576735779643059
0.03576832264661789
0.03579435870051384
0.03578293323516846
0.03576282411813736
0.035755835473537445
0.03575320541858673
0.03576568514108658
0.03575277328491211
0.035757407546043396
0.03576266020536423
0.03575970605015755
0.03574930876493454
0.0357520766556263
0.03574575111269951
0.035747021436691284
0.03574473038315773
0.03574272245168686
0.035742562264204025
0.03574451059103012
0.03575063496828079
0.035743460059165955
0.03574531897902489
0.03574083372950554
0.03573750704526901
0.03574022278189659
0.0357300266623497
0.03573828190565109
0.035742852836847305
0.0357360877096653
0.03573125600814819
0.03574035316705704
0.035738505423069
0.03574468567967415
0.03573673963546753
0.03572768345475197
0.0357210673391819
0.03572027385234833
0.035723503679037094
0.035734545439481735
0.03572710603475571
0.03572862967848778
0.03572237491607666
0.03573527932167053
0.0357217900454998
0.03571827709674835
0.03571838513016701
0.03571344539523125
0.03571106866002083
0.03572602942585945
0.03571772575378418
0.035710543394088745
0.035712700337171555
0.035708945244550705
0.035708148032426834
0.03570657595992088
0.035715024918317795
0.035715892910957336
0.03571357578039169
0.035687901079654694
0.03568635508418083
0.03568735718727112
0.0356912799179554
0.035683341324329376
0.035683415830135345
0.03568926453590393
0.03568676486611366
0.03568539768457413
0.03568136692047119
0.03568095713853836
0.03568081930279732
0.035680294036865234
0.035677723586559296
0.035683318972587585
0.03568140044808388
0.03567724674940109
0.035678111016750336
0.03567686304450035
0.03568113595247269
0.03567648306488991
0.035678643733263016
0.03567519038915634
0.035673875361680984
0.0356767363846302
0.03567281737923622
0.03567444533109665
0.03567112982273102
0.035674095153808594
0.03566853702068329
0.035674672573804855
0.03567620366811752
0.03568468987941742
0.03567030280828476
0.0356733538210392
0.03567032516002655
0.03567127510905266
0.03566770628094673
0.03566466644406319
0.03566473349928856
0.03566591814160347
0.03566024452447891
0.03566634654998779
0.035661838948726654
0.0356663353741169
0.03566189482808113
0.035667892545461655
0.03566732630133629
0.035663168877363205
0.035661935806274414
0.03566262125968933
0.03566033020615578
0.03566175699234009
0.035657849162817
0.035655293613672256
0.03566582873463631
0.03566403687000275
0.03565635904669762
0.035658132284879684
0.03565672039985657
0.03565872833132744
0.035657837986946106
0.03565216436982155
0.03566019609570503
0.03565838187932968
0.035652097314596176
0.03565489873290062
0.03566224128007889
0.035651206970214844
0.035647738724946976
0.035652514547109604
0.03564935550093651
0.0356447659432888
0.035647738724946976
0.035644326359033585
0.03564562276005745
0.03565241023898125
0.03565036505460739
0.035645052790641785
0.03564252331852913
0.035646505653858185
0.0356488972902298
0.035642120987176895
0.03564724698662758
0.03564101457595825
0.03564217686653137
0.03564620018005371
0.035641860216856
0.03564463183283806
0.035637568682432175
0.03563637286424637
0.03563975542783737
0.03563838452100754
0.03563303127884865
0.035641513764858246
0.03563189506530762
0.035632211714982986
0.035640474408864975
0.03563316538929939
0.035635270178318024
0.03562694415450096
0.035626981407403946
0.03562668338418007
0.03562537208199501
0.035628415644168854
0.03562803566455841
0.03562590107321739
0.03562239930033684
0.035623423755168915
0.03562748432159424
0.03562123328447342
0.0356239415705204
0.03562368080019951
0.035622648894786835
0.0356237068772316
0.03562075272202492
0.0356210358440876
0.035619765520095825
0.03562009334564209
0.03562064468860626
0.03562011197209358
0.03562496230006218
0.03562450036406517
0.03561845049262047
0.03561868518590927
0.035618871450424194
0.03561912477016449
0.03561772406101227
0.035618629306554794
0.03561800345778465
0.035619646310806274
0.035616856068372726
0.035618968307971954
0.03561681509017944
0.03561736270785332
0.03561888635158539
0.03562481701374054
0.03561706840991974
0.03561468422412872
0.03561464697122574
0.03561268001794815
0.035614803433418274
0.03561454638838768
0.03561539947986603
0.035618919879198074
0.03561266511678696
0.035613756626844406
0.035612888634204865
0.03561151772737503
0.03561253473162651
0.03561274707317352
0.03561067953705788
0.03561190515756607
0.0356130413711071
0.03561295196413994
0.03561003506183624
0.03561121225357056
0.03561209514737129
0.035611093044281006
0.035608574748039246
0.035607464611530304
0.035609472543001175
0.035610899329185486
0.035608258098363876
0.03560955449938774
0.03561012074351311
0.03560717776417732
0.03560918569564819
0.035607095807790756
0.03560800105333328
0.03560755401849747
0.03560826554894447
0.035607971251010895
0.035607628524303436
0.035608116537332535
0.035606153309345245
0.03560664877295494
0.035604748874902725
0.03560406342148781
0.03560420870780945
0.03560217469930649
0.03560524433851242
0.03560234606266022
0.03560492396354675
0.03560289368033409
0.035604361444711685
0.03560269996523857
0.035604074597358704
0.03560066223144531
0.03560134395956993
0.035603106021881104
0.03560296446084976
0.035601645708084106
0.035598788410425186
0.03559929132461548
0.035598091781139374
0.035600170493125916
0.03559830039739609
0.03560350835323334
0.035604000091552734
0.03559505566954613
0.03559501841664314
0.03559834137558937
0.03559643402695656
0.03559614717960358
0.03559548780322075
0.03559371083974838
0.03559334576129913
0.03559383377432823
0.03559719771146774
0.03559461608529091
0.035594724118709564
0.03559435158967972
0.0355943962931633
0.03559369966387749
0.03559219837188721
0.03559255599975586
0.035593368113040924
0.03559259697794914
0.035592883825302124
0.035592298954725266
0.0355922095477581
0.03559219092130661
0.035593051463365555
0.03559165447950363
0.03559282049536705
0.0355948843061924
0.03559079021215439
0.035591281950473785
0.03559284284710884
0.035592325031757355
0.035590868443250656
0.03559122234582901
0.03559047356247902
0.035591378808021545
0.035590704530477524
0.035591334104537964
0.03559066727757454
0.035591088235378265
0.035590335726737976
0.0355946347117424
0.03558891639113426
0.035589490085840225
0.03558865562081337
0.03558860346674919
0.035588979721069336
0.035591971129179
0.035590872168540955
0.035588063299655914
0.03558870032429695
0.03558749333024025
0.03558960556983948
0.03558851778507233
0.03558693826198578
0.03558808192610741
0.0355897918343544
0.03558948636054993
0.0355871208012104
0.035587552934885025
0.035588640719652176
0.035588379949331284
0.03558959439396858
0.0355876125395298
0.0355936698615551
0.035587128251791
0.035586729645729065
0.03558769449591637
0.035586629062891006
0.03558714687824249
0.035586319863796234
0.03558583930134773
0.035585951060056686
0.03558627888560295
0.035585030913352966
0.035586170852184296
0.035584595054388046
0.035586219280958176
0.03558586537837982
0.035584788769483566
0.03558468818664551
0.03558503836393356
0.03558476269245148
0.03558507189154625
0.03558443486690521
0.03558402508497238
0.035585109144449234
0.03558369353413582
0.03558443486690521
0.035587795078754425
0.03558319807052612
0.03558288887143135
0.03558427095413208
0.03558378666639328
0.035583604127168655
0.035584162920713425
0.03558306768536568
0.0355827696621418
0.03558242693543434
0.03558209538459778
0.03558213636279106
0.03558050096035004
0.03558006137609482
0.03558025881648064
0.03557996451854706
0.03558092191815376
0.03557968512177467
0.03557935729622841
0.03557983413338661
0.03557955473661423
0.03557959944009781
0.03558015078306198
0.035579390823841095
0.03557958826422691
0.03557949513196945
0.03557967022061348
0.03557916358113289
0.0355791300535202
0.03557896986603737
0.03557930514216423
0.035579122602939606
0.035579271614551544
0.03557936102151871
0.03557879850268364
0.035579655319452286
0.03557843342423439
0.03557897359132767
0.035578906536102295
0.0355788953602314
0.03557846322655678
0.035578712821006775
0.035578805953264236
0.03557918220758438
0.035578519105911255
0.03557833284139633
0.03557807579636574
0.03557819128036499
0.035579368472099304
0.0355781726539135
0.03557829186320305
0.03557833284139633
0.03557852655649185
0.03557789325714111
0.035578303039073944
0.035578224807977676
0.03557852283120155
0.03557748720049858
0.035578008741140366
0.03557870164513588
0.035577863454818726
0.03557784482836723
0.03557807579636574
0.035577647387981415
0.03557740896940231
0.03557775542140007
0.03557745739817619
0.03557712212204933
0.035578448325395584
0.03557705879211426
0.035577092319726944
0.03557731583714485
0.03557700663805008
0.035577442497015
0.035579267889261246
0.035576652735471725
0.03557680919766426
0.03557745739817619
0.0355767197906971
0.035576675087213516
0.035576820373535156
0.03557673096656799
0.03557674214243889
0.03557659313082695
0.03557645529508591
0.035577405244112015
0.03557664901018143
0.035577066242694855
0.0355764739215374
0.035576995462179184
0.035575877875089645
0.035575855523347855
0.03557576984167099
0.03557680547237396
0.03557605668902397
0.03557588905096054
0.03557570278644562
0.03557591512799263
0.03557658568024635
0.03557739034295082
0.03557620197534561
0.03557586297392845
0.035575687885284424
0.035576123744249344
0.035575512796640396
0.03557564690709114
0.03557545691728592
0.03557531535625458
0.035575300455093384
0.03557503595948219
0.03557547926902771
0.035574961453676224
0.035574451088905334
0.03557516634464264
0.035574670881032944
0.03557482361793518
0.035575225949287415
0.035575177520513535
0.03557451069355011
0.0355745404958725
0.03557492792606354
0.035574883222579956
0.035574425011873245
0.035574231296777725
0.035574331879615784
0.03557448834180832
0.03557479754090309
0.03557422012090683
0.03557384014129639
0.035574376583099365
0.03557431325316429
0.03557407855987549
0.03557378426194191
0.03557463362812996
0.03557373210787773
0.03557383641600609
0.035573817789554596
0.035574521869421005
0.03557442128658295
0.03557434305548668
0.03557364642620087
0.03557407110929489
0.03557359427213669
0.03557371720671654
0.03557406738400459
0.03557346388697624
0.03557329997420311
0.035573624074459076
0.035574156790971756
0.03557366877794266
0.035573627799749374
0.03557354584336281
0.03557349741458893
0.03557327762246132
0.03557330742478371
0.03557267412543297
0.03557329624891281
0.03557335585355759
0.03557287156581879
0.03557291254401207
0.03557279706001282
0.03557318076491356
0.03557394817471504
0.03557388111948967
0.035572588443756104
0.035572994500398636
0.03557291999459267
0.035572946071624756
0.035572588443756104
0.03557286038994789
0.035573072731494904
0.035572201013565063
0.03557274863123894
0.03557250648736954
0.03557221591472626
0.035572223365306854
0.035572461783885956
0.03557303920388222
0.0355721153318882
0.035572417080402374
0.03557230159640312
0.03557229042053223
0.03557217866182327
0.03557281196117401
0.03557198867201805
0.03557192534208298
0.03557327762246132
0.03557204455137253
0.035571832209825516
0.03557153046131134
0.035571783781051636
0.03557194024324417
0.03557178005576134
0.03557152673602104
0.03557181358337402
0.03557148203253746
0.03557143732905388
0.03557194769382477
0.035571541637182236
0.03557165339589119
0.0355711430311203
0.03557199612259865
0.03557225689291954
0.03557194769382477
0.03557138890028
0.035571157932281494
0.03557113930583
