0.7903725504875183
0.7159920334815979
0.6741684675216675
0.6461308002471924
0.6214068531990051
0.599216878414154
0.577700674533844
0.5597265362739563
0.5448564291000366
0.5328220129013062
0.5230506062507629
0.514648973941803
0.5073643326759338
0.5001726150512695
0.4935716986656189
0.4871854782104492
0.4798097312450409
0.47066375613212585
0.4606674015522003
0.45150983333587646
0.4423550069332123
0.4331640601158142
0.42547017335891724
0.41842713952064514
0.41268664598464966
0.40853792428970337
0.4046531915664673
0.4017532765865326
0.3991181254386902
0.3971841037273407
0.3953379988670349
0.39398738741874695
0.39234474301338196
0.3911190927028656
0.3895605504512787
0.38874053955078125
0.3883890211582184
0.3868263065814972
0.3860560357570648
0.3855774700641632
0.3848574459552765
0.38441002368927
0.38420554995536804
0.38329893350601196
0.3829546868801117
0.38247400522232056
0.3822309970855713
0.38171130418777466
0.3814060091972351
0.3811214566230774
0.38098159432411194
0.380683571100235
0.38045719265937805
0.3803195357322693
0.37985795736312866
0.3796810805797577
0.37977200746536255
0.37886640429496765
0.3786775767803192
0.378412127494812
0.37829312682151794
0.37772291898727417
0.37790048122406006
0.37815120816230774
0.3770546019077301
0.3774050176143646
0.37711870670318604
0.37655648589134216
0.3767692744731903
0.37640273571014404
0.37587735056877136
0.375810444355011
0.37568557262420654
0.37547653913497925
0.3758452832698822
0.3751492202281952
0.37490448355674744
0.3748065233230591
0.37458428740501404
0.3744969666004181
0.3742949962615967
0.3745003342628479
0.3736787438392639
0.37386953830718994
0.3736141622066498
0.37349849939346313
0.3732987940311432
0.3738674819469452
0.37307503819465637
0.37341299653053284
0.37315288186073303
0.37268736958503723
0.37272483110427856
0.3727124035358429
0.37244394421577454
0.37228426337242126
0.3727223873138428
0.3721705377101898
0.3728474974632263
0.3720543384552002
0.3718976080417633
0.371670663356781
0.3715920150279999
0.3717103898525238
0.3713834881782532
0.3712620735168457
0.37156087160110474
0.37091949582099915
0.3710682690143585
0.3711601495742798
0.37112030386924744
0.370962530374527
0.37068110704421997
0.37084048986434937
0.37078580260276794
0.37060147523880005
0.37070050835609436
0.3706100285053253
0.37012019753456116
0.37005236744880676
0.37033072113990784
0.3700180649757385
0.3696728050708771
0.3699336349964142
0.36977991461753845
0.3696731925010681
0.3695545792579651
0.3694226145744324
0.36940616369247437
0.3690720498561859
0.3690968155860901
0.3688901662826538
0.36891981959342957
0.3689097762107849
0.3687339127063751
0.3690003454685211
0.3686378598213196
0.36877691745758057
0.3683762550354004
0.36811748147010803
0.3682594895362854
0.36879807710647583
0.3676993250846863
0.36806976795196533
0.36786872148513794
0.36755606532096863
0.3676711916923523
0.36763912439346313
0.3672991991043091
0.3671649396419525
0.3675938546657562
0.36704424023628235
0.36707159876823425
0.36671966314315796
0.36666712164878845
0.3666187822818756
0.3669148087501526
0.3667505383491516
0.3664127290248871
0.3660256862640381
0.36617332696914673
0.3659239411354065
0.365802526473999
0.36548659205436707
0.3656100928783417
0.36545079946517944
0.365323543548584
0.36518245935440063
0.36545875668525696
0.3660410940647125
0.36473754048347473
0.36568185687065125
0.36513787508010864
0.3646843135356903
0.3648213744163513
0.3644610345363617
0.3648441731929779
0.36448678374290466
0.3642399311065674
0.36379316449165344
0.3640037178993225
0.36346426606178284
0.3632507622241974
0.36316585540771484
0.3632040023803711
0.3631407916545868
0.363077849149704
0.36339271068573
0.36315658688545227
0.3629818558692932
0.36287108063697815
0.36266186833381653
0.36279577016830444
0.36271145939826965
0.3628345727920532
0.3625504672527313
0.3625766634941101
0.3626066744327545
0.36258554458618164
0.3625587522983551
0.3624630570411682
0.362438440322876
0.3623708188533783
0.3623368442058563
0.36231064796447754
0.3623933792114258
0.36230751872062683
0.3621174395084381
0.3622250258922577
0.3622388541698456
0.36215272545814514
0.3623047471046448
0.36224642395973206
0.36202263832092285
0.36216357350349426
0.36197423934936523
0.36185190081596375
0.36205413937568665
0.36218902468681335
0.3619232177734375
0.3617754578590393
0.3621213436126709
0.36186307668685913
0.36170724034309387
0.3618202805519104
0.36174458265304565
0.3617100417613983
0.3616265654563904
0.3617575764656067
0.36187392473220825
0.36153724789619446
0.36166319251060486
0.3616155982017517
0.36154040694236755
0.36149996519088745
0.36158448457717896
0.36153873801231384
0.3614020049571991
0.3614441752433777
0.36149394512176514
0.3612980246543884
0.3614954948425293
0.3612944781780243
0.3613545894622803
0.36126020550727844
0.36135780811309814
0.3613138496875763
0.3614402115345001
0.3612423837184906
0.3611612915992737
0.36118483543395996
0.3610606789588928
0.3610970675945282
0.36085045337677
0.3610472083091736
0.36101463437080383
0.36113300919532776
0.36083656549453735
0.36097753047943115
0.36093926429748535
0.3607194721698761
0.3607523441314697
0.36078041791915894
0.36088037490844727
0.3607219159603119
0.360882431268692
0.360958993434906
0.3607883155345917
0.36076271533966064
0.36045265197753906
0.36078161001205444
0.360480934381485
0.36069977283477783
0.36041808128356934
0.36048415303230286
0.3604341745376587
0.3604983687400818
0.3603202998638153
0.3604159951210022
0.36048731207847595
0.3605014383792877
0.3603518009185791
0.36010804772377014
0.36011824011802673
0.36013367772102356
0.36017730832099915
0.36017701029777527
0.3602743148803711
0.3600921630859375
0.3601122796535492
0.3600746989250183
0.36004436016082764
0.36001312732696533
0.3600162863731384
0.359953373670578
0.3601541221141815
0.35991284251213074
0.35997840762138367
0.36000722646713257
0.35997599363327026
0.35998964309692383
0.35988566279411316
0.3599482774734497
0.3599434792995453
0.35986876487731934
0.359968364238739
0.3599473834037781
0.35988104343414307
0.3599264621734619
0.35981354117393494
0.3598198890686035
0.35980847477912903
0.3599947988986969
0.35989585518836975
0.35980480909347534
0.35978153347969055
0.3597956597805023
0.359770268201828
0.35981541872024536
0.35980117321014404
0.35974565148353577
0.35979849100112915
0.3597048223018646
0.3596404790878296
0.35972365736961365
0.359793484210968
0.35971954464912415
0.3597513437271118
0.35960501432418823
0.3596412241458893
0.35957837104797363
0.3595580756664276
0.35964885354042053
0.35975706577301025
0.3595792353153229
0.3595597743988037
0.3595784306526184
0.3595463037490845
0.3595257103443146
0.3594653606414795
0.3595341444015503
0.3595035672187805
0.3595675528049469
0.359481543302536
0.35958418250083923
0.3595069646835327
0.3594743311405182
0.3594036400318146
0.3593727946281433
0.3594146966934204
0.3594360053539276
0.35938701033592224
0.35943883657455444
0.35946881771087646
0.3593430817127228
0.3592841625213623
0.35939276218414307
0.35926979780197144
0.3593611717224121
0.35927921533584595
0.3592728078365326
0.3592222034931183
0.3593360185623169
0.35924041271209717
0.35923129320144653
0.35921788215637207
0.35943830013275146
0.35916417837142944
0.3591728210449219
0.35917574167251587
0.3591689169406891
0.3591911792755127
0.35918503999710083
0.35911595821380615
0.35905832052230835
0.3590693473815918
0.3590029776096344
0.3590851128101349
0.35895827412605286
0.3591400682926178
0.3590000867843628
0.35903045535087585
0.35887885093688965
0.35887444019317627
0.35894668102264404
0.3589337170124054
0.3588596284389496
0.3588913083076477
0.358835905790329
0.35880520939826965
0.3588118553161621
0.3588734269142151
0.3587951362133026
0.3587654232978821
0.35889115929603577
0.3587977886199951
0.3587653338909149
0.3587664067745209
0.3587624430656433
0.3587508797645569
0.3588019013404846
0.3587518036365509
0.3587111532688141
0.35877135396003723
0.358757883310318
0.3586893081665039
0.35879823565483093
0.358712762594223
0.3586944341659546
0.35869523882865906
0.35870957374572754
0.35866811871528625
0.3586936891078949
0.3586536645889282
0.35887017846107483
0.3586865961551666
0.35865339636802673
0.35866305232048035
0.3586089611053467
0.35860544443130493
0.35862699151039124
0.3586066961288452
0.35865116119384766
0.35868337750434875
0.35861465334892273
0.35864219069480896
0.3586379289627075
0.3588670492172241
0.35869458317756653
0.35860204696655273
0.3586050570011139
0.35854029655456543
0.358527809381485
0.358563631772995
0.35855722427368164
0.3585524260997772
0.3585142493247986
0.3585323095321655
0.3586415946483612
0.3584994971752167
0.3585267663002014
0.3585214614868164
0.35852116346359253
0.3585119843482971
0.35848891735076904
0.35846424102783203
0.3585173189640045
0.35848280787467957
0.3584853410720825
0.35846230387687683
0.3584306240081787
0.3584901690483093
0.35842815041542053
0.35841426253318787
0.35843467712402344
0.3585412800312042
0.3585799038410187
0.3584175705909729
0.3583739995956421
0.35838940739631653
0.35838574171066284
0.3583742082118988
0.35839852690696716
0.3583995997905731
0.3583463430404663
0.3583742380142212
0.3583522140979767
0.3583511412143707
0.3583790063858032
0.3583689033985138
0.3583730161190033
0.3583424985408783
0.35842764377593994
0.3583407700061798
0.3583292067050934
0.35831013321876526
0.35834553837776184
0.35830312967300415
0.3582790493965149
0.35829678177833557
0.35829293727874756
0.35829654335975647
0.3582557737827301
0.35824233293533325
0.358225554227829
0.3582240343093872
0.3582475483417511
0.35832273960113525
0.35825639963150024
0.358213871717453
0.35821333527565
0.3582034111022949
0.3582141101360321
0.35819926857948303
0.3581998944282532
0.3582063615322113
0.358187198638916
0.35824525356292725
0.358218252658844
0.3581903576850891
0.35823139548301697
0.3581954538822174
0.35817480087280273
0.35819804668426514
0.3581816256046295
0.35820475220680237
0.35816508531570435
0.3581641614437103
0.35818907618522644
0.3582216203212738
0.3581611216068268
0.35817235708236694
0.35817670822143555
0.3581741154193878
0.35817083716392517
0.3581697344779968
0.35815778374671936
0.3581516146659851
0.3581695556640625
0.3581499457359314
0.3581409156322479
0.35816600918769836
0.3581470847129822
0.35813215374946594
0.3581503927707672
0.35812097787857056
0.3581301271915436
0.3581204414367676
0.358108252286911
0.3581320345401764
0.3581097722053528
0.3581056296825409
0.35809704661369324
0.358105331659317
0.35812267661094666
0.35811513662338257
0.3581361174583435
0.3581041097640991
0.358089417219162
0.3581094741821289
0.35810109972953796
0.3580824136734009
0.35810360312461853
0.3581227660179138
0.35811370611190796
0.35807904601097107
0.3580917418003082
0.35808202624320984
0.35807308554649353
0.3581029176712036
0.358096182346344
0.35805004835128784
0.3580878674983978
0.3580750524997711
0.3580743968486786
0.35811927914619446
0.35807904601097107
0.35808244347572327
0.35804295539855957
0.3580434322357178
0.3580467700958252
0.3580563962459564
0.3580668270587921
0.358028382062912
0.35803377628326416
0.35804057121276855
0.35802724957466125
0.3580203354358673
0.35799700021743774
0.3580045998096466
0.35802942514419556
0.35803937911987305
0.3580036759376526
0.35801586508750916
0.3579961061477661
0.35801976919174194
0.3580336570739746
0.35802599787712097
0.35800638794898987
0.35801249742507935
0.35802775621414185
0.35799604654312134
0.3579627275466919
0.35798102617263794
0.3579700291156769
0.35796448588371277
0.35797318816185
0.3579554855823517
0.3579748570919037
0.357973575592041
0.35795602202415466
0.3579528331756592
0.35795027017593384
0.3579495847225189
0.3579429090023041
0.35793912410736084
0.35794398188591003
0.35794657468795776
0.35794317722320557
0.35794028639793396
0.3579370975494385
0.3579302728176117
0.35794374346733093
0.35792747139930725
0.35793960094451904
0.35793110728263855
0.3579293191432953
0.3579443395137787
0.3579249083995819
0.3579387664794922
0.3579191565513611
0.3579193949699402
0.3579234480857849
0.35792484879493713
0.3579300343990326
0.35792315006256104
0.35791075229644775
0.3579086363315582
0.35790926218032837
0.3579155206680298
0.35792723298072815
0.3579297959804535
0.3579119145870209
0.35790571570396423
0.35790398716926575
0.35790306329727173
0.35790300369262695
0.35791122913360596
0.3578977882862091
0.35791438817977905
0.3579024076461792
0.3579034209251404
0.3578990399837494
0.3579058051109314
0.35789811611175537
0.357894629240036
0.3578944802284241
0.3578924834728241
0.35790279507637024
0.3578832447528839
0.35789886116981506
0.3578908145427704
0.35789090394973755
0.35788482427597046
0.3578818440437317
0.35788294672966003
0.3578924238681793
0.3578825891017914
0.35787689685821533
0.3578706383705139
0.3578921854496002
0.3578861951828003
0.35787174105644226
0.3578667938709259
0.3578697741031647
0.35786664485931396
0.35788413882255554
0.3578735589981079
0.3578653335571289
0.35786426067352295
0.35786959528923035
0.3578627109527588
0.3578530550003052
0.3578551709651947
0.3578561246395111
0.3578527569770813
0.35785433650016785
0.3578566908836365
0.357856422662735
0.35785603523254395
0.35786256194114685
0.3578553795814514
0.3578484058380127
0.3578622043132782
0.35785385966300964
0.35786718130111694
0.3578435778617859
0.3578503131866455
0.3578431308269501
0.35787585377693176
0.3578585386276245
0.3578343391418457
0.35782474279403687
0.35782599449157715
0.3578229546546936
0.3578243851661682
0.35782256722450256
0.35782042145729065
0.3578185737133026
0.3578247129917145
0.3578163683414459
0.3578214645385742
0.35782328248023987
0.357820063829422
0.35782191157341003
0.3578237295150757
0.35781413316726685
0.35781317949295044
0.35782095789909363
0.3578215539455414
0.3578115999698639
0.35781413316726685
0.35781586170196533
0.35781264305114746
0.3578124940395355
0.3578118085861206
0.35781916975975037
0.3578117787837982
0.357812762260437
0.35781165957450867
0.35780757665634155
0.35781732201576233
0.3578110337257385
0.35780641436576843
0.3578060567378998
0.3578051030635834
0.35781219601631165
0.3578051030635834
0.3578033149242401
0.3578081429004669
0.357804536819458
0.3578091859817505
0.35780027508735657
0.3577996492385864
0.3577989339828491
0.35780417919158936
0.35781174898147583
0.35779449343681335
0.35779818892478943
0.35779595375061035
0.3577994704246521
0.3577982783317566
0.35779640078544617
0.35779812932014465
0.35780003666877747
0.3577975630760193
0.35779812932014465
0.3578082025051117
0.3577887713909149
0.35778799653053284
0.3577888309955597
0.3577902019023895
0.35778987407684326
0.35779818892478943
0.35779187083244324
0.3577902317047119
0.357791543006897
0.35779690742492676
0.35778817534446716
0.3577854037284851
0.35778483748435974
0.35779309272766113
0.35777994990348816
0.3577779531478882
0.3577967584133148
0.35778316855430603
0.3577861785888672
0.3577834367752075
0.35778605937957764
0.3577839732170105
0.35778528451919556
0.35777708888053894
0.35778114199638367
0.3577791452407837
0.3577876091003418
0.3577820062637329
0.35777124762535095
0.3577832877635956
0.35777419805526733
0.3577737808227539
0.35777100920677185
0.35777416825294495
0.35777315497398376
0.357768714427948
0.3577706515789032
0.35776981711387634
0.35776686668395996
0.3577735126018524
0.3577708601951599
0.35776856541633606
0.3577684462070465
0.35776981711387634
0.3577616810798645
0.35776105523109436
0.3577604293823242
0.357759952545166
0.3577595353126526
0.3577599823474884
0.35776180028915405
0.3577572703361511
0.35775789618492126
0.3577563762664795
0.3577580749988556
0.35775551199913025
0.3577640652656555
0.35775452852249146
0.35775554180145264
0.3577578663825989
0.35776177048683167
0.3577542006969452
0.3577570617198944
0.35775670409202576
0.3577536344528198
0.3577542304992676
0.3577548563480377
0.35775792598724365
0.3577563762664795
0.35775357484817505
0.3577510714530945
0.35775086283683777
0.3577512800693512
0.3577536940574646
0.35775303840637207
0.3577613830566406
0.35775187611579895
0.35774946212768555
0.3577510118484497
0.3577493727207184
0.3577491044998169
0.35774946212768555
0.3577556908130646
0.3577483296394348
0.3577527701854706
0.3577500283718109
0.3577500581741333
0.35774824023246765
0.35774746537208557
0.35774844884872437
0.3577461540699005
0.3577490746974945
0.3577457368373871
0.3577475845813751
0.3577473759651184
0.3577463924884796
0.357744038105011
0.35774585604667664
0.3577462136745453
0.3577475845813751
0.35774433612823486
0.35774391889572144
0.3577430844306946
0.35774508118629456
0.3577422797679901
0.35774317383766174
0.35774439573287964
0.357741117477417
0.35774174332618713
0.35774365067481995
0.3577427864074707
0.3577404320240021
0.35774433612823486
0.35774004459381104
0.3577409088611603
0.3577446937561035
0.3577418327331543
0.35773923993110657
0.35773858428001404
0.3577418625354767
0.35774025321006775
0.35773658752441406
0.35774073004722595
0.3577384054660797
0.35774123668670654
0.35774391889572144
0.3577379286289215
0.3577367067337036
0.35773736238479614
0.35773566365242004
0.3577371835708618
0.3577349781990051
0.3577340245246887
0.3577367067337036
0.3577357828617096
0.35774001479148865
0.35773372650146484
0.3577365279197693
0.35773584246635437
0.3577324450016022
0.3577348291873932
0.357736200094223
0.3577348291873932
0.3577304184436798
0.3577312231063843
0.3577307164669037
0.3577287495136261
0.3577283024787903
0.3577302098274231
0.3577274680137634
0.3577282726764679
0.3577302396297455
0.35772815346717834
0.3577282428741455
0.35772743821144104
0.3577272295951843
0.3577275574207306
0.35772818326950073
0.3577267825603485
0.3577280044555664
0.35772714018821716
0.3577282130718231
0.35772886872291565
0.3577268421649933
0.357727587223053
0.35772594809532166
0.3577266037464142
0.3577277362346649
0.3577251136302948
0.3577275276184082
0.3577249348163605
0.3577272295951843
0.35772520303726196
0.35772526264190674
0.3577253520488739
0.3577243685722351
0.3577258288860321
0.35772690176963806
0.3577256202697754
0.357724666595459
0.3577243685722351
0.3577248156070709
0.35772350430488586
0.35772618651390076
0.3577287495136261
0.3577234148979187
0.3577227294445038
0.35772275924682617
0.3577233850955963
0.35772284865379333
0.35772404074668884
0.35772156715393066
0.35772380232810974
0.357723593711853
0.3577216565608978
0.3577219247817993
0.35772189497947693
0.35772189497947693
0.3577219545841217
0.3577212393283844
0.3577219247817993
0.35772135853767395
0.3577204644680023
0.3577210307121277
0.3577216565608978
0.35772067308425903
0.357721745967865
0.3577217757701874
0.3577209711074829
0.35771995782852173
0.35772407054901123
0.35772064328193665
0.35772034525871277
0.35771989822387695
0.3577216565608978
0.35771939158439636
0.3577197790145874
0.35771986842155457
0.35771867632865906
0.357720285654068
0.3577183485031128
0.35771846771240234
0.3577183187007904
0.35771945118904114
0.35771921277046204
0.35772067308425903
0.3577170968055725
0.3577178716659546
0.35771724581718445
0.35771650075912476
0.35771673917770386
0.3577176332473755
0.3577170968055725
0.357717365026474
0.3577177822589874
0.3577176034450531
0.3577166795730591
0.3577161431312561
0.3577158451080322
0.357715368270874
0.35771480202674866
0.3577164113521576
0.3577162027359009
0.3577151596546173
0.35771411657333374
0.3577146530151367
0.3577148914337158
0.3577134907245636
0.3577134609222412
0.3577132821083069
0.35771480202674866
0.3577152192592621
0.3577127158641815
0.3577132821083069
0.3577135503292084
0.35771384835243225
0.3577127754688263
0.35771307349205017
0.35771504044532776
0.3577127456665039
0.35771238803863525
0.3577127456665039
0.35771462321281433
0.35771238803863525
0.3577125370502472
0.3577134311199188
0.3577136993408203
0.3577122390270233
0.3577115833759308
0.35771262645721436
0.35771211981773376
0.3577123284339905
0.35771262645721436
0.35771194100379944
0.3577122688293457
0.35771188139915466
0.35771140456199646
0.3577115535736084
0.3577113151550293
0.35771217942237854
0.3577115535736084
0.3577125370502472
0.3577116131782532
0.35771074891090393
0.3577117919921875
0.35771164298057556
0.3577110171318054
0.3577115535736084
0.3577107787132263
0.35771191120147705
0.35771113634109497
0.35771098732948303
0.35771092772483826
0.35771018266677856
0.35771092772483826
0.35771074891090393
0.35771048069000244
0.3577103018760681
0.3577101528644562
0.35771000385284424
0.35771051049232483
0.35771051049232483
0.3577096164226532
0.35770946741104126
0.35771048069000244
0.35771018266677856
0.35770949721336365
0.3577098250389099
0.3577103316783905
0.35771140456199646
0.35771042108535767
0.35770997405052185
0.3577096164226532
0.3577100336551666
0.3577093183994293
0.3577088713645935
0.3577088415622711
0.357710063457489
0.3577093482017517
0.357708603143692
0.357708603143692
0.35770872235298157
0.35770872235298157
0.35770905017852783
0.3577084243297577
0.3577094078063965
0.35770830512046814
0.35770824551582336
0.35770946741104126
0.3577083647251129
0.35770854353904724
0.3577081263065338
0.3577079772949219
0.35770854353904724
0.3577074110507965
0.3577078580856323
0.35770750045776367
0.3577080965042114
0.35770705342292786
0.35770753026008606
0.35770687460899353
0.357707679271698
0.3577071726322174
0.35770678520202637
0.35770609974861145
0.3577066957950592
0.35770654678344727
0.3577064573764801
0.35770609974861145
0.3577067255973816
0.35770606994628906
0.3577060103416443
0.3577060103416443
0.3577060103416443
0.3577060401439667
0.35770681500434875
0.35770612955093384
0.35770589113235474
0.3577059209346771
0.35770586133003235
0.3577054440975189
0.3577059209346771
0.35770636796951294
0.3577060103416443
0.35770556330680847
0.35770612955093384
0.35770535469055176
0.35770511627197266
0.35770538449287415
0.3577055335044861
0.35770532488822937
0.35770538449287415
0.3577052652835846
0.35770508646965027
0.3577058017253876
0.3577050268650055
0.3577052354812622
0.35770511627197266
0.35770514607429504
0.357705682516098
0.35770541429519653
0.3577054440975189
0.3577049970626831
0.3577050268650055
0.35770517587661743
0.35770538449287415
0.3577050268650055
0.3577047288417816
0.357704758644104
0.35770508646965027
0.35770541429519653
0.35770493745803833
0.35770443081855774
0.35770484805107117
0.3577045500278473
0.35770440101623535
0.3577044606208801
0.3577042520046234
0.357704222202301
0.3577045202255249
0.3577054440975189
0.3577040433883667
0.35770395398139954
0.3577041029930115
0.3577039837837219
0.35770508646965027
0.3577042520046234
0.3577040731906891
0.35770466923713684
0.35770392417907715
0.35770493745803833
0.35770395398139954
0.35770419239997864
0.3577039837837219
0.3577038645744324
0.3577035367488861
0.35770371556282043
0.3577035963535309
0.35770362615585327
0.3577038645744324
0.3577035069465637
0.3577035069465637
0.3577040731906891
0.3577035367488861
0.357704222202301
0.35770371556282043
0.35770317912101746
0.3577035069465637
0.35770362615585327
0.3577040433883667
0.35770383477211
0.35770314931869507
0.3577031195163727
0.35770362615585327
0.3577035069465637
0.3577043116092682
0.3577033281326294
0.35770291090011597
0.3577030301094055
0.35770291090011597
0.3577031195163727
0.3577028512954712
0.35770273208618164
0.35770341753959656
0.3577025532722473
0.35770249366760254
0.35770243406295776
0.35770249366760254
0.35770243406295776
0.3577023446559906
0.3577023148536682
0.35770246386528015
0.35770222544670105
0.35770249366760254
0.35770219564437866
0.35770249366760254
0.35770219564437866
0.35770249366760254
0.3577021658420563
0.35770249366760254
0.35770222544670105
0.35770201683044434
0.3577023148536682
0.35770222544670105
0.35770201683044434
0.35770222544670105
0.3577021062374115
0.35770198702812195
0.3577019274234772
0.3577019274234772
0.3577020764350891
0.3577019274234772
0.3577019274234772
0.35770195722579956
0.3577020764350891
0.3577018976211548
0.35770195722579956
0.3577018678188324
0.3577018678188324
0.3577019274234772
0.35770198702812195
0.35770201683044434
0.3577016592025757
0.35770171880722046
0.35770174860954285
0.35770171880722046
0.35770153999328613
0.35770171880722046
0.3577018678188324
0.3577018082141876
0.3577016294002533
0.3577015697956085
0.35770174860954285
0.35770151019096375
0.35770168900489807
0.35770148038864136
0.3577018082141876
0.35770153999328613
0.3577016294002533
0.35770145058631897
0.35770148038864136
0.3577013313770294
0.35770151019096375
0.3577014207839966
0.35770145058631897
0.35770130157470703
0.35770127177238464
0.3577013909816742
0.35770151019096375
0.35770130157470703
0.35770145058631897
0.35770130157470703
0.3577011227607727
0.35770127177238464
0.3577013909816742
0.3577015697956085
0.35770106315612793
0.35770148038864136
0.3577011227607727
0.35770124197006226
0.35770106315612793
0.3577016294002533
0.35770124197006226
0.3577011227607727
0.35770100355148315
0.35770097374916077
0.35770106315612793
0.35770106315612793
0.35770103335380554
0.3577010929584503
0.35770121216773987
0.3577009439468384
0.35770076513290405
0.35770127177238464
0.3577008545398712
0.35770106315612793
0.35770097374916077
0.35770082473754883
0.3577007055282593
0.35770151019096375
0.35770121216773987
0.3577009439468384
0.35770073533058167
0.3577008545398712
0.3577006161212921
0.35770052671432495
0.35770049691200256
0.35770055651664734
0.3577005863189697
0.3577006161212921
0.3577004671096802
0.3577004671096802
0.35770052671432495
0.3577004671096802
0.357700377702713
0.35770052671432495
0.3577004671096802
0.357700377702713
0.3577004075050354
0.357700377702713
0.3577004075050354
0.3577003479003906
0.35770025849342346
0.3577004075050354
0.357700377702713
0.35770049691200256
0.357700377702713
0.3577004671096802
0.35770031809806824
0.357700377702713
0.35770031809806824
0.35770028829574585
0.35770025849342346
0.35770028829574585
0.35770031809806824
0.35770028829574585
0.35770028829574585
0.35770025849342346
0.35770055651664734
0.3577001094818115
0.3577001988887787
0.3577001690864563
0.35770025849342346
0.35770025849342346
0.35770025849342346
0.3577001392841339
0.35770025849342346
0.35770028829574585
0.3577001690864563
0.35770007967948914
0.35770007967948914
0.35770004987716675
0.35770002007484436
0.3577001988887787
0.3577001094818115
0.3577001392841339
0.3577001392841339
0.35770004987716675
0.35770004987716675
0.3577001392841339
0.3577001988887787
0.35770007967948914
0.3577001392841339
0.35770002007484436
0.35770002007484436
0.35770002007484436
0.35770004987716675
0.35770004987716675
0.35770002007484436
0.35770002007484436
0.3576999604701996
0.35770002007484436
0.3576999306678772
0.35770002007484436
0.3577001094818115
0.3576999306678772
0.3576999008655548
0.3576998710632324
0.3576999306678772
0.35769984126091003
0.3576999604701996
0.3576999008655548
0.35769984126091003
0.3576999008655548
0.35770002007484436
0.3576998710632324
0.35769984126091003
0.3576999008655548
0.35769984126091003
0.3576998710632324
0.35769978165626526
0.3576997220516205
0.35769978165626526
0.3576996922492981
0.35769981145858765
0.3576996922492981
0.35769981145858765
0.35769984126091003
0.3576998710632324
0.3576996624469757
0.35769978165626526
0.3576996922492981
0.3576996922492981
0.3576996326446533
0.3576996624469757
0.35769960284233093
0.35769960284233093
0.35769960284233093
0.3576996326446533
0.35769960284233093
0.35769957304000854
0.35769954323768616
0.35769957304000854
0.35769957304000854
0.35769960284233093
0.35769960284233093
0.35769954323768616
0.357699453830719
0.35769957304000854
0.35769960284233093
0.35769957304000854
0.357699453830719
0.3576994836330414
0.35769957304000854
0.357699453830719
0.35769954323768616
0.35769954323768616
0.357699453830719
0.3576994836330414
0.35769954323768616
0.3576994836330414
0.35769954323768616
0.357699453830719
0.3576994836330414
0.3576994836330414
0.35769954323768616
0.357699453830719
0.357699453830719
0.357699453830719
0.357699453830719
0.3576993942260742
0.357699453830719
0.3576994836330414
0.3576993942260742
0.357699453830719
0.3576993942260742
0.3576994240283966
0.357699453830719
0.357699453830719
0.3576994240283966
0.357699453830719
0.3576993942260742
0.3576994836330414
0.35769936442375183
0.3576994240283966
0.3576993942260742
0.3576994240283966
0.3576994836330414
0.357699453830719
0.3576994836330414
0.3576994240283966
0.3576993942260742
0.3576994240283966
0.3576994240283966
0.35769936442375183
0.35769936442375183
0.357699453830719
0.35769933462142944
0.35769936442375183
0.35769936442375183
0.3576993942260742
0.35769933462142944
0.35769936442375183
0.35769936442375183
0.35769936442375183
0.35769936442375183
0.3576993942260742
0.35769936442375183
0.3576993942260742
0.35769936442375183
0.35769933462142944
0.3576992452144623
0.3576993942260742
0.35769933462142944
0.35769933462142944
0.35769933462142944
0.35769927501678467
0.35769927501678467
0.35769933462142944
0.35769927501678467
0.35769927501678467
0.3576992452144623
0.3576992452144623
0.35769927501678467
0.35769927501678467
0.35769927501678467
0.35769933462142944
0.35769927501678467
0.3576992452144623
0.3576992452144623
0.3576992452144623
0.35769927501678467
0.35769933462142944
0.3576992452144623
0.3576992452144623
0.3576992154121399
0.3576992154121399
0.35769927501678467
0.3576992154121399
0.3576992154121399
0.35769927501678467
0.35769933462142944
0.3576992154121399
0.3576992154121399
0.3576991558074951
0.35769927501678467
0.3576991558074951
0.3576991856098175
0.35769912600517273
0.3576992154121399
0.3576991558074951
0.3576991856098175
0.3576991856098175
0.3576991856098175
0.3576992154121399
0.35769912600517273
0.35769912600517273
0.3576991558074951
0.3576991856098175
0.3576992154121399
0.35769927501678467
0.3576992154121399
