0.7564569115638733
0.5333021879196167
0.4655522406101227
0.4309786558151245
0.413570761680603
0.40024036169052124
0.3903678059577942
0.38755643367767334
0.3780393600463867
0.37473970651626587
0.37150347232818604
0.3659648895263672
0.3626285195350647
0.35954952239990234
0.3571307361125946
0.3636753261089325
0.35096707940101624
0.34925147891044617
0.3431422710418701
0.3450785279273987
0.33839309215545654
0.3347603380680084
0.33978477120399475
0.33296528458595276
0.33321240544319153
0.3244742751121521
0.3239164352416992
0.3219921588897705
0.31595343351364136
0.32255488634109497
0.3104625642299652
0.3068762719631195
0.31475329399108887
0.31240010261535645
0.30970141291618347
0.30075719952583313
0.29296261072158813
0.2953357696533203
0.2914944291114807
0.2888660728931427
0.27735233306884766
0.2723972797393799
0.27288752794265747
0.2657724916934967
0.2750260829925537
0.2638826370239258
0.2567082941532135
0.2537889778614044
0.25293847918510437
0.2517752945423126
0.24766181409358978
0.2365271896123886
0.22995314002037048
0.23701918125152588
0.23801617324352264
0.22968189418315887
0.22256553173065186
0.21838651597499847
0.21665310859680176
0.2191665768623352
0.20839880406856537
0.20014411211013794
0.19853876531124115
0.20367388427257538
0.19312039017677307
0.19365853071212769
0.19346751272678375
0.1878315806388855
0.1947660893201828
0.19283641874790192
0.1747041940689087
0.17774690687656403
0.1814269870519638
0.1868196278810501
0.18043790757656097
0.1943923830986023
0.20227083563804626
0.1645391285419464
0.1539716273546219
0.15669551491737366
0.15172208845615387
0.15194883942604065
0.14736251533031464
0.1552811712026596
0.1503198891878128
0.15029354393482208
0.14094147086143494
0.15001969039440155
0.172364741563797
0.1735183447599411
0.13482584059238434
0.14173981547355652
0.15260228514671326
0.13672932982444763
0.1268051266670227
0.12082652747631073
0.11627519875764847
0.11751119792461395
0.11822200566530228
0.1263056844472885
0.11175736784934998
0.1081349328160286
0.1166892796754837
0.11905327439308167
0.13552486896514893
0.11913914233446121
0.12364713102579117
0.09996310621500015
0.10427233576774597
0.10081283748149872
0.12553615868091583
0.11858095973730087
0.09860752522945404
0.0910324826836586
0.08248770236968994
0.0791642889380455
0.07395289838314056
0.07684773206710815
0.07685530185699463
0.07288617640733719
0.07138928025960922
0.07579410076141357
0.07012652605772018
0.07480194419622421
0.07017990946769714
0.07152731716632843
0.06985639035701752
0.06926358491182327
0.06570620089769363
0.06477358192205429
0.06378103792667389
0.06329125165939331
0.062008801847696304
0.06294522434473038
0.063326895236969
0.0608527697622776
0.05906182527542114
0.06253382563591003
0.05888570845127106
0.06365819275379181
0.057260431349277496
0.056752100586891174
0.05367933213710785
0.0544804222881794
0.05409025773406029
0.058126434683799744
0.0592045858502388
0.05708015337586403
0.05267801508307457
0.05487239733338356
0.05511752888560295
0.05372638627886772
0.05706799030303955
0.05654924735426903
0.05902968347072601
0.05678323283791542
0.0572102852165699
0.05012863501906395
0.050961993634700775
0.04717642068862915
0.047465864568948746
0.04655633866786957
0.046818338334560394
0.04984237253665924
0.04699559882283211
0.04444287344813347
0.04489334672689438
0.047973621636629105
0.04796289652585983
0.06003241613507271
0.054865799844264984
0.045858412981033325
0.042833372950553894
0.04110417887568474
0.047816094011068344
0.03907448425889015
0.03833729773759842
0.0412447452545166
0.042427755892276764
0.04016824811697006
0.05354360118508339
0.05164424702525139
0.04114220663905144
0.03750566020607948
0.03772133216261864
0.03568950667977333
0.04189806431531906
0.042576875537633896
0.03520849719643593
0.04097047448158264
0.03706176206469536
0.03522667661309242
0.03934990242123604
0.040668513625860214
0.03195704519748688
0.031349968165159225
0.03046821989119053
0.0302033182233572
0.02880837768316269
0.03163071721792221
0.03170013800263405
0.033960092812776566
0.03331977501511574
0.03020690567791462
0.029467565938830376
0.04089445620775223
0.039293818175792694
0.0421481728553772
0.042629826813936234
0.03454387187957764
0.03436584770679474
0.0356762669980526
0.033611077815294266
0.032181452959775925
0.028062064200639725
0.02343291975557804
0.021861186251044273
0.021122300997376442
0.020944533869624138
0.021906867623329163
0.019991181790828705
0.020593062043190002
0.02074470743536949
0.020497504621744156
0.020212646573781967
0.018982121720910072
0.020533856004476547
0.019079720601439476
0.02060493268072605
0.022249272093176842
0.01873699016869068
0.019168367609381676
0.019738325849175453
0.02127387747168541
0.020016036927700043
0.020717496052384377
0.023510506376624107
0.021158939227461815
0.01889853924512863
0.020395003259181976
0.021703621372580528
0.019121643155813217
0.019092855975031853
0.019137002527713776
0.019604003056883812
0.019064659252762794
0.019709160551428795
0.01973508484661579
0.02033872902393341
0.022457608953118324
0.023682959377765656
0.030756300315260887
0.023968439549207687
0.018999068066477776
0.019728360697627068
0.018755950033664703
0.017014343291521072
0.01809198409318924
0.017615370452404022
0.020001757889986038
0.016536597162485123
0.017171652987599373
0.019171856343746185
0.019659148529171944
0.01905721053481102
0.017863446846604347
0.018520329147577286
0.01650235429406166
0.01880304142832756
0.018686505034565926
0.01802537404000759
0.015560721047222614
0.01723535917699337
0.01619468256831169
0.015232013538479805
0.017055783420801163
0.015986397862434387
0.016648167744278908
0.017518483102321625
0.018990017473697662
0.01646537519991398
0.01824607327580452
0.018485091626644135
0.01681145280599594
0.016851752996444702
0.017828378826379776
0.020013531669974327
0.020300796255469322
0.017651354894042015
0.016692407429218292
0.015826167538762093
0.015840109437704086
0.015358581207692623
0.016977164894342422
0.016272766515612602
0.0165651123970747
0.018020285293459892
0.016508905217051506
0.01597403734922409
0.029765533283352852
0.03275741636753082
0.02478335238993168
0.018507840111851692
0.016575848683714867
0.016475534066557884
0.016097141429781914
0.01702001877129078
0.013813896104693413
0.014086560346186161
0.015578348189592361
0.014785788021981716
0.014759295620024204
0.01485474593937397
0.012849424034357071
0.013068164698779583
0.011726871132850647
0.012461578473448753
0.01237229909747839
0.012449583038687706
0.012632325291633606
0.012608207762241364
0.011958454735577106
0.012130026705563068
0.011945931240916252
0.011686868965625763
0.011464735493063927
0.012049183249473572
0.012504837475717068
0.011535906232893467
0.011873243376612663
0.012508613988757133
0.01141256745904684
0.011476983316242695
0.011378815397620201
0.011329926550388336
0.011445743031799793
0.011396301910281181
0.01116992998868227
0.011502860113978386
0.011846370063722134
0.012054507620632648
0.011379471980035305
0.011139708571135998
0.011445699259638786
0.011653000488877296
0.011817660182714462
0.011342055164277554
0.010703538544476032
0.011292553506791592
0.011343510821461678
0.011034082621335983
0.011613953858613968
0.01152872759848833
0.011356175877153873
0.01171108242124319
0.011760689318180084
0.011107159778475761
0.010808460414409637
0.011660663411021233
0.010839897207915783
0.01188698224723339
0.011378001421689987
0.011284399777650833
0.011547194793820381
0.012125933542847633
0.011896718293428421
0.011253212578594685
0.011036910116672516
0.010642682202160358
0.012086591683328152
0.011871696449816227
0.01169528067111969
0.010715206153690815
0.011235772632062435
0.012560119852423668
0.010798048228025436
0.012741448357701302
0.01090002991259098
0.010874146595597267
0.010386095382273197
0.010672594420611858
0.010911259800195694
0.009960625320672989
0.010298838838934898
0.010568098165094852
0.010362084954977036
0.010435611009597778
0.010387003421783447
0.010682613588869572
0.011790795251727104
0.010707522742450237
0.011241523548960686
0.01018450502306223
0.011654268018901348
0.011090113781392574
0.010695741511881351
0.011597049422562122
0.010951543226838112
0.010489302687346935
0.010440514422953129
0.010277439840137959
0.010079709812998772
0.009757176972925663
0.00972465518862009
0.010194561444222927
0.010528810322284698
0.009976232424378395
0.012495072558522224
0.013138405978679657
0.010921058245003223
0.010086770169436932
0.010299669578671455
0.010339789092540741
0.01031414046883583
0.0092872753739357
0.008964810520410538
0.0088817672803998
0.008581974543631077
0.008821477182209492
0.008753061294555664
0.008578576147556305
0.008617367595434189
0.00894484855234623
0.008500246331095695
0.008547763340175152
0.009097717702388763
0.008701324462890625
0.008610251359641552
0.008840862661600113
0.008937490172684193
0.008528990671038628
0.008482355624437332
0.008535484783351421
0.00834182184189558
0.008417263627052307
0.008683410473167896
0.008500211872160435
0.00843648798763752
0.008674249984323978
0.00855996273458004
0.008386366069316864
0.0083547942340374
0.00854929443448782
0.008366531692445278
0.008450024761259556
0.009139563888311386
0.008665083907544613
0.008362230844795704
0.00816539116203785
0.008158926852047443
0.008757487870752811
0.008299930021166801
0.00872228853404522
0.008370332419872284
0.008143626153469086
0.008388902992010117
0.008340616710484028
0.008229570463299751
0.008228561840951443
0.008315774612128735
0.00876159779727459
0.00900917500257492
0.008324987255036831
0.0084880031645298
0.008464272134006023
0.008034258149564266
0.008967386558651924
0.008035216480493546
0.007870759814977646
0.008393744938075542
0.008225751109421253
0.008097817189991474
0.007802649866789579
0.007650840561836958
0.00804218277335167
0.008539386093616486
0.008449658751487732
0.00826536025851965
0.008266118355095387
0.008155480958521366
0.007811203133314848
0.00814757589250803
0.007743990980088711
0.007763238623738289
0.00787316169589758
0.007952998392283916
0.008090805262327194
0.008136951364576817
0.007842264138162136
0.007813253439962864
0.007929043844342232
0.007837013341486454
0.007856233045458794
0.008599034510552883
0.008698593825101852
0.007760403212159872
0.007808922789990902
0.007748167961835861
0.008000422269105911
0.007812676951289177
0.008035626262426376
0.007937900722026825
0.008276197127997875
0.007955421693623066
0.007841184735298157
0.007844783365726471
0.008026803843677044
0.007813902571797371
0.007733402773737907
0.007592974230647087
0.007540680933743715
0.007605221122503281
0.007300032768398523
0.007813611067831516
0.007186667062342167
0.007234374992549419
0.00734873628243804
0.0071136499755084515
0.007203220389783382
0.007147954311221838
0.007095500361174345
0.007266322150826454
0.007259272038936615
0.006984937470406294
0.007180637679994106
0.007209863979369402
0.0071487631648778915
0.007109201513230801
0.0070172809064388275
0.0069737909361720085
0.007117457687854767
0.007232278119772673
0.007567593827843666
0.0073220450431108475
0.007069271523505449
0.006991739850491285
0.007223928812891245
0.007246769033372402
0.007089486811310053
0.007164063397794962
0.007220678962767124
0.0070521095767617226
0.007103418931365013
0.007085144054144621
0.006968201603740454
0.007055970840156078
0.007092794869095087
0.00698293698951602
0.006948492489755154
0.006979416124522686
0.006925406400114298
0.006930695381015539
0.007054267451167107
0.007307586260139942
0.006963011343032122
0.007164732553064823
0.007178379222750664
0.007082319352775812
0.006855577230453491
0.0068605211563408375
0.0069588287733495235
0.007370008621364832
0.006828192621469498
0.0068749370984733105
0.006808672100305557
0.007017519790679216
0.0069115436635911465
0.007126304320991039
0.006960998754948378
0.006855000276118517
0.006828082725405693
0.006727081257849932
0.006915010511875153
0.00690044928342104
0.006985387299209833
0.006932002957910299
0.00681111728772521
0.006952548399567604
0.006854735314846039
0.006873263046145439
0.00668337382376194
0.0068496717140078545
0.006832565180957317
0.006802691612392664
0.00685755955055356
0.0068777441047132015
0.006784624885767698
0.0066650924272835255
0.006722453981637955
0.006688054651021957
0.006882621441036463
0.006899097003042698
0.0067576258443295956
0.006900590844452381
0.006677274592220783
0.006908373907208443
0.006711548659950495
0.006741764023900032
0.0068040466867387295
0.007104289252310991
0.006796508561819792
0.006815486587584019
0.006579834967851639
0.006636243779212236
0.006615909282118082
0.006892654579132795
0.006709957495331764
0.006598750129342079
0.006585233379155397
0.0067131416872143745
0.00657514575868845
0.006598868407309055
0.006659132428467274
0.006563538685441017
0.006362981162965298
0.0063616144470870495
0.0063733444549143314
0.006302108988165855
0.006376456003636122
0.006439855322241783
0.006311249919235706
0.006331347394734621
0.006436625495553017
0.00628438126295805
0.006331269629299641
0.0062957447953522205
0.006283861119300127
0.00638547632843256
0.006295553408563137
0.0063228001818060875
0.006341210100799799
0.006401557940989733
0.006348924245685339
0.0062532080337405205
0.006360148545354605
0.006295786239206791
0.006375074852257967
0.006220665294677019
0.0062429155223071575
0.006264262367039919
0.00627648551017046
0.0062530189752578735
0.006280595902353525
0.006311806384474039
0.0063184634782373905
0.006245633587241173
0.006290738470852375
0.006369474809616804
0.006259784568101168
0.006341885309666395
0.006436255760490894
0.006484680343419313
0.006286010146141052
0.006284613627940416
0.006269446574151516
0.0062750899232923985
0.00624132202938199
0.006200303789228201
0.006225815042853355
0.006261595990508795
0.006197371520102024
0.006198924966156483
0.006187277380377054
0.006244335323572159
0.006217602640390396
0.006171691231429577
0.006204122211784124
0.006315645761787891
0.0062109376303851604
0.006228672340512276
0.006310948170721531
0.0062822927720844746
0.0061463238671422005
0.006289131939411163
0.0062213800847530365
0.006159474141895771
0.006145383697003126
0.006211579777300358
0.006273063365370035
0.00617739325389266
0.0062177469953894615
0.006316315848380327
0.006342381704598665
0.006210062187165022
0.00612099701538682
0.00615694047883153
0.006227302365005016
0.006145461928099394
0.006325628608465195
0.006154086906462908
0.006233468651771545
0.0061289602890610695
0.006120705511420965
0.006139819975942373
0.006159102078527212
0.006131851579993963
0.006130843888968229
0.006087868474423885
0.006075487472116947
0.006162240169942379
0.0061546675860881805
0.006077862344682217
0.006217654794454575
0.00613269442692399
0.00609556445851922
0.006119205616414547
0.006044193636626005
0.006104803178459406
0.006041047628968954
0.006072659511119127
0.0060933297500014305
0.006063231732696295
0.006056753918528557
0.0060460628010332584
0.006005698349326849
0.006011636462062597
0.005960618611425161
0.005964295938611031
0.005983227398246527
0.006021297071129084
0.005973865278065205
0.005971538368612528
0.005962718278169632
0.005971808452159166
0.0059367292560637
0.00594318239018321
0.005965143442153931
0.005951975472271442
0.005929450038820505
0.005977153312414885
0.005960408132523298
0.005952781997621059
0.005951392464339733
0.005925406701862812
0.005993458908051252
0.0059429011307656765
0.005976713262498379
0.006024980451911688
0.00600567739456892
0.005933679174631834
0.005933466833084822
0.005972305312752724
0.005915719550102949
0.005916308145970106
0.0059532891027629375
0.0059214080683887005
0.0059186117723584175
0.005902404896914959
0.005936333443969488
0.005945343524217606
0.005888714920729399
0.005929893814027309
0.005928166676312685
0.005880765616893768
0.00594631303101778
0.005955930333584547
0.00596095435321331
0.005921992473304272
0.005932576954364777
0.005881620105355978
0.005908105988055468
0.005928960163146257
0.005928081925958395
0.005949908401817083
0.005900840274989605
0.005927139427512884
0.006021907553076744
0.005937339272350073
0.005918906070291996
0.00586444977670908
0.005884902086108923
0.005903737153857946
0.005958722438663244
0.005877265240997076
0.0058677904307842255
0.0059301299042999744
0.005910196807235479
0.005875820759683847
0.005880034063011408
0.00587849598377943
0.005904140416532755
0.005906168837100267
0.00586846936494112
0.005862191319465637
0.005869970191270113
0.005862743593752384
0.005890491418540478
0.0059022726491093636
0.0058485339395701885
0.005874590948224068
0.0058362544514238834
0.005877826828509569
0.005848783068358898
0.005842000711709261
0.005855546798557043
0.005831367801874876
0.005822256673127413
0.005888482555747032
0.0058770920149981976
0.005909765604883432
0.005854027345776558
0.0058541614562273026
0.005854805000126362
0.005798987578600645
0.005865217186510563
0.005833168514072895
0.0058396379463374615
0.005807706154882908
0.005932237952947617
0.005830174777656794
0.005831134505569935
0.00580951664596796
0.005836984142661095
0.005815479904413223
0.005765797570347786
0.005793718621134758
0.005781171377748251
0.005773377604782581
0.005790877155959606
0.0058044446632266045
0.00577636668458581
0.005799002479761839
0.005805362015962601
0.0057716164737939835
0.005785617046058178
0.005786844529211521
0.005792880896478891
0.005785307846963406
0.00577867915853858
0.0057683722116053104
0.005767423193901777
0.00576305016875267
0.005769212730228901
0.005794434808194637
0.005766325164586306
0.005782012362033129
0.005764617118984461
0.005768550094217062
0.005768865812569857
0.005787381436675787
0.00577066745609045
0.005785192362964153
0.005753130652010441
0.00576344970613718
0.005745272152125835
0.005767700262367725
0.0057495576329529285
0.005759655497968197
0.005754656624048948
0.005754285026341677
0.005767513532191515
0.005751509685069323
0.005752468481659889
0.005748641677200794
0.005767360795289278
0.005754436366260052
0.00574515713378787
0.005742047913372517
0.005781365558505058
0.005780908744782209
0.005722500383853912
0.005765147507190704
0.0057448334991931915
0.0057492367923259735
0.005742907058447599
0.005737911909818649
0.005747906398028135
0.005734114907681942
0.005759671330451965
0.005727976560592651
0.005739211104810238
0.0057482910342514515
0.0057426439598202705
0.005737796425819397
0.00572229502722621
0.00574210099875927
0.005732967518270016
0.005736714694648981
0.005714963190257549
0.0057257916778326035
0.005721264984458685
0.005723712034523487
0.005735786631703377
0.00577044440433383
0.005714402999728918
0.005753138102591038
0.005733943078666925
0.0057203215546905994
0.0057281795889139175
0.005711757577955723
0.005755322985351086
0.005721728783100843
0.00571951549500227
0.0057248203083872795
0.005732589866966009
0.00572622986510396
0.005723516922444105
0.0057325842790305614
0.005699168890714645
0.005708690267056227
0.005700686480849981
0.005717958323657513
0.005701988935470581
0.005698804277926683
0.005713538266718388
0.005715610925108194
0.005718404892832041
0.005727550480514765
0.005719972774386406
0.005710280034691095
0.0057128556072711945
0.005696781445294619
0.005709958728402853
0.005701816640794277
0.005678350571542978
0.005678002722561359
0.005677267909049988
0.005679687950760126
0.005685541313141584
0.0056861224584281445
0.0056834034621715546
0.005686619319021702
0.0056874011643230915
0.0056730895303189754
0.005684010684490204
0.00567922368645668
0.005680337082594633
0.0056820823810994625
0.005676416214555502
0.0056732106022536755
0.005684691946953535
0.005679973401129246
0.005670439917594194
0.005677068140357733
0.005693379323929548
0.005698326975107193
0.005697804968804121
0.005675931926816702
0.005674102809280157
0.005664408672600985
0.005680040922015905
0.005670285318046808
0.005663135088980198
0.005664716940373182
0.005677950568497181
0.005673286039382219
0.005667411722242832
0.005677780602127314
0.005663948133587837
0.0056715235114097595
0.005664930213242769
0.005667267832905054
0.0056732092052698135
0.005666887387633324
0.005669265054166317
0.005666846409440041
0.005662424489855766
0.005659541580826044
0.005679234396666288
0.005662789102643728
0.005674067419022322
0.005675916559994221
0.005665496923029423
0.005666600074619055
0.005661228206008673
0.005666764918714762
0.005673218052834272
0.005653137806802988
0.005656505934894085
0.005660578142851591
0.00566612184047699
0.005662272684276104
0.0056593939661979675
0.0056585208512842655
0.005656941793859005
0.005664513446390629
0.005651023704558611
0.005663652438670397
0.0056626880541443825
0.0056554293259978294
0.005662331823259592
0.005666565150022507
0.005647597368806601
0.005654111970216036
0.005653746891766787
0.005661807022988796
0.005657987669110298
0.0056592319160699844
0.005673020146787167
0.005660771857947111
0.005649722181260586
0.005658312235027552
0.00565968407317996
0.005656629800796509
0.0056520504876971245
0.005651904735714197
0.005656771827489138
0.005650404375046492
0.005649450700730085
0.005653826519846916
0.005643272306770086
0.0056563313119113445
0.0056508430279791355
0.005648934748023748
0.0056457421742379665
0.005650197621434927
0.005659427493810654
0.005658270791172981
0.005653606727719307
0.005643133074045181
0.005664736032485962
0.00564373517408967
0.0056455968879163265
0.005653329659253359
0.0056378403678536415
0.005634980741888285
0.00563492625951767
0.005633584223687649
0.005634717643260956
0.005639063194394112
0.0056326910853385925
0.005635226145386696
0.005629254505038261
0.005634492728859186
0.005632341373711824
0.005634660366922617
0.005631050560623407
0.005627095233649015
0.0056311022490262985
0.005632298998534679
0.005634346976876259
0.005630859639495611
0.005623795557767153
0.005638882052153349
0.005631934851408005
0.005630184430629015
0.005628385581076145
0.005631895270198584
0.005627015605568886
0.005632135551422834
0.005628093145787716
0.005629378370940685
0.005628254730254412
0.005628960207104683
0.005627884529531002
0.0056279441341757774
0.005629126448184252
0.005628088489174843
0.005629101302474737
0.005632424261420965
0.005629369057714939
0.005632232874631882
0.0056275236420333385
0.005631804000586271
0.005625708028674126
0.005627460777759552
0.005637801252305508
0.0056223273277282715
0.005630791187286377
0.00563034089282155
0.005621341522783041
0.005621453281491995
0.005629247520118952
0.005623734090477228
0.005625457968562841
0.005621463060379028
0.005622819997370243
0.005628643557429314
0.00562530430033803
0.00562750268727541
0.005626275669783354
0.0056203436106443405
0.005620184820145369
0.005621740128844976
0.005625718738883734
0.005622575990855694
0.005622888915240765
0.0056248861365020275
0.0056251357309520245
0.005620252341032028
0.005625626537948847
0.005619617644697428
0.0056173005141317844
0.005623586010187864
0.005619780160486698
0.005620643962174654
0.005622924771159887
0.00561818853020668
0.005621013697236776
0.005617073737084866
0.005620973184704781
0.005621881224215031
0.005618032068014145
0.005616538226604462
0.005623922683298588
0.00561815919354558
0.005619312170892954
0.005627860315144062
0.005619744770228863
0.0056232367642223835
0.005617491435259581
0.005616987589746714
0.005615715403109789
0.005620412528514862
0.0056149922311306
0.005613312125205994
0.005617616698145866
0.005616171285510063
0.0056168800219893456
0.005613601766526699
0.005616077687591314
0.005616012495011091
0.00561807956546545
0.005615560337901115
0.005613450426608324
0.005608775652945042
0.005609909538179636
0.005612554494291544
0.005612147971987724
0.005610974505543709
0.005608413368463516
0.005607991479337215
0.0056089009158313274
0.005608385894447565
0.005608946550637484
0.005609368439763784
0.005608695093542337
0.0056082080118358135
0.0056067584082484245
0.005605857353657484
0.005607715342193842
0.005607349332422018
0.005607666447758675
0.005610009655356407
0.00560967018827796
0.005608959123492241
0.005608671344816685
0.005607255734503269
0.005609575659036636
0.005606797989457846
0.005614227615296841
0.005607388913631439
0.005606257822364569
0.005608640611171722
0.0056080687791109085
0.005608976818621159
0.005606378894299269
0.005606064107269049
0.00560816889628768
0.005609132349491119
0.005606525577604771
0.00560593418776989
0.005606973078101873
0.005606622435152531
0.005609024316072464
0.005603382363915443
0.005605356767773628
0.0056060245260596275
0.005605245474725962
0.005606490187346935
0.005608759820461273
0.0056065102107822895
0.005605619866400957
0.005604321602731943
0.0056125707924366
0.005603087600320578
0.0056044780649244785
0.005606198683381081
0.005604948382824659
0.0056034959852695465
0.005607126746326685
0.0056032948195934296
0.005604262929409742
0.005605307407677174
0.005604051519185305
0.005602603312581778
0.005604327656328678
0.0056031085550785065
0.005603293888270855
0.005603562109172344
0.0056042480282485485
0.005605134181678295
0.005604727193713188
0.0056062666699290276
0.005605630576610565
0.005604838952422142
0.00560257863253355
0.005603657569736242
0.005605630576610565
0.005605481099337339
0.00560292974114418
0.005605022422969341
0.005602761637419462
0.005602195393294096
0.00560276722535491
0.0056068445555865765
0.00560140423476696
0.0056036291643977165
0.0056022112257778645
0.005601165816187859
0.005600942764431238
0.005604724865406752
0.005601102020591497
0.005601650569587946
0.005601475015282631
0.005602342076599598
0.005601752549409866
0.0056022112257778645
0.005599206779152155
0.00560346245765686
0.005604944191873074
0.00560031458735466
0.005600680597126484
0.005600780248641968
0.005598274525254965
0.0055978912860155106
0.005598472431302071
0.00559802632778883
0.005597475916147232
0.005599369760602713
0.005598064046353102
0.005597421433776617
0.005598153918981552
0.005598156712949276
0.005598157178610563
0.005597847513854504
0.005598247516900301
0.005598158575594425
0.005596734583377838
0.005597652867436409
0.005597264971584082
0.005596693139523268
0.005597676616162062
0.005597100127488375
0.005597379524260759
0.005596453323960304
0.00559748150408268
0.005597392097115517
0.005596206523478031
0.005597753915935755
0.0055964915081858635
0.005596131086349487
0.005596234928816557
0.005597229115664959
0.005596390459686518
0.005597116891294718
0.00559624470770359
0.005596804432570934
0.0055980803444981575
0.005596139468252659
0.0055962796323001385
0.005599441938102245
0.005595258437097073
0.0055968426167964935
0.005596281960606575
0.0055971769616007805
0.005597192328423262
0.005596487317234278
0.005596956703811884
0.00559578649699688
0.005599100608378649
0.005598597694188356
0.005596291273832321
0.005596478004008532
0.005595524795353413
0.005596441682428122
0.005594991613179445
0.0055948966182768345
0.0055964733473956585
0.005597168579697609
0.00559648172929883
0.005596840754151344
0.005594691727310419
0.005595411639660597
0.005597300361841917
0.005594982765614986
0.005594342015683651
0.005596862640231848
0.005597748328000307
0.00559516716748476
0.005595167633146048
0.005595123395323753
0.005594163201749325
0.005595352500677109
0.005595408845692873
0.005595555063337088
0.005594944581389427
0.005595365539193153
0.00559433177113533
0.0055948952212929726
0.005594306159764528
0.005593412555754185
0.005594590678811073
0.005593447480350733
0.005595686379820108
0.005594476126134396
0.005595941562205553
0.0055949147790670395
0.005593589041382074
0.0055945878848433495
0.005594611167907715
0.005594009067863226
0.0055935559794306755
0.005594055633991957
0.005594226997345686
0.0055953506380319595
0.005594038870185614
0.005593863315880299
0.005593867506831884
0.005594399757683277
0.005593029782176018
0.00559192942455411
0.005593474023044109
0.0055937678553164005
0.005591942463070154
0.005591837223619223
0.0055919731967151165
0.005591940600425005
0.005592874716967344
0.0055915904231369495
0.005592941306531429
0.00559259345754981
0.005592128727585077
0.005592278204858303
0.005591368302702904
0.005592375993728638
0.005592314526438713
0.005592202302068472
0.005592335481196642
0.005592753645032644
0.005591519642621279
0.005591816268861294
0.005591752473264933
0.005591208580881357
0.0055914283730089664
0.005591582972556353
0.005591701250523329
0.005591648165136576
0.005591209512203932
0.005591454915702343
0.005591338966041803
0.005591922905296087
0.005592267960309982
0.005591678898781538
0.0055923135951161385
0.005591345485299826
0.005591859109699726
0.0055910637602210045
0.005591754801571369
0.0055917249992489815
0.005591768305748701
0.005591119173914194
0.005591484718024731
0.005592041183263063
0.005591917783021927
0.005592462606728077
0.005590863060206175
0.005591194145381451
0.005590952467173338
0.005592241883277893
0.005590727552771568
0.005590891465544701
0.005591831170022488
0.005590790417045355
0.0055910320952534676
0.005591189488768578
0.005591798108071089
0.005591098684817553
0.005591920576989651
0.00559142604470253
0.005591260734945536
0.005591546185314655
0.0055908020585775375
0.005590763408690691
0.005592017434537411
0.005590552464127541
0.005591028369963169
0.00559082068502903
0.005591277964413166
0.005593075416982174
0.005590416025370359
0.005590931512415409
0.005590756889432669
0.00559072382748127
0.005590852349996567
0.005590893793851137
0.005590553395450115
0.005590502638369799
0.005590981338173151
0.005590885411947966
0.0055913170799613
0.005592069122940302
0.005590569693595171
0.005590902641415596
0.005590593907982111
0.00559054734185338
0.005590567830950022
0.00559032941237092
0.005590805783867836
0.005590060725808144
0.005590587854385376
0.0055908444337546825
0.005590698216110468
0.005590340588241816
0.0055901966989040375
0.0055912453681230545
0.005590603221207857
0.0055910684168338776
0.005590316839516163
0.005590411368757486
0.0055896989069879055
0.005591190420091152
0.005591274704784155
0.0055906749330461025
0.005589945241808891
0.005589593201875687
0.005590510554611683
0.005589873064309359
0.005590334534645081
0.005591173190623522
0.0055896625854074955
0.0055901063606143
0.005589632783085108
0.005589628592133522
0.005589772015810013
0.005589486565440893
0.0055898092687129974
0.00558933662250638
0.005589839071035385
0.005590273067355156
0.005589762236922979
0.005589454900473356
0.005589944310486317
0.005589409731328487
0.005589761771261692
0.005589183419942856
0.005589667707681656
0.005589265841990709
0.005590104032307863
0.00558960298076272
0.005589405540376902
0.005589635577052832
0.005589847452938557
0.005589685402810574
0.005589608568698168
0.005589498206973076
0.005589534528553486
0.005589604843407869
0.0055899182334542274
0.005589466076344252
0.005589318461716175
0.005589536856859922
0.005588917527347803
0.005589422769844532
0.00558917922899127
0.005589489825069904
0.005590003449469805
0.005589847918599844
0.005589570850133896
0.005589148961007595
0.005589215084910393
0.005588946398347616
0.0055893887765705585
0.0055895010009408
0.005589390639215708
0.005589309614151716
0.005589327774941921
0.005589368753135204
0.005588796455413103
0.0055887592025101185
0.0055894493125379086
0.005589009262621403
0.005589421838521957
0.005588867235928774
0.005589148961007595
0.005589300766587257
0.00558931240811944
0.0055891540832817554
0.005589386448264122
0.005589144304394722
0.005588705651462078
0.005589475855231285
0.005589074920862913
0.00558984000235796
0.0055894930846989155
0.005589003674685955
0.005589100997895002
0.005588611587882042
0.00558893010020256
0.005588505417108536
0.005589169915765524
0.005588974803686142
0.005589171312749386
0.005589320790022612
0.005588960368186235
0.005589309148490429
0.005588839761912823
0.005588765721768141
0.00558905815705657
0.005588693544268608
0.005589305888861418
0.005588675383478403
