0.6926864385604858
0.6623669266700745
0.6317893266677856
0.6022250056266785
0.5728561282157898
0.545230507850647
0.5194181203842163
0.4994833171367645
0.48537570238113403
0.4742622673511505
0.4657038450241089
0.4585324823856354
0.45223939418792725
0.44641560316085815
0.4411248564720154
0.4359515607357025
0.43169906735420227
0.4281051754951477
0.42511048913002014
0.4220508933067322
0.41934993863105774
0.41704076528549194
0.4149831533432007
0.4129628539085388
0.41115838289260864
0.40951138734817505
0.4080541431903839
0.4067024290561676
0.4053190052509308
0.40426453948020935
0.40317651629447937
0.40210047364234924
0.401235431432724
0.40040093660354614
0.3997190296649933
0.3989201784133911
0.3980226218700409
0.39726221561431885
0.396747887134552
0.39604562520980835
0.3955352306365967
0.39512360095977783
0.3946571946144104
0.3942699134349823
0.39396539330482483
0.39366185665130615
0.3932516276836395
0.39288535714149475
0.3925187885761261
0.39221468567848206
0.39184653759002686
0.39139145612716675
0.390994131565094
0.390613317489624
0.39021027088165283
0.38986700773239136
0.38949406147003174
0.38907772302627563
0.38879823684692383
0.3884097635746002
0.3881632387638092
0.3877485990524292
0.387532502412796
0.38728511333465576
0.38690897822380066
0.38661646842956543
0.3863355815410614
0.38618654012680054
0.3858797550201416
0.38561126589775085
0.38550010323524475
0.3851725161075592
0.3849611282348633
0.38467004895210266
0.3844949007034302
0.3843427300453186
0.3843773603439331
0.3840819001197815
0.38402336835861206
0.3835747241973877
0.3836510181427002
0.3833273649215698
0.3830915093421936
0.38301199674606323
0.3829953670501709
0.382817804813385
0.3827125132083893
0.3825420141220093
0.3824700713157654
0.38229039311408997
0.3822319209575653
0.38222718238830566
0.3821713328361511
0.38193657994270325
0.3818374574184418
0.3818211555480957
0.3815998435020447
0.38160431385040283
0.38145431876182556
0.38144877552986145
0.3813208043575287
0.38194721937179565
0.38131579756736755
0.381003737449646
0.38105490803718567
0.3809505105018616
0.3809524178504944
0.38080117106437683
0.38088563084602356
0.38085392117500305
0.38068103790283203
0.380665123462677
0.38075000047683716
0.38091424107551575
0.38049861788749695
0.3805646598339081
0.38050296902656555
0.3803868889808655
0.38033974170684814
0.38033318519592285
0.380376935005188
0.38009682297706604
0.3801618814468384
0.38006430864334106
0.3799946904182434
0.37991130352020264
0.3800138831138611
0.37992721796035767
0.3801201283931732
0.37995487451553345
0.3798714578151703
0.37979021668434143
0.3797469139099121
0.37968194484710693
0.3796260952949524
0.37954893708229065
0.3795729875564575
0.3799133002758026
0.3793467581272125
0.3796881437301636
0.37950408458709717
0.3795897662639618
0.3793441355228424
0.37921229004859924
0.3794276714324951
0.37923145294189453
0.37918969988822937
0.37931907176971436
0.37903767824172974
0.37909674644470215
0.37896981835365295
0.37900957465171814
0.37918034195899963
0.37885743379592896
0.3788839280605316
0.37905725836753845
0.37896469235420227
0.3788328766822815
0.3789496123790741
0.3788920044898987
0.37886664271354675
0.37888750433921814
0.3790062367916107
0.37886640429496765
0.37886059284210205
0.3785687983036041
0.3786473274230957
0.37871605157852173
0.3789827823638916
0.37882286310195923
0.3785611391067505
0.3785736858844757
0.378469854593277
0.3784211575984955
0.3784247040748596
0.3784118890762329
0.37839600443840027
0.3789856731891632
0.3783375024795532
0.37833938002586365
0.37831515073776245
0.3782922625541687
0.3785851299762726
0.3783825635910034
0.3782751262187958
0.378415584564209
0.37844282388687134
0.3783959448337555
0.37812480330467224
0.3781978487968445
0.37806424498558044
0.3781127631664276
0.3781500458717346
0.3783751428127289
0.37804901599884033
0.37788641452789307
0.37796497344970703
0.3779105544090271
0.37787941098213196
0.37787091732025146
0.37802499532699585
0.3778349459171295
0.37811753153800964
0.37764936685562134
0.37776342034339905
0.3782448172569275
0.3778060972690582
0.37756508588790894
0.3776162564754486
0.3782687783241272
0.3778075873851776
0.3775572180747986
0.3775028586387634
0.37755393981933594
0.3775137960910797
0.3775562644004822
0.3777213394641876
0.37754300236701965
0.37757793068885803
0.3773960769176483
0.37750697135925293
0.37750011682510376
0.3777153491973877
0.3775274157524109
0.3773449957370758
0.3773532509803772
0.37735071778297424
0.37739911675453186
0.3773006796836853
0.3772273659706116
0.37735655903816223
0.3771525025367737
0.3774946331977844
0.377194881439209
0.377149760723114
0.37720540165901184
0.3773892819881439
0.3773239552974701
0.3773132860660553
0.3772182762622833
0.3771025538444519
0.37705591320991516
0.3770710229873657
0.377086877822876
0.3770988881587982
0.37707775831222534
0.37712588906288147
0.37696725130081177
0.37698185443878174
0.37710055708885193
0.37695595622062683
0.3769627511501312
0.376944899559021
0.3771023154258728
0.3769775629043579
0.3769054114818573
0.37684381008148193
0.37719282507896423
0.3769224286079407
0.3770442008972168
0.37701642513275146
0.37692171335220337
0.3769042491912842
0.37686392664909363
0.3769492506980896
0.3768972158432007
0.3767423927783966
0.3767842650413513
0.3770592212677002
0.37685543298721313
0.37668725848197937
0.37669694423675537
0.37673839926719666
0.37687984108924866
0.37672942876815796
0.37694051861763
0.37672701478004456
0.37725138664245605
0.376625657081604
0.37684857845306396
0.37677931785583496
0.376665860414505
0.37658604979515076
0.37665072083473206
0.3768517076969147
0.37662145495414734
0.3766346573829651
0.37669456005096436
0.37659958004951477
0.3764738142490387
0.3765793740749359
0.3765588402748108
0.3766350746154785
0.3765541911125183
0.37668147683143616
0.37649035453796387
0.37652352452278137
0.37681645154953003
0.3766195774078369
0.3764265775680542
0.37657999992370605
0.3765092194080353
0.3765966296195984
0.3766239285469055
0.37655285000801086
0.37694045901298523
0.3767152726650238
0.3764924108982086
0.3764931261539459
0.3763717710971832
0.3763270378112793
0.3763822913169861
0.3763997554779053
0.37653493881225586
0.37641778588294983
0.37632763385772705
0.3764742612838745
0.3767126500606537
0.3765829801559448
0.3763679563999176
0.3762723505496979
0.37650853395462036
0.3764343857765198
0.3764411211013794
0.37619689106941223
0.37647342681884766
0.3760813772678375
0.3761177957057953
0.37603533267974854
0.3760543167591095
0.37618178129196167
0.376153826713562
0.3761146664619446
0.376046746969223
0.37614741921424866
0.3760593831539154
0.3761984407901764
0.3760916292667389
0.376075804233551
0.3762695789337158
0.3761195242404938
0.3764035999774933
0.376029372215271
0.3760181665420532
0.3760700225830078
0.3760598599910736
0.3759460151195526
0.37607935070991516
0.3759356141090393
0.37623652815818787
0.3759525418281555
0.37604227662086487
0.37618929147720337
0.3760763704776764
0.37612077593803406
0.37603557109832764
0.37604883313179016
0.3760609030723572
0.3761155903339386
0.3759351372718811
0.37595251202583313
0.37610164284706116
0.37606263160705566
0.37607014179229736
0.3760102093219757
0.37613406777381897
0.37592843174934387
0.3759749233722687
0.3759971559047699
0.3760637938976288
0.37590304017066956
0.37601593136787415
0.3759278655052185
0.3759491741657257
0.37590649724006653
0.375947505235672
0.37597623467445374
0.375953733921051
0.375916451215744
0.37587079405784607
0.37597203254699707
0.3760998845100403
0.3759371340274811
0.37590140104293823
0.3758678734302521
0.37590616941452026
0.37588706612586975
0.376065194606781
0.3759077489376068
0.37588101625442505
0.3759676218032837
0.37593549489974976
0.3759387731552124
0.37589502334594727
0.37596580386161804
0.37588438391685486
0.3758942484855652
0.37592098116874695
0.3759373426437378
0.3758524954319
0.37591278553009033
0.3758808970451355
0.3759061098098755
0.3759991526603699
0.37588849663734436
0.37584060430526733
0.3758316934108734
0.37585166096687317
0.3758299946784973
0.3758888244628906
0.37593650817871094
0.3758903741836548
0.375908225774765
0.37588217854499817
0.37589141726493835
0.37578561902046204
0.37585559487342834
0.3758786916732788
0.37576839327812195
0.37587639689445496
0.3758767545223236
0.3758310079574585
0.3760070204734802
0.3758834898471832
0.3758329153060913
0.37597763538360596
0.3757629096508026
0.3757612705230713
0.375735342502594
0.37572604417800903
0.375721275806427
0.3757244348526001
0.3757345378398895
0.37571966648101807
0.3757000267505646
0.3757352828979492
0.3757287859916687
0.3758903443813324
0.37573373317718506
0.3756835460662842
0.3756831884384155
0.37577196955680847
0.3757309019565582
0.3757273852825165
0.37569156289100647
0.37569543719291687
0.3757718801498413
0.3757301867008209
0.37572917342185974
0.3756999969482422
0.3757840692996979
0.37567463517189026
0.37569379806518555
0.3757324814796448
0.37574371695518494
0.37570828199386597
0.37569794058799744
0.37573423981666565
0.37573879957199097
0.37568897008895874
0.37569931149482727
0.3757140040397644
0.37568357586860657
0.3756905198097229
0.37566086649894714
0.3757336735725403
0.37566763162612915
0.37571951746940613
0.3756881654262543
0.3757144510746002
0.37568190693855286
0.3757522404193878
0.37570223212242126
0.37576135993003845
0.37569624185562134
0.37570106983184814
0.3758108913898468
0.3756796717643738
0.3756712079048157
0.37573546171188354
0.37567731738090515
0.3757179379463196
0.37568753957748413
0.3756723999977112
0.3756583333015442
0.3756782114505768
0.3756541311740875
0.37568795680999756
0.37562623620033264
0.3756640553474426
0.37566497921943665
0.3756813406944275
0.3757020831108093
0.37564173340797424
0.3756789267063141
0.3757280111312866
0.37565386295318604
0.37568435072898865
0.3757217824459076
0.37567567825317383
0.3757382333278656
0.37564682960510254
0.37566033005714417
0.37570497393608093
0.3756216764450073
0.3756736218929291
0.3756301701068878
0.37562838196754456
0.3758211135864258
0.3756118714809418
0.3757040202617645
0.37573128938674927
0.37577614188194275
0.37571197748184204
0.37563711404800415
0.37569481134414673
0.37566521763801575
0.37567177414894104
0.37564167380332947
0.37565478682518005
0.3757225573062897
0.37563884258270264
0.37564077973365784
0.3757060170173645
0.375622421503067
0.37564289569854736
0.3755795359611511
0.3756161630153656
0.3755756616592407
0.3755894601345062
0.3756139576435089
0.37561479210853577
0.3755820095539093
0.3755825459957123
0.37557539343833923
0.37559810280799866
0.3755936324596405
0.375602126121521
0.3756057024002075
0.37557944655418396
0.3755747377872467
0.37559086084365845
0.37558066844940186
0.37560591101646423
0.3756050765514374
0.37558284401893616
0.3755965828895569
0.3755778968334198
0.37558209896087646
0.37558773159980774
0.3756372332572937
0.3755813241004944
0.3755840063095093
0.37560296058654785
0.37557411193847656
0.37560945749282837
0.37557727098464966
0.37564513087272644
0.3756093680858612
0.37558284401893616
0.3755709230899811
0.37558549642562866
0.37557780742645264
0.37558043003082275
0.37560465931892395
0.3755650520324707
0.37557274103164673
0.37558019161224365
0.37559759616851807
0.3756272494792938
0.3755938410758972
0.3756043314933777
0.37558645009994507
0.37558645009994507
0.37558460235595703
0.3756050765514374
0.3756016492843628
0.37558141350746155
0.37557533383369446
0.375595360994339
0.37563198804855347
0.3755700886249542
0.37556010484695435
0.37556231021881104
0.37557539343833923
0.3756137192249298
0.37557509541511536
0.3755669891834259
0.37556642293930054
0.3755723536014557
0.3755759000778198
0.3755776286125183
0.37558403611183167
0.3755967319011688
0.3755851984024048
0.37556037306785583
0.3755949139595032
0.3755609095096588
0.3755716383457184
0.3755571246147156
0.375579297542572
0.37555307149887085
0.3755819499492645
0.37557151913642883
0.37564337253570557
0.3755369484424591
0.37558385729789734
0.37557509541511536
0.37556982040405273
0.37556418776512146
0.3755614459514618
0.37557217478752136
0.3755594789981842
0.3756001591682434
0.3755626678466797
0.3755421042442322
0.37556979060173035
0.37556612491607666
0.37554872035980225
0.37557709217071533
0.375549852848053
0.37555328011512756
0.37555623054504395
0.37555697560310364
0.3755762279033661
0.3755547106266022
0.37552210688591003
0.3755377531051636
0.37552276253700256
0.3755331337451935
0.3755287528038025
0.3755306303501129
0.37555229663848877
0.3755352795124054
0.3755330443382263
0.3755258619785309
0.3755224049091339
0.375563383102417
0.375524640083313
0.37553080916404724
0.3755224645137787
0.3755316138267517
0.3755257725715637
0.37553152441978455
0.3755251467227936
0.3755307197570801
0.37553033232688904
0.3755300045013428
0.37552517652511597
0.3755398094654083
0.3755203187465668
0.3755233585834503
0.37551867961883545
0.3755240738391876
0.3755289614200592
0.37552332878112793
0.37553325295448303
0.37554270029067993
0.3755201995372772
0.37552863359451294
0.37552934885025024
0.37552234530448914
0.37552061676979065
0.3755171597003937
0.3755170404911041
0.37552592158317566
0.3755456805229187
0.3755248785018921
0.3755251169204712
0.37552469968795776
0.3755171597003937
0.37552306056022644
0.3755297064781189
0.3755166828632355
0.37552574276924133
0.375530868768692
0.3755325376987457
0.37551841139793396
0.3755272328853607
0.3755204677581787
0.3755263686180115
0.3755422532558441
0.3755122125148773
0.3755177855491638
0.3755198121070862
0.375531405210495
0.3755233883857727
0.37552618980407715
0.375527948141098
0.37551456689834595
0.3755160868167877
0.37554502487182617
0.37553462386131287
0.37552425265312195
0.37552496790885925
0.37551936507225037
0.3755221664905548
0.37551701068878174
0.3755359649658203
0.3755153715610504
0.3755171298980713
0.37553322315216064
0.3755178153514862
0.37551969289779663
0.37552499771118164
0.37551790475845337
0.3755091726779938
0.3755146861076355
0.37551644444465637
0.37551867961883545
0.37551549077033997
0.37551891803741455
0.37550973892211914
0.3755189776420593
0.37552788853645325
0.3755415081977844
0.37551018595695496
0.3755144774913788
0.37553486227989197
0.3755359351634979
0.37551429867744446
0.3755055367946625
0.37552475929260254
0.3755205273628235
0.3755091428756714
0.37552279233932495
0.3755069077014923
0.37549886107444763
0.37549832463264465
0.3754989504814148
0.3755025565624237
0.37550368905067444
0.3754982054233551
0.37550368905067444
0.3754991888999939
0.3754969835281372
0.37551477551460266
0.37549707293510437
0.37551048398017883
0.3754977881908417
0.3754971921443939
0.3754940927028656
0.3754947781562805
0.37550118565559387
0.3754930794239044
0.3755051791667938
0.37549474835395813
0.37549474835395813
0.3754993975162506
0.37550005316734314
0.37549492716789246
0.3755027651786804
0.3754964768886566
0.3755069375038147
0.37549635767936707
0.37549906969070435
0.37549930810928345
0.37549424171447754
0.3754923343658447
0.3754999339580536
0.3754926025867462
0.3755072057247162
0.37549135088920593
0.37549281120300293
0.3755010962486267
0.3754929006099701
0.37549421191215515
0.3754952549934387
0.3754991888999939
0.3754963278770447
0.3754972219467163
0.3754982352256775
0.37549471855163574
0.375495046377182
0.37550148367881775
0.3754979968070984
0.37549570202827454
0.37550345063209534
0.37549158930778503
0.3754947781562805
0.37549906969070435
0.3754935562610626
0.3754955530166626
0.37550124526023865
0.37549537420272827
0.3754901587963104
0.3754981756210327
0.3754997253417969
0.37549489736557007
0.3754981756210327
0.37549102306365967
0.3754936456680298
0.3754911422729492
0.3754899799823761
0.37549546360969543
0.3754916489124298
0.37549546360969543
0.375495970249176
0.3754940927028656
0.37549105286598206
0.37549304962158203
0.37550368905067444
0.3754922151565552
0.3754931688308716
0.3754952847957611
0.3754924535751343
0.3754885792732239
0.37549319863319397
0.37549614906311035
0.37549832463264465
0.3754887282848358
0.37549614906311035
0.3754879832267761
0.37550434470176697
0.3754931390285492
0.3754940629005432
0.3754867613315582
0.37550458312034607
0.3754875957965851
0.3754914402961731
0.3754882216453552
0.3754914402961731
0.3754972517490387
0.37549033761024475
0.3754924535751343
0.37549129128456116
0.3754834234714508
0.3754824697971344
0.3754843473434448
0.37548714876174927
0.37548404932022095
0.3754843771457672
0.37548935413360596
0.37548360228538513
0.3754892945289612
0.37548717856407166
0.37548601627349854
0.3754845857620239
0.3754834830760956
0.3754879832267761
0.3754960298538208
0.3754866421222687
0.3754827678203583
0.37548497319221497
0.37548574805259705
0.37548330426216125
0.3754815459251404
0.37548118829727173
0.3754832148551941
0.37548354268074036
0.37548360228538513
0.37548330426216125
0.3754827082157135
0.3754838705062866
0.37548235058784485
0.3754826784133911
0.3754843473434448
0.3754842281341553
0.3754839599132538
0.3754815459251404
0.37548163533210754
0.3754892647266388
0.37548452615737915
0.3754839301109314
0.37549102306365967
0.3754887282848358
0.37548330426216125
0.3754855692386627
0.3754870891571045
0.37548211216926575
0.3754828870296478
0.37548455595970154
0.37548181414604187
0.37548020482063293
0.37548062205314636
0.3754831552505493
0.3754830062389374
0.37548133730888367
0.3754848539829254
0.37548118829727173
0.3754800856113434
0.37548086047172546
0.37548133730888367
0.37548014521598816
0.37547969818115234
0.3754825294017792
0.3754807114601135
0.3754814565181732
0.3754841685295105
0.3754870295524597
0.3754802644252777
0.37548109889030457
0.3754805028438568
0.37548118829727173
0.37548041343688965
0.37548062205314636
0.3754843473434448
0.37548133730888367
0.37548142671585083
0.3754808306694031
0.37548238039016724
0.3754828870296478
0.3754798173904419
0.3754836320877075
0.3754797875881195
0.375480979681015
0.37548115849494934
0.37547925114631653
0.37548068165779114
0.3754890263080597
0.3754802346229553
0.37548020482063293
0.37548166513442993
0.3754788339138031
0.3754791021347046
0.37547844648361206
0.3754787743091583
0.37548568844795227
0.3754810690879822
0.37547868490219116
0.37548014521598816
0.3754805326461792
0.3754829168319702
0.3754768967628479
0.3754780888557434
0.3754778802394867
0.37547722458839417
0.3754785656929016
0.3754774034023285
0.37547650933265686
0.3754768967628479
0.37547844648361206
0.37547582387924194
0.3754798471927643
0.3754786252975464
0.3754764795303345
0.375477135181427
0.37547627091407776
0.37547630071640015
0.37547704577445984
0.3754769265651703
0.37547656893730164
0.37547534704208374
0.37547674775123596
0.3754757046699524
0.375476598739624
0.3754803538322449
0.3754783272743225
0.3754749298095703
0.37547585368156433
0.3754783272743225
0.37547722458839417
0.37547650933265686
0.37547561526298523
0.37547582387924194
0.37547576427459717
0.3754751980304718
0.37547653913497925
0.37547558546066284
0.3754793405532837
0.3754771947860718
0.3754778504371643
0.3754742741584778
0.37547582387924194
0.37547528743743896
0.37547534704208374
0.3754754364490509
0.375474750995636
0.37547755241394043
0.37547582387924194
0.37547555565834045
0.375475138425827
0.37547799944877625
0.3754745423793793
0.3754747211933136
0.37547567486763
0.37547558546066284
0.3754749000072479
0.3754751682281494
0.37547576427459717
0.37547767162323
0.3754783570766449
0.3754749000072479
0.3754749894142151
0.3754751682281494
0.37547460198402405
0.37547728419303894
0.3754749596118927
0.3754745125770569
0.37547487020492554
0.37547579407691956
0.3754744827747345
0.37547436356544495
0.37547793984413147
0.3754751980304718
0.37547436356544495
0.37547552585601807
0.37547650933265686
0.3754754066467285
0.3754749596118927
0.37547558546066284
0.37547585368156433
0.3754747211933136
0.37547600269317627
0.3754742443561554
0.37547484040260315
0.3754744231700897
0.3754751980304718
0.37547528743743896
0.3754739463329315
0.375474214553833
0.375474214553833
0.3754744827747345
0.3754744231700897
0.37547463178634644
0.3754740357398987
0.37547439336776733
0.3754745125770569
0.37547385692596436
0.37547704577445984
0.3754735589027405
0.37547582387924194
0.3754754066467285
0.37547510862350464
0.37547537684440613
0.37547382712364197
0.3754722476005554
0.3754724860191345
0.3754725754261017
0.37547263503074646
0.3754728138446808
0.3754735291004181
0.37547236680984497
0.3754741847515106
0.3754728436470032
0.37547212839126587
0.37547242641448975
0.37547242641448975
0.37547340989112854
0.37547487020492554
0.37547174096107483
0.37547242641448975
0.37547242641448975
0.37547242641448975
0.37547269463539124
0.3754723370075226
0.37547242641448975
0.37547287344932556
0.37547290325164795
0.3754725754261017
0.3754725754261017
0.3754720985889435
0.3754724860191345
0.37547245621681213
0.3754726052284241
0.37547263503074646
0.37547215819358826
0.37547245621681213
0.3754723370075226
0.3754733204841614
0.37547212839126587
0.37547191977500916
0.3754725754261017
0.37547236680984497
0.37547236680984497
0.37547239661216736
0.37547430396080017
0.37547188997268677
0.37547340989112854
0.3754737675189972
0.37547290325164795
0.37547263503074646
0.3754718601703644
0.3754728436470032
0.37547314167022705
0.3754727840423584
0.37547221779823303
0.37547191977500916
0.37547239661216736
0.3754725754261017
0.37547335028648376
0.3754722476005554
0.37547197937965393
0.37547430396080017
0.3754734992980957
0.3754725456237793
0.37547171115875244
0.37547263503074646
0.3754718601703644
0.3754718601703644
0.37547171115875244
0.37547242641448975
0.37547212839126587
0.375471830368042
0.3754730522632599
0.37547263503074646
0.37547168135643005
0.3754715025424957
0.37547487020492554
0.375471830368042
0.37547245621681213
0.3754716217517853
0.37547168135643005
0.37547165155410767
0.3754715323448181
0.37547147274017334
0.3754723072052002
0.3754715621471405
0.3754711449146271
0.37547191977500916
0.37547188997268677
0.3754725456237793
0.3754717707633972
0.3754715323448181
0.37547194957733154
0.375471293926239
0.3754732310771942
0.3754715323448181
0.37547141313552856
0.37547191977500916
0.3754715621471405
0.37547188997268677
0.3754712641239166
0.3754716217517853
0.3754723370075226
0.3754724860191345
0.3754707872867584
0.37547147274017334
0.3754708170890808
0.37547075748443604
0.3754708170890808
0.3754705786705017
0.3754708766937256
0.3754708468914032
0.3754711449146271
0.37547096610069275
0.3754706084728241
0.37547120451927185
0.3754706084728241
0.3754705488681793
0.37547069787979126
0.3754708766937256
0.37547117471694946
0.37547075748443604
0.3754710853099823
0.37547093629837036
0.3754710257053375
0.37547069787979126
0.37547099590301514
0.3754705786705017
0.3754711449146271
0.3754720687866211
0.3754706084728241
0.3754706084728241
0.37547096610069275
0.37547096610069275
0.3754705786705017
0.37547069787979126
0.37547051906585693
0.37547069787979126
0.3754708468914032
0.37547069787979126
0.375470370054245
0.37547093629837036
0.37547075748443604
0.3754710257053375
0.37547051906585693
0.37547141313552856
0.3754706382751465
0.375471830368042
0.37547075748443604
0.3754706382751465
0.37547096610069275
0.3754703402519226
0.3754706382751465
0.37547048926353455
0.3754703998565674
0.3754706382751465
0.37547072768211365
0.37547028064727783
0.375470370054245
0.375471293926239
0.3754703104496002
0.37547051906585693
0.3754703402519226
0.37547048926353455
0.3754710555076599
0.3754703998565674
0.3754708468914032
0.37547028064727783
0.3754706084728241
0.3754703998565674
0.37547045946121216
0.3754705488681793
0.37547069787979126
0.3754706382751465
0.3754703402519226
0.37547045946121216
0.3754707872867584
0.37547022104263306
0.37547048926353455
0.3754701316356659
0.37547048926353455
0.37547022104263306
0.3754703402519226
0.37547028064727783
0.3754703402519226
0.37547025084495544
0.37547045946121216
0.375470370054245
0.37547022104263306
0.3754705488681793
0.3754705488681793
0.37547072768211365
0.3754703998565674
0.37547048926353455
0.375470370054245
0.3754703402519226
0.37547051906585693
0.3754703402519226
0.37547025084495544
0.3754707872867584
0.37547028064727783
0.375470370054245
0.3754703104496002
0.37547069787979126
0.37547004222869873
0.37547001242637634
0.3754698634147644
0.37546980381011963
0.37547001242637634
0.3754698634147644
0.3754698634147644
0.37547048926353455
0.3754701614379883
0.3754696846008301
0.37547025084495544
0.3754700720310211
0.37546980381011963
0.37546995282173157
0.3754698634147644
0.3754703104496002
0.3754698932170868
0.3754698932170868
0.3754698634147644
0.3754699230194092
0.37546971440315247
0.3754699230194092
0.3754701018333435
0.3754698932170868
0.3754700720310211
0.3754696547985077
0.375469833612442
0.3754698932170868
0.37546971440315247
0.37546980381011963
0.37546977400779724
0.37547004222869873
0.37547001242637634
0.37546977400779724
0.3754699230194092
0.375469833612442
0.37546977400779724
0.37546980381011963
0.37547001242637634
0.3754696249961853
0.37546971440315247
0.3754696846008301
0.37546977400779724
0.3754696846008301
0.3754699230194092
0.37546980381011963
0.37546977400779724
0.37546995282173157
0.37546980381011963
0.3754696249961853
0.37547001242637634
0.3754696846008301
0.375469833612442
0.3754698634147644
0.37546971440315247
0.3754703104496002
0.3754696547985077
0.37546980381011963
0.37546980381011963
0.3754698932170868
0.37546977400779724
0.3754695653915405
0.3754699230194092
0.375469833612442
0.3754698634147644
0.3754696846008301
0.3754695951938629
0.37546977400779724
0.375469833612442
0.3754698634147644
0.3754696249961853
0.3754695951938629
0.3754698634147644
0.37546977400779724
0.37546977400779724
0.3754696249961853
0.3754695951938629
0.3754695951938629
0.3754696249961853
0.3754696249961853
0.3754698932170868
0.3754696249961853
0.37546977400779724
0.37546977400779724
0.37546947598457336
0.37546977400779724
0.37546977400779724
0.37546977400779724
0.3754699230194092
0.3754696249961853
0.3754696249961853
0.3754695653915405
0.37546971440315247
0.3754696249961853
0.3754695653915405
0.37546947598457336
0.3754695951938629
0.37547022104263306
0.3754695951938629
0.37546947598457336
0.375469446182251
0.3754694163799286
0.3754693865776062
0.3754694163799286
0.375469446182251
0.3754693865776062
0.3754693865776062
0.375469446182251
0.3754693567752838
0.3754694163799286
0.3754694163799286
0.3754693567752838
0.3754694163799286
0.3754695653915405
0.37546947598457336
0.375469446182251
0.3754693865776062
0.37546953558921814
0.375469446182251
0.3754693865776062
0.37546947598457336
0.37546929717063904
0.3754693865776062
0.3754693269729614
0.3754693865776062
0.3754693865776062
0.37546947598457336
0.3754694163799286
0.3754694163799286
0.375469446182251
0.375469446182251
0.3754693567752838
0.37546953558921814
0.3754693567752838
0.3754693865776062
0.3754693865776062
0.3754693865776062
0.3754693269729614
0.37546947598457336
0.3754693567752838
0.37546947598457336
0.3754693567752838
0.3754694163799286
0.3754693865776062
0.3754694163799286
0.3754693567752838
0.3754693567752838
0.3754694163799286
0.375469446182251
0.375469446182251
0.3754693865776062
0.37546929717063904
0.3754693269729614
0.3754693865776062
0.3754693269729614
0.3754693269729614
0.37546929717063904
0.3754693567752838
0.3754693269729614
0.3754693567752838
0.3754693567752838
0.375469446182251
0.3754691779613495
0.3754693567752838
0.3754693567752838
0.3754693567752838
0.3754693269729614
0.37546947598457336
0.3754694163799286
0.3754693269729614
0.3754693269729614
0.3754693269729614
0.3754693269729614
0.3754692077636719
0.3754693567752838
0.3754693865776062
0.3754691779613495
0.37546929717063904
0.3754693865776062
0.3754691779613495
0.37546929717063904
0.37546929717063904
0.3754693269729614
0.3754693269729614
0.3754693567752838
0.37546929717063904
0.37546929717063904
0.3754693269729614
0.3754693269729614
0.3754693269729614
0.37546929717063904
0.3754693269729614
0.3754694163799286
0.37546929717063904
0.37546923756599426
0.3754693865776062
0.3754693567752838
0.37546923756599426
0.3754692077636719
0.3754693865776062
0.3754691183567047
0.3754691779613495
0.3754691779613495
0.3754691779613495
0.3754691779613495
0.3754691779613495
0.3754691481590271
0.3754691183567047
0.3754691779613495
0.3754691779613495
0.3754693269729614
0.3754691183567047
0.3754691481590271
0.3754691481590271
0.3754691779613495
0.3754691481590271
0.3754691183567047
0.3754693269729614
0.3754692077636719
0.37546923756599426
0.3754691183567047
0.3754692077636719
0.3754691481590271
0.37546923756599426
0.3754691779613495
0.3754692077636719
0.3754691481590271
0.3754691481590271
0.3754691183567047
0.3754691779613495
0.3754691779613495
0.3754691481590271
0.3754691481590271
0.3754691481590271
0.3754691779613495
0.37546929717063904
0.3754691779613495
0.3754691779613495
0.3754691481590271
0.3754691481590271
0.3754691779613495
0.3754691779613495
0.3754691481590271
0.3754692077636719
0.3754693567752838
0.3754691183567047
0.3754691779613495
0.3754691183567047
0.3754691183567047
0.37546923756599426
0.3754690885543823
0.3754691183567047
0.3754691779613495
0.3754692077636719
0.3754691481590271
0.37546929717063904
0.3754691481590271
0.3754691183567047
0.3754691183567047
0.3754691183567047
0.3754691183567047
0.3754691779613495
0.3754691183567047
0.3754691183567047
0.3754691183567047
0.3754691481590271
0.3754690885543823
0.3754691779613495
0.3754691183567047
0.3754691481590271
0.3754691183567047
0.3754691481590271
0.3754691481590271
0.3754691481590271
0.3754691183567047
0.3754691481590271
0.3754691481590271
0.3754692077636719
0.3754691183567047
0.3754691183567047
0.3754691779613495
0.3754691779613495
0.3754690885543823
0.3754691481590271
0.3754691779613495
