0.5358725786209106
0.4738970696926117
0.4390665888786316
0.4207877218723297
0.40982481837272644
0.402045875787735
0.39587122201919556
0.39268946647644043
0.3905957043170929
0.3887891471385956
0.3868812918663025
0.38487347960472107
0.3838324546813965
0.38368842005729675
0.38145098090171814
0.38160622119903564
0.3822490870952606
0.37932512164115906
0.3790513873100281
0.3779616057872772
0.37768158316612244
0.37709951400756836
0.37635868787765503
0.3769397735595703
0.37578845024108887
0.3753572702407837
0.37591445446014404
0.37436413764953613
0.37384748458862305
0.37279245257377625
0.3741651475429535
0.3723091185092926
0.3724214732646942
0.3719167411327362
0.3710050880908966
0.371381014585495
0.3710062503814697
0.3702937662601471
0.369442880153656
0.3689819872379303
0.36925527453422546
0.3709124028682709
0.36846765875816345
0.36936280131340027
0.36806195974349976
0.36801639199256897
0.3676181435585022
0.36621391773223877
0.3666186034679413
0.36588871479034424
0.36508458852767944
0.36525192856788635
0.3650227189064026
0.36459147930145264
0.363945335149765
0.3628801703453064
0.362736314535141
0.3631781041622162
0.3621222674846649
0.36175960302352905
0.361050546169281
0.3612901270389557
0.35992568731307983
0.3600143492221832
0.3596142828464508
0.3596290946006775
0.358772873878479
0.35892120003700256
0.35771313309669495
0.35767272114753723
0.3580586910247803
0.35783594846725464
0.356826514005661
0.3570568859577179
0.35592415928840637
0.3564651608467102
0.3548887073993683
0.3550139367580414
0.35469481348991394
0.35505953431129456
0.3531917333602905
0.3530612587928772
0.35250839591026306
0.3520266115665436
0.35069116950035095
0.35046741366386414
0.3503037393093109
0.3513698875904083
0.3500673472881317
0.34908151626586914
0.34921208024024963
0.3482941687107086
0.3473026752471924
0.34823188185691833
0.34726452827453613
0.3480719327926636
0.3478858172893524
0.3461492657661438
0.34489905834198
0.34541502594947815
0.34471559524536133
0.34344956278800964
0.34332266449928284
0.34323805570602417
0.3451019823551178
0.34419557452201843
0.3434276878833771
0.3428577482700348
0.3414821922779083
0.34081533551216125
0.34192466735839844
0.3409983813762665
0.34046828746795654
0.34013551473617554
0.3390560746192932
0.3397795855998993
0.3404977321624756
0.33849307894706726
0.3382582664489746
0.3372047543525696
0.3366736173629761
0.33564284443855286
0.3353491723537445
0.3349457085132599
0.3351764678955078
0.3346005380153656
0.3342304527759552
0.33541667461395264
0.33462274074554443
0.3342733383178711
0.33428841829299927
0.3334527611732483
0.33338066935539246
0.33304235339164734
0.3333030045032501
0.33330047130584717
0.3328860104084015
0.33279067277908325
0.33410727977752686
0.3330725431442261
0.33261537551879883
0.3320351541042328
0.3324836790561676
0.3320412039756775
0.3339473605155945
0.3317672610282898
0.331241250038147
0.33070501685142517
0.3309025168418884
0.3306679427623749
0.3310711085796356
0.331246554851532
0.33056384325027466
0.3310050368309021
0.33000054955482483
0.3299129605293274
0.32969048619270325
0.330068439245224
0.32889482378959656
0.3286878168582916
0.3286828398704529
0.3284858763217926
0.3283894956111908
0.32827311754226685
0.329218327999115
0.32799696922302246
0.32807889580726624
0.3275832235813141
0.3271562159061432
0.327800989151001
0.3272905945777893
0.32723602652549744
0.3273624777793884
0.3273485004901886
0.32749471068382263
0.3269984722137451
0.3267495334148407
0.32680726051330566
0.3263915777206421
0.32579514384269714
0.32567211985588074
0.32541194558143616
0.325682669878006
0.3247672915458679
0.3253782093524933
0.3250217139720917
0.32453757524490356
0.32508593797683716
0.3255563974380493
0.32453489303588867
0.32425400614738464
0.32461437582969666
0.3241475224494934
0.3237135708332062
0.325724333524704
0.3237692415714264
0.3223918080329895
0.3236682415008545
0.32296425104141235
0.32383185625076294
0.32273879647254944
0.32247743010520935
0.322407066822052
0.3223950266838074
0.3215591609477997
0.3213450610637665
0.32256603240966797
0.3214109539985657
0.32098251581192017
0.32104814052581787
0.32073289155960083
0.3211604058742523
0.32049909234046936
0.32087603211402893
0.3204333484172821
0.3208637535572052
0.32026371359825134
0.31979355216026306
0.3196884095668793
0.319792240858078
0.3187617063522339
0.31815093755722046
0.3181101679801941
0.3181476294994354
0.31783249974250793
0.31796571612358093
0.31792861223220825
0.3176649808883667
0.3176189363002777
0.317417174577713
0.31814685463905334
0.3177393674850464
0.31731295585632324
0.3173487186431885
0.31723982095718384
0.3171502649784088
0.3171404302120209
0.3170025944709778
0.31674522161483765
0.31689226627349854
0.31734246015548706
0.3165574073791504
0.31714290380477905
0.31697967648506165
0.3172541558742523
0.3166563808917999
0.31675785779953003
0.31652307510375977
0.3160751461982727
0.31582435965538025
0.31596705317497253
0.3156985640525818
0.3161334693431854
0.31579750776290894
0.31595245003700256
0.3162480294704437
0.3154962360858917
0.3157656788825989
0.3157118856906891
0.3161117434501648
0.3156711459159851
0.3153553903102875
0.3154950737953186
0.3153455853462219
0.3155393600463867
0.3149796426296234
0.3148919343948364
0.3147812485694885
0.31489667296409607
0.3148193955421448
0.3146578371524811
0.31439805030822754
0.314733624458313
0.3142136037349701
0.3147944509983063
0.31417885422706604
0.3140402138233185
0.3140549957752228
0.3139866590499878
0.313631147146225
0.3140605092048645
0.31395676732063293
0.31364789605140686
0.3137001097202301
0.3145093619823456
0.31370294094085693
0.3134574592113495
0.313250869512558
0.31286391615867615
0.31286004185676575
0.3129027485847473
0.3130079209804535
0.31309568881988525
0.31303733587265015
0.31315547227859497
0.3129067122936249
0.3130553066730499
0.3126148581504822
0.3123881220817566
0.3123120069503784
0.3119926154613495
0.31206005811691284
0.3123683035373688
0.3120127320289612
0.31197047233581543
0.3120184540748596
0.31164759397506714
0.31192928552627563
0.3117774426937103
0.3114444315433502
0.3114149272441864
0.3116876780986786
0.3111339211463928
0.31124576926231384
0.31124016642570496
0.3114098310470581
0.31112435460090637
0.31119582056999207
0.311238557100296
0.31124991178512573
0.31041255593299866
0.31024888157844543
0.31034788489341736
0.3104342818260193
0.3100617527961731
0.3100191652774811
0.31015080213546753
0.31019407510757446
0.3098750114440918
0.3100321590900421
0.31030958890914917
0.309852659702301
0.30993232131004333
0.3099672198295593
0.3098568320274353
0.30985575914382935
0.309869647026062
0.30961912870407104
0.3096879720687866
0.30959999561309814
0.3095257878303528
0.3098164498806
0.309829980134964
0.3093014359474182
0.3096391260623932
0.30938562750816345
0.30943745374679565
0.30938300490379333
0.30971837043762207
0.3092811107635498
0.3092731833457947
0.30920806527137756
0.3093630373477936
0.30934736132621765
0.30918389558792114
0.30924609303474426
0.3093319237232208
0.309581458568573
0.308963418006897
0.3089536428451538
0.3091147243976593
0.3089038133621216
0.30907461047172546
0.3090190887451172
0.3088110089302063
0.30905652046203613
0.30888694524765015
0.3089107573032379
0.3087437152862549
0.30861520767211914
0.3087659478187561
0.3087075650691986
0.30902427434921265
0.3087291419506073
0.3085506558418274
0.3088705241680145
0.30857712030410767
0.308592289686203
0.3084798753261566
0.30863893032073975
0.3085058331489563
0.30839645862579346
0.3083032965660095
0.3085150122642517
0.3087332546710968
0.30819711089134216
0.3083629012107849
0.3082296550273895
0.30819645524024963
0.3080926239490509
0.3081553876399994
0.30847859382629395
0.3079836368560791
0.30825337767601013
0.3080994486808777
0.3081916272640228
0.30786994099617004
0.30783894658088684
0.30805113911628723
0.3079253137111664
0.3079695701599121
0.30779266357421875
0.3080582320690155
0.3076932430267334
0.30776098370552063
0.3076046109199524
0.3078053295612335
0.3075198531150818
0.3078993260860443
0.30775654315948486
0.30771344900131226
0.30757442116737366
0.30742377042770386
0.30748873949050903
0.3073993921279907
0.30740275979042053
0.3074502646923065
0.30749422311782837
0.30743932723999023
0.30727994441986084
0.30702120065689087
0.30694448947906494
0.3069829046726227
0.30701398849487305
0.30692198872566223
0.30702611804008484
0.3070579171180725
0.30699917674064636
0.3069266378879547
0.3068597912788391
0.30686652660369873
0.30686724185943604
0.3067765235900879
0.3067403733730316
0.30679720640182495
0.3069147765636444
0.3067244291305542
0.30670973658561707
0.3066907823085785
0.30676382780075073
0.3067621886730194
0.3067852854728699
0.3067344129085541
0.3067016303539276
0.3066767752170563
0.3066336214542389
0.30665045976638794
0.30658748745918274
0.3065418303012848
0.3066135048866272
0.30656978487968445
0.30658209323883057
0.30647724866867065
0.30656349658966064
0.30653101205825806
0.30656683444976807
0.3065662086009979
0.3064567446708679
0.3065169155597687
0.3064839839935303
0.3064762055873871
0.306511253118515
0.306419312953949
0.30632278323173523
0.3063820004463196
0.30633896589279175
0.30646267533302307
0.3063301742076874
0.3063243329524994
0.3063373863697052
0.3062889277935028
0.3063448965549469
0.3061859905719757
0.3063121736049652
0.30621519684791565
0.3062586784362793
0.3061639070510864
0.30618223547935486
0.30616840720176697
0.306190550327301
0.3063620328903198
0.30612635612487793
0.30626150965690613
0.30617836117744446
0.3062571585178375
0.3060607314109802
0.3060911297798157
0.3060383200645447
0.30597934126853943
0.3059656023979187
0.30597570538520813
0.3059214651584625
0.3059372305870056
0.3060067892074585
0.3060823976993561
0.3058820366859436
0.30603402853012085
0.3060029149055481
0.30583086609840393
0.30585426092147827
0.305844783782959
0.3058684468269348
0.30578699707984924
0.3058161437511444
0.30578288435935974
0.3057296872138977
0.30576932430267334
0.3056686818599701
0.3057725727558136
0.30566227436065674
0.3057602643966675
0.3056180477142334
0.3055587708950043
0.30583488941192627
0.30563461780548096
0.3054998219013214
0.30563536286354065
0.3055543303489685
0.3055294156074524
0.3056224584579468
0.3054688274860382
0.3053078055381775
0.30531808733940125
0.3052845895290375
0.3053606450557709
0.3053624927997589
0.30530089139938354
0.30530014634132385
0.30525824427604675
0.30529388785362244
0.3052361011505127
0.3052981495857239
0.30521905422210693
0.3052416741847992
0.30526024103164673
0.30520960688591003
0.305246502161026
0.3052496910095215
0.30515801906585693
0.3051900267601013
0.3051479458808899
0.30520761013031006
0.3051416277885437
0.30527162551879883
0.3051984906196594
0.30515533685684204
0.3051566183567047
0.3051762580871582
0.30518126487731934
0.30513492226600647
0.30511364340782166
0.30510494112968445
0.3051145374774933
0.3051162660121918
0.3050677478313446
0.30508044362068176
0.3051092326641083
0.30501434206962585
0.3051065504550934
0.3050633668899536
0.3050937354564667
0.3050771951675415
0.30506080389022827
0.30501261353492737
0.30499616265296936
0.3049968481063843
0.30502334237098694
0.3049505949020386
0.3049952983856201
0.30491697788238525
0.305001437664032
0.3049631714820862
0.3049298822879791
0.3049473762512207
0.3048957586288452
0.30491939187049866
0.30490151047706604
0.30490943789482117
0.3049485385417938
0.30485349893569946
0.3049067258834839
0.30491650104522705
0.30483534932136536
0.3049040734767914
0.3048742413520813
0.30485495924949646
0.3048517405986786
0.3047889173030853
0.3048037588596344
0.3047720491886139
0.3047454059123993
0.30481240153312683
0.3047771453857422
0.3047652840614319
0.3047802448272705
0.3047884404659271
0.3047746419906616
0.3047304153442383
0.3047325909137726
0.30474090576171875
0.30468037724494934
0.30478161573410034
0.304755836725235
0.30471742153167725
0.30468037724494934
0.30465519428253174
0.30471184849739075
0.30465126037597656
0.3046722710132599
0.30464136600494385
0.3046520948410034
0.30464428663253784
0.30463114380836487
0.3047407269477844
0.304659903049469
0.3046458661556244
0.3046131432056427
0.30457091331481934
0.30456340312957764
0.3045290410518646
0.30449384450912476
0.3044736087322235
0.3044837415218353
0.30447840690612793
0.3044613003730774
0.3045203685760498
0.30445626378059387
0.30447062849998474
0.3044600784778595
0.30449429154396057
0.3044438064098358
0.3044389486312866
0.3044506907463074
0.30443957448005676
0.3044714629650116
0.30442145466804504
0.3044341206550598
0.30441805720329285
0.3044202923774719
0.3044366240501404
0.30448201298713684
0.3044004738330841
0.3044138550758362
0.30438488721847534
0.30439040064811707
0.3044203817844391
0.3044174909591675
0.30437585711479187
0.30437326431274414
0.3043864369392395
0.30436989665031433
0.30435875058174133
0.30436351895332336
0.3043632507324219
0.3043651282787323
0.3043474555015564
0.3043699264526367
0.30433741211891174
0.30434727668762207
0.3043513894081116
0.30432456731796265
0.304335355758667
0.3043186068534851
0.30434149503707886
0.30433449149131775
0.3043158948421478
0.3043347895145416
0.3043147027492523
0.30431216955184937
0.30428966879844666
0.30430784821510315
0.30433112382888794
0.30436384677886963
0.304282546043396
0.3042874336242676
0.30428752303123474
0.30427759885787964
0.30427494645118713
0.3042658269405365
0.3042827844619751
0.3042432367801666
0.3042801022529602
0.30424389243125916
0.3042561411857605
0.30423033237457275
0.3042365610599518
0.3042238652706146
0.30422550439834595
0.30423957109451294
0.30422449111938477
0.30424267053604126
0.3042154908180237
0.3042181432247162
0.3042084574699402
0.30419912934303284
0.3041926324367523
0.30419960618019104
0.3042086958885193
0.3042044937610626
0.30416810512542725
0.3042040765285492
0.30418702960014343
0.3041577637195587
0.30421289801597595
0.30415236949920654
0.3041740357875824
0.30417218804359436
0.3041561245918274
0.3041684031486511
0.3041567802429199
0.30414754152297974
0.30413272976875305
0.30412647128105164
0.3041315972805023
0.3041689693927765
0.30415794253349304
0.3041059374809265
0.3041176199913025
0.3041086792945862
0.30409732460975647
0.3040919303894043
0.30407074093818665
0.30406537652015686
0.30406004190444946
0.30405503511428833
0.3040653467178345
0.3040618598461151
0.3040725886821747
0.3040519058704376
0.3040655851364136
0.30404260754585266
0.304038941860199
0.3040480613708496
0.30403780937194824
0.3040638267993927
0.3040444254875183
0.3040456771850586
0.3040548264980316
0.30403053760528564
0.3040322959423065
0.3040388226509094
0.30402570962905884
0.3040233850479126
0.30402156710624695
0.3040221333503723
0.30402103066444397
0.30401545763015747
0.30401694774627686
0.30401772260665894
0.3040139079093933
0.3040076494216919
0.3040027618408203
0.30401089787483215
0.3039988577365875
0.3039964735507965
0.3040095865726471
0.30399155616760254
0.3039930462837219
0.3039837181568146
0.3039903938770294
0.30399513244628906
0.30398452281951904
0.3039872944355011
0.3039814233779907
0.3039896786212921
0.3039712607860565
0.3039761781692505
0.3039630055427551
0.3039748966693878
0.3039674162864685
0.3039642870426178
0.30396702885627747
0.30396294593811035
0.303953617811203
0.3039667308330536
0.30396315455436707
0.3039632737636566
0.3039523959159851
0.30396220088005066
0.30394548177719116
0.3039398491382599
0.30393877625465393
0.303947776556015
0.30394431948661804
0.30394625663757324
0.30394142866134644
0.30397406220436096
0.30392804741859436
0.30392739176750183
0.30392155051231384
0.3039296567440033
0.3039357364177704
0.3039315342903137
0.30392006039619446
0.30391553044319153
0.3039133548736572
0.30393415689468384
0.3039044737815857
0.3039048910140991
0.3039037585258484
0.3039069175720215
0.30391931533813477
0.30390995740890503
0.30390629172325134
0.30394694209098816
0.30391809344291687
0.30390992760658264
0.3039073050022125
0.30391451716423035
0.30388641357421875
0.30390870571136475
0.3038896322250366
0.30387938022613525
0.30388620495796204
0.30388566851615906
0.3038759231567383
0.3038685619831085
0.30388161540031433
0.30386286973953247
0.3038664162158966
0.3038528263568878
0.30384600162506104
0.30384930968284607
0.3038538992404938
0.3038502633571625
0.3038666546344757
0.3038461208343506
0.3038479685783386
0.30383914709091187
0.3038390874862671
0.3038378357887268
0.30383971333503723
0.30383676290512085
0.30383262038230896
0.303835928440094
0.30383026599884033
0.30384311079978943
0.3038328289985657
0.303833931684494
0.3038278818130493
0.3038311004638672
0.3038344085216522
0.30383190512657166
0.30382904410362244
0.30382928252220154
0.3038247227668762
0.30382227897644043
0.30382001399993896
0.3038296103477478
0.3038237392902374
0.30381593108177185
0.30381664633750916
0.30381786823272705
0.30382269620895386
0.3038158118724823
0.303818941116333
0.3038136959075928
0.3038270175457001
0.3038129508495331
0.3038135766983032
0.3038072884082794
0.30380767583847046
0.30381110310554504
0.30380240082740784
0.3038088083267212
0.3038027584552765
0.3038010895252228
0.3038005828857422
0.30379921197891235
0.30380016565322876
0.30380773544311523
0.3038046061992645
0.3038027882575989
0.3037988245487213
0.30379384756088257
0.30379271507263184
0.3037990927696228
0.3037962317466736
0.30378735065460205
0.3037909269332886
0.30380845069885254
0.3037867546081543
0.3037854731082916
0.30379852652549744
0.30380532145500183
0.30378177762031555
0.3037877082824707
0.30379289388656616
0.30378279089927673
0.3037862777709961
0.30377817153930664
0.3037768006324768
0.30377286672592163
0.30378079414367676
0.30377939343452454
0.3037746846675873
0.3037799596786499
0.30377379059791565
0.3037722706794739
0.3037711977958679
0.30377522110939026
0.30377110838890076
0.3037705421447754
0.3037678897380829
0.30376777052879333
0.3037625551223755
0.30376842617988586
0.3037636876106262
0.303760290145874
0.303766667842865
0.30375683307647705
0.30375540256500244
0.30375465750694275
0.30375936627388
0.30375558137893677
0.30375683307647705
0.30375248193740845
0.3037579655647278
0.3037562370300293
0.30376267433166504
0.30374085903167725
0.30374062061309814
0.3037440776824951
0.30374372005462646
0.3037399649620056
0.3037394881248474
0.30373644828796387
0.30373698472976685
0.3037375807762146
0.3037371039390564
0.3037389814853668
0.30373793840408325
0.30373576283454895
0.30373644828796387
0.3037348985671997
0.3037332594394684
0.3037325143814087
0.30373650789260864
0.30373236536979675
0.3037307560443878
0.30373209714889526
0.3037327229976654
0.3037307858467102
0.30373135209083557
0.30373382568359375
0.3037332594394684
0.30372750759124756
0.3037302494049072
0.3037315011024475
0.3037284016609192
0.3037286698818207
0.3037288784980774
0.30373093485832214
0.3037259578704834
0.30373045802116394
0.3037242293357849
0.30373162031173706
0.3037237524986267
0.3037254214286804
0.30372434854507446
0.30372366309165955
0.30371975898742676
0.3037196397781372
0.30372029542922974
0.3037225306034088
0.30372029542922974
0.30371996760368347
0.3037206530570984
0.30371537804603577
0.3037208318710327
0.3037181496620178
0.3037183880805969
0.30371779203414917
0.3037227392196655
0.30371376872062683
0.3037167191505432
0.3037143051624298
0.3037124574184418
0.30371251702308655
0.30371227860450745
0.30371853709220886
0.30371323227882385
0.30371153354644775
0.30371251702308655
0.30371224880218506
0.3037092387676239
0.30370938777923584
0.3037106394767761
0.30371275544166565
0.3037068247795105
0.3037053942680359
0.3037078082561493
0.3037065267562866
0.30370762944221497
0.3037043511867523
0.30370813608169556
0.3037056028842926
0.3037053644657135
0.3037077784538269
0.3037053346633911
0.30370211601257324
0.30370038747787476
0.3037072420120239
0.30370140075683594
0.3037046492099762
0.3037012219429016
0.30369800329208374
0.3036976158618927
0.3036973774433136
0.3037039339542389
0.3037005662918091
0.30369874835014343
0.3036969304084778
0.30369725823402405
0.3036974370479584
0.3036971986293793
0.30369582772254944
0.3036954700946808
0.3036963641643524
0.3036942183971405
0.3036891520023346
0.30369001626968384
0.3036869168281555
0.3036901354789734
0.3036881983280182
0.30368849635124207
0.3036872148513794
0.30368608236312866
0.3036862015724182
0.3036867082118988
0.3036881983280182
0.30368897318840027
0.30368566513061523
0.3036850690841675
0.3036847710609436
0.303684264421463
0.30368560552597046
0.3036848306655884
0.30368348956108093
0.30368366837501526
0.30368441343307495
0.303684264421463
0.3036828339099884
0.3036832809448242
0.3036837875843048
0.3036821186542511
0.3036884069442749
0.3036808371543884
0.3036822974681854
0.3036811947822571
0.3036808967590332
0.3036801218986511
0.3036802411079407
0.30368104577064514
0.30368077754974365
0.3036797046661377
0.30368292331695557
0.3036789894104004
0.3036808371543884
0.30368077754974365
0.3036803901195526
0.30367806553840637
0.3036784827709198
0.3036777675151825
0.3036777973175049
0.3036787509918213
0.30367836356163025
0.30367597937583923
0.30367645621299744
0.30367714166641235
0.3036784827709198
0.30367544293403625
0.30367594957351685
0.3036751449108124
0.303674578666687
0.30367594957351685
0.3036760091781616
0.3036781847476959
0.3036745488643646
0.30367469787597656
0.30367445945739746
0.30367404222488403
0.30367377400398254
0.30367323756217957
0.3036731779575348
0.3036762475967407
0.3036785423755646
0.3036722242832184
0.303673654794693
0.3036719858646393
0.30367013812065125
0.3036724627017975
0.303670197725296
0.30366984009742737
0.3036704659461975
0.30367133021354675
0.3036704361438751
0.3036705553531647
0.3036692142486572
0.30367010831832886
0.3036728501319885
0.30366823077201843
0.3036677837371826
0.3036690354347229
0.3036688268184662
0.3036688566207886
0.3036673963069916
0.30366721749305725
0.30366945266723633
0.30366623401641846
0.30366647243499756
0.303666353225708
0.3036671280860901
0.30366596579551697
0.3036660850048065
0.30366697907447815
0.30366572737693787
0.3036646842956543
0.30366605520248413
0.3036644756793976
0.30366215109825134
0.30366167426109314
0.30366259813308716
0.3036609888076782
0.3036617040634155
0.3036611080169678
0.30366241931915283
0.3036617934703827
0.30366119742393494
0.30366119742393494
0.30366119742393494
0.30366018414497375
0.3036617934703827
0.3036600649356842
0.30366051197052
0.30366113781929016
0.30366024374961853
0.30366045236587524
0.3036596179008484
0.30366066098213196
0.3036595284938812
0.30365943908691406
0.30365943908691406
0.3036591708660126
0.30366089940071106
0.3036602735519409
0.3036590814590454
0.30365797877311707
0.3036593496799469
0.3036589026451111
0.3036593198776245
0.3036590814590454
0.3036583960056305
0.3036574125289917
0.30365893244743347
0.30365779995918274
0.30365800857543945
0.303657203912735
0.3036577105522156
0.30365675687789917
0.30365654826164246
0.3036574125289917
0.30365800857543945
0.30365708470344543
0.30365636944770813
0.30365708470344543
0.30365681648254395
0.30365651845932007
0.3036569654941559
0.30365613102912903
0.30365583300590515
0.3036558926105499
0.30365684628486633
0.30365604162216187
0.30365604162216187
0.30365511775016785
0.30365538597106934
0.30365487933158875
0.3036549389362335
0.3036559224128723
0.3036547899246216
0.30365467071533203
0.3036542534828186
0.3036549389362335
0.3036540150642395
0.3036547303199768
0.30365338921546936
0.3036535382270813
0.303653359413147
0.3036533296108246
0.30365386605262756
0.30365338921546936
0.3036528527736664
0.3036530315876007
0.30365368723869324
0.30365246534347534
0.30365243554115295
0.303653746843338
0.3036527633666992
0.30365222692489624
0.30365270376205444
0.30365219712257385
0.30365198850631714
0.30365249514579773
0.30365189909935
0.30365169048309326
0.303652822971344
0.3036515712738037
0.3036510646343231
0.30365198850631714
0.30365097522735596
0.3036509156227112
0.3036506772041321
0.30365076661109924
0.3036501109600067
0.3036508560180664
0.3036498427391052
0.3036508560180664
0.30365055799484253
0.3036499619483948
0.3036488890647888
0.3036485016345978
0.30364853143692017
0.30364832282066345
0.30364876985549927
0.30364832282066345
0.3036483824253082
0.30364811420440674
0.30364805459976196
0.3036486506462097
0.3036477565765381
0.30364805459976196
0.3036479651927948
0.3036476671695709
0.30364763736724854
0.30364781618118286
0.3036477863788605
0.30364763736724854
0.30364754796028137
0.3036474287509918
0.30364730954170227
0.30364733934402466
0.30364763736724854
0.30364716053009033
0.30364733934402466
0.30364710092544556
0.30364710092544556
0.303646981716156
0.3036472201347351
0.3036467730998993
0.3036472797393799
0.3036469519138336
0.3036469519138336
0.30364692211151123
0.30364683270454407
0.3036471903324127
0.30364713072776794
0.3036465048789978
0.3036462962627411
0.303646445274353
0.3036462366580963
0.30364641547203064
0.3036460280418396
0.303646057844162
0.30364593863487244
0.30364638566970825
0.3036459684371948
0.303646057844162
0.3036457896232605
0.3036457300186157
0.30364546179771423
0.3036462366580963
0.30364570021629333
0.30364522337913513
0.30364543199539185
0.30364513397216797
0.3036451041698456
0.3036452531814575
0.30364522337913513
0.3036452829837799
0.30364513397216797
0.3036448061466217
0.30364543199539185
0.3036448061466217
0.30364468693733215
0.30364468693733215
0.3036445379257202
0.303644597530365
0.30364498496055603
0.30364441871643066
0.3036442995071411
0.30364421010017395
0.30364421010017395
0.3036441206932068
0.3036441504955292
0.3036443591117859
0.303644061088562
0.3036438226699829
0.3036443591117859
0.30364376306533813
0.3036445379257202
0.3036438822746277
0.3036448061466217
0.30364400148391724
0.30364421010017395
0.3036441504955292
0.3036439120769501
0.3036450445652008
0.30364373326301575
0.3036438226699829
0.30364322662353516
0.30364328622817993
0.3036439120769501
0.30364298820495605
0.30364298820495605
0.303643137216568
0.30364298820495605
0.303643137216568
0.30364271998405457
0.3036426901817322
0.30364271998405457
0.3036419749259949
0.3036421239376068
0.30364203453063965
0.30364224314689636
0.30364203453063965
0.3036421239376068
0.3036418855190277
0.3036419153213501
0.30364179611206055
0.30364176630973816
0.3036416471004486
0.30364200472831726
0.30364179611206055
0.3036417067050934
0.303641676902771
0.3036417067050934
0.30364158749580383
0.3036418557167053
0.30364158749580383
0.30364155769348145
0.3036416172981262
0.3036414384841919
0.3036414384841919
0.3036414086818695
0.3036414086818695
0.30364152789115906
0.3036414682865143
0.3036416172981262
0.3036413788795471
0.3036414384841919
0.3036414682865143
0.3036412000656128
0.30364128947257996
0.30364131927490234
0.303641140460968
0.30364158749580383
0.3036412000656128
0.303641140460968
0.3036412298679352
0.30364105105400085
0.3036412000656128
0.30364128947257996
0.30364105105400085
0.3036411702632904
0.3036409616470337
0.3036411702632904
0.30364087224006653
0.303640753030777
0.30364084243774414
0.3036409020423889
0.303640753030777
0.3036409020423889
0.3036409616470337
0.30364105105400085
0.3036406338214874
0.3036406338214874
0.3036405146121979
0.3036406338214874
0.3036409914493561
0.30364108085632324
0.30364087224006653
0.30364054441452026
0.3036406636238098
0.30364060401916504
0.3036406636238098
0.3036404252052307
0.3036402761936188
0.3036403954029083
0.3036403954029083
0.3036402463912964
0.3036404550075531
0.3036401569843292
0.30364009737968445
0.3036401867866516
0.3036399483680725
0.3036399781703949
0.3036400079727173
0.3036401867866516
0.3036406636238098
0.3036401867866516
0.3036400377750397
0.30364006757736206
0.30364006757736206
0.3036399781703949
0.30363982915878296
0.30363979935646057
0.30363985896110535
0.30363982915878296
0.30363962054252625
0.30363956093788147
0.3036397695541382
0.303639680147171
0.3036400079727173
0.3036397397518158
0.3036397397518158
0.30363962054252625
0.30363956093788147
0.3036395311355591
0.30363956093788147
0.30363932251930237
0.3036395013332367
0.3036394715309143
0.30363929271698
0.30363929271698
0.30363914370536804
0.30363917350769043
0.30363917350769043
0.30363914370536804
0.30363911390304565
0.30363914370536804
0.30363911390304565
0.30363917350769043
0.3036390542984009
0.30363914370536804
0.30363914370536804
0.3036389946937561
0.3036392629146576
0.30363917350769043
0.30363887548446655
0.30363887548446655
0.3036388158798218
0.30363893508911133
0.30363890528678894
0.30363884568214417
0.30363914370536804
0.3036387860774994
0.30363884568214417
0.30363890528678894
0.303638756275177
0.30363884568214417
0.30363893508911133
0.3036387860774994
0.303638756275177
0.3036388158798218
0.30363884568214417
0.30363860726356506
0.3036384582519531
0.3036388158798218
0.30363863706588745
0.3036385774612427
0.30363863706588745
0.30363863706588745
0.30363887548446655
0.30363842844963074
0.3036384582519531
0.3036387860774994
0.3036385178565979
0.30363842844963074
0.30363839864730835
0.30363839864730835
0.30363839864730835
0.30363819003105164
0.3036382496356964
0.30363836884498596
0.3036383390426636
0.3036383390426636
0.3036383092403412
0.3036383092403412
0.30363816022872925
0.3036381006240845
0.30363816022872925
0.3036380708217621
0.30363819003105164
0.30363819003105164
0.30363813042640686
0.3036381006240845
0.30363813042640686
0.3036387860774994
0.3036379814147949
0.3036380112171173
0.30363839864730835
0.30363860726356506
0.30363795161247253
0.30363786220550537
0.303637832403183
0.30363813042640686
0.3036379814147949
0.30363792181015015
0.3036381006240845
0.3036377727985382
0.30363768339157104
