0.5328218936920166
0.44643616676330566
0.41753941774368286
0.40199750661849976
0.3918859660625458
0.38600683212280273
0.3822678029537201
0.3796681761741638
0.3774508237838745
0.37723830342292786
0.3744732737541199
0.37290501594543457
0.37114226818084717
0.37006843090057373
0.3684902787208557
0.3664851188659668
0.3654768466949463
0.36322030425071716
0.3620419204235077
0.35947099328041077
0.3589535653591156
0.35757121443748474
0.3557372987270355
0.35669323801994324
0.35405442118644714
0.35100382566452026
0.3498714566230774
0.34804782271385193
0.3460201919078827
0.345773845911026
0.34356996417045593
0.34226322174072266
0.34114447236061096
0.33774515986442566
0.33669573068618774
0.33242884278297424
0.33429470658302307
0.33361557126045227
0.3308604955673218
0.3263930380344391
0.32331568002700806
0.3213732838630676
0.3194187879562378
0.3159021735191345
0.31815406680107117
0.3138236105442047
0.3101233243942261
0.3062889873981476
0.3100593686103821
0.30500251054763794
0.3023078441619873
0.2999517321586609
0.30533355474472046
0.29917070269584656
0.29619550704956055
0.29297366738319397
0.28866124153137207
0.2859843075275421
0.2851244807243347
0.28637900948524475
0.28157517313957214
0.2810989320278168
0.27600836753845215
0.2712879478931427
0.2700587809085846
0.2715175747871399
0.2732868492603302
0.26500654220581055
0.2641248404979706
0.2611762583255768
0.2603952884674072
0.26161056756973267
0.2593834698200226
0.2519306242465973
0.24917416274547577
0.251537948846817
0.24573229253292084
0.2410200983285904
0.24878259003162384
0.24270246922969818
0.24002982676029205
0.23829510807991028
0.23301973938941956
0.2353915125131607
0.23453769087791443
0.23386000096797943
0.22534604370594025
0.22737357020378113
0.2217903882265091
0.2285057157278061
0.22442476451396942
0.21475954353809357
0.21664635837078094
0.21953518688678741
0.21449357271194458
0.2120966762304306
0.21686121821403503
0.20919623970985413
0.2059190571308136
0.2064490169286728
0.20127227902412415
0.19306375086307526
0.19307953119277954
0.19542744755744934
0.19227972626686096
0.19297105073928833
0.19193586707115173
0.19374620914459229
0.1832432895898819
0.1966143697500229
0.18702465295791626
0.18862098455429077
0.1702251136302948
0.16539159417152405
0.16383342444896698
0.1675354391336441
0.16834141314029694
0.15986107289791107
0.15977956354618073
0.15919454395771027
0.15700535476207733
0.1556611955165863
0.15481309592723846
0.1541111320257187
0.15333636105060577
0.15006715059280396
0.14760208129882812
0.15193676948547363
0.14855965971946716
0.14804218709468842
0.14795862138271332
0.14903704822063446
0.14720074832439423
0.14608795940876007
0.14734265208244324
0.15087883174419403
0.1415250450372696
0.13932183384895325
0.13818956911563873
0.13742108643054962
0.1357593536376953
0.13276341557502747
0.1336672455072403
0.137144073843956
0.13521167635917664
0.1378699392080307
0.13444557785987854
0.1334945112466812
0.12808413803577423
0.1279480755329132
0.12625718116760254
0.12506672739982605
0.1260264366865158
0.1249815821647644
0.12534086406230927
0.1225995346903801
0.12034593522548676
0.11784254014492035
0.11921841651201248
0.11928550153970718
0.12380527704954147
0.12091123312711716
0.11841225624084473
0.12039804458618164
0.11932108551263809
0.11310838907957077
0.11311258375644684
0.11167792230844498
0.1135580837726593
0.11216529458761215
0.10941698402166367
0.11054718494415283
0.1100856363773346
0.1104821190237999
0.10844535380601883
0.1047343909740448
0.10422176867723465
0.10310535132884979
0.10968733578920364
0.10697060078382492
0.10505785048007965
0.10331005603075027
0.09965525567531586
0.10042973607778549
0.09895674139261246
0.09754938632249832
0.0970287173986435
0.09702999889850616
0.100828155875206
0.10586376488208771
0.10384871065616608
0.09708724170923233
0.0997946634888649
0.10164087265729904
0.09511061012744904
0.0920725166797638
0.09124352782964706
0.08965830504894257
0.08959758281707764
0.0895409882068634
0.09122229367494583
0.09137648344039917
0.08870451152324677
0.09131252020597458
0.08923991024494171
0.08748645335435867
0.09090778976678848
0.08659433573484421
0.09368737041950226
0.08652537316083908
0.08543822169303894
0.08527014404535294
0.08227959275245667
0.08072631806135178
0.07979095727205276
0.07839208096265793
0.08000211417675018
0.07890038937330246
0.0800938606262207
0.07797525078058243
0.07813447713851929
0.07991492003202438
0.08550338447093964
0.07936558127403259
0.07843738794326782
0.07655856013298035
0.07600174099206924
0.07621210068464279
0.07513784617185593
0.07568055391311646
0.07559442520141602
0.07527538388967514
0.07474418729543686
0.07461538165807724
0.07717715948820114
0.07413002103567123
0.07462148368358612
0.07356154173612595
0.07441339641809464
0.07497363537549973
0.07626860588788986
0.07360661029815674
0.0727345198392868
0.07341446727514267
0.07269567996263504
0.07353667169809341
0.07240138202905655
0.07185428589582443
0.0717126652598381
0.07115356624126434
0.07243652641773224
0.07163482904434204
0.07063420116901398
0.0705781951546669
0.0710214227437973
0.07130413502454758
0.06954675912857056
0.07184657454490662
0.06915517151355743
0.07003658264875412
0.06968344002962112
0.06854931265115738
0.06938823312520981
0.0687817856669426
0.06947967410087585
0.0696997344493866
0.06808177381753922
0.07071640342473984
0.0687582716345787
0.07014283537864685
0.06836877763271332
0.06950212270021439
0.0677492767572403
0.06659108400344849
0.06703165173530579
0.06623731553554535
0.06528866291046143
0.06597650051116943
0.06547225266695023
0.06778667122125626
0.06693032383918762
0.06603966653347015
0.06541299819946289
0.06647301465272903
0.06536620110273361
0.07040956616401672
0.06822279095649719
0.06440746784210205
0.06631098687648773
0.06570257991552353
0.06286948919296265
0.06285741180181503
0.06438904255628586
0.06305975466966629
0.06337051838636398
0.06325926631689072
0.06103646010160446
0.06442523747682571
0.06081276014447212
0.05992252752184868
0.06129050627350807
0.061788298189640045
0.061083756387233734
0.06026889383792877
0.05939485877752304
0.05951743200421333
0.06093964725732803
0.06130155175924301
0.059903036803007126
0.060245878994464874
0.058660656213760376
0.05869770422577858
0.057828959077596664
0.05645330995321274
0.05630403757095337
0.05632120743393898
0.056075893342494965
0.056122712790966034
0.05614827573299408
0.056057099252939224
0.05558216571807861
0.0560302734375
0.055968038737773895
0.055250588804483414
0.056042980402708054
0.0550234317779541
0.05473647266626358
0.05505150184035301
0.05517968535423279
0.054380565881729126
0.05382318049669266
0.05443452298641205
0.05393800884485245
0.05493022873997688
0.05427081882953644
0.054017674177885056
0.05411544814705849
0.05356826260685921
0.054350972175598145
0.05370252579450607
0.053502701222896576
0.05346688628196716
0.05324557423591614
0.05340808257460594
0.053127221763134
0.05330418422818184
0.05275879427790642
0.05433470383286476
0.05407778546214104
0.05337244272232056
0.05392078682780266
0.05278312414884567
0.05319034308195114
0.053612858057022095
0.05259084701538086
0.05248569697141647
0.05237830430269241
0.05255718156695366
0.05224000662565231
0.05225803330540657
0.05226638540625572
0.052453212440013885
0.05166560038924217
0.051987674087285995
0.05133643001317978
0.052382443100214005
0.051834508776664734
0.051486484706401825
0.052196793258190155
0.050958435982465744
0.052764467895030975
0.051577020436525345
0.05163305997848511
0.051589734852313995
0.05122486129403114
0.05086533725261688
0.05186058580875397
0.05074009671807289
0.05100373178720474
0.051360707730054855
0.050903044641017914
0.050489041954278946
0.0505630262196064
0.05086944252252579
0.0506712980568409
0.05052390694618225
0.050971485674381256
0.05006759986281395
0.05000566318631172
0.050461478531360626
0.05094960704445839
0.050526391714811325
0.05028427019715309
0.050264399498701096
0.04998261108994484
0.049719300121068954
0.05023271217942238
0.05115410313010216
0.050637152045965195
0.050407059490680695
0.051236554980278015
0.0504390224814415
0.04896208643913269
0.04928118363022804
0.0495564341545105
0.048949360847473145
0.04994310066103935
0.04870325326919556
0.048717349767684937
0.04962192103266716
0.049400754272937775
0.04863567277789116
0.04814378172159195
0.04745880886912346
0.047147493809461594
0.04777602106332779
0.047640394419431686
0.04710552841424942
0.04724917560815811
0.04729063808917999
0.04699133336544037
0.04701828956604004
0.0473792664706707
0.04675478860735893
0.04681892320513725
0.04665429890155792
0.047227874398231506
0.04688248038291931
0.04674101993441582
0.04669661819934845
0.0471043735742569
0.04680177569389343
0.04679645225405693
0.046715013682842255
0.0462883822619915
0.04646776616573334
0.04636567085981369
0.04672244191169739
0.04650229215621948
0.04631603881716728
0.04616443067789078
0.046138983219861984
0.04625106230378151
0.04646975174546242
0.046811435371637344
0.04593352973461151
0.045926086604595184
0.04586418718099594
0.046029724180698395
0.045935988426208496
0.04594286158680916
0.045565392822027206
0.045696940273046494
0.04560262709856033
0.04603688791394234
0.046160027384757996
0.045987531542778015
0.045710425823926926
0.045707348734140396
0.045496389269828796
0.04533147066831589
0.04516611993312836
0.04594436287879944
0.045527152717113495
0.0454188771545887
0.045687343925237656
0.04563751071691513
0.04580889269709587
0.044928330928087234
0.04524530470371246
0.04520508274435997
0.04477725923061371
0.044847261160612106
0.045159243047237396
0.044588491320610046
0.04482925683259964
0.04451910778880119
0.04477815702557564
0.044383179396390915
0.04456526041030884
0.04435193911194801
0.043984297662973404
0.0440838597714901
0.04399920627474785
0.0439113974571228
0.043955933302640915
0.04392407089471817
0.04390336573123932
0.044067226350307465
0.04376666992902756
0.04377549886703491
0.0435296893119812
0.043751854449510574
0.04352696239948273
0.043420832604169846
0.04363961145281792
0.0436137430369854
0.04360095039010048
0.04369792342185974
0.04336364194750786
0.04344635456800461
0.043431706726551056
0.04345202445983887
0.04316794127225876
0.043246686458587646
0.043231140822172165
0.043273769319057465
0.04310736432671547
0.04284975677728653
0.04285871610045433
0.04368951544165611
0.04299285262823105
0.042544249445199966
0.04265054315328598
0.042459506541490555
0.04235609248280525
0.042343493551015854
0.04234696179628372
0.04248490929603577
0.04235405474901199
0.0421999916434288
0.042443811893463135
0.042459774762392044
0.042235519737005234
0.042226940393447876
0.042156871408224106
0.04213407635688782
0.04218098148703575
0.04208170250058174
0.042088139802217484
0.042098406702280045
0.04226697236299515
0.0421949066221714
0.04212599992752075
0.042078349739313126
0.04201149567961693
0.0419350303709507
0.042092885822057724
0.042217373847961426
0.04201840981841087
0.04196258261799812
0.04194546118378639
0.04209868609905243
0.041980065405368805
0.04192670062184334
0.04203781113028526
0.04175695404410362
0.04163616895675659
0.04158288612961769
0.04146057739853859
0.04151639714837074
0.041373055428266525
0.041295845061540604
0.0412408672273159
0.04134406894445419
0.0412188358604908
0.041254960000514984
0.041169870644807816
0.04097309336066246
0.04102892056107521
0.041180599480867386
0.04095197841525078
0.04094013571739197
0.04091117903590202
0.04091595113277435
0.04087414965033531
0.04088490083813667
0.04069782793521881
0.040869735181331635
0.04067286103963852
0.04066210985183716
0.040842246264219284
0.040654558688402176
0.040562473237514496
0.040564145892858505
0.04065888747572899
0.04054700583219528
0.040675073862075806
0.040614884346723557
0.040545910596847534
0.04036405310034752
0.040374506264925
0.04040999710559845
0.04044163599610329
0.04024682193994522
0.040358711034059525
0.040272798389196396
0.040158648043870926
0.04023369029164314
0.04005799815058708
0.04001334682106972
0.03991842269897461
0.040043484419584274
0.04018789902329445
0.03999332711100578
0.03960763290524483
0.03955267369747162
0.039532620459795
0.039522603154182434
0.039440304040908813
0.039343979209661484
0.03932835906744003
0.039261020720005035
0.039304621517658234
0.03930867835879326
0.039351727813482285
0.03922063857316971
0.039157431572675705
0.03915208950638771
0.039215557277202606
0.03925323486328125
0.03923697769641876
0.038799695670604706
0.03880699723958969
0.03884332627058029
0.038784053176641464
0.03877386078238487
0.03873765841126442
0.03876281902194023
0.03870747610926628
0.03867544233798981
0.03876914829015732
0.03870854899287224
0.038640934973955154
0.03859938308596611
0.038633815944194794
0.03864215686917305
0.03866094723343849
0.03861106559634209
0.03861289098858833
0.0385810062289238
0.03863418474793434
0.038577303290367126
0.03856567665934563
0.038635626435279846
0.03863890841603279
0.03851429745554924
0.0385403148829937
0.038491781800985336
0.038470856845378876
0.03848616033792496
0.03847477585077286
0.03853288292884827
0.03847067803144455
0.03842136636376381
0.0383630208671093
0.03844226896762848
0.038479357957839966
0.03835412859916687
0.03835604712367058
0.03835858032107353
0.03836370259523392
0.038316164165735245
0.03833726793527603
0.038324352353811264
0.038312576711177826
0.03832598775625229
0.03826878219842911
0.03832680359482765
0.03830985724925995
0.03825610876083374
0.038285378366708755
0.03825681284070015
0.03821774944663048
0.03825967386364937
0.038269199430942535
0.03817043825984001
0.03816280514001846
0.0381452701985836
0.03814967721700668
0.038207489997148514
0.03820915147662163
0.03815682977437973
0.03817367181181908
0.038114797323942184
0.038097675889730453
0.0380837544798851
0.03807085379958153
0.03811460733413696
0.03806046023964882
0.038105424493551254
0.03803534433245659
0.03798511624336243
0.038036465644836426
0.037995852530002594
0.03804726153612137
0.038000937551259995
0.03796000778675079
0.037932366132736206
0.03801438957452774
0.03800693526864052
0.03790263459086418
0.037960901856422424
0.03794502839446068
0.03793317824602127
0.037900663912296295
0.03791085258126259
0.03790532425045967
0.03790979087352753
0.03784522786736488
0.03788243979215622
0.03788093477487564
0.037846364080905914
0.037788257002830505
0.0378003790974617
0.03781205415725708
0.037861116230487823
0.03779136762022972
0.03771005570888519
0.03774569183588028
0.03777862340211868
0.03769364207983017
0.037665676325559616
0.03765488043427467
0.037614841014146805
0.03763504698872566
0.03762532025575638
0.037604477256536484
0.03761078789830208
0.03761811554431915
0.03756377846002579
0.03758182004094124
0.03757521137595177
0.03758591040968895
0.037592317909002304
0.03757186979055405
0.03757422789931297
0.037551991641521454
0.03758864849805832
0.03756996989250183
0.03760356456041336
0.03753138706088066
0.037557441741228104
0.03752772882580757
0.03753642737865448
0.03749501705169678
0.03752889856696129
0.03755559027194977
0.037501391023397446
0.037558939307928085
0.037497397512197495
0.037532005459070206
0.0375150665640831
0.037498753517866135
0.0374990738928318
0.03747468814253807
0.03752386197447777
0.03745526447892189
0.037432193756103516
0.0374707467854023
0.037443745881319046
0.037477266043424606
0.037440914660692215
0.03743183612823486
0.0374300591647625
0.03744972497224808
0.03743661567568779
0.037449609488248825
0.037425149232149124
0.037412066012620926
0.03741368651390076
0.037398964166641235
0.03741244226694107
0.03742961212992668
0.03736594319343567
0.03741567209362984
0.03741548955440521
0.03737792372703552
0.03736745938658714
0.037357233464717865
0.03736721724271774
0.03736071661114693
0.03734643757343292
0.037355706095695496
0.03732116520404816
0.03734142333269119
0.03732253983616829
0.03731009364128113
0.03735112026333809
0.037330422550439835
0.037303123623132706
0.03733549267053604
0.03733514994382858
0.03728342056274414
0.03729679062962532
0.037277285009622574
0.037310369312763214
0.037290431559085846
0.037293512374162674
0.03728433698415756
0.03728117793798447
0.03730309382081032
0.037270378321409225
0.03723730146884918
0.037216730415821075
0.03724279999732971
0.03725672513246536
0.0372147373855114
0.0372372567653656
0.037207309156656265
0.03722398728132248
0.03720879182219505
0.03722533583641052
0.03719059005379677
0.03717238828539848
0.0372074656188488
0.037185437977313995
0.037158310413360596
0.03717086836695671
0.0371878519654274
0.03715956583619118
0.03716083988547325
0.037129078060388565
0.037137001752853394
0.037129633128643036
0.037114933133125305
0.03709886968135834
0.03710080683231354
0.037092991173267365
0.03710903227329254
0.03709809109568596
0.03709475323557854
0.037074483931064606
0.03709062561392784
0.0370723232626915
0.037079401314258575
0.03708042949438095
0.03711431473493576
0.037086158990859985
0.037080854177474976
0.0370931476354599
0.03706391155719757
0.03707636520266533
0.037113141268491745
0.03707077354192734
0.03705262020230293
0.03709738701581955
0.03706352412700653
0.0370497964322567
0.037052031606435776
0.037067659199237823
0.03703141212463379
0.037038110196590424
0.03704943135380745
0.03704517334699631
0.03703748807311058
0.037024326622486115
0.03702927008271217
0.037038590759038925
0.03703104332089424
0.037031274288892746
0.03703707084059715
0.037017881870269775
0.03705396130681038
0.037019871175289154
0.0370207354426384
0.03700701892375946
0.037008535116910934
0.03699919581413269
0.03699861466884613
0.0370132252573967
0.03704305365681648
0.036997076123952866
0.03698527067899704
0.037004660815000534
0.03698712959885597
0.03698025271296501
0.03698454797267914
0.03697549179196358
0.03697645291686058
0.0369696281850338
0.036980435252189636
0.036968763917684555
0.03697137534618378
0.036970630288124084
0.03696272894740105
0.03696563467383385
0.03697142004966736
0.03695828095078468
0.0369446724653244
0.036950476467609406
0.03695398196578026
0.037011124193668365
0.03697052597999573
0.03695160895586014
0.036929260939359665
0.0369357168674469
0.036946170032024384
0.03693244233727455
0.036933932453393936
0.036935076117515564
0.03692066669464111
0.03694576770067215
0.036904267966747284
0.036938585340976715
0.03691598027944565
0.036917880177497864
0.03692677617073059
0.036910638213157654
0.03691185638308525
0.03691147640347481
0.03690728917717934
0.03690529242157936
0.036899760365486145
0.03690778464078903
0.03689590469002724
0.03691023215651512
0.03689854219555855
0.03688621148467064
0.03691180795431137
0.0368930846452713
0.036897655576467514
0.03686828538775444
0.03685694932937622
0.03685683012008667
0.036853279918432236
0.03685176745057106
0.036859024316072464
0.0368521586060524
0.03685079887509346
0.036847151815891266
0.036846984177827835
0.036848243325948715
0.03685658797621727
0.03685091435909271
0.03683555871248245
0.036848586052656174
0.03684304654598236
0.03683789074420929
0.03684459999203682
0.03683651238679886
0.03683523088693619
0.03684117645025253
0.03683624416589737
0.03682810068130493
0.03684265539050102
0.03682830557227135
0.03682932257652283
0.03683435916900635
0.03682471439242363
0.036820050328969955
0.03682977706193924
0.036824487149715424
0.03681893274188042
0.0368192233145237
0.03682311624288559
0.036826398223638535
0.03682415559887886
0.03682199493050575
0.03681723028421402
0.036815937608480453
0.03681744262576103
0.0368151031434536
0.036809809505939484
0.036808233708143234
0.036808259785175323
0.0368085652589798
0.03680546581745148
0.036807771772146225
0.036810193210840225
0.036818865686655045
0.03680673614144325
0.03680882230401039
0.03680384159088135
0.036797039210796356
0.036803629249334335
0.036793094128370285
0.03679317608475685
0.03679236024618149
0.036785367876291275
0.03679676353931427
0.03679792955517769
0.036784589290618896
0.036788273602724075
0.036785371601581573
0.03678588941693306
0.036785826086997986
0.036781176924705505
0.03678320720791817
0.03678665682673454
0.03678906336426735
0.03677816316485405
0.036786578595638275
0.036787353456020355
0.03677833452820778
0.036777663975954056
0.03676828742027283
0.036780208349227905
0.03677070885896683
0.03676745668053627
0.03676890581846237
0.03676915913820267
0.03677283599972725
0.03676619008183479
0.0367666631937027
0.03676867485046387
0.036765534430742264
0.03676319122314453
0.03676218539476395
0.036764949560165405
0.03676185756921768
0.03676176816225052
0.03676489368081093
0.03676090016961098
0.03675586357712746
0.03675084933638573
0.036746103316545486
0.03675255924463272
0.036753296852111816
0.036751098930835724
0.036744579672813416
0.03674635663628578
0.036737676709890366
0.03673596307635307
0.0367312990128994
0.03673288971185684
0.03673188015818596
0.036728233098983765
0.036727216094732285
0.0367296002805233
0.03672723099589348
0.0367262102663517
0.03672807291150093
0.03672708198428154
0.03672834485769272
0.036726564168930054
0.036729197949171066
0.03672754764556885
0.03672463446855545
0.036729998886585236
0.036724355071783066
0.03672495856881142
0.03672344610095024
0.03672134131193161
0.036722052842378616
0.03672626614570618
0.03671981394290924
0.03671595826745033
0.03671978786587715
0.036717452108860016
0.036716390401124954
0.03671469911932945
0.03671727329492569
0.036715392023324966
0.03671276941895485
0.036716993898153305
0.036710578948259354
0.036718931049108505
0.03670956939458847
0.036711398512125015
0.03670847788453102
0.03670717030763626
0.03671319782733917
0.036708008497953415
0.036708928644657135
0.03671449050307274
0.03670695796608925
0.03670548275113106
0.03670840710401535
0.03670842573046684
0.03670579195022583
0.03670544549822807
0.03670371696352959
0.036701276898384094
0.03670351952314377
0.03670181334018707
0.03670653700828552
0.03670205920934677
0.036708638072013855
0.03670614957809448
0.03670273348689079
0.03669808804988861
0.036699917167425156
0.03669888153672218
0.0366990752518177
0.03669970855116844
0.03669922798871994
0.036696214228868484
0.03669413551688194
0.03669537603855133
0.0366947166621685
0.03669652342796326
0.03669096156954765
0.036691974848508835
0.0366896390914917
0.036691516637802124
0.0366944894194603
0.03669033944606781
0.03669140487909317
0.03668777644634247
0.036686744540929794
0.036688461899757385
0.03668730705976486
0.036691147834062576
0.036684490740299225
0.03669038787484169
0.036685314029455185
0.036685410887002945
0.03668723255395889
0.03668549284338951
0.03668166324496269
0.03668173775076866
0.036685846745967865
0.036686502397060394
0.03667961806058884
0.036682162433862686
0.03668450936675072
0.03668108582496643
0.036677319556474686
0.03667974844574928
0.036679450422525406
0.03667686507105827
0.03667309507727623
0.0366719588637352
0.03666948899626732
0.03667070344090462
0.036669205874204636
0.03666901960968971
0.036668770015239716
0.036668747663497925
0.03666767105460167
0.036669857800006866
0.03666886314749718
0.036669082939624786
0.0366683267056942
0.03667052835226059
0.03666653111577034
0.03666634485125542
0.03666660562157631
0.03666677698493004
0.03666441887617111
0.03666575253009796
0.03666685149073601
0.036665864288806915
0.03666543588042259
0.03666505962610245
0.03666437789797783
0.03666696697473526
0.03666306659579277
0.03666437044739723
0.03666529059410095
0.036661986261606216
0.03666357696056366
0.03666305914521217
0.036660335958004
0.03666151314973831
0.03666071221232414
0.03665987774729729
0.036661699414253235
0.036662474274635315
0.036664485931396484
0.03665780648589134
0.03666052967309952
0.0366613045334816
0.036659739911556244
0.03666149824857712
0.03666128218173981
0.03665740787982941
0.03665883466601372
0.036659516394138336
0.0366600938141346
0.0366559699177742
0.03665592893958092
0.036658935248851776
0.036655351519584656
0.03665677458047867
0.03665648028254509
0.03665480762720108
0.036655474454164505
0.03665296733379364
0.036654431372880936
0.03665292635560036
0.036653876304626465
0.03665609285235405
0.03665444254875183
0.03665199503302574
0.03665400668978691
0.036653995513916016
0.036653801798820496
0.036655355244874954
0.036652401089668274
0.036650724709033966
0.03665319085121155
0.03665328770875931
0.03665141761302948
0.03665246441960335
0.036649253219366074
0.03665095567703247
0.0366503931581974
0.03664780035614967
0.03664904460310936
0.03665117174386978
0.03664820268750191
0.03664938360452652
0.03664897009730339
0.03664853796362877
0.03664923086762428
0.036646440625190735
0.03664857894182205
0.03664965555071831
0.03664601594209671
0.036646537482738495
0.036646272987127304
0.03664450719952583
0.03664524853229523
0.03664472699165344
0.03664590045809746
0.03664528951048851
0.0366472452878952
0.03664388507604599
0.036643292754888535
0.03664258122444153
0.03664079308509827
0.036641381680965424
0.0366407185792923
0.03664005547761917
0.03663941100239754
0.03663983196020126
0.036640066653490067
0.036640193313360214
0.03663953021168709
0.03663916885852814
0.03663850203156471
0.03663871809840202
0.03663821518421173
0.036637451499700546
0.03663812577724457
0.036637336015701294
0.03663784638047218
0.036637675017118454
0.03663749247789383
0.036637112498283386
0.036637142300605774
0.03663775697350502
0.03663672134280205
0.0366370752453804
0.036636997014284134
0.03663643077015877
0.036637213081121445
0.03663644567131996
0.03663565590977669
0.03663598373532295
0.03663697466254234
0.03663726523518562
0.036635834723711014
0.036635659635066986
0.03663456067442894
0.036636125296354294
0.03663580119609833
0.03663530945777893
0.03663478046655655
0.036634411662817
0.03663473203778267
0.03663453459739685
0.03663565590977669
0.03663448244333267
0.03663582354784012
0.03663425147533417
0.03663420304656029
0.03663367033004761
0.03663258999586105
0.03663191199302673
0.03663232922554016
0.03663279116153717
0.036632124334573746
0.0366339348256588
0.036632247269153595
0.036631640046834946
0.03663228452205658
0.03663215786218643
0.03663221001625061
0.03663183003664017
0.03663225844502449
0.036631226539611816
0.0366322323679924
0.03663025051355362
0.036630790680646896
0.03663055598735809
0.036630209535360336
0.03663064166903496
0.036629922688007355
0.03663000091910362
0.03663090616464615
0.03662966191768646
0.03663016855716705
0.036629568785429
0.036630481481552124
0.03662971407175064
0.03662976995110512
0.03662891685962677
0.03662955015897751
0.03662845864892006
0.03662842512130737
0.03662756830453873
0.03662785887718201
0.03662804141640663
0.03662876412272453
0.03662785142660141
0.036627981811761856
0.036627620458602905
0.036629389971494675
0.036627765744924545
0.03662713244557381
0.03662693127989769
0.03662719577550888
0.036625951528549194
0.03662616387009621
0.036626365035772324
0.03662614896893501
0.036625754088163376
0.03662565350532532
0.03662577643990517
0.03662445768713951
0.036624226719141006
0.0366242416203022
0.03662440553307533
0.036624662578105927
0.036623723804950714
0.03662392497062683
0.03662373125553131
0.03662354126572609
0.03662402182817459
0.036623552441596985
0.03662339597940445
0.03662370517849922
0.036623504012823105
0.03662371262907982
0.036623574793338776
0.036623477935791016
0.036623548716306686
0.03662334755063057
0.036623235791921616
0.03662319481372833
0.03662294149398804
0.036623019725084305
0.036622971296310425
0.036622874438762665
0.03662294149398804
0.036623116582632065
0.03662268817424774
0.036622364073991776
0.0366225391626358
0.03662266954779625
0.03662240132689476
0.036622919142246246
0.03662240877747536
0.036622390151023865
0.03662249445915222
0.03662293031811714
0.036621883511543274
0.036622293293476105
0.03662298247218132
0.03662258759140968
0.036622095853090286
0.036622557789087296
0.036622125655412674
0.036622099578380585
0.036621615290641785
0.03662147745490074
0.036621615290641785
0.036621447652578354
0.03662170469760895
0.03662091866135597
0.036621320992708206
0.03662135452032089
0.03662147745490074
0.0366215780377388
0.03662090376019478
0.03662137687206268
0.03662068769335747
0.03662116080522537
0.0366213321685791
0.03662065044045448
0.03662044182419777
0.03662114962935448
0.03662072494626045
0.036621175706386566
0.03662065416574478
0.03662088140845299
0.03662048652768135
0.03662053868174553
0.036621011793613434
0.03662031516432762
0.03662043437361717
0.036620527505874634
0.0366201251745224
0.03662047162652016
0.03662003204226494
0.03662000223994255
0.036619704216718674
0.03661980479955673
0.03662049025297165
0.036619801074266434
0.03662018105387688
0.036620061844587326
0.036620281636714935
0.036620285362005234
0.03661956638097763
0.03662031888961792
0.03661924973130226
0.0366191603243351
0.03661908209323883
0.036619458347558975
0.036618635058403015
0.036619242280721664
0.03661910817027092
0.03662025183439255
0.036619145423173904
0.03661935403943062
0.03661845251917839
0.036619316786527634
0.03661840781569481
0.0366189144551754
0.036619096994400024
0.036617934703826904
0.03661811724305153
0.036618221551179886
0.036617886275053024
0.03661806508898735
0.03661816939711571
0.03661801293492317
0.03661779314279556
0.03661767393350601
0.03661815822124481
0.03661766275763512
0.0366179533302784
0.03661805018782616
0.0366179384291172
0.03661775588989258
0.03661780431866646
0.03661777824163437
0.036617327481508255
0.03661823645234108
0.03661782294511795
0.0366174578666687
0.03661743551492691
0.03661708906292915
0.03661729395389557
0.03661750629544258
0.03661692142486572
0.036617401987314224
0.03661736100912094
0.036617062985897064
0.0366169773042202
0.03661685436964035
0.03661717474460602
0.0366169698536396
0.036617252975702286
0.03661685064435005
0.036616578698158264
0.0366169773042202
0.03661654517054558
0.036616578698158264
0.036616574972867966
0.036616627126932144
0.03661646693944931
0.036616649478673935
0.03661608323454857
0.036616235971450806
0.03661604970693588
0.03661631792783737
0.03661651909351349
0.03661593422293663
0.03661626949906349
0.03661610931158066
0.03661582991480827
0.036615777760744095
0.03661685436964035
0.03661621734499931
0.03661593794822693
0.03661571070551872
0.03661583364009857
0.03661603480577469
0.036615606397390366
0.036615438759326935
0.036615584045648575
0.036615315824747086
0.03661532700061798
0.036615584045648575
0.036615606397390366
0.036615531891584396
0.0366152860224247
0.0366152822971344
0.03661491349339485
0.036615040153265
0.036615218967199326
0.03661510720849037
0.03661473095417023
0.0366152860224247
0.03661496937274933
0.03661472722887993
0.036614611744880676
0.03661484271287918
0.036614906042814255
0.03661484271287918
0.0366147980093956
0.03661472722887993
0.036614563316106796
0.03661469370126724
0.036614324897527695
0.036614254117012024
0.036614395678043365
0.03661457821726799
0.03661404177546501
0.036614447832107544
