0.48662588000297546
0.46827882528305054
0.45447126030921936
0.4442063271999359
0.4360577464103699
0.4292556345462799
0.4238188564777374
0.4192062318325043
0.41514286398887634
0.41226908564567566
0.4094059467315674
0.40690985321998596
0.405090868473053
0.4031199812889099
0.40145403146743774
0.3999537527561188
0.39884230494499207
0.39772334694862366
0.39661818742752075
0.39573875069618225
0.3948870003223419
0.3943491280078888
0.39327114820480347
0.3927326500415802
0.39200425148010254
0.3916063606739044
0.3911782205104828
0.3904649019241333
0.3905160129070282
0.38967761397361755
0.3890649676322937
0.38865602016448975
0.3887649178504944
0.3877309262752533
0.3875806927680969
0.38730597496032715
0.3873143196105957
0.3866419196128845
0.3864762783050537
0.3859730362892151
0.3857181668281555
0.3854467272758484
0.38526517152786255
0.3851814270019531
0.3845277428627014
0.3844328224658966
0.38413873314857483
0.3839671015739441
0.3837836682796478
0.38366031646728516
0.3834148645401001
0.38329365849494934
0.38281095027923584
0.38279592990875244
0.3824872076511383
0.38239333033561707
0.3821673095226288
0.3818475306034088
0.3817722201347351
0.38154157996177673
0.3811870515346527
0.38127532601356506
0.38101789355278015
0.38089343905448914
0.3806915283203125
0.38062766194343567
0.38019490242004395
0.3800208270549774
0.3799683451652527
0.3798590898513794
0.3795502781867981
0.37929973006248474
0.37929078936576843
0.37929636240005493
0.37891435623168945
0.378936231136322
0.37875449657440186
0.3789951205253601
0.378488153219223
0.37821802496910095
0.37833255529403687
0.3780190646648407
0.37803250551223755
0.37794438004493713
0.3779526650905609
0.3774833679199219
0.377565860748291
0.3773224651813507
0.3774685263633728
0.37735459208488464
0.37720921635627747
0.3773012161254883
0.37693509459495544
0.37705671787261963
0.3768649101257324
0.3767196238040924
0.37667116522789
0.3766735792160034
0.3766106963157654
0.3765547275543213
0.3763625919818878
0.37633949518203735
0.37637045979499817
0.37606850266456604
0.37602561712265015
0.37599730491638184
0.3761081397533417
0.3760705590248108
0.3758431077003479
0.37576818466186523
0.3757662773132324
0.3755939304828644
0.3755871057510376
0.37572646141052246
0.37553897500038147
0.37566670775413513
0.3754356801509857
0.3752228617668152
0.3753032982349396
0.37510567903518677
0.37512004375457764
0.37501615285873413
0.37528449296951294
0.37502479553222656
0.37498939037323
0.374695748090744
0.3748895227909088
0.37447622418403625
0.3744449317455292
0.37472882866859436
0.3744814097881317
0.3744354248046875
0.3743320107460022
0.374148964881897
0.37407222390174866
0.3740398585796356
0.3740292489528656
0.3738722503185272
0.37408530712127686
0.37396401166915894
0.3739076256752014
0.3735954165458679
0.3734683394432068
0.3736298382282257
0.3734096586704254
0.37345564365386963
0.3732060492038727
0.3736645579338074
0.3732827603816986
0.3731831908226013
0.37325552105903625
0.3733324408531189
0.37314683198928833
0.37284091114997864
0.37265744805336
0.37283745408058167
0.3730088770389557
0.37266990542411804
0.3729536533355713
0.37269800901412964
0.37263238430023193
0.37235456705093384
0.37258780002593994
0.3722221255302429
0.3721359372138977
0.37226513028144836
0.3722541332244873
0.3722293972969055
0.372033029794693
0.3721000552177429
0.3719327747821808
0.37181204557418823
0.37179192900657654
0.37167617678642273
0.37166711688041687
0.3717038333415985
0.3717181086540222
0.3716129660606384
0.371711403131485
0.37153783440589905
0.3717283606529236
0.37168997526168823
0.3713200092315674
0.37148037552833557
0.37120601534843445
0.37125688791275024
0.37100064754486084
0.3714844584465027
0.3713149428367615
0.3709048926830292
0.37143298983573914
0.3709990978240967
0.3708547353744507
0.3710186183452606
0.37104952335357666
0.370776891708374
0.3705783486366272
0.3707740008831024
0.370674192905426
0.3705213963985443
0.3705545961856842
0.3704881966114044
0.3703865706920624
0.3703753650188446
0.3706400394439697
0.37038615345954895
0.3702353537082672
0.3702286183834076
0.37031617760658264
0.37021946907043457
0.37018251419067383
0.37002691626548767
0.37010130286216736
0.37014469504356384
0.3700605034828186
0.3699413537979126
0.369916170835495
0.36987656354904175
0.3702843189239502
0.3698381781578064
0.37012165784835815
0.3699258267879486
0.36954623460769653
0.3695390820503235
0.3694441020488739
0.3693000376224518
0.3692983090877533
0.36944490671157837
0.36929991841316223
0.3692941665649414
0.36921703815460205
0.3691369891166687
0.3691539764404297
0.36909231543540955
0.3689289093017578
0.3691293001174927
0.3692912459373474
0.36907127499580383
0.36878347396850586
0.3691430985927582
0.3688867390155792
0.36861762404441833
0.36861371994018555
0.3694281578063965
0.36836278438568115
0.3686846196651459
0.3682900667190552
0.36875981092453003
0.3682188093662262
0.3684222996234894
0.36821267008781433
0.368196964263916
0.3682857155799866
0.3681427240371704
0.3681626617908478
0.3680580258369446
0.36810052394866943
0.3682028353214264
0.3681151568889618
0.3680526316165924
0.3679266571998596
0.3679869771003723
0.36797526478767395
0.36804744601249695
0.3680660128593445
0.3679620027542114
0.36801373958587646
0.36791276931762695
0.3678734302520752
0.3678230941295624
0.36780044436454773
0.36784467101097107
0.3678581714630127
0.3678974211215973
0.3679042160511017
0.3679145574569702
0.36773672699928284
0.36764445900917053
0.36765754222869873
0.3677079379558563
0.36768433451652527
0.36762335896492004
0.3677021265029907
0.36765408515930176
0.36769789457321167
0.3676530420780182
0.3677087128162384
0.3675522804260254
0.36752936244010925
0.36749041080474854
0.36750972270965576
0.3673745393753052
0.36737436056137085
0.36797502636909485
0.3674168288707733
0.3674875795841217
0.3673228323459625
0.3673437237739563
0.36726999282836914
0.36725953221321106
0.36729729175567627
0.36723268032073975
0.36741629242897034
0.3672572374343872
0.36726585030555725
0.367179811000824
0.3673281967639923
0.36710429191589355
0.367342084646225
0.3669993579387665
0.36714833974838257
0.3670480251312256
0.36709773540496826
0.36737868189811707
0.36704298853874207
0.36701127886772156
0.3672328293323517
0.3669469952583313
0.36705443263053894
0.36704379320144653
0.3669659495353699
0.36689090728759766
0.3668500781059265
0.3668518364429474
0.3669196367263794
0.36702239513397217
0.3668067455291748
0.366789311170578
0.3668851852416992
0.36683759093284607
0.36687684059143066
0.3667203187942505
0.3670330345630646
0.3667418956756592
0.36674764752388
0.3667248487472534
0.36675459146499634
0.3666466176509857
0.3668290376663208
0.3666802942752838
0.3666232228279114
0.3666900098323822
0.3666086792945862
0.3665868639945984
0.366536408662796
0.3666155934333801
0.3664225935935974
0.3666072487831116
0.36644646525382996
0.36639976501464844
0.3664036691188812
0.3664056956768036
0.3663921058177948
0.3663381040096283
0.36639541387557983
0.3664003014564514
0.3663991093635559
0.3664718270301819
0.36633867025375366
0.36636531352996826
0.3664329946041107
0.3663260340690613
0.3663598895072937
0.36632201075553894
0.3663104176521301
0.3662985563278198
0.36629146337509155
0.36628293991088867
0.3662532567977905
0.3662627339363098
0.36625513434410095
0.36626821756362915
0.3662606179714203
0.36624830961227417
0.3662378489971161
0.3662838041782379
0.36618760228157043
0.36618781089782715
0.36626431345939636
0.3661912977695465
0.36619994044303894
0.36620357632637024
0.3661968410015106
0.3663024604320526
0.3662102520465851
0.36615413427352905
0.3661574721336365
0.3661079406738281
0.36611565947532654
0.36614009737968445
0.3661630153656006
0.3661763668060303
0.3661269545555115
0.36610373854637146
0.36607488989830017
0.3661511242389679
0.36607956886291504
0.3660951852798462
0.3661646544933319
0.36604732275009155
0.36607086658477783
0.3660593628883362
0.3660692274570465
0.366131991147995
0.36602506041526794
0.3660121560096741
0.36615151166915894
0.36606648564338684
0.36600497364997864
0.3659747242927551
0.36596590280532837
0.3660193681716919
0.3659609854221344
0.3659612536430359
0.36597350239753723
0.36611443758010864
0.36593911051750183
0.36596444249153137
0.3659127354621887
0.36590489745140076
0.36599332094192505
0.36593499779701233
0.36593031883239746
0.36590248346328735
0.3659357726573944
0.3659219741821289
0.3660236895084381
0.3658972978591919
0.3658595383167267
0.36587071418762207
0.3659544289112091
0.36588558554649353
0.3658590018749237
0.3658278286457062
0.365851491689682
0.3658258020877838
0.36582809686660767
0.36578941345214844
0.3658714294433594
0.36576417088508606
0.36579522490501404
0.365858793258667
0.3657982051372528
0.3657790422439575
0.3657725751399994
0.3657507598400116
0.3657223582267761
0.365689218044281
0.36569714546203613
0.36570122838020325
0.36570993065834045
0.36568692326545715
0.3656708598136902
0.36566296219825745
0.3656994700431824
0.365665465593338
0.3656689524650574
0.36569932103157043
0.3656644821166992
0.3657507300376892
0.36564841866493225
0.3656656742095947
0.36565127968788147
0.3656577467918396
0.36565127968788147
0.36566200852394104
0.365645170211792
0.3656369149684906
0.36564022302627563
0.36568954586982727
0.3656189739704132
0.36564773321151733
0.3656260073184967
0.3656306266784668
0.3655901849269867
0.36558371782302856
0.3656303286552429
0.36561769247055054
0.3656100332736969
0.3655906617641449
0.36561721563339233
0.3656077980995178
0.36559686064720154
0.36558568477630615
0.36558517813682556
0.36559179425239563
0.3655536472797394
0.36558884382247925
0.3655679523944855
0.36559590697288513
0.3655511140823364
0.3655594289302826
0.36558374762535095
0.36555373668670654
0.36556318402290344
0.3655562102794647
0.3655361831188202
0.36553511023521423
0.3655751645565033
0.3655654191970825
0.3655613958835602
0.3655222952365875
0.3655247390270233
0.3655034899711609
0.36550289392471313
0.36560574173927307
0.36551669239997864
0.3655098080635071
0.3656160831451416
0.3655010163784027
0.3654802739620209
0.365533709526062
0.3654792606830597
0.3654893636703491
0.36549049615859985
0.3654920160770416
0.3654923737049103
0.36550089716911316
0.3654700517654419
0.36549070477485657
0.36546605825424194
0.36545512080192566
0.36544927954673767
0.3654789626598358
0.3654482066631317
0.36543700098991394
0.36555707454681396
0.365445077419281
0.36546531319618225
0.3654494881629944
0.36546409130096436
0.36544203758239746
0.365438848733902
0.3654155433177948
0.365397185087204
0.3654148578643799
0.3654417395591736
0.36540937423706055
0.3654099106788635
0.3654119372367859
0.36543554067611694
0.3654015064239502
0.3654426336288452
0.36541348695755005
0.3654997944831848
0.36542731523513794
0.365357369184494
0.36536097526550293
0.3653510808944702
0.3653494715690613
0.3653530180454254
0.3653510510921478
0.3653407394886017
0.36534351110458374
0.3653421103954315
0.3653440475463867
0.36535120010375977
0.3653469681739807
0.36536136269569397
0.3653208315372467
0.36533263325691223
0.3653274178504944
0.36534586548805237
0.36535051465034485
0.3653377592563629
0.36533522605895996
0.36532264947891235
0.3653348684310913
0.36532115936279297
0.36534422636032104
0.36531946063041687
0.3653528094291687
0.3653194308280945
0.3653278350830078
0.3653208315372467
0.3653080463409424
0.3653041124343872
0.3653149902820587
0.3653099834918976
0.3653014898300171
0.36531081795692444
0.36530596017837524
0.36531195044517517
0.36530259251594543
0.36529266834259033
0.3652932047843933
0.36530813574790955
0.36530235409736633
0.3653019964694977
0.365304559469223
0.36529380083084106
0.36528894305229187
0.3652818500995636
0.365302175283432
0.36528268456459045
0.365285724401474
0.36527636647224426
0.36527740955352783
0.36528003215789795
0.36530017852783203
0.3653508722782135
0.36528095602989197
0.36527466773986816
0.365278422832489
0.36527544260025024
0.3652624785900116
0.3652873933315277
0.3652641475200653
0.36526620388031006
0.3652583956718445
0.36525726318359375
0.36527326703071594
0.3653235137462616
0.36525073647499084
0.36527058482170105
0.36525461077690125
0.36525264382362366
0.3652431070804596
0.365293025970459
0.36524397134780884
0.3652518391609192
0.36524105072021484
0.36524802446365356
0.3652336597442627
0.3652516007423401
0.3652391731739044
0.365233838558197
0.36524075269699097
0.36522340774536133
0.3652597665786743
0.3652329742908478
0.365227609872818
0.3652248680591583
0.36523470282554626
0.36522725224494934
0.36524951457977295
0.3652457296848297
0.3652263283729553
0.3652288615703583
0.36523985862731934
0.3652127683162689
0.3652277886867523
0.36523550748825073
0.36520761251449585
0.365217387676239
0.3652266263961792
0.3651975691318512
0.3651951551437378
0.3651893138885498
0.36519038677215576
0.36519065499305725
0.3651917576789856
0.3651885986328125
0.365188330411911
0.36520060896873474
0.3651919662952423
0.3651891350746155
0.3651859164237976
0.3651922345161438
0.3651869297027588
0.36518314480781555
0.36517927050590515
0.365183025598526
0.3651874363422394
0.3651878833770752
0.36518168449401855
0.3651871979236603
0.3651818335056305
0.3651765286922455
0.3651878237724304
0.3651887774467468
0.36518019437789917
0.3651726245880127
0.36518141627311707
0.36517128348350525
0.365172415971756
0.3651677966117859
0.36517012119293213
0.36517980694770813
0.3651745617389679
0.365178644657135
0.36516913771629333
0.36517134308815
0.3651691973209381
0.36516866087913513
0.3651646375656128
0.36516690254211426
0.3651689291000366
0.3651672899723053
0.36516180634498596
0.3651772737503052
0.36517295241355896
0.36516085267066956
0.36516082286834717
0.36515653133392334
0.3651553690433502
0.3651633858680725
0.36516422033309937
0.3651554584503174
0.3651594817638397
0.3651578426361084
0.365154504776001
0.36515215039253235
0.3651486337184906
0.36515161395072937
0.36515071988105774
0.3651539087295532
0.36515897512435913
0.365143358707428
0.3651486337184906
0.36514776945114136
0.36514824628829956
0.36515429615974426
0.36514759063720703
0.36514946818351746
0.36515140533447266
0.3651563227176666
0.36514416337013245
0.3651503920555115
0.3651468753814697
0.3651496469974518
0.3651389479637146
0.36514177918434143
0.36514002084732056
0.36514002084732056
0.3651440739631653
0.3651353120803833
0.3651384711265564
0.36515119671821594
0.3651309907436371
0.36513182520866394
0.3651413917541504
0.36515748500823975
0.3651304543018341
0.3651324212551117
0.36512938141822815
0.36512818932533264
0.3651295006275177
0.3651321530342102
0.365127295255661
0.3651256561279297
0.36512282490730286
0.3651301860809326
0.36512425541877747
0.3651301860809326
0.36512136459350586
0.3651145100593567
0.3651130199432373
0.3651127815246582
0.36511215567588806
0.3651202321052551
0.36511605978012085
0.36511412262916565
0.365111380815506
0.36511215567588806
0.36511826515197754
0.36511123180389404
0.36511096358299255
0.36511075496673584
0.36510926485061646
0.3651120066642761
0.3651113212108612
0.3651072680950165
0.3651124835014343
0.3651091158390045
0.36511674523353577
0.3651191294193268
0.36511558294296265
0.36510881781578064
0.3651055693626404
0.36510977149009705
0.36510616540908813
0.36510878801345825
0.36510419845581055
0.3651145398616791
0.36510926485061646
0.36510270833969116
0.36510729789733887
0.3651067316532135
0.3651050329208374
0.3651030361652374
0.36510634422302246
0.36510199308395386
0.3651050925254822
0.3651011884212494
0.3651082217693329
0.3651086688041687
0.3650978207588196
0.36510369181632996
0.3651014268398285
0.36509886384010315
0.3651060163974762
0.36510220170021057
0.36510080099105835
0.36509865522384644
0.36510029435157776
0.36509713530540466
0.36509934067726135
0.365097314119339
0.36509764194488525
0.3650974929332733
0.3650934398174286
0.3651045560836792
0.3650929033756256
0.3650999069213867
0.36509349942207336
0.36509472131729126
0.3650939464569092
0.3650950491428375
0.36509326100349426
0.36509576439857483
0.3650910258293152
0.36509624123573303
0.3650933802127838
0.3650910556316376
0.3650897443294525
0.36508890986442566
0.3650939464569092
0.36509525775909424
0.3650881052017212
0.365089476108551
0.36509034037590027
0.3650891184806824
0.36508992314338684
0.3650856018066406
0.3650883734226227
0.3650844693183899
0.365085631608963
0.36508452892303467
0.36508968472480774
0.3650844097137451
0.36509644985198975
0.36508649587631226
0.3650837242603302
0.365085631608963
0.36508676409721375
0.36508750915527344
0.3650825023651123
0.3650844395160675
0.3650800287723541
0.3650847375392914
0.36508357524871826
0.36508437991142273
0.36507847905158997
0.36508214473724365
0.3650800585746765
0.36507922410964966
0.3650752902030945
0.3650749921798706
0.3650776147842407
0.36507731676101685
0.36507508158683777
0.36507540941238403
0.36507448554039
0.36507731676101685
0.3650755286216736
0.3650769293308258
0.3650738298892975
0.36508166790008545
0.36507290601730347
0.36507466435432434
0.36507415771484375
0.3650730848312378
0.36507365107536316
0.3650730550289154
0.3650733232498169
0.36507371068000793
0.3650711178779602
0.3650740087032318
0.36507266759872437
0.36507320404052734
0.36507225036621094
0.36507371068000793
0.3650705814361572
0.36507168412208557
0.36507436633110046
0.3650723993778229
0.3650722801685333
0.3650735914707184
0.365070641040802
0.3650718331336975
0.36506974697113037
0.36507168412208557
0.36506861448287964
0.3650701344013214
0.36507129669189453
0.36507007479667664
0.36506903171539307
0.36506766080856323
0.3650696575641632
0.36506909132003784
0.3650690019130707
0.3650694191455841
0.36506766080856323
0.36506834626197815
0.3650680184364319
0.36507052183151245
0.36506593227386475
0.3650693893432617
0.3650658428668976
0.3650705814361572
0.36506763100624084
0.36506712436676025
0.3650652766227722
0.36506637930870056
0.3650650084018707
0.36506780982017517
0.3650674521923065
0.3650667369365692
0.3650651276111603
0.36506539583206177
0.36506643891334534
0.3650645315647125
0.365065336227417
0.36506417393684387
0.3650641441345215
0.36506351828575134
0.36506393551826477
0.36506569385528564
0.3650651276111603
0.3650645315647125
0.3650631010532379
0.36506387591362
0.3650641441345215
0.36506253480911255
0.3650627136230469
0.3650623857975006
0.3650616705417633
0.3650617301464081
0.3650628328323364
0.3650633990764618
0.3650604486465454
0.36505985260009766
0.36506155133247375
0.3650612235069275
0.36506322026252747
0.36505988240242004
0.3650610148906708
0.3650597333908081
0.36505934596061707
0.3650608956813812
0.36506009101867676
0.36505934596061707
0.36505958437919617
0.3650631606578827
0.3650614023208618
0.3650566041469574
0.3650566339492798
0.36505773663520813
0.3650568723678589
0.3650567829608917
0.36505573987960815
0.3650572896003723
0.36505618691444397
0.36505675315856934
0.3650568127632141
0.3650555908679962
0.3650554418563843
0.3650556206703186
0.3650563955307007
0.365058034658432
0.3650560975074768
0.36505550146102905
0.3650546669960022
0.3650548756122589
0.3650549054145813
0.36505573987960815
0.3650561273097992
0.36505600810050964
0.36505502462387085
0.3650544583797455
0.3650542199611664
0.3650548756122589
0.36505672335624695
0.36505407094955444
0.3650543987751007
0.36505404114723206
0.3650546669960022
0.3650539517402649
0.36505427956581116
0.3650543987751007
0.3650534749031067
0.36505377292633057
0.365053653717041
0.3650556206703186
0.36505380272865295
0.3650539815425873
0.3650546371936798
0.36505356431007385
0.3650534152984619
0.36505335569381714
0.36505404114723206
0.36505210399627686
0.3650539815425873
0.36505305767059326
0.3650524914264679
0.3650524318218231
0.3650527894496918
0.3650529086589813
0.36505240201950073
0.36505284905433655
0.3650517463684082
0.3650516867637634
0.36505281925201416
0.36505213379859924
0.36505284905433655
0.3650513291358948
0.36505135893821716
0.3650525212287903
0.3650516867637634
0.3650510907173157
0.36505088210105896
0.3650514781475067
0.3650515079498291
0.36505377292633057
0.3650517165660858
0.36505019664764404
0.3650512099266052
0.3650508522987366
0.3650502562522888
0.3650505840778351
0.3650500178337097
0.3650495707988739
0.365050345659256
0.3650496006011963
0.36505064368247986
0.3650503158569336
0.3650495111942291
0.3650493323802948
0.365050345659256
0.36504876613616943
0.3650493919849396
0.3650490343570709
0.36505019664764404
0.36504971981048584
0.3650498688220978
0.3650483191013336
0.36504867672920227
0.3650485873222351
0.36504867672920227
0.36504828929901123
0.36504819989204407
0.3650485575199127
0.3650501072406769
0.36504802107810974
0.36504799127578735
0.3650470972061157
0.3650471568107605
0.365046888589859
0.36504682898521423
0.3650470972061157
0.3650471866130829
0.36504730582237244
0.3650466203689575
0.36504825949668884
0.3650469183921814
0.3650464415550232
0.36504682898521423
0.3650466501712799
0.36504673957824707
0.3650471270084381
0.36504650115966797
0.3650461435317993
0.36504697799682617
0.3650466799736023
0.36504659056663513
0.3650464713573456
0.36504659056663513
0.3650462329387665
0.36504626274108887
0.3650458753108978
0.3650462329387665
0.36504629254341125
0.36504653096199036
0.36504673957824707
0.3650459051132202
0.36504635214805603
0.3650459349155426
0.36504560708999634
0.3650464713573456
0.3650458753108978
0.36504635214805603
0.3650457262992859
0.3650454580783844
0.36504536867141724
0.3650458753108978
0.3650456964969635
0.36504554748535156
0.365045428276062
0.3650455176830292
0.36504483222961426
0.3650452792644501
0.3650452792644501
0.36504504084587097
0.3650452494621277
0.3650455176830292
0.36504513025283813
0.3650449514389038
0.36504489183425903
0.3650452494621277
0.36504462361335754
0.36504480242729187
0.36504480242729187
0.36504480242729187
0.3650449812412262
0.36504465341567993
0.36504510045051575
0.3650452792644501
0.3650449514389038
0.36504486203193665
0.36504459381103516
0.36504480242729187
0.36504441499710083
0.3650442957878113
0.36504435539245605
0.36504432559013367
0.3650445342063904
0.36504387855529785
0.365043967962265
0.36504414677619934
0.3650440573692322
0.3650442659854889
0.36504384875297546
0.3650438189506531
0.3650439977645874
0.3650439381599426
0.36504417657852173
0.365043580532074
0.36504387855529785
0.3650433421134949
0.36504459381103516
0.3650442957878113
0.3650437295436859
0.365043967962265
0.3650432229042053
0.36504343152046204
0.36504340171813965
0.365043967962265
0.3650432229042053
0.3650430142879486
0.36504337191581726
0.3650430738925934
0.3650430142879486
0.365043044090271
0.3650427758693695
0.3650425672531128
0.3650423288345337
0.36504247784614563
0.36504215002059937
0.3650428056716919
0.3650425970554352
0.36504223942756653
0.3650423586368561
0.36504223942756653
0.3650425970554352
0.36504244804382324
0.3650422692298889
0.3650422692298889
0.3650423288345337
0.36504220962524414
0.3650420010089874
0.36504215002059937
0.365042120218277
0.3650420606136322
0.3650423288345337
0.36504197120666504
0.3650418817996979
0.3650420904159546
0.36504197120666504
0.3650425672531128
0.3650418817996979
0.3650418519973755
0.3650418817996979
0.3650418519973755
0.3650417923927307
0.36504197120666504
0.3650417625904083
0.3650417625904083
0.3650417923927307
0.3650420904159546
0.3650415241718292
0.3650418221950531
0.3650416433811188
0.3650420308113098
0.3650415539741516
0.3650417625904083
0.36504173278808594
0.3650415241718292
0.36504173278808594
0.3650417923927307
0.3650417625904083
0.36504146456718445
0.3650415241718292
0.3650413453578949
0.36504146456718445
0.36504119634628296
0.3650413751602173
0.36504167318344116
0.3650416135787964
0.36504122614860535
0.3650413453578949
0.3650411367416382
0.36504122614860535
0.36504122614860535
0.3650413155555725
0.36504122614860535
0.3650410771369934
0.3650411367416382
0.365041047334671
0.3650413453578949
0.365041047334671
0.3650408685207367
0.36504119634628296
0.3650410771369934
0.3650411069393158
0.3650411367416382
0.3650408685207367
0.3650408685207367
0.3650408983230591
0.36504092812538147
0.3650408685207367
0.36504092812538147
0.36504098773002625
0.36504071950912476
0.3650410771369934
0.36504068970680237
0.3650408983230591
0.36504098773002625
0.36504074931144714
0.3650411367416382
0.36504045128822327
0.36504054069519043
0.36504048109054565
0.36504045128822327
0.3650403916835785
0.36504054069519043
0.3650403916835785
0.3650406301021576
0.3650406301021576
0.36504030227661133
0.3650406301021576
0.36504045128822327
0.36504024267196655
0.3650404214859009
0.36504027247428894
0.3650401830673218
0.365040123462677
0.36504000425338745
0.3650401532649994
0.36503997445106506
0.3650399446487427
0.36503997445106506
0.36504003405570984
0.3650399446487427
0.3650399446487427
0.36504000425338745
0.3650399446487427
0.36504003405570984
0.36504000425338745
0.3650399148464203
0.3650398254394531
0.3650399148464203
0.36503979563713074
0.36503979563713074
0.36503979563713074
0.3650398850440979
0.3650398254394531
0.3650398254394531
0.3650398254394531
0.36503979563713074
0.3650397062301636
0.3650398850440979
0.3650396168231964
0.3650396764278412
0.3650396168231964
0.36503976583480835
0.36503979563713074
0.36503973603248596
0.3650397062301636
0.36503973603248596
0.36503955721855164
0.3650396764278412
0.3650396764278412
0.365039587020874
0.36503952741622925
0.36503952741622925
0.36503952741622925
0.36503979563713074
0.3650396764278412
0.365039587020874
0.3650398254394531
0.36503973603248596
0.36503955721855164
0.365039587020874
0.3650394678115845
0.3650394678115845
0.3650396764278412
0.3650393784046173
0.3650394380092621
0.36503949761390686
0.36503952741622925
0.36503952741622925
0.36503952741622925
0.36503952741622925
0.36503949761390686
0.3650393784046173
0.3650394380092621
0.36503952741622925
0.3650393486022949
0.3650393784046173
0.36503928899765015
0.3650394678115845
0.36503925919532776
0.3650393486022949
0.36503925919532776
0.36503925919532776
0.365039199590683
0.3650393486022949
0.36503928899765015
0.3650393784046173
0.365039199590683
0.3650393784046173
0.36503925919532776
0.3650391399860382
0.36503928899765015
0.36503931879997253
0.3650391399860382
0.3650393486022949
0.3650391399860382
0.36503908038139343
0.3650391101837158
0.36503905057907104
0.36503905057907104
0.36503905057907104
0.36503908038139343
0.36503905057907104
0.36503905057907104
0.36503899097442627
0.3650391101837158
0.36503899097442627
0.36503899097442627
0.3650391399860382
0.36503902077674866
0.36503905057907104
0.3650389313697815
0.36503905057907104
0.36503884196281433
0.36503884196281433
0.36503875255584717
0.3650389015674591
0.3650386929512024
0.3650389015674591
0.36503881216049194
0.36503878235816956
0.36503884196281433
0.3650388717651367
0.3650388717651367
0.36503878235816956
0.36503878235816956
0.36503875255584717
0.36503884196281433
0.3650386929512024
0.36503878235816956
0.36503878235816956
0.36503875255584717
0.36503878235816956
0.3650386929512024
0.36503866314888
0.36503866314888
0.3650386333465576
0.36503875255584717
0.3650386929512024
0.36503878235816956
0.36503866314888
0.36503866314888
0.36503860354423523
0.36503884196281433
0.36503860354423523
0.3650386333465576
0.36503860354423523
0.36503866314888
0.36503860354423523
0.3650386929512024
0.36503860354423523
0.36503866314888
0.3650386929512024
0.36503866314888
0.36503878235816956
0.36503854393959045
0.3650386929512024
0.36503857374191284
0.36503854393959045
0.36503854393959045
0.36503854393959045
0.36503857374191284
0.36503857374191284
0.36503854393959045
0.36503857374191284
0.36503854393959045
0.3650384545326233
0.36503857374191284
0.36503854393959045
0.3650384247303009
0.36503854393959045
0.36503851413726807
0.36503857374191284
0.36503851413726807
0.3650384545326233
0.3650384545326233
0.3650384545326233
0.3650384545326233
0.3650384545326233
0.3650384545326233
0.36503851413726807
0.3650384247303009
0.3650384247303009
0.3650383949279785
0.36503854393959045
0.36503851413726807
0.3650383949279785
0.3650384247303009
0.3650383949279785
0.36503851413726807
0.3650384545326233
0.3650384247303009
0.3650383949279785
0.36503854393959045
0.36503833532333374
0.36503833532333374
0.3650384545326233
0.36503830552101135
0.36503836512565613
0.36503833532333374
0.3650384247303009
0.36503851413726807
0.36503833532333374
0.3650383949279785
0.36503836512565613
0.36503830552101135
0.36503836512565613
0.3650383949279785
0.36503830552101135
0.36503830552101135
0.36503833532333374
0.3650383949279785
0.36503833532333374
0.36503827571868896
0.36503830552101135
0.36503827571868896
0.3650381863117218
0.3650381863117218
0.36503830552101135
0.3650381565093994
0.365038126707077
0.3650382161140442
0.36503833532333374
0.3650381863117218
0.3650381863117218
0.3650381863117218
0.3650382161140442
0.3650382161140442
0.3650381863117218
0.3650381565093994
0.36503830552101135
0.3650381863117218
0.365038126707077
0.365038126707077
0.3650382161140442
0.3650381565093994
0.3650382161140442
0.3650382161140442
0.3650381565093994
0.3650381565093994
0.3650381565093994
0.365038126707077
0.3650381863117218
0.36503827571868896
0.365038126707077
0.3650381565093994
0.365038126707077
0.3650382161140442
0.3650381565093994
0.365038126707077
0.3650381863117218
0.365038126707077
0.36503806710243225
0.36503809690475464
0.3650381565093994
0.365038126707077
0.3650381565093994
0.365038126707077
0.365038126707077
0.36503809690475464
0.3650381565093994
0.36503809690475464
0.3650380074977875
0.3650381863117218
0.3650380074977875
0.36503809690475464
0.3650381863117218
0.36503809690475464
0.365038126707077
0.36503809690475464
0.36503806710243225
0.36503809690475464
0.36503806710243225
0.36503809690475464
0.3650381565093994
