1.067734718322754
0.8247234225273132
0.6654874682426453
0.5708037614822388
0.5152600407600403
0.48408788442611694
0.4643571376800537
0.4513291120529175
0.4411473572254181
0.43337878584861755
0.42702606320381165
0.421714186668396
0.41747671365737915
0.41337406635284424
0.41018158197402954
0.4072307050228119
0.4049530327320099
0.40235909819602966
0.40053844451904297
0.39852893352508545
0.3969644606113434
0.3954000771045685
0.3942553400993347
0.3931341767311096
0.39205801486968994
0.3909950852394104
0.39042964577674866
0.3893987536430359
0.38871338963508606
0.3879808783531189
0.3871588110923767
0.38667604327201843
0.38609758019447327
0.3853951692581177
0.3850573003292084
0.3845714032649994
0.3839668333530426
0.38340291380882263
0.3830893635749817
0.382457435131073
0.3825684189796448
0.38170433044433594
0.3815118074417114
0.38096991181373596
0.3811088502407074
0.3801608383655548
0.38038170337677
0.3797912299633026
0.37944114208221436
0.37908726930618286
0.3788648247718811
0.37871047854423523
0.3785627782344818
0.37817633152008057
0.3781602382659912
0.37803125381469727
0.37766698002815247
0.37732431292533875
0.37714436650276184
0.37740644812583923
0.37685099244117737
0.37670576572418213
0.3765541911125183
0.37620487809181213
0.3760142922401428
0.37605398893356323
0.375916063785553
0.3757278323173523
0.3755990266799927
0.3757795989513397
0.3752937316894531
0.3751618564128876
0.3750746250152588
0.37501320242881775
0.37473466992378235
0.3747081756591797
0.37437379360198975
0.37447071075439453
0.37409961223602295
0.37413376569747925
0.37422677874565125
0.37383705377578735
0.3736635148525238
0.3736690580844879
0.3733576238155365
0.37339678406715393
0.37310922145843506
0.37384533882141113
0.37288451194763184
0.37286287546157837
0.3724987804889679
0.37250810861587524
0.372472882270813
0.37257686257362366
0.3724954128265381
0.37224599719047546
0.3720414340496063
0.3722512125968933
0.37164345383644104
0.37211400270462036
0.37147510051727295
0.3714165985584259
0.37114018201828003
0.37104886770248413
0.37081947922706604
0.3708122670650482
0.3706916868686676
0.37056154012680054
0.37028998136520386
0.37026160955429077
0.37014663219451904
0.369989812374115
0.36992231011390686
0.3696174621582031
0.36991292238235474
0.36939796805381775
0.3693256676197052
0.36958038806915283
0.3703756332397461
0.3688827455043793
0.3690280020236969
0.3692484200000763
0.36882561445236206
0.3686056137084961
0.36851373314857483
0.3683120012283325
0.3682188391685486
0.3680705428123474
0.36892566084861755
0.36829471588134766
0.3680407702922821
0.36753714084625244
0.3673892915248871
0.3676396310329437
0.3679136037826538
0.36720675230026245
0.36730650067329407
0.3677769899368286
0.3671010434627533
0.36667200922966003
0.366828978061676
0.36658599972724915
0.3667793869972229
0.36667922139167786
0.36616212129592896
0.36632242798805237
0.36611446738243103
0.36615607142448425
0.3661050498485565
0.3660602569580078
0.36620867252349854
0.3659288287162781
0.3671245574951172
0.3655155897140503
0.3656051456928253
0.36528247594833374
0.36531364917755127
0.3651127517223358
0.36546406149864197
0.36532536149024963
0.364902526140213
0.3650214970111847
0.3650113642215729
0.36496660113334656
0.3648597300052643
0.3650103211402893
0.36438441276550293
0.364292174577713
0.3642053008079529
0.3641195595264435
0.36414071917533875
0.3639579117298126
0.36382564902305603
0.36388346552848816
0.363809198141098
0.36364540457725525
0.36361637711524963
0.3638678193092346
0.3633948266506195
0.36389777064323425
0.36358460783958435
0.3631259799003601
0.3632207214832306
0.3637169301509857
0.363212525844574
0.3630242347717285
0.3625372350215912
0.3627438247203827
0.3627099096775055
0.3625260591506958
0.3623579144477844
0.36242789030075073
0.36273854970932007
0.36228078603744507
0.36207589507102966
0.36231231689453125
0.36195871233940125
0.36202672123908997
0.36168530583381653
0.36170098185539246
0.3618597686290741
0.3617395758628845
0.3615407943725586
0.361666202545166
0.3616756200790405
0.36176589131355286
0.3617999851703644
0.3612232804298401
0.36140644550323486
0.36097681522369385
0.36126944422721863
0.36112192273139954
0.36118537187576294
0.3607451021671295
0.36125412583351135
0.3610806167125702
0.3607383072376251
0.3604254424571991
0.36056482791900635
0.3603780269622803
0.3603748083114624
0.36117056012153625
0.3610261380672455
0.3600345551967621
0.3600364029407501
0.3598168194293976
0.3598274290561676
0.3596687316894531
0.3595573604106903
0.359610378742218
0.3595733940601349
0.35991963744163513
0.3602125346660614
0.35956010222435
0.359422504901886
0.35936805605888367
0.3595905303955078
0.3590802252292633
0.35898858308792114
0.35882997512817383
0.35912495851516724
0.35890036821365356
0.3592182397842407
0.35894083976745605
0.35853245854377747
0.35845261812210083
0.3586709499359131
0.3583722710609436
0.35853537917137146
0.3595682978630066
0.35825663805007935
0.3586510121822357
0.3582856357097626
0.35800284147262573
0.3582848608493805
0.3578009605407715
0.3581617474555969
0.35776805877685547
0.3575460910797119
0.3577668070793152
0.35755544900894165
0.3575216233730316
0.3576696515083313
0.3575357496738434
0.357267826795578
0.3579244315624237
0.356935977935791
0.35704711079597473
0.3572353422641754
0.357290118932724
0.3566945791244507
0.3566540777683258
0.35669389367103577
0.3566056787967682
0.3565463423728943
0.3566073179244995
0.35646727681159973
0.35636863112449646
0.3564227521419525
0.35633912682533264
0.35681062936782837
0.3563011884689331
0.35667046904563904
0.3564195930957794
0.35643765330314636
0.356422483921051
0.35619211196899414
0.35651805996894836
0.35613349080085754
0.35614287853240967
0.3562427759170532
0.35603469610214233
0.3559725284576416
0.3559397757053375
0.3558822274208069
0.355815589427948
0.35583847761154175
0.35571396350860596
0.3557138741016388
0.3557532727718353
0.3556157350540161
0.35568225383758545
0.3555431663990021
0.3555588722229004
0.35592615604400635
0.35559573769569397
0.35539352893829346
0.3554396331310272
0.3556032180786133
0.3553978502750397
0.35521140694618225
0.355510950088501
0.35539960861206055
0.35511183738708496
0.35517367720603943
0.3554064929485321
0.35518404841423035
0.35508662462234497
0.35525551438331604
0.35497817397117615
0.3550187945365906
0.35509586334228516
0.35508018732070923
0.3549017310142517
0.3550446927547455
0.35479944944381714
0.35499921441078186
0.3552781045436859
0.35502591729164124
0.3547813892364502
0.3547704517841339
0.354789674282074
0.35507553815841675
0.35480648279190063
0.3546566367149353
0.3546350300312042
0.3545496165752411
0.35448625683784485
0.35461685061454773
0.35448095202445984
0.3543378412723541
0.35438209772109985
0.35452979803085327
0.3541810214519501
0.35423198342323303
0.3542301058769226
0.35426729917526245
0.3542530834674835
0.35428690910339355
0.3542540371417999
0.35401901602745056
0.3541291654109955
0.3542289435863495
0.35415276885032654
0.3539266586303711
0.3538621962070465
0.3538573384284973
0.35390713810920715
0.35402482748031616
0.35381606221199036
0.3539997637271881
0.3537398874759674
0.35383838415145874
0.35374897718429565
0.35376718640327454
0.3535943329334259
0.35333606600761414
0.3533596694469452
0.35335370898246765
0.35331588983535767
0.3533380329608917
0.35343918204307556
0.35339632630348206
0.3532938063144684
0.35320377349853516
0.35335731506347656
0.3532843291759491
0.3532291352748871
0.35316893458366394
0.35316941142082214
0.3531710207462311
0.3531644642353058
0.3531440198421478
0.3531704545021057
0.35306599736213684
0.35308852791786194
0.3531169593334198
0.3530881702899933
0.3531534671783447
0.35298702120780945
0.35296565294265747
0.3529946804046631
0.3530586063861847
0.35305339097976685
0.352922260761261
0.35298463702201843
0.35287877917289734
0.35293644666671753
0.35298851132392883
0.35293224453926086
0.35285043716430664
0.35299479961395264
0.3527623116970062
0.3528497815132141
0.35279592871665955
0.3527619540691376
0.3528255522251129
0.3527868986129761
0.3527339696884155
0.3527025580406189
0.3526754677295685
0.3526630401611328
0.3527369201183319
0.35263732075691223
0.3526037037372589
0.3526184558868408
0.35269156098365784
0.3528192937374115
0.3526660203933716
0.3525412976741791
0.3525998890399933
0.35250958800315857
0.35250329971313477
0.3525432348251343
0.3524811565876007
0.3524619936943054
0.3524220287799835
0.35244178771972656
0.35245317220687866
0.35247236490249634
0.3524712026119232
0.35237690806388855
0.35247474908828735
0.3523140549659729
0.35250017046928406
0.3523569107055664
0.3523070514202118
0.35229653120040894
0.35225164890289307
0.35241881012916565
0.35227060317993164
0.3523421585559845
0.3523314893245697
0.35226404666900635
0.35228070616722107
0.35219964385032654
0.35222142934799194
0.3521732687950134
0.3521548807621002
0.35217970609664917
0.3522363305091858
0.3521742522716522
0.3520652651786804
0.3520583212375641
0.3521380126476288
0.3520781993865967
0.3520256280899048
0.3520447909832001
0.35217031836509705
0.35197556018829346
0.3520382046699524
0.3520006239414215
0.35190388560295105
0.35206395387649536
0.35202711820602417
0.35198843479156494
0.35181769728660583
0.35178616642951965
0.3518068492412567
0.351777583360672
0.3518141806125641
0.3518954813480377
0.3517592251300812
0.35179468989372253
0.3517863154411316
0.3518085479736328
0.35183027386665344
0.351813942193985
0.35170653462409973
0.3517555892467499
0.3516903221607208
0.35170456767082214
0.3516814112663269
0.351684033870697
0.3517002463340759
0.3518175184726715
0.35164421796798706
0.35171234607696533
0.3516899645328522
0.3516260087490082
0.3516642153263092
0.3516864776611328
0.35170504450798035
0.35162168741226196
0.3515731394290924
0.35160157084465027
0.35161319375038147
0.35161998867988586
0.3516051471233368
0.351622611284256
0.3516235649585724
0.3516230583190918
0.3515447974205017
0.35154297947883606
0.3515508472919464
0.3515525758266449
0.3515332341194153
0.3515315651893616
0.3515127897262573
0.3515007793903351
0.3515280485153198
0.35152584314346313
0.3514745831489563
0.35151559114456177
0.35152512788772583
0.3515486419200897
0.3514355421066284
0.3514781892299652
0.35147470235824585
0.35141584277153015
0.3514487147331238
0.35150033235549927
0.35144856572151184
0.3513976037502289
0.3514513373374939
0.3514246344566345
0.3514086902141571
0.3514701724052429
0.3513929545879364
0.35136929154396057
0.3514000475406647
0.3513854146003723
0.3513556122779846
0.3513786792755127
0.35131677985191345
0.35139650106430054
0.3513406217098236
0.35131362080574036
0.35133829712867737
0.35130587220191956
0.35137590765953064
0.3513042628765106
0.3513510823249817
0.3513181805610657
0.351360946893692
0.3512822985649109
0.35127925872802734
0.3512657582759857
0.3512651026248932
0.35125160217285156
0.35125216841697693
0.3512446880340576
0.3512381911277771
0.35123011469841003
0.3512994349002838
0.3512149751186371
0.35122695565223694
0.3512582778930664
0.3512810170650482
0.35121098160743713
0.35118409991264343
0.35124489665031433
0.35118943452835083
0.3511814773082733
0.35118770599365234
0.351224422454834
0.3511195182800293
0.35110214352607727
0.35110560059547424
0.3511043190956116
0.3510814905166626
0.35110101103782654
0.3510914146900177
0.35110533237457275
0.35107263922691345
0.3511003255844116
0.3510652780532837
0.35107702016830444
0.3510524034500122
0.3510764539241791
0.3510778248310089
0.3510760962963104
0.35105496644973755
0.35105738043785095
0.3510459065437317
0.3510935604572296
0.35102155804634094
0.35105496644973755
0.3510499894618988
0.3510361611843109
0.3510216474533081
0.3510402739048004
0.3510456085205078
0.3510315418243408
0.3510160446166992
0.3509926199913025
0.35101088881492615
0.35102608799934387
0.35101956129074097
0.35098886489868164
0.35099297761917114
0.351021409034729
0.35099732875823975
0.3509915769100189
0.35098424553871155
0.3510006070137024
0.3509790301322937
0.35099565982818604
0.35101673007011414
0.3509647846221924
0.3509804606437683
0.35096219182014465
0.3509922921657562
0.3509405851364136
0.35097751021385193
0.350967675447464
0.3509496748447418
0.3509424328804016
0.3509606122970581
0.35094597935676575
0.35094088315963745
0.35093119740486145
0.3509398102760315
0.35094308853149414
0.3509169816970825
0.3509114384651184
0.35091906785964966
0.35093921422958374
0.3509233891963959
0.35091152787208557
0.35090380907058716
0.35090070962905884
0.3509278893470764
0.3509063124656677
0.35090991854667664
0.35092419385910034
0.35089001059532166
0.3508697748184204
0.35089415311813354
0.35089218616485596
0.35088303685188293
0.3509104251861572
0.3508770763874054
0.3508787751197815
0.3508593738079071
0.35087114572525024
0.35085541009902954
0.35087594389915466
0.35084760189056396
0.35084661841392517
0.35090410709381104
0.3508508801460266
0.35083863139152527
0.3508830666542053
0.3508448302745819
0.35084453225135803
0.3508356213569641
0.35082435607910156
0.35083603858947754
0.35083717107772827
0.3508107364177704
0.3508022725582123
0.3507995307445526
0.3508024215698242
0.35080429911613464
0.3508133292198181
0.35076209902763367
0.35076481103897095
0.3507706820964813
0.3507632315158844
0.35076552629470825
0.35075992345809937
0.3507567048072815
0.3507557809352875
0.3507572412490845
0.35075750946998596
0.35075774788856506
0.35077133774757385
0.3507487177848816
0.3507557213306427
0.3507470190525055
0.3507423400878906
0.350752592086792
0.3507414758205414
0.3507450222969055
0.3507515490055084
0.35074591636657715
0.35073190927505493
0.3507644832134247
0.35072600841522217
0.3507421612739563
0.35072919726371765
0.3507348895072937
0.3507356643676758
0.3507450520992279
0.3507215082645416
0.35072073340415955
0.3507223427295685
0.3507384657859802
0.3507134020328522
0.35071513056755066
0.3507169187068939
0.35071322321891785
0.35071176290512085
0.3507106304168701
0.35070592164993286
0.3507198989391327
0.3507084846496582
0.35069575905799866
0.3507210910320282
0.35071107745170593
0.3506980836391449
0.3507107198238373
0.3506902754306793
0.35069048404693604
0.35069897770881653
0.35069388151168823
0.3507102429866791
0.3506881594657898
0.3506944477558136
0.3506847023963928
0.35069283843040466
0.3506739139556885
0.3506801724433899
0.35067763924598694
0.3506741523742676
0.3506758511066437
0.35067111253738403
0.3506813049316406
0.35066303610801697
0.35066789388656616
0.35066938400268555
0.3506695628166199
0.3506745994091034
0.35068511962890625
0.3506644666194916
0.35065266489982605
0.350667268037796
0.3506471514701843
0.3506622314453125
0.3506547212600708
0.3506731688976288
0.3506622016429901
0.35064372420310974
0.3506430983543396
0.3506464660167694
0.3506467640399933
0.35064762830734253
0.3506527245044708
0.3506421148777008
0.3506457805633545
0.3506324887275696
0.350635290145874
0.3506403863430023
0.35063478350639343
0.35062894225120544
0.3506229817867279
0.35063043236732483
0.35062718391418457
0.3506263196468353
0.3506194055080414
0.3506174087524414
0.35062235593795776
0.3506297767162323
0.35062310099601746
0.35061150789260864
0.350599080324173
0.3506009578704834
0.35059866309165955
0.35059499740600586
0.3505958318710327
0.35059577226638794
0.35059449076652527
0.35059094429016113
0.35059258341789246
0.3505967855453491
0.3505953550338745
0.35058850049972534
0.35059085488319397
0.35058969259262085
0.35058602690696716
0.3505887985229492
0.3505920171737671
0.35058456659317017
0.3505854606628418
0.3505847454071045
0.350581556558609
0.35058853030204773
0.3505827784538269
0.3505772352218628
0.35057756304740906
0.3505808115005493
0.3505834639072418
0.3505805432796478
0.3505764901638031
0.35057586431503296
0.3505758047103882
0.3505769968032837
0.350574254989624
0.35057172179222107
0.3505701422691345
0.35056766867637634
0.35057535767555237
0.35057297348976135
0.3505665957927704
0.3505919277667999
0.3505701422691345
0.35056445002555847
0.3505667448043823
0.350562185049057
0.3505667746067047
0.3505699932575226
0.3505675196647644
0.3505605459213257
0.35055938363075256
0.3505631685256958
0.3505873382091522
0.3505648970603943
0.35057541728019714
0.3505572974681854
0.3505617678165436
0.3505578935146332
0.35055190324783325
0.3505688011646271
0.3505536615848541
0.35055482387542725
0.3505544662475586
0.35055699944496155
0.35054922103881836
0.35054612159729004
0.35055649280548096
0.35054099559783936
0.35054856538772583
0.35055598616600037
0.3505440652370453
0.35054394602775574
0.3505421280860901
0.350547730922699
0.3505432903766632
0.35054415464401245
0.3505375385284424
0.3505426049232483
0.3505425751209259
0.35053750872612
0.35053500533103943
0.35053756833076477
0.35053473711013794
0.35053759813308716
0.3505338430404663
0.35053750872612
0.3505370616912842
0.35053181648254395
0.3505340814590454
0.35053205490112305
0.35053151845932007
0.35052764415740967
0.35053759813308716
0.35052981972694397
0.3505294620990753
0.35052233934402466
0.35052257776260376
0.3505256175994873
0.3505254089832306
0.35052254796028137
0.35052308440208435
0.35051485896110535
0.3505200445652008
0.350510835647583
0.3505086302757263
0.3505125045776367
0.3505117893218994
0.3505118489265442
0.3505115211009979
0.3505118489265442
0.3505105972290039
0.35050737857818604
0.350509911775589
0.3505087196826935
0.35050758719444275
0.35050684213638306
0.3505052626132965
0.3505054712295532
0.3505060076713562
0.3505069315433502
0.3505042493343353
0.35050860047340393
0.35050487518310547
0.3505030572414398
0.35051193833351135
0.3505017161369324
0.3505006730556488
0.3505021929740906
0.3504989743232727
0.3505036532878876
0.3504984378814697
0.35049891471862793
0.35049980878829956
0.3505011796951294
0.35049864649772644
0.35049816966056824
0.3504979610443115
0.35049694776535034
0.3504965901374817
0.35049763321876526
0.3504958152770996
0.3504980206489563
0.350496768951416
0.35049566626548767
0.35049381852149963
0.35049712657928467
0.3504951298236847
0.3504963219165802
0.350491464138031
0.35049349069595337
0.35049131512641907
0.3504965007305145
0.3504902720451355
0.3504974842071533
0.3504895269870758
0.3504883050918579
0.35049551725387573
0.35049009323120117
0.35048750042915344
0.3504885733127594
0.35049012303352356
0.3504886031150818
0.3504899740219116
0.3504880964756012
0.350486695766449
0.3504900336265564
0.35048577189445496
0.3504936397075653
0.35050201416015625
0.35048753023147583
0.35048818588256836
0.35048583149909973
0.3504870533943176
0.3504820168018341
0.35048481822013855
0.3504819869995117
0.35048210620880127
0.3504829704761505
0.35047978162765503
0.35048362612724304
0.350479394197464
0.350479394197464
0.3504796624183655
0.35047924518585205
0.35047784447669983
0.3504779636859894
0.3504805266857147
0.35047775506973267
0.35047683119773865
0.35047462582588196
0.3504834771156311
0.35047516226768494
0.3504753112792969
0.350474089384079
0.3504753112792969
0.35047680139541626
0.3504745066165924
0.35047197341918945
0.35047104954719543
0.350470632314682
0.3504731059074402
0.35046982765197754
0.3504675030708313
0.3504675626754761
0.350466787815094
0.3504659831523895
0.35046660900115967
0.3504675030708313
0.3504665493965149
0.35046783089637756
0.35046735405921936
0.35046619176864624
0.350466251373291
0.3504661023616791
0.3504686653614044
0.35046496987342834
0.3504655063152313
0.35046449303627014
0.3504652678966522
0.35046717524528503
0.3504635691642761
0.35046425461769104
0.35046377778053284
0.35046452283859253
0.3504643440246582
0.3504638373851776
0.3504635989665985
0.3504626452922821
0.3504636883735657
0.350462406873703
0.3504639267921448
0.35046133399009705
0.3504619598388672
0.35046061873435974
0.3504607379436493
0.35046297311782837
0.3504597544670105
0.3504607081413269
0.35046035051345825
0.35046106576919556
0.35046082735061646
0.3504606783390045
0.3504590690135956
0.35045865178108215
0.3504606783390045
0.35045990347862244
0.3504594564437866
0.3504592776298523
0.3504592776298523
0.35045889019966125
0.35045862197875977
0.35045766830444336
0.3504585027694702
0.35045698285102844
0.350458025932312
0.35045716166496277
0.35045740008354187
0.3504564166069031
0.3504570424556732
0.35045701265335083
0.350457102060318
0.35045480728149414
0.3504555821418762
0.3504558205604553
0.3504560589790344
0.35045549273490906
0.3504551649093628
0.3504534959793091
0.35045483708381653
0.35045748949050903
0.3504572808742523
0.3504554331302643
0.35045307874679565
0.3504524827003479
0.35045376420021057
0.350452184677124
0.35045236349105835
0.35045188665390015
0.350454717874527
0.3504522740840912
0.3504527509212494
0.35045126080513
0.35045182704925537
0.35045167803764343
0.35045260190963745
0.35045164823532104
0.3504512906074524
0.35045233368873596
0.35044965147972107
0.3504501283168793
0.35045257210731506
0.35045042634010315
0.3504498600959778
0.3504500985145569
0.3504490554332733
0.35044941306114197
0.35044872760772705
0.3504514694213867
0.3504488468170166
0.35044872760772705
0.3504498302936554
0.3504480719566345
0.3504461944103241
0.35044580698013306
0.3504464328289032
0.3504456877708435
0.3504456579685211
0.3504461348056793
0.3504454493522644
0.35044655203819275
0.3504459261894226
0.35044506192207336
0.3504450023174286
0.3504447042942047
0.3504444658756256
0.3504452109336853
0.35044535994529724
0.3504455089569092
0.3504447340965271
0.35044389963150024
0.35044488310813904
0.35044410824775696
0.35044482350349426
0.35044461488723755
0.3504439890384674
0.350443571805954
0.3504438102245331
0.3504433035850525
0.35044312477111816
0.35044342279434204
0.3504435122013092
0.35044342279434204
0.3504449129104614
0.3504428565502167
0.35044217109680176
0.3504426181316376
0.35044267773628235
0.35044223070144653
0.3504425287246704
0.35044196248054504
0.3504423499107361
0.3504422605037689
0.3504427671432495
0.350442498922348
0.35044148564338684
0.3504411578178406
0.3504427373409271
0.35044172406196594
0.35044148564338684
0.35044151544570923
0.35044100880622864
0.35044175386428833
0.35044097900390625
0.35044074058532715
0.35044065117836
0.3504408597946167
0.3504410982131958
0.35044121742248535
0.3504410684108734
0.35043981671333313
0.3504410982131958
0.35044023394584656
0.3504406809806824
0.35043951869010925
0.3504403829574585
0.35044029355049133
0.35043901205062866
0.35043928027153015
0.3504393994808197
0.35043975710868835
0.35043880343437195
0.350439190864563
0.3504388928413391
0.3504387438297272
0.3504389524459839
0.35043931007385254
0.3504396677017212
0.35044020414352417
0.3504383862018585
0.3504400849342346
0.3504379391670227
0.35043981671333313
0.35043835639953613
0.35043784976005554
0.3504381477832794
0.3504377007484436
0.3504381477832794
0.35043734312057495
0.3504389524459839
0.3504369556903839
0.3504371643066406
0.35043686628341675
0.35043686628341675
0.3504372835159302
0.3504367470741272
0.35043659806251526
0.350436270236969
0.3504382371902466
0.35043659806251526
0.35043638944625854
0.3504371643066406
0.350435733795166
0.3504353165626526
0.35043489933013916
0.3504353165626526
0.35043492913246155
0.3504350483417511
0.350434809923172
0.35043540596961975
0.3504348397254944
0.3504348397254944
0.3504346013069153
0.35043463110923767
0.3504347503185272
0.35043448209762573
0.35043466091156006
0.3504347503185272
0.350434809923172
0.35043418407440186
0.35043424367904663
0.3504340648651123
0.3504346013069153
0.3504343032836914
0.35043400526046753
0.35043391585350037
0.3504341244697571
0.3504340648651123
0.35043424367904663
0.3504341244697571
0.35043367743492126
0.3504335582256317
0.3504338264465332
0.35043367743492126
0.3504336476325989
0.35043370723724365
0.35043343901634216
0.3504335284233093
0.35043346881866455
0.3504332900047302
0.35043346881866455
0.3504336178302765
0.35043445229530334
0.35043346881866455
0.3504328727722168
0.3504329323768616
0.3504328727722168
0.35043299198150635
0.3504328727722168
0.35043326020240784
0.35043296217918396
0.35043320059776306
0.35043278336524963
0.35043272376060486
0.350432813167572
0.350432813167572
0.35043269395828247
0.35043224692344666
0.35043224692344666
0.35043227672576904
0.3504326343536377
0.3504323959350586
0.3504333198070526
0.35043227672576904
0.35043272376060486
0.35043203830718994
0.35043206810951233
0.3504318594932556
0.3504318296909332
0.3504319489002228
0.3504319489002228
0.3504316508769989
0.3504325747489929
0.35043177008628845
0.3504318296909332
0.3504316508769989
0.35043245553970337
0.3504314720630646
0.3504313826560974
0.35043153166770935
0.3504311442375183
0.350430965423584
0.35043153166770935
0.350431352853775
0.350431352853775
0.35043078660964966
0.35043102502822876
0.3504308760166168
0.35043129324913025
0.3504306674003601
0.3504308760166168
0.350430965423584
0.35043054819107056
0.35043078660964966
0.3504304587841034
0.3504304885864258
0.35043051838874817
0.35043060779571533
0.35043051838874817
0.35043027997016907
0.35043030977249146
0.3504301905632019
0.3504306674003601
0.35042983293533325
0.35042959451675415
0.3504297435283661
0.35042986273765564
0.3504296839237213
0.3504297137260437
0.3504294753074646
0.3504294753074646
0.3504294753074646
0.350429505109787
0.35042956471443176
0.35042959451675415
0.35042938590049744
0.3504294753074646
0.3504291772842407
0.35042986273765564
0.35042932629585266
0.35042938590049744
0.3504292666912079
0.35042914748191833
0.3504292964935303
0.3504291772842407
0.3504294157028198
0.35042959451675415
0.3504294157028198
0.3504292666912079
0.3504291772842407
0.3504289984703064
0.3504292368888855
0.3504290282726288
0.35042914748191833
0.35042881965637207
0.35042914748191833
0.3504290282726288
0.35042881965637207
0.3504289984703064
0.3504287898540497
0.3504287004470825
0.3504287898540497
0.35042881965637207
0.3504287898540497
0.35042858123779297
0.35042867064476013
0.35042884945869446
0.35042861104011536
0.35042861104011536
0.3504287004470825
0.3504285514354706
0.3504285514354706
0.35042864084243774
0.3504287898540497
0.3504285514354706
0.35042837262153625
0.35042834281921387
0.35042843222618103
0.35042840242385864
0.35042837262153625
0.35042840242385864
0.35042834281921387
0.35042840242385864
0.3504282534122467
0.35042816400527954
0.35042816400527954
0.35042810440063477
0.3504279851913452
0.35042819380760193
0.35042810440063477
0.35042816400527954
0.3504280745983124
0.35042819380760193
0.3504279553890228
0.3504279851913452
0.3504280149936676
0.35042789578437805
0.35042786598205566
0.35042792558670044
0.3504280745983124
0.3504277765750885
0.35042789578437805
0.35042813420295715
0.35042762756347656
0.3504277765750885
0.35042765736579895
0.35042762756347656
0.3504277169704437
0.35042765736579895
0.35042765736579895
0.35042744874954224
0.3504275679588318
0.3504279553890228
0.35042768716812134
0.35042738914489746
0.35042741894721985
0.35042738914489746
0.35042768716812134
0.3504277467727661
0.3504283130168915
0.35042715072631836
0.3504272699356079
0.350427508354187
0.3504270613193512
0.3504268527030945
0.3504270315170288
0.3504270315170288
0.35042694211006165
0.35042694211006165
0.35042694211006165
0.35042697191238403
0.35042694211006165
0.35042694211006165
0.3504270911216736
0.35042688250541687
0.3504267632961273
0.35042688250541687
0.35042688250541687
0.35042673349380493
0.3504267930984497
0.3504268527030945
0.3504267930984497
0.3504267930984497
0.35042673349380493
0.3504267632961273
0.35042670369148254
0.3504268229007721
0.3504267930984497
0.3504267632961273
0.35042673349380493
0.35042673349380493
0.35042673349380493
0.35042670369148254
0.35042664408683777
0.35042664408683777
0.35042664408683777
0.35042670369148254
0.3504265546798706
0.35042664408683777
0.35042649507522583
0.35042664408683777
0.3504265546798706
0.3504265546798706
0.35042649507522583
0.350426584482193
0.3504265546798706
0.35042649507522583
0.35042649507522583
0.35042646527290344
0.35042640566825867
0.35042649507522583
0.3504263758659363
0.35042646527290344
0.3504265248775482
0.3504263162612915
0.35042646527290344
0.3504263162612915
0.3504263758659363
0.35042646527290344
0.3504263758659363
0.3504263758659363
0.3504262864589691
0.3504263162612915
0.3504263758659363
0.3504262864589691
0.35042625665664673
0.3504262864589691
0.35042616724967957
0.35042625665664673
0.35042622685432434
0.3504262864589691
0.35042622685432434
0.35042625665664673
0.35042622685432434
0.35042616724967957
0.3504261374473572
0.3504261374473572
0.3504260182380676
0.35042622685432434
0.3504261076450348
0.35042604804039
0.3504261076450348
0.3504260778427124
0.35042616724967957
0.3504260182380676
0.35042592883110046
0.3504260778427124
0.35042604804039
0.35042595863342285
0.3504260182380676
0.3504260182380676
0.3504260778427124
0.3504258990287781
0.3504260182380676
0.3504258990287781
0.3504258990287781
0.3504258394241333
0.3504258692264557
0.3504258990287781
0.3504258394241333
0.3504258990287781
0.3504258096218109
0.3504258394241333
0.3504255712032318
0.3504257798194885
0.350425660610199
0.3504256308078766
0.3504256308078766
0.35042572021484375
0.35042569041252136
0.350425660610199
0.35042569041252136
0.3504256308078766
0.3504255712032318
0.35042569041252136
0.350425660610199
0.3504256308078766
0.3504256308078766
0.350425660610199
0.350425660610199
0.3504255712032318
0.350425660610199
0.350425660610199
0.3504256010055542
0.35042548179626465
0.3504255712032318
0.3504256010055542
0.3504256308078766
0.3504255414009094
0.3504255712032318
0.3504255712032318
0.3504256308078766
0.3504255712032318
0.3504255712032318
0.3504255414009094
0.35042548179626465
0.3504255712032318
0.350425660610199
0.3504254221916199
0.3504255414009094
0.3504254221916199
0.35042548179626465
0.35042548179626465
0.35042548179626465
0.35042545199394226
0.35042545199394226
0.35042545199394226
0.35042545199394226
0.35042545199394226
0.35042545199394226
0.3504255414009094
0.35042545199394226
0.35042545199394226
0.3504255712032318
0.35042545199394226
0.3504255414009094
0.3504254221916199
0.35042545199394226
