0.8003348708152771
0.6764208078384399
0.6113067865371704
0.5678274035453796
0.5342363119125366
0.5048261880874634
0.4800574779510498
0.4587579369544983
0.4422554671764374
0.42840415239334106
0.4172976016998291
0.4097330868244171
0.4039958119392395
0.40013059973716736
0.3973512351512909
0.3944907486438751
0.3923933804035187
0.3908638060092926
0.3892008364200592
0.3881138861179352
0.38688579201698303
0.3864070475101471
0.3854687809944153
0.38475391268730164
0.3836379647254944
0.38245299458503723
0.3819052278995514
0.38119572401046753
0.3805300295352936
0.3799275755882263
0.379336416721344
0.3788612484931946
0.37829190492630005
0.3781852126121521
0.37806111574172974
0.3771026134490967
0.37711992859840393
0.3766437768936157
0.37622079253196716
0.37576791644096375
0.3756106197834015
0.3753851652145386
0.37472105026245117
0.3746643364429474
0.37404119968414307
0.37374576926231384
0.3737484812736511
0.3733644187450409
0.3731786906719208
0.3728002607822418
0.3727119565010071
0.3721564710140228
0.3722520172595978
0.37159082293510437
0.37167030572891235
0.3714892864227295
0.37107741832733154
0.37104612588882446
0.3704596161842346
0.37029314041137695
0.37014180421829224
0.3697010278701782
0.3694579601287842
0.3693905472755432
0.36906832456588745
0.3686220347881317
0.3687766194343567
0.3690173327922821
0.36903539299964905
0.3677859306335449
0.36747315526008606
0.36710190773010254
0.3670884668827057
0.3669971823692322
0.36660730838775635
0.3664349615573883
0.36705318093299866
0.3664373755455017
0.3661511242389679
0.3655328154563904
0.3656447231769562
0.36514437198638916
0.36458343267440796
0.364592969417572
0.36429139971733093
0.36435315012931824
0.3639422059059143
0.3639205992221832
0.36357542872428894
0.3640182614326477
0.36303412914276123
0.3627634644508362
0.36252087354660034
0.36237531900405884
0.36241403222084045
0.36177709698677063
0.36337584257125854
0.36163967847824097
0.36113688349723816
0.3613750636577606
0.36132797598838806
0.361115962266922
0.36150062084198
0.3603324592113495
0.35991716384887695
0.35992610454559326
0.35960689187049866
0.3596987724304199
0.3596729040145874
0.3600730299949646
0.3595045804977417
0.35897359251976013
0.35850590467453003
0.35826006531715393
0.3580594062805176
0.3583761751651764
0.3580763041973114
0.3579360842704773
0.35703492164611816
0.357832133769989
0.3569139242172241
0.357463538646698
0.3562663197517395
0.356149286031723
0.3559015393257141
0.3558213412761688
0.355353981256485
0.35532107949256897
0.35521766543388367
0.35461893677711487
0.3543672561645508
0.3548313081264496
0.35389015078544617
0.35395997762680054
0.353636234998703
0.3537459969520569
0.3538922667503357
0.35277408361434937
0.352986603975296
0.3526650071144104
0.35234713554382324
0.3527473509311676
0.3527151048183441
0.35197871923446655
0.35234421491622925
0.35151880979537964
0.3510076403617859
0.35075125098228455
0.3508695065975189
0.3508796691894531
0.35027018189430237
0.35051795840263367
0.3511301875114441
0.3501426577568054
0.3497231900691986
0.34925591945648193
0.34919142723083496
0.3497784435749054
0.34875810146331787
0.3485877513885498
0.34849515557289124
0.348695307970047
0.3482849597930908
0.3485229015350342
0.34780755639076233
0.34788498282432556
0.34813687205314636
0.3475663363933563
0.3471451997756958
0.3468879759311676
0.34688490629196167
0.34652140736579895
0.3469370901584625
0.34669947624206543
0.34597039222717285
0.3465867042541504
0.34649378061294556
0.3456398546695709
0.3451477289199829
0.34605467319488525
0.34578055143356323
0.34568023681640625
0.3459773063659668
0.3454025685787201
0.34451165795326233
0.3448738753795624
0.34452804923057556
0.3443707227706909
0.3442900478839874
0.3440738618373871
0.34394869208335876
0.344041645526886
0.3449137806892395
0.34400472044944763
0.34390899538993835
0.34310609102249146
0.3430171012878418
0.34316229820251465
0.3431354761123657
0.34274938702583313
0.342481404542923
0.34247568249702454
0.34240391850471497
0.34201404452323914
0.34258368611335754
0.34180036187171936
0.34211811423301697
0.3420851528644562
0.34195464849472046
0.3417716324329376
0.3415067493915558
0.3415836691856384
0.3413894474506378
0.3410027027130127
0.3403766453266144
0.3402652144432068
0.3402876555919647
0.340269535779953
0.34005260467529297
0.3404826819896698
0.3399083912372589
0.3403075635433197
0.3399154543876648
0.3400736153125763
0.3396640419960022
0.3401237428188324
0.33972325921058655
0.33972159028053284
0.3396235406398773
0.3393052816390991
0.3394888639450073
0.33922284841537476
0.3395535349845886
0.33958011865615845
0.3390422761440277
0.3393374979496002
0.33913537859916687
0.3392418324947357
0.3391053378582001
0.3389739692211151
0.3389015197753906
0.338908851146698
0.33882153034210205
0.3386058211326599
0.33867689967155457
0.3385297358036041
0.3388253450393677
0.33850157260894775
0.33854177594184875
0.3383278250694275
0.33820632100105286
0.33823177218437195
0.33801138401031494
0.33812493085861206
0.3379534184932709
0.33800598978996277
0.3379616439342499
0.33781930804252625
0.33771395683288574
0.3380468189716339
0.3380098342895508
0.3375251293182373
0.3376835882663727
0.33767345547676086
0.3376607298851013
0.3375590443611145
0.3376736044883728
0.3376810550689697
0.3374760150909424
0.3372035622596741
0.337338924407959
0.3371553421020508
0.33741968870162964
0.3370513319969177
0.3369598388671875
0.33691367506980896
0.3368960916996002
0.33665376901626587
0.3369474411010742
0.33700841665267944
0.3371724486351013
0.3364965617656708
0.3366518020629883
0.3364674150943756
0.33631089329719543
0.3363197445869446
0.33611106872558594
0.33608534932136536
0.33672183752059937
0.3359987735748291
0.33612126111984253
0.3358577787876129
0.3360758423805237
0.336128830909729
0.3358060419559479
0.33601343631744385
0.335713654756546
0.3354249596595764
0.3355614244937897
0.3356717526912689
0.3356592059135437
0.3354072570800781
0.3353731334209442
0.33532029390335083
0.3360697329044342
0.33557748794555664
0.33517950773239136
0.3354889154434204
0.33502694964408875
0.33499225974082947
0.3351333737373352
0.3350455164909363
0.33494237065315247
0.3347312808036804
0.33436086773872375
0.33445748686790466
0.3344160318374634
0.33461400866508484
0.3346238434314728
0.3342702090740204
0.33429786562919617
0.33424457907676697
0.33418750762939453
0.3341992497444153
0.3341904580593109
0.334242045879364
0.3342442512512207
0.33411502838134766
0.33413562178611755
0.33411458134651184
0.3339940011501312
0.3341122567653656
0.3339768350124359
0.33421266078948975
0.3339347243309021
0.3338014483451843
0.33397799730300903
0.33381518721580505
0.33385029435157776
0.3338983952999115
0.33373454213142395
0.33371350169181824
0.3336559236049652
0.3337068259716034
0.3336741626262665
0.3334927260875702
0.3336259126663208
0.3336234390735626
0.33363422751426697
0.3336654603481293
0.33358514308929443
0.33373725414276123
0.3336111605167389
0.33352136611938477
0.33353057503700256
0.3333268165588379
0.3333871364593506
0.33345508575439453
0.33327552676200867
0.333322137594223
0.33329805731773376
0.3332054913043976
0.3334212601184845
0.33323708176612854
0.33329981565475464
0.3331146836280823
0.33321449160575867
0.33301153779029846
0.3332127332687378
0.33326733112335205
0.3330642879009247
0.3330531120300293
0.3331509828567505
0.3330513834953308
0.33298298716545105
0.33310824632644653
0.33292728662490845
0.3329741656780243
0.33277538418769836
0.3328157961368561
0.33304741978645325
0.3328612744808197
0.33283206820487976
0.3328705132007599
0.3328317701816559
0.3328559696674347
0.3324911296367645
0.3326603174209595
0.33253151178359985
0.33261585235595703
0.3326079249382019
0.3327312469482422
0.3326144516468048
0.33260345458984375
0.3324437737464905
0.3324057161808014
0.3325295150279999
0.33236825466156006
0.33236029744148254
0.33237147331237793
0.33246657252311707
0.33241593837738037
0.33234572410583496
0.3323083817958832
0.33230358362197876
0.3322058916091919
0.3324725925922394
0.33246472477912903
0.3324156105518341
0.33231818675994873
0.3321531116962433
0.33221206068992615
0.33208003640174866
0.3319932818412781
0.33188918232917786
0.33191293478012085
0.33183592557907104
0.33185502886772156
0.3317987024784088
0.3318536579608917
0.3317905366420746
0.3318181335926056
0.3317481279373169
0.331840455532074
0.33185797929763794
0.3318917155265808
0.3318733274936676
0.3318406343460083
0.33167147636413574
0.33171552419662476
0.3317367434501648
0.33165261149406433
0.3316507339477539
0.33164316415786743
0.3316870629787445
0.33170491456985474
0.33171096444129944
0.33159908652305603
0.3317170739173889
0.3317541182041168
0.3316058814525604
0.33157917857170105
0.3315696716308594
0.3318047523498535
0.3315182328224182
0.3315545320510864
0.3315410315990448
0.3315064013004303
0.33154579997062683
0.3314315378665924
0.3314827084541321
0.3314637839794159
0.33149880170822144
0.3314255475997925
0.33152592182159424
0.33139005303382874
0.33144626021385193
0.3313804268836975
0.3313876986503601
0.3313416540622711
0.3313387334346771
0.33135634660720825
0.33142414689064026
0.3313151001930237
0.33132755756378174
0.33127692341804504
0.33129438757896423
0.3312648832798004
0.3312525451183319
0.3313598036766052
0.3312680423259735
0.33121854066848755
0.331195592880249
0.33118242025375366
0.3312363922595978
0.33111825585365295
0.3312126696109772
0.33113545179367065
0.3311380445957184
0.33125415444374084
0.33111271262168884
0.33121582865715027
0.3311016857624054
0.3310852348804474
0.3311573266983032
0.3310360908508301
0.33108583092689514
0.33104458451271057
0.3310774266719818
0.3310694694519043
0.3309810757637024
0.3309917449951172
0.3309641480445862
0.33100220561027527
0.3310318887233734
0.3309718370437622
0.33088219165802
0.33093589544296265
0.3310128152370453
0.3309231400489807
0.3309609591960907
0.33094269037246704
0.33089181780815125
0.330894410610199
0.3308459520339966
0.3308546245098114
0.3308490812778473
0.33083704113960266
0.3308241665363312
0.3308735191822052
0.3307981789112091
0.3308744430541992
0.33088260889053345
0.33078864216804504
0.33072710037231445
0.33068040013313293
0.3306675851345062
0.3306484520435333
0.3306565284729004
0.33068034052848816
0.33067023754119873
0.3306177258491516
0.330643892288208
0.33063429594039917
0.3306407630443573
0.3306601643562317
0.33062297105789185
0.330659419298172
0.3306213915348053
0.3305981755256653
0.33063292503356934
0.3305945098400116
0.3305496573448181
0.33058902621269226
0.33060261607170105
0.33056920766830444
0.3305792808532715
0.3305625021457672
0.33051806688308716
0.33055561780929565
0.3305526673793793
0.33053499460220337
0.3305129408836365
0.3306097984313965
0.33053216338157654
0.33051612973213196
0.3305034637451172
0.33050537109375
0.33049964904785156
0.3305302858352661
0.3304695785045624
0.33047956228256226
0.33049657940864563
0.33046799898147583
0.33049091696739197
0.33055832982063293
0.33044004440307617
0.33050337433815
0.3304259181022644
0.3304583728313446
0.3305465579032898
0.33043813705444336
0.33044111728668213
0.3304066061973572
0.33040952682495117
0.33039066195487976
0.33039578795433044
0.33038315176963806
0.330422967672348
0.3304510712623596
0.33039361238479614
0.3303607404232025
0.3303595781326294
0.3304106593132019
0.3303827941417694
0.3303506076335907
0.3303374648094177
0.33036911487579346
0.33037540316581726
0.33034342527389526
0.33030399680137634
0.33032530546188354
0.330373615026474
0.33028745651245117
0.33033740520477295
0.3302810490131378
0.33031678199768066
0.33029982447624207
0.3302916884422302
0.33029904961586
0.33026742935180664
0.33023327589035034
0.3302462100982666
0.33026692271232605
0.3302760124206543
0.3302525281906128
0.33022159337997437
0.3302132785320282
0.33025437593460083
0.33019328117370605
0.33022353053092957
0.3302038609981537
0.33025118708610535
0.3302405774593353
0.3302515745162964
0.3302173316478729
0.33016902208328247
0.3301982879638672
0.330199658870697
0.33019039034843445
0.3301514983177185
0.3301714062690735
0.3301541209220886
0.3301825523376465
0.33011436462402344
0.33010461926460266
0.33011481165885925
0.3301394581794739
0.33008983731269836
0.3301209509372711
0.33010247349739075
0.33011239767074585
0.330074280500412
0.33009040355682373
0.3300701081752777
0.33012524247169495
0.33005571365356445
0.3300818204879761
0.3300597071647644
0.33006125688552856
0.3300916850566864
0.33004698157310486
0.330058753490448
0.3300705850124359
0.33005326986312866
0.3300408720970154
0.3300376832485199
0.330049991607666
0.33004915714263916
0.33002355694770813
0.3300234079360962
0.330025315284729
0.3300277292728424
0.33005276322364807
0.33007368445396423
0.33001944422721863
0.3300355076789856
0.33004504442214966
0.3300216794013977
0.33001014590263367
0.3300149440765381
0.3300090730190277
0.33000648021698
0.32999902963638306
0.3300090730190277
0.3299950361251831
0.3300049602985382
0.3299908936023712
0.3299994170665741
0.3300033211708069
0.3299858272075653
0.3299703299999237
0.32998621463775635
0.3299647867679596
0.32997432351112366
0.32999032735824585
0.3299767076969147
0.32997193932533264
0.3299647867679596
0.32995036244392395
0.32999905943870544
0.3299795091152191
0.3299766480922699
0.3299446702003479
0.32993870973587036
0.3299519717693329
0.3299470841884613
0.329938143491745
0.32993680238723755
0.3299306631088257
0.32995545864105225
0.32992491126060486
0.32994434237480164
0.3299398422241211
0.3299427032470703
0.32993003726005554
0.3299421966075897
0.32992711663246155
0.32991892099380493
0.32991787791252136
0.3299047350883484
0.3299323618412018
0.3299084007740021
0.32990506291389465
0.3299010396003723
0.32990145683288574
0.32990455627441406
0.3298853933811188
0.3299166262149811
0.3298841714859009
0.3298908472061157
0.32988861203193665
0.3298880457878113
0.3298807740211487
0.3298938274383545
0.3298860490322113
0.3298899531364441
0.3298739194869995
0.32985636591911316
0.32986852526664734
0.3298688530921936
0.32986462116241455
0.3298940062522888
0.3298497796058655
0.3298291265964508
0.32984253764152527
0.3298202455043793
0.3298250436782837
0.3298303782939911
0.3298225998878479
0.3298510015010834
0.3298241198062897
0.3298293352127075
0.329825222492218
0.32981887459754944
0.32981500029563904
0.3298194110393524
0.329814612865448
0.32982194423675537
0.32981032133102417
0.32980868220329285
0.3298113942146301
0.32981374859809875
0.32980719208717346
0.3297976553440094
0.3298048973083496
0.3297992944717407
0.3298007845878601
0.3297969400882721
0.3298053443431854
0.32979878783226013
0.3298044800758362
0.32980936765670776
0.32979369163513184
0.3297886848449707
0.32978856563568115
0.3297867476940155
0.32978346943855286
0.3297904133796692
0.3297863304615021
0.32978010177612305
0.32979047298431396
0.3297841548919678
0.32978010177612305
0.32979851961135864
0.3297736346721649
0.329781174659729
0.3297865092754364
0.32976630330085754
0.32978489995002747
0.32978036999702454
0.3297775387763977
0.32978785037994385
0.32977938652038574
0.329780250787735
0.3297722637653351
0.3297736644744873
0.3297681212425232
0.32976511120796204
0.32978081703186035
0.3297538757324219
0.3297562003135681
0.3297644257545471
0.32975977659225464
0.3297521770000458
0.3297622799873352
0.32975637912750244
0.3297763466835022
0.32975780963897705
0.32975882291793823
0.32974356412887573
0.3297484517097473
0.3297445476055145
0.3297439217567444
0.3297489583492279
0.3297402560710907
0.3297548294067383
0.3297399878501892
0.32974734902381897
0.329744815826416
0.32973578572273254
0.3297475576400757
0.3297320306301117
0.329752653837204
0.3297392725944519
0.329728364944458
0.32973209023475647
0.32973384857177734
0.3297254145145416
0.32973140478134155
0.32973241806030273
0.32973310351371765
0.32972314953804016
0.3297301232814789
0.32972291111946106
0.3297213315963745
0.32972344756126404
0.32973188161849976
0.32973513007164
0.32971030473709106
0.3297194838523865
0.3297177255153656
0.3297116458415985
0.32970598340034485
0.32969892024993896
0.3296966552734375
0.3296964764595032
0.3296988606452942
0.32969528436660767
0.32969364523887634
0.3296915590763092
0.3297000825405121
0.3296944797039032
0.32969263195991516
0.32969018816947937
0.3296933174133301
0.32968953251838684
0.3296903371810913
0.3296944200992584
0.3296898603439331
0.32969099283218384
0.32969164848327637
0.32968613505363464
0.3296889662742615
0.32968759536743164
0.3296853303909302
0.3296843469142914
0.32969164848327637
0.3296852707862854
0.32968515157699585
0.32970884442329407
0.32967740297317505
0.3296845555305481
0.3296796381473541
0.32967865467071533
0.3296782672405243
0.32967856526374817
0.3296828269958496
0.32967880368232727
0.32968389987945557
0.3296794891357422
0.3296821117401123
0.3296736180782318
0.3296769857406616
0.3296760022640228
0.32967278361320496
0.32967260479927063
0.32967907190322876
0.32967323064804077
0.32967284321784973
0.3296712040901184
0.32966822385787964
0.3296683728694916
0.32966741919517517
0.32967135310173035
0.32966703176498413
0.3296717405319214
0.3296721279621124
0.3296637237071991
0.3296758532524109
0.32966306805610657
0.3296715319156647
0.32966214418411255
0.3296675980091095
0.3296610414981842
0.3296695649623871
0.3296665549278259
0.32966148853302
0.32965707778930664
0.32965731620788574
0.32965680956840515
0.32965683937072754
0.3296598792076111
0.3296564817428589
0.32965561747550964
0.3296598196029663
0.32965806126594543
0.3296557068824768
0.32965120673179626
0.3296559751033783
0.32965943217277527
0.32965055108070374
0.3296548128128052
0.3296515941619873
0.3296494483947754
0.32966187596321106
0.3296481966972351
0.3296487629413605
0.32965368032455444
0.3296525478363037
0.32964563369750977
0.3296501040458679
0.329644113779068
0.32964420318603516
0.32965272665023804
0.32964539527893066
0.3296447992324829
0.32964465022087097
0.3296404480934143
0.3296410143375397
0.32964852452278137
0.3296423852443695
0.3296370804309845
0.3296394348144531
0.32963261008262634
0.3296329975128174
0.3296315670013428
0.3296327292919159
0.3296314477920532
0.32963553071022034
0.3296312689781189
0.3296307921409607
0.3296297788619995
0.32963046431541443
0.3296305239200592
0.3296295404434204
0.32963091135025024
0.32963478565216064
0.32963070273399353
0.32962918281555176
0.3296268880367279
0.3296278417110443
0.3296282887458801
0.32962578535079956
0.3296279013156891
0.3296281099319458
0.3296257257461548
0.3296278417110443
0.3296257555484772
0.3296252191066742
0.32962843775749207
0.32962390780448914
0.32962459325790405
0.32962465286254883
0.3296254575252533
0.32962286472320557
0.3296234607696533
0.32962775230407715
0.32962343096733093
0.32962292432785034
0.3296253979206085
0.32962119579315186
0.3296229839324951
0.3296256959438324
0.3296200931072235
0.3296211063861847
0.3296218514442444
0.32962027192115784
0.3296208679676056
0.32961881160736084
0.32962465286254883
0.3296225666999817
0.3296218514442444
0.3296184539794922
0.3296191394329071
0.3296200931072235
0.32962048053741455
0.32961636781692505
0.3296172320842743
0.3296174705028534
0.32961922883987427
0.3296175003051758
0.32961583137512207
0.32961514592170715
0.3296138644218445
0.329616516828537
0.32961416244506836
0.3296150267124176
0.3296164274215698
0.3296160101890564
0.329613596200943
0.3296142816543579
0.3296133279800415
0.32961219549179077
0.3296131491661072
0.3296129107475281
0.3296136260032654
0.32961463928222656
0.3296141028404236
0.32961350679397583
0.3296106159687042
0.3296116292476654
0.3296090364456177
0.3296094238758087
0.32960832118988037
0.3296091854572296
0.3296085000038147
0.329608678817749
0.3296087384223938
0.32960832118988037
0.3296077251434326
0.3296124339103699
0.32961133122444153
0.3296075761318207
0.3296062648296356
0.3296111822128296
0.32960817217826843
0.3296065926551819
0.3296063542366028
0.3296065628528595
0.32960593700408936
0.3296041786670685
0.32960593700408936
0.32960522174835205
0.3296012282371521
0.3296002745628357
0.3296029567718506
0.32960090041160583
0.3296022415161133
0.3296014070510864
0.32960042357444763
0.32960087060928345
0.3296006917953491
0.329598993062973
0.3295995593070984
0.3296021819114685
0.3295990824699402
0.3295985162258148
0.32960134744644165
0.3295992314815521
0.3295985460281372
0.3295987546443939
0.32959896326065063
0.329598993062973
0.3295992910861969
0.3295976519584656
0.32960063219070435
0.329597532749176
0.3295976519584656
0.3295971751213074
0.3295970559120178
0.3295972943305969
0.3295968174934387
0.32959696650505066
0.32959654927253723
0.32959771156311035
0.3295965790748596
0.32959675788879395
0.3295956552028656
0.3295954465866089
0.32959574460983276
0.32959845662117004
0.3295971155166626
0.3295952081680298
0.3295953869819641
0.32959580421447754
0.32959505915641785
0.3295951783657074
0.3295944929122925
0.3295947313308716
0.32959550619125366
0.32959461212158203
0.3295932710170746
0.32959380745887756
0.3295939266681671
0.3295941948890686
0.32959288358688354
0.3295930325984955
0.3295929729938507
0.3295929729938507
0.3295940160751343
0.32959312200546265
0.3295920789241791
0.3295944035053253
0.32959187030792236
0.32959240674972534
0.3295927047729492
0.3295910954475403
0.32959139347076416
0.3295913636684418
0.32959166169166565
0.3295917510986328
0.3295923173427582
0.32959046959877014
0.3295919895172119
0.3295902907848358
0.32959067821502686
0.32959043979644775
0.32959067821502686
0.3295910358428955
0.329590380191803
0.329589307308197
0.3295916020870209
0.3295891284942627
0.32958984375
0.32958924770355225
0.3295895755290985
0.3295893967151642
0.3295888304710388
0.3295894265174866
0.3295888900756836
0.3295879662036896
0.3295893371105194
0.3295886516571045
0.3295876979827881
0.3295880854129791
0.32958823442459106
0.3295873999595642
0.32958710193634033
0.32958710193634033
0.3295869827270508
0.32958710193634033
0.32958659529685974
0.3295879662036896
0.3295845687389374
0.3295862078666687
0.32958507537841797
0.3295849561691284
0.3295844793319702
0.329585999250412
0.329584538936615
0.3295861780643463
0.3295845091342926
0.32958537340164185
0.32958370447158813
0.3295838534832001
0.3295838534832001
0.3295842707157135
0.3295840322971344
0.3295837640762329
0.32958418130874634
0.329584002494812
0.32958370447158813
0.32958462834358215
0.3295840322971344
0.32958343625068665
0.3295833170413971
0.32958340644836426
0.3295835256576538
0.32958322763442993
0.3295830190181732
0.32958319783210754
0.3295840919017792
0.32958248257637024
0.3295833468437195
0.32958322763442993
0.3295825719833374
0.3295823037624359
0.3295823335647583
0.3295826315879822
0.329582154750824
0.3295823335647583
0.32958248257637024
0.32958242297172546
0.3295825719833374
0.32958418130874634
0.3295823037624359
0.32958245277404785
0.32958200573921204
0.3295815587043762
0.3295823037624359
0.329581618309021
0.32958126068115234
0.3295815587043762
0.32958123087882996
0.32958176732063293
0.329581618309021
0.3295815885066986
0.32958129048347473
0.32958170771598816
0.3295813202857971
0.32958129048347473
0.3295805752277374
0.3295811116695404
0.3295804262161255
0.3295806646347046
0.3295806646347046
0.3295804560184479
0.32958078384399414
0.32958000898361206
0.3295813500881195
0.32958054542541504
0.329580157995224
0.3295805752277374
0.3295799493789673
0.3295803666114807
0.3295800983905792
0.32957956194877625
0.3295799195766449
0.3295796811580658
0.3295799195766449
0.32957956194877625
0.3295793831348419
0.3295793831348419
0.32957908511161804
0.329579621553421
0.3295789361000061
0.32957887649536133
0.3295794129371643
0.32957860827445984
0.32957926392555237
0.3295793831348419
0.32957857847213745
0.32957908511161804
0.3295785188674927
0.3295784890651703
0.32957878708839417
0.3295781910419464
0.3295789957046509
0.3295800983905792
0.32957765460014343
0.3295784592628479
0.3295782804489136
0.3295780420303345
0.32957738637924194
0.32957690954208374
0.3295769989490509
0.32957717776298523
0.3295767307281494
0.32957684993743896
0.32957667112350464
0.32957714796066284
0.3295769691467285
0.3295765817165375
0.32957723736763
0.32957667112350464
0.3295767605304718
0.3295772075653076
0.329576700925827
0.3295765221118927
0.3295764625072479
0.3295767903327942
0.3295764923095703
0.3295767307281494
0.3295764625072479
0.3295765221118927
0.32957684993743896
0.3295764923095703
0.3295762836933136
0.3295760154724121
0.32957616448402405
0.32957616448402405
0.32957640290260315
0.32957586646080017
0.3295760154724121
0.3295760452747345
0.3295760452747345
0.3295758366584778
0.32957592606544495
0.3295757472515106
0.3295758366584778
0.3295762538909912
0.3295761048793793
0.32957562804222107
0.3295757472515106
0.32957541942596436
0.32957541942596436
0.3295755088329315
0.32957538962364197
0.32957524061203003
0.32957547903060913
0.3295751214027405
0.3295755982398987
0.3295755982398987
0.3295753300189972
0.32957592606544495
0.3295752704143524
0.3295750916004181
0.32957494258880615
0.3295751214027405
0.3295750916004181
0.32957494258880615
0.32957518100738525
0.329574853181839
0.32957491278648376
0.32957473397254944
0.329574853181839
0.32957491278648376
0.32957491278648376
0.329574853181839
0.329574853181839
0.3295743465423584
0.32957449555397034
0.3295748233795166
0.3295743465423584
0.3295743763446808
0.3295745551586151
0.32957470417022705
0.3295741379261017
0.329574316740036
0.3295743763446808
0.3295743763446808
0.3295741677284241
0.32957422733306885
0.3295741379261017
0.3295741379261017
0.3295741081237793
0.3295746445655823
0.32957398891448975
0.32957392930984497
0.32957395911216736
0.32957378029823303
0.32957375049591064
0.32957375049591064
0.3295738101005554
0.32957375049591064
0.329574316740036
0.32957372069358826
0.3295736312866211
0.3295733332633972
0.32957345247268677
0.32957348227500916
0.32957354187965393
0.3295736312866211
0.3295731842517853
0.3295730948448181
0.3295730650424957
0.32957297563552856
0.3295730948448181
0.32957300543785095
0.3295731246471405
0.32957300543785095
0.32957303524017334
0.329572856426239
0.3295728266239166
0.32957279682159424
0.3295728266239166
0.329572856426239
0.32957279682159424
0.329572856426239
0.32957273721694946
0.32957279682159424
0.32957276701927185
0.32957273721694946
0.3295727074146271
0.3295726478099823
0.3295726478099823
0.3295726180076599
0.3295726478099823
0.3295726478099823
0.32957276701927185
0.3295727074146271
0.32957279682159424
0.3295725882053375
0.32957255840301514
0.3295727074146271
0.3295726180076599
0.3295724093914032
0.32957255840301514
0.3295724093914032
0.3295724093914032
0.3295724093914032
0.32957226037979126
0.32957231998443604
0.3295724093914032
0.32957231998443604
0.32957229018211365
0.32957255840301514
0.32957249879837036
0.3295722007751465
0.3295723497867584
0.3295723795890808
0.3295721411705017
0.3295721411705017
0.32957231998443604
0.3295724093914032
0.32957229018211365
0.3295721411705017
0.3295721411705017
0.32957226037979126
0.3295722007751465
0.3295721709728241
0.3295721709728241
0.3295721411705017
0.32957205176353455
0.329571932554245
0.3295721113681793
0.329571932554245
0.3295719027519226
0.32957205176353455
0.329571932554245
0.32957208156585693
0.32957184314727783
0.329571932554245
0.32957184314727783
0.3295718729496002
0.3295719027519226
0.3295717239379883
0.32957178354263306
0.3295718729496002
0.32957160472869873
0.3295716941356659
0.3295716643333435
0.32957229018211365
0.32957151532173157
0.32957160472869873
0.3295717239379883
0.32957160472869873
0.3295716345310211
0.32957160472869873
0.3295714855194092
0.3295721709728241
0.3295714259147644
0.3295714259147644
0.3295714855194092
0.329571396112442
0.32957157492637634
0.329571396112442
0.329571396112442
0.329571396112442
0.32957151532173157
0.32957136631011963
0.3295714259147644
0.3295712172985077
0.3295711278915405
0.3295711278915405
0.3295711576938629
0.3295711278915405
0.3295711278915405
0.32957109808921814
0.32957109808921814
0.3295712471008301
0.3295711278915405
0.329571008682251
0.32957103848457336
0.32957103848457336
0.32957103848457336
0.32957103848457336
0.32957109808921814
0.329571008682251
0.329571008682251
0.3295709788799286
0.3295709192752838
0.3295711278915405
0.32957109808921814
0.3295709788799286
0.3295709490776062
0.3295709192752838
0.3295709490776062
0.3295709490776062
0.3295709788799286
0.3295709192752838
0.329571008682251
0.329571008682251
0.3295709192752838
0.3295709490776062
0.32957085967063904
0.3295709788799286
0.32957080006599426
0.32957103848457336
0.3295708894729614
0.32957085967063904
0.32957085967063904
0.3295709192752838
0.3295709192752838
0.32957080006599426
0.32957080006599426
0.3295708894729614
0.32957085967063904
0.32957085967063904
0.3295709192752838
0.3295709192752838
0.32957085967063904
0.3295707702636719
0.3295708894729614
0.3295707702636719
0.3295707702636719
0.3295707702636719
0.3295707404613495
0.32957109808921814
0.32957080006599426
0.3295707106590271
0.3295707702636719
0.3295707404613495
0.3295707404613495
0.3295707106590271
0.32957080006599426
0.3295706510543823
0.32957080006599426
0.3295706808567047
0.3295707106590271
0.3295706808567047
0.3295707106590271
0.32957059144973755
0.3295706510543823
0.3295706510543823
0.3295706808567047
0.3295706510543823
0.3295706510543823
0.3295706808567047
0.3295707106590271
0.3295706808567047
0.3295707702636719
0.32957059144973755
0.32957059144973755
0.3295705020427704
0.3295705318450928
0.3295706510543823
0.3295705318450928
0.32957056164741516
0.3295705020427704
