0.6987075209617615
0.5920671820640564
0.5196431875228882
0.4626469016075134
0.43301504850387573
0.4166909456253052
0.4090490937232971
0.4036324918270111
0.39822906255722046
0.3947643041610718
0.3918369710445404
0.38810959458351135
0.38570138812065125
0.38201192021369934
0.37886759638786316
0.3767938017845154
0.3751605749130249
0.37246236205101013
0.3701459467411041
0.36802709102630615
0.36725562810897827
0.3646550476551056
0.3644252121448517
0.36343255639076233
0.3617135286331177
0.3602469265460968
0.3587263822555542
0.3571028411388397
0.35643085837364197
0.3541354238986969
0.35158106684684753
0.3505714237689972
0.35040444135665894
0.3497208058834076
0.3457331359386444
0.3444746434688568
0.3447132408618927
0.3451818823814392
0.3441983759403229
0.34166988730430603
0.3397611379623413
0.3396754264831543
0.3363628685474396
0.3343140482902527
0.3336268961429596
0.3352341949939728
0.33260437846183777
0.33091527223587036
0.3326059579849243
0.3285868167877197
0.3266085386276245
0.3256077766418457
0.3239084780216217
0.3244487941265106
0.32342252135276794
0.3209420144557953
0.32017582654953003
0.3190777897834778
0.31868457794189453
0.31831562519073486
0.3157077729701996
0.3164605498313904
0.3150251805782318
0.31416574120521545
0.30930572748184204
0.30934199690818787
0.30945855379104614
0.3120579719543457
0.3097452223300934
0.3066866397857666
0.3066134452819824
0.30487364530563354
0.3013191223144531
0.3020966947078705
0.2986638844013214
0.3010358512401581
0.29651495814323425
0.29597175121307373
0.29486462473869324
0.2927183210849762
0.2947717308998108
0.2937239110469818
0.29433590173721313
0.2964954674243927
0.2902418375015259
0.2894914448261261
0.285676509141922
0.2849341332912445
0.29144763946533203
0.2874320149421692
0.287490576505661
0.28531414270401
0.2860642075538635
0.27953583002090454
0.2793413996696472
0.27689647674560547
0.2783138155937195
0.2756170630455017
0.2738485634326935
0.2741847634315491
0.27322763204574585
0.2689580023288727
0.2738984227180481
0.2747601568698883
0.2719869017601013
0.26850488781929016
0.26534658670425415
0.267657607793808
0.26632949709892273
0.264263778924942
0.26147258281707764
0.26266443729400635
0.25928202271461487
0.2606419622898102
0.2600812315940857
0.258462518453598
0.2557724714279175
0.2558794319629669
0.2608528435230255
0.2551398277282715
0.25219714641571045
0.25369346141815186
0.2525230348110199
0.24940888583660126
0.24860331416130066
0.2501738369464874
0.2497955709695816
0.25059065222740173
0.24396030604839325
0.24229475855827332
0.2399452030658722
0.24230054020881653
0.23926910758018494
0.2392367571592331
0.23879069089889526
0.2377648651599884
0.23768794536590576
0.23835177719593048
0.23784779012203217
0.23834998905658722
0.23677244782447815
0.2379550188779831
0.23603278398513794
0.23782120645046234
0.23712608218193054
0.23426605761051178
0.23339539766311646
0.23446401953697205
0.23607029020786285
0.23376840353012085
0.23254859447479248
0.23274976015090942
0.23517119884490967
0.23302623629570007
0.23070141673088074
0.2319096475839615
0.23062284290790558
0.23144163191318512
0.22929392755031586
0.2306988388299942
0.23031583428382874
0.2312595695257187
0.2276085466146469
0.2296585887670517
0.2264477163553238
0.2271217256784439
0.22626648843288422
0.2264045923948288
0.22608265280723572
0.22551165521144867
0.2251729816198349
0.2232333868741989
0.2245807945728302
0.22241324186325073
0.22227993607521057
0.2225029617547989
0.22191032767295837
0.22269390523433685
0.2220676690340042
0.22102776169776917
0.22161678969860077
0.22016891837120056
0.2191932499408722
0.2199375033378601
0.21852760016918182
0.2174467295408249
0.21788501739501953
0.21712695062160492
0.21611709892749786
0.21908606588840485
0.2160433530807495
0.21865606307983398
0.21524854004383087
0.21454744040966034
0.21451370418071747
0.2135627716779709
0.21368028223514557
0.2146362066268921
0.2134324461221695
0.21224814653396606
0.2127816379070282
0.21225087344646454
0.21303114295005798
0.2107921987771988
0.21137002110481262
0.21044917404651642
0.21030528843402863
0.21027617156505585
0.21036982536315918
0.2086959183216095
0.21060983836650848
0.2099180519580841
0.20927546918392181
0.20840133726596832
0.2067301869392395
0.20768865942955017
0.20595912635326385
0.20755696296691895
0.207132026553154
0.2041199654340744
0.20540478825569153
0.20564064383506775
0.2033575028181076
0.20346219837665558
0.20410481095314026
0.20298446714878082
0.20167768001556396
0.20172813534736633
0.20029376447200775
0.19915394484996796
0.19821706414222717
0.1985037475824356
0.19840800762176514
0.1989048421382904
0.19729894399642944
0.19762177765369415
0.1980789303779602
0.19850288331508636
0.1978551745414734
0.19876538217067719
0.19666045904159546
0.19659389555454254
0.1964685320854187
0.19601726531982422
0.19532081484794617
0.19521072506904602
0.1949893981218338
0.19474326074123383
0.1941300630569458
0.19491547346115112
0.1938568353652954
0.1944538950920105
0.19435909390449524
0.19286836683750153
0.1923254132270813
0.1930825263261795
0.19294767081737518
0.1928991675376892
0.192168727517128
0.1925990730524063
0.19087809324264526
0.19185714423656464
0.19255509972572327
0.1917467713356018
0.1913391500711441
0.19174686074256897
0.19254957139492035
0.19077785313129425
0.18997608125209808
0.1917782425880432
0.18986737728118896
0.18916143476963043
0.1891741305589676
0.18936043977737427
0.1888355165719986
0.18915604054927826
0.18808594346046448
0.18886032700538635
0.18854176998138428
0.18755394220352173
0.18751810491085052
0.18906253576278687
0.18730799853801727
0.18646758794784546
0.1865900307893753
0.18695184588432312
0.1863412708044052
0.18573643267154694
0.18659614026546478
0.18582364916801453
0.1858384609222412
0.1848493367433548
0.18603485822677612
0.18509387969970703
0.1839355230331421
0.1839718222618103
0.18407094478607178
0.18418434262275696
0.183852881193161
0.18382380902767181
0.18327033519744873
0.18360872566699982
0.18335561454296112
0.18317748606204987
0.18310675024986267
0.18198531866073608
0.18277083337306976
0.18160191178321838
0.181399405002594
0.18221552670001984
0.1819346696138382
0.18086746335029602
0.18164299428462982
0.18134699761867523
0.18231430649757385
0.1811022013425827
0.1804964244365692
0.18137413263320923
0.17997616529464722
0.18069162964820862
0.17920714616775513
0.17984379827976227
0.17944562435150146
0.178834468126297
0.17874900996685028
0.177982896566391
0.18000583350658417
0.1785215437412262
0.1767953634262085
0.17673750221729279
0.17635491490364075
0.1762692928314209
0.17619147896766663
0.17625221610069275
0.17624695599079132
0.17586244642734528
0.17613659799098969
0.17564186453819275
0.17605935037136078
0.17593888938426971
0.1760091930627823
0.17573918402194977
0.17527560889720917
0.17527657747268677
0.17498357594013214
0.17583757638931274
0.1748380810022354
0.17505699396133423
0.17555157840251923
0.17431952059268951
0.17437958717346191
0.17470385134220123
0.17448271811008453
0.17442244291305542
0.17440900206565857
0.1737939566373825
0.17386092245578766
0.17409628629684448
0.17439065873622894
0.17356683313846588
0.17345383763313293
0.17374007403850555
0.17358937859535217
0.17384426295757294
0.1734837144613266
0.17320296168327332
0.17331518232822418
0.17316949367523193
0.17322708666324615
0.1734064817428589
0.17282676696777344
0.172745943069458
0.1726098358631134
0.172169029712677
0.1725563257932663
0.17290662229061127
0.17232921719551086
0.17322377860546112
0.17304690182209015
0.17219705879688263
0.1719825267791748
0.17175763845443726
0.17162871360778809
0.1716541200876236
0.17123666405677795
0.17178739607334137
0.17133522033691406
0.1719304621219635
0.1708047091960907
0.1712556779384613
0.17148299515247345
0.17090611159801483
0.17095525562763214
0.17060600221157074
0.17069360613822937
0.1708471029996872
0.17077626287937164
0.1702999472618103
0.1699523627758026
0.17035441100597382
0.17022980749607086
0.17034611105918884
0.17044633626937866
0.17009727656841278
0.16948053240776062
0.1696861833333969
0.16972169280052185
0.16925440728664398
0.16952615976333618
0.16960060596466064
0.16945353150367737
0.1692327857017517
0.16914498805999756
0.1688261330127716
0.16884583234786987
0.16865143179893494
0.16894328594207764
0.16865460574626923
0.16908268630504608
0.16825586557388306
0.1686730533838272
0.16834121942520142
0.16825196146965027
0.1687512844800949
0.16800585389137268
0.1684347689151764
0.16785193979740143
0.16761963069438934
0.1670188009738922
0.16678038239479065
0.16691391170024872
0.1666654646396637
0.1666048914194107
0.16671143472194672
0.16657178103923798
0.16665709018707275
0.16665613651275635
0.16647668182849884
0.1665070503950119
0.16660639643669128
0.16648314893245697
0.166511669754982
0.1665181815624237
0.16648200154304504
0.16636206209659576
0.16649426519870758
0.16620191931724548
0.16605837643146515
0.16655980050563812
0.1663997769355774
0.16621091961860657
0.16591070592403412
0.16607534885406494
0.16616694629192352
0.16632011532783508
0.16570442914962769
0.16591453552246094
0.16590675711631775
0.16592155396938324
0.16569851338863373
0.16560401022434235
0.16596421599388123
0.1658208817243576
0.1653987020254135
0.165421262383461
0.16565318405628204
0.1654452681541443
0.1654868870973587
0.1652076244354248
0.16527730226516724
0.16520175337791443
0.16542358696460724
0.16510966420173645
0.1649729460477829
0.16497501730918884
0.1649142950773239
0.16488558053970337
0.16490110754966736
0.16496692597866058
0.16486413776874542
0.16483919322490692
0.16489773988723755
0.16479681432247162
0.1646488904953003
0.16467712819576263
0.16458357870578766
0.16461877524852753
0.16459226608276367
0.1646285057067871
0.16432620584964752
0.16448445618152618
0.1643628627061844
0.1643807739019394
0.16441111266613007
0.1643296778202057
0.16433176398277283
0.16434869170188904
0.16435474157333374
0.1642020344734192
0.16425788402557373
0.1640457659959793
0.16405124962329865
0.16390164196491241
0.16386282444000244
0.16405445337295532
0.1640554964542389
0.1639421135187149
0.16379845142364502
0.163619726896286
0.16360950469970703
0.16361291706562042
0.16348305344581604
0.16362756490707397
0.16333016753196716
0.16348373889923096
0.1634489893913269
0.16352412104606628
0.16316920518875122
0.16312485933303833
0.16339711844921112
0.1632404774427414
0.16317330300807953
0.16310237348079681
0.1630754917860031
0.16318108141422272
0.16294187307357788
0.1630324274301529
0.16310110688209534
0.1624251902103424
0.16256587207317352
0.1624274104833603
0.16246071457862854
0.16235777735710144
0.16237129271030426
0.16239343583583832
0.1622660607099533
0.16244733333587646
0.16232575476169586
0.1623276174068451
0.1623086780309677
0.16214942932128906
0.16210268437862396
0.16211171448230743
0.16214291751384735
0.16217033565044403
0.16217347979545593
0.16210173070430756
0.16208946704864502
0.16211213171482086
0.16199539601802826
0.16207122802734375
0.16203945875167847
0.16195140779018402
0.161950945854187
0.16196008026599884
0.1619064211845398
0.16194351017475128
0.16191387176513672
0.16175702214241028
0.16180232167243958
0.1619228571653366
0.16195683181285858
0.1617952585220337
0.16167648136615753
0.16168341040611267
0.16169990599155426
0.1616378277540207
0.1616993546485901
0.16180868446826935
0.16157551109790802
0.16152524948120117
0.16150160133838654
0.16153110563755035
0.16157501935958862
0.16144464910030365
0.1614946871995926
0.16135470569133759
0.16149064898490906
0.16145721077919006
0.1613159030675888
0.16142375767230988
0.16131986677646637
0.16133539378643036
0.16130881011486053
0.16123682260513306
0.16129125654697418
0.16138996183872223
0.16150912642478943
0.16130942106246948
0.16112202405929565
0.1611865758895874
0.1613629013299942
0.16117753088474274
0.16114352643489838
0.1611233651638031
0.16141195595264435
0.16115686297416687
0.16112184524536133
0.16096088290214539
0.16103634238243103
0.16097018122673035
0.16086450219154358
0.16076868772506714
0.1608150601387024
0.16084802150726318
0.1609402745962143
0.1608343869447708
0.16093933582305908
0.16085359454154968
0.16076254844665527
0.16078075766563416
0.16069914400577545
0.16061802208423615
0.16065220534801483
0.16068094968795776
0.16080713272094727
0.16057586669921875
0.1605960577726364
0.16062085330486298
0.16055069863796234
0.16047292947769165
0.160604789853096
0.16052450239658356
0.16055065393447876
0.16049589216709137
0.16044791042804718
0.1605384200811386
0.16047604382038116
0.1601983904838562
0.1601838767528534
0.16021288931369781
0.1601385474205017
0.16016307473182678
0.16008923947811127
0.16008318960666656
0.1600850522518158
0.1601126790046692
0.16007061302661896
0.16007590293884277
0.16009071469306946
0.16003666818141937
0.16002292931079865
0.16005375981330872
0.1600269228219986
0.16000278294086456
0.1600034236907959
0.1599588543176651
0.16002757847309113
0.15996769070625305
0.1599501073360443
0.1600096970796585
0.1600113958120346
0.15996158123016357
0.15992525219917297
0.1599085032939911
0.15987320244312286
0.15989908576011658
0.15986031293869019
0.15986718237400055
0.1598670482635498
0.15987904369831085
0.15982063114643097
0.15982845425605774
0.15988238155841827
0.1598188430070877
0.1598070114850998
0.15980640053749084
0.15976658463478088
0.15976203978061676
0.15975627303123474
0.15978799760341644
0.15976513922214508
0.1597018986940384
0.15974915027618408
0.15968430042266846
0.15968528389930725
0.15968109667301178
0.15967069566249847
0.1597440242767334
0.15972280502319336
0.15972201526165009
0.15964898467063904
0.15963369607925415
0.15964020788669586
0.15962029993534088
0.15965373814105988
0.15953728556632996
0.15960493683815002
0.15955911576747894
0.15954014658927917
0.1596367508172989
0.15959709882736206
0.15953956544399261
0.1595676690340042
0.15947623550891876
0.15949036180973053
0.15951161086559296
0.15945599973201752
0.1594957709312439
0.15949617326259613
0.15954165160655975
0.15950387716293335
0.15943673253059387
0.15945695340633392
0.159393772482872
0.1594088077545166
0.15941831469535828
0.15934878587722778
0.15933041274547577
0.159341499209404
0.1593378186225891
0.15935462713241577
0.15931518375873566
0.15935367345809937
0.159295916557312
0.159274622797966
0.1592799574136734
0.15926648676395416
0.15925203263759613
0.1593281626701355
0.15921691060066223
0.1592118889093399
0.15925292670726776
0.15920063853263855
0.15918639302253723
0.15917591750621796
0.1591489464044571
0.15917381644248962
0.15906701982021332
0.15908601880073547
0.15904709696769714
0.15904894471168518
0.15903308987617493
0.15900638699531555
0.15901866555213928
0.1590225249528885
0.15902860462665558
0.1589982658624649
0.15902045369148254
0.15899239480495453
0.15897531807422638
0.15900328755378723
0.15897968411445618
0.15898358821868896
0.1589621752500534
0.15896041691303253
0.1589447259902954
0.15897029638290405
0.15897858142852783
0.1589544266462326
0.1589667797088623
0.15894000232219696
0.15892918407917023
0.1589159369468689
0.15893717110157013
0.15889574587345123
0.15893791615962982
0.15890417993068695
0.1589173525571823
0.1588999330997467
0.1588892638683319
0.15887533128261566
0.15887239575386047
0.15885396301746368
0.15888270735740662
0.15885771811008453
0.15885847806930542
0.15887370705604553
0.15887312591075897
0.1588606983423233
0.1588224172592163
0.1588446944952011
0.15888522565364838
0.15882627665996552
0.1588103175163269
0.1588495671749115
0.15880218148231506
0.15880186855793
0.1588154137134552
0.15878023207187653
0.15877623856067657
0.15882112085819244
0.15878626704216003
0.15876759588718414
0.15878798067569733
0.15879538655281067
0.158762589097023
0.15877820551395416
0.15876320004463196
0.15875668823719025
0.15874460339546204
0.1587345153093338
0.15874116122722626
0.15874342620372772
0.1587420105934143
0.15874642133712769
0.15873321890830994
0.15876100957393646
0.15872523188591003
0.15871848165988922
0.15869805216789246
0.15869101881980896
0.1586986780166626
0.15867851674556732
0.15869037806987762
0.15866191685199738
0.1586507260799408
0.15866677463054657
0.15875723958015442
0.158661350607872
0.15865947306156158
0.15864259004592896
0.15862151980400085
0.158625066280365
0.15861481428146362
0.15862621366977692
0.15862326323986053
0.15860500931739807
0.1585886925458908
0.1585921198129654
0.158595010638237
0.1585884690284729
0.1586182415485382
0.15857692062854767
0.15857139229774475
0.15855439007282257
0.15857060253620148
0.15855997800827026
0.15851548314094543
0.15852338075637817
0.1584896743297577
0.15849104523658752
0.15850362181663513
0.15850023925304413
0.1584777683019638
0.15848620235919952
0.15850313007831573
0.1584731638431549
0.1584867388010025
0.15848678350448608
0.15847814083099365
0.15846581757068634
0.15846364200115204
0.15847405791282654
0.15845440328121185
0.15846583247184753
0.15847283601760864
0.15846019983291626
0.15845635533332825
0.1584751456975937
0.1584445834159851
0.15844586491584778
0.15843819081783295
0.15844562649726868
0.1584366261959076
0.1584329754114151
0.15842333436012268
0.15842927992343903
0.15843218564987183
0.15842844545841217
0.15841072797775269
0.15841275453567505
0.15840859711170197
0.15841619670391083
0.15840832889080048
0.15840718150138855
0.15839891135692596
0.1583997905254364
0.1584106683731079
0.15840283036231995
0.15839168429374695
0.15839152038097382
0.1583942174911499
0.15839168429374695
0.15837877988815308
0.15838296711444855
0.15836922824382782
0.15838274359703064
0.15838152170181274
0.1583702117204666
0.1583825796842575
0.15838897228240967
0.15836453437805176
0.1583549529314041
0.15835779905319214
0.1583596169948578
0.15835121273994446
0.1583516001701355
0.15834979712963104
0.15835528075695038
0.15836112201213837
0.15834534168243408
0.15835347771644592
0.15834131836891174
0.1583317220211029
0.15833115577697754
0.15833507478237152
0.15833017230033875
0.1583300679922104
0.1583491712808609
0.15831749141216278
0.15833057463169098
0.1583128720521927
0.1583092212677002
0.1583060473203659
0.15831679105758667
0.15830540657043457
0.15829826891422272
0.15829387307167053
0.15829667448997498
0.15830276906490326
0.15830564498901367
0.15831255912780762
0.15828192234039307
0.15829221904277802
0.15827064216136932
0.1582774966955185
0.15827403962612152
0.15828919410705566
0.1582874208688736
0.15828974545001984
0.15826474130153656
0.1582648754119873
0.15827912092208862
0.15827514231204987
0.15825499594211578
0.1582677662372589
0.15824849903583527
0.15822967886924744
0.1582329124212265
0.15822352468967438
0.1582322120666504
0.15821760892868042
0.15821927785873413
0.1582205891609192
0.15821856260299683
0.15821532905101776
0.15821464359760284
0.15821735560894012
0.15821735560894012
0.15821410715579987
0.15820926427841187
0.15820470452308655
0.1582052856683731
0.1582050770521164
0.15820010006427765
0.15819919109344482
0.15821248292922974
0.15819698572158813
0.15820161998271942
0.15819403529167175
0.15820486843585968
0.15819306671619415
0.15819306671619415
0.15819936990737915
0.15818828344345093
0.15819112956523895
0.1581895351409912
0.15818680822849274
0.15819042921066284
0.15818294882774353
0.15818123519420624
0.1581893414258957
0.15818272531032562
0.15818265080451965
0.15817689895629883
0.15817897021770477
0.15817740559577942
0.15817275643348694
0.15817631781101227
0.15817297995090485
0.15817463397979736
0.15817075967788696
0.1581670641899109
0.15817271173000336
0.15816767513751984
0.1581629365682602
0.158167764544487
0.15816442668437958
0.15816408395767212
0.1581602692604065
0.15815995633602142
0.15815487504005432
0.15815669298171997
0.1581510305404663
0.15815351903438568
0.158160999417305
0.1581568419933319
0.15815310180187225
0.1581445187330246
0.15815003216266632
0.15815047919750214
0.15814471244812012
0.1581474095582962
0.1581425964832306
0.15814562141895294
0.15813712775707245
0.15813376009464264
0.15814253687858582
0.15814200043678284
0.1581488698720932
0.15813715755939484
0.15813492238521576
0.15813589096069336
0.15813203155994415
0.15813401341438293
0.15813209116458893
0.15812690556049347
0.15813003480434418
0.15812459588050842
0.15812212228775024
0.1581236869096756
0.1581188291311264
0.15811845660209656
0.158123180270195
0.15811917185783386
0.15812377631664276
0.15811586380004883
0.1581142395734787
0.15811389684677124
0.15810908377170563
0.1581084281206131
0.15810522437095642
0.15811488032341003
0.15809990465641022
0.1581086665391922
0.15810365974903107
0.15810556709766388
0.1580868512392044
0.15808798372745514
0.15808768570423126
0.1580849438905716
0.15808792412281036
0.15808619558811188
0.15808327496051788
0.15808634459972382
0.15808232128620148
0.15808477997779846
0.15807947516441345
0.15807951986789703
0.1580805629491806
0.15807773172855377
0.1580819934606552
0.15808473527431488
0.15808558464050293
0.1580824851989746
0.15807737410068512
0.1580774486064911
0.15807539224624634
0.15807560086250305
0.15807421505451202
0.1580738127231598
0.15807689726352692
0.15807391703128815
0.15807080268859863
0.15807203948497772
0.15807636082172394
0.15807229280471802
0.15807093679904938
0.15807075798511505
0.15806768834590912
0.1580696403980255
0.15806622803211212
0.15806695818901062
0.15806691348552704
0.15806294977664948
0.1580652892589569
0.15806248784065247
0.1580638885498047
0.15806496143341064
0.1580614298582077
0.15806007385253906
0.15805943310260773
0.1580616980791092
0.1580638885498047
0.15805579721927643
0.15805913507938385
0.1580553948879242
0.1580580174922943
0.15806040167808533
0.1580553650856018
0.1580556184053421
0.15805146098136902
0.15805326402187347
0.15805374085903168
0.15805239975452423
0.15805256366729736
0.15804731845855713
0.15804991126060486
0.15804915130138397
0.1580483615398407
0.15804731845855713
0.15804830193519592
0.1580439656972885
0.1580468863248825
0.15804339945316315
0.15804851055145264
0.15804612636566162
0.1580444574356079
0.15804335474967957
0.15804517269134521
0.15804235637187958
0.15804527699947357
0.15804307162761688
0.15803906321525574
0.15803931653499603
0.15804070234298706
0.15803834795951843
0.15803733468055725
0.15803655982017517
0.1580338329076767
0.1580345332622528
0.15803414583206177
0.15803594887256622
0.15803582966327667
0.15803202986717224
0.15803344547748566
0.1580340564250946
0.1580340713262558
0.1580294370651245
0.15802893042564392
0.15803031623363495
0.15802855789661407
0.15802942216396332
0.15802551805973053
0.15803050994873047
0.15802761912345886
0.15802831947803497
0.15801969170570374
0.1580193191766739
0.15801912546157837
0.1580178588628769
0.15801747143268585
0.15801940858364105
0.1580163836479187
0.15801748633384705
0.1580159217119217
0.1580161154270172
0.15801820158958435
0.15801644325256348
0.158015638589859
0.15801633894443512
0.15801522135734558
0.1580137312412262
0.15801605582237244
0.15801399946212769
0.1580144166946411
0.15801392495632172
0.15801379084587097
0.15801283717155457
0.1580156683921814
0.15801367163658142
0.15801168978214264
0.15801261365413666
0.15801216661930084
0.15801140666007996
0.15801165997982025
0.15800993144512177
0.15801048278808594
0.15800824761390686
0.15801064670085907
0.15800955891609192
0.1580093801021576
0.15800750255584717
0.1580072045326233
0.1580069214105606
0.15800805389881134
0.15800733864307404
0.1580057591199875
0.15800698101520538
0.15800517797470093
0.15800762176513672
0.1580054759979248
0.15800711512565613
0.15800561010837555
0.158005952835083
0.1580064296722412
0.15800689160823822
0.1580011546611786
0.15800230205059052
0.15800121426582336
0.15800201892852783
0.15800274908542633
0.1580016016960144
0.1580011546611786
0.1580016314983368
0.15800276398658752
0.15800100564956665
0.15800024569034576
0.1579994112253189
0.15799880027770996
0.1579999476671219
0.15800021588802338
0.15799950063228607
0.15799932181835175
0.1580001711845398
0.15799662470817566
0.15799768269062042
0.15799744427204132
0.15799687802791595
0.15799665451049805
0.15799707174301147
0.15799839794635773
0.15799443423748016
0.1579941064119339
0.1579946130514145
0.15799643099308014
0.15799584984779358
0.1579931378364563
0.15799282491207123
0.15799304842948914
0.15799234807491302
0.15799297392368317
0.15799164772033691
0.1579945683479309
0.15799471735954285
0.15799273550510406
0.15799322724342346
0.15799134969711304
0.15799196064472198
0.15799042582511902
0.15798962116241455
0.1579904556274414
0.15799398720264435
0.15798775851726532
0.15798872709274292
0.15798799693584442
0.15798723697662354
0.1579844355583191
0.15798398852348328
0.15798409283161163
0.1579844355583191
0.15798582136631012
0.157984659075737
0.15798456966876984
0.15798363089561462
0.157983660697937
0.15798307955265045
0.1579829752445221
0.15798336267471313
0.15798313915729523
0.1579826921224594
0.15798497200012207
0.15798233449459076
0.15798278152942657
0.15798211097717285
0.15798160433769226
0.15798211097717285
0.15798141062259674
0.15798130631446838
0.15798062086105347
0.1579807847738266
0.15798111259937286
0.15798136591911316
0.15798155963420868
0.15798066556453705
0.15798038244247437
0.15797993540763855
0.15798085927963257
0.1579802930355072
0.15798085927963257
0.1579800248146057
0.15797993540763855
0.1579800695180893
0.15797926485538483
0.15797868371009827
0.15797854959964752
0.15797866880893707
0.1579793244600296
0.15797796845436096
0.15797851979732513
0.1579788774251938
0.15797771513462067
0.157977893948555
0.15797893702983856
0.1579779088497162
0.1579769104719162
0.15797768533229828
0.15797701478004456
0.15797725319862366
0.1579783707857132
0.15797628462314606
0.15797634422779083
0.15797612071037292
0.15797658264636993
0.15797559916973114
0.15797628462314606
0.15797579288482666
0.15797634422779083
0.1579761803150177
0.15797710418701172
0.1579759567975998
0.15797533094882965
0.15797433257102966
0.1579749882221222
0.1579742133617401
0.15797452628612518
0.1579744815826416
0.15797467529773712
0.15797486901283264
0.15797379612922668
0.1579739898443222
0.15797452628612518
0.15797393023967743
0.15797288715839386
0.15797339379787445
0.1579727828502655
0.15797339379787445
0.15797248482704163
0.15797306597232819
0.15797221660614014
0.15797282755374908
0.15797185897827148
0.15797246992588043
0.15797166526317596
0.1579723358154297
0.15797218680381775
0.15797214210033417
0.15797072649002075
0.15797093510627747
0.1579708307981491
0.1579701155424118
0.15797093510627747
0.15797223150730133
0.15797053277492523
0.1579701155424118
0.1579703390598297
0.15797068178653717
0.15796886384487152
0.15796828269958496
0.15796856582164764
0.15796788036823273
0.1579681783914566
0.1579676866531372
0.1579674780368805
0.15796774625778198
0.1579676866531372
0.1579677164554596
0.15796741843223572
0.1579674333333969
0.15796712040901184
0.15796788036823273
0.15796788036823273
0.1579674631357193
0.157967209815979
0.15796726942062378
0.1579669564962387
0.157967209815979
0.15796734392642975
0.15796704590320587
0.15796740353107452
0.1579665094614029
0.15796661376953125
0.15796709060668945
0.15796731412410736
0.15796703100204468
0.1579664796590805
0.15796680748462677
0.15796662867069244
0.1579662263393402
0.15796634554862976
0.1579662710428238
0.15796680748462677
0.15796607732772827
0.15796591341495514
0.15796567499637604
0.15796612203121185
0.1579662412405014
0.157965749502182
0.15796592831611633
0.15796609222888947
0.1579655557870865
0.15796591341495514
0.1579653024673462
0.1579653024673462
0.15796519815921783
0.1579653024673462
0.15796522796154022
0.1579653024673462
0.15796546638011932
0.1579650491476059
0.15796512365341187
0.15796516835689545
0.15796470642089844
0.15796507894992828
0.1579648107290268
0.157965287566185
0.15796470642089844
0.1579650640487671
0.15796510875225067
0.1579650491476059
0.15796498954296112
0.15796424448490143
0.15796500444412231
0.15796397626399994
0.15796400606632233
0.15796437859535217
0.15796390175819397
0.15796400606632233
0.15796370804309845
0.15796425938606262
0.15796419978141785
0.15796396136283875
0.15796367824077606
0.15796391665935516
0.15796391665935516
0.15796373784542084
0.1579636037349701
0.15796402096748352
0.15796351432800293
0.15796343982219696
0.1579635739326477
0.15796416997909546
0.15796343982219696
0.15796327590942383
0.15796303749084473
0.15796294808387756
0.15796323120594025
0.15796299278736115
0.1579633206129074
0.1579633355140686
0.15796266496181488
0.1579625904560089
0.157962366938591
0.15796269476413727
0.15796257555484772
0.15796273946762085
0.1579626351594925
0.15796197950839996
0.15796227753162384
0.157962366938591
0.15796197950839996
0.15796183049678802
0.15796218812465668
0.1579613983631134
0.15796148777008057
0.1579616516828537
0.15796153247356415
0.1579614132642746
0.1579621136188507
0.1579616814851761
0.15796177089214325
0.15796127915382385
0.15796147286891937
0.1579618901014328
0.1579616516828537
0.15796135365962982
0.15796110033988953
0.1579611897468567
0.15796184539794922
0.15796129405498505
0.15796126425266266
0.15796074271202087
0.15796074271202087
0.15796087682247162
0.15796108543872833
0.1579611450433731
0.15796194970607758
0.15796063840389252
0.15796075761318207
0.1579607129096985
0.15796062350273132
0.15796057879924774
0.157960444688797
0.15796011686325073
0.15796034038066864
0.15796062350273132
0.15796037018299103
0.1579602062702179
0.15796013176441193
0.15796001255512238
0.15795999765396118
0.1579599827528
0.15795990824699402
0.15796014666557312
0.15796026587486267
0.1579597443342209
0.1579597443342209
0.15796029567718506
0.1579602062702179
0.15796013176441193
0.1579596847295761
0.15795987844467163
0.15795981884002686
0.15795943140983582
0.15795961022377014
0.15795978903770447
0.15795965492725372
0.15795937180519104
0.15795902907848358
0.15795931220054626
0.15795931220054626
0.15795934200286865
0.15795958042144775
0.15796072781085968
0.1579594612121582
0.15795893967151642
0.1579592376947403
0.15795889496803284
0.15795917809009552
0.157958984375
