0.8153891563415527
0.6416023969650269
0.5513705015182495
0.49280551075935364
0.4662567377090454
0.44627124071121216
0.4301129877567291
0.41704535484313965
0.40544435381889343
0.398610383272171
0.3931463360786438
0.38922619819641113
0.3855360448360443
0.3839972913265228
0.38324853777885437
0.37999698519706726
0.3782963752746582
0.3770127296447754
0.3754034638404846
0.37409207224845886
0.3729383647441864
0.37198203802108765
0.3711589574813843
0.3701913356781006
0.3694239854812622
0.3683196008205414
0.36800330877304077
0.36680281162261963
0.3660499155521393
0.36484625935554504
0.3639637231826782
0.36369603872299194
0.3631364703178406
0.3630150556564331
0.361120343208313
0.3607013523578644
0.3602263331413269
0.3599525988101959
0.3591935336589813
0.35793763399124146
0.35773465037345886
0.357341468334198
0.3563677668571472
0.3557700514793396
0.35548749566078186
0.3557005226612091
0.3543826937675476
0.3547998070716858
0.3540087938308716
0.3524784743785858
0.3522290885448456
0.3518490493297577
0.3510744869709015
0.35076671838760376
0.3501913249492645
0.3496178686618805
0.3492606580257416
0.34828492999076843
0.34905651211738586
0.3476465940475464
0.34770023822784424
0.34687942266464233
0.34713783860206604
0.34506818652153015
0.3443138599395752
0.3467221260070801
0.3438396751880646
0.3446146547794342
0.34214550256729126
0.3420275151729584
0.3416416049003601
0.34059521555900574
0.33993029594421387
0.33951467275619507
0.3393650949001312
0.33992063999176025
0.33767420053482056
0.33800825476646423
0.3371884524822235
0.3390215039253235
0.3353015184402466
0.33659598231315613
0.3348475694656372
0.33525973558425903
0.3338484466075897
0.3336246907711029
0.33301809430122375
0.3331860601902008
0.33314645290374756
0.3321246802806854
0.3317491412162781
0.33127421140670776
0.33069244027137756
0.3281988501548767
0.328357070684433
0.328676700592041
0.32784172892570496
0.3271926939487457
0.3272019326686859
0.32615870237350464
0.3253692388534546
0.32551491260528564
0.326560914516449
0.32306793332099915
0.32288339734077454
0.3235284388065338
0.3219405710697174
0.32148486375808716
0.32023030519485474
0.321213960647583
0.32045692205429077
0.31967592239379883
0.31904923915863037
0.3182426989078522
0.31827402114868164
0.3184865713119507
0.3170909583568573
0.31732872128486633
0.31706562638282776
0.3143720328807831
0.3136713206768036
0.31320902705192566
0.3130764365196228
0.3138732612133026
0.3122546672821045
0.312823086977005
0.3129018247127533
0.3104085326194763
0.31075239181518555
0.31122109293937683
0.3089841902256012
0.30990689992904663
0.30887559056282043
0.30739831924438477
0.30912554264068604
0.3068256378173828
0.30762672424316406
0.30586427450180054
0.3068392276763916
0.30492740869522095
0.30312874913215637
0.30235156416893005
0.30197224020957947
0.30194833874702454
0.3014652729034424
0.3005838692188263
0.3008148968219757
0.30081871151924133
0.29989153146743774
0.299796998500824
0.30065667629241943
0.2992555797100067
0.29919156432151794
0.29896461963653564
0.29895615577697754
0.298795223236084
0.29819267988204956
0.29819223284721375
0.2979051470756531
0.29925310611724854
0.2971225678920746
0.2967880070209503
0.2964734137058258
0.2968306839466095
0.2955944538116455
0.2957448959350586
0.29652178287506104
0.2955178916454315
0.294647753238678
0.2956506609916687
0.2942364811897278
0.293802946805954
0.29583317041397095
0.29374605417251587
0.29351621866226196
0.2932392954826355
0.292504221200943
0.2923957407474518
0.292761892080307
0.2926289737224579
0.2928219735622406
0.2917357087135315
0.2918284833431244
0.2916910648345947
0.29119664430618286
0.29076892137527466
0.2907993197441101
0.29113200306892395
0.29094162583351135
0.29058772325515747
0.2903707027435303
0.29016974568367004
0.28909817337989807
0.2891217768192291
0.2893550395965576
0.28814929723739624
0.28860709071159363
0.28832244873046875
0.2884778678417206
0.2878642976284027
0.2884341776371002
0.28723853826522827
0.28843408823013306
0.2865679860115051
0.2869594395160675
0.28648027777671814
0.2863157391548157
0.2863115966320038
0.2877486050128937
0.2860444188117981
0.28609660267829895
0.2875227630138397
0.28583696484565735
0.28662481904029846
0.28488466143608093
0.2850550711154938
0.28765878081321716
0.28489696979522705
0.28461912274360657
0.28357169032096863
0.2834663689136505
0.28424882888793945
0.2841649055480957
0.2831421494483948
0.283170610666275
0.28272756934165955
0.28227993845939636
0.28238794207572937
0.28268003463745117
0.2822357416152954
0.28191572427749634
0.28086599707603455
0.28139176964759827
0.2811233699321747
0.2803284227848053
0.2807008922100067
0.2815185785293579
0.2800505459308624
0.2799193859100342
0.2822272777557373
0.2791250944137573
0.27791905403137207
0.278370201587677
0.2780429422855377
0.27782759070396423
0.27744531631469727
0.27782171964645386
0.277790367603302
0.27825403213500977
0.2770044207572937
0.2775663137435913
0.27707570791244507
0.2770601809024811
0.2765202820301056
0.27628421783447266
0.27676674723625183
0.2768653929233551
0.2764616012573242
0.2763904333114624
0.2761048674583435
0.2760055363178253
0.27586573362350464
0.27621808648109436
0.27616843581199646
0.27609750628471375
0.27611303329467773
0.2755105495452881
0.2754875123500824
0.27533096075057983
0.2755819261074066
0.27472060918807983
0.2747237980365753
0.2745259702205658
0.2744807004928589
0.2747448980808258
0.27448365092277527
0.27386096119880676
0.2742920219898224
0.2741316556930542
0.27387621998786926
0.27400442957878113
0.2738742530345917
0.2736274302005768
0.27373555302619934
0.27333492040634155
0.2733464539051056
0.27324214577674866
0.2730846703052521
0.2729935944080353
0.27314063906669617
0.27340012788772583
0.27247366309165955
0.2724958658218384
0.27257049083709717
0.27304771542549133
0.2726133465766907
0.2722795009613037
0.271841436624527
0.2723664343357086
0.2722901999950409
0.2716080844402313
0.27198100090026855
0.272148460149765
0.27132636308670044
0.27146825194358826
0.2712746262550354
0.2715817093849182
0.2713250517845154
0.27105462551116943
0.27121439576148987
0.2708466053009033
0.27100926637649536
0.27093568444252014
0.2712255120277405
0.2705686390399933
0.2708834111690521
0.27093324065208435
0.27107372879981995
0.2700432240962982
0.27028897404670715
0.27000197768211365
0.26975929737091064
0.27073222398757935
0.26988255977630615
0.2700718939304352
0.2695601284503937
0.26969239115715027
0.26944005489349365
0.26904523372650146
0.2691514790058136
0.2690325677394867
0.269496351480484
0.2689908742904663
0.2687499225139618
0.2688913345336914
0.26944699883461
0.26865050196647644
0.26820170879364014
0.26977869868278503
0.26885589957237244
0.2677708566188812
0.26778143644332886
0.26742997765541077
0.26740965247154236
0.2674766182899475
0.26743650436401367
0.26728153228759766
0.2674228250980377
0.26766154170036316
0.267143189907074
0.2670776844024658
0.2670213580131531
0.26702213287353516
0.2670290768146515
0.26738497614860535
0.2670198678970337
0.26684102416038513
0.2670649290084839
0.2669859528541565
0.2669551968574524
0.2667585611343384
0.26676613092422485
0.26646435260772705
0.2664867043495178
0.2665746510028839
0.26653966307640076
0.2664153277873993
0.26627200841903687
0.2664194703102112
0.2668391764163971
0.26622891426086426
0.2661072015762329
0.26627543568611145
0.26616811752319336
0.2659999430179596
0.2661905884742737
0.2662622034549713
0.2662730813026428
0.2659910023212433
0.2658418118953705
0.2658412754535675
0.26593905687332153
0.2659299373626709
0.2659732699394226
0.2658468186855316
0.2656290829181671
0.26579639315605164
0.26578402519226074
0.26574811339378357
0.26550307869911194
0.26551467180252075
0.2654789388179779
0.26548340916633606
0.2652539610862732
0.26526185870170593
0.26543277502059937
0.26525282859802246
0.2653067708015442
0.2651357650756836
0.26537206768989563
0.26501011848449707
0.26489561796188354
0.26495176553726196
0.2648420035839081
0.2649136781692505
0.2648692727088928
0.2648604214191437
0.2646278440952301
0.26461657881736755
0.26461517810821533
0.26472723484039307
0.2644597887992859
0.2645021677017212
0.26443007588386536
0.26449140906333923
0.2644210159778595
0.2643856704235077
0.2642822563648224
0.2644079923629761
0.2643022835254669
0.26427045464515686
0.26420313119888306
0.26410484313964844
0.2639673352241516
0.26380497217178345
0.26425111293792725
0.26380741596221924
0.263805091381073
0.2637108862400055
0.26384106278419495
0.2640632092952728
0.2636295258998871
0.2636072337627411
0.2636401355266571
0.26363998651504517
0.2637653648853302
0.26370564103126526
0.26362356543540955
0.2633923590183258
0.2634708881378174
0.26314303278923035
0.263057678937912
0.2629941999912262
0.26289135217666626
0.2629133462905884
0.2629565894603729
0.262922465801239
0.26279088854789734
0.2627517879009247
0.2628134787082672
0.26288115978240967
0.2627438008785248
0.26277148723602295
0.2627641260623932
0.26270586252212524
0.2625869810581207
0.262676477432251
0.26270973682403564
0.2626308798789978
0.2625053822994232
0.26257139444351196
0.2626957893371582
0.2626200020313263
0.26253172755241394
0.26245880126953125
0.2625424265861511
0.262434720993042
0.2623574137687683
0.2624189555644989
0.26240673661231995
0.2623324692249298
0.2623468041419983
0.2622349262237549
0.26220542192459106
0.2621769905090332
0.2622297704219818
0.2622319459915161
0.2621837258338928
0.26231926679611206
0.26215672492980957
0.26211103796958923
0.26205888390541077
0.2621566355228424
0.2620629668235779
0.26215627789497375
0.2621151804924011
0.2620057761669159
0.2619391977787018
0.2620866894721985
0.261860728263855
0.2620294690132141
0.2618682384490967
0.2618226408958435
0.2619240880012512
0.2620355188846588
0.26191946864128113
0.2617749869823456
0.2619017958641052
0.26167887449264526
0.26175034046173096
0.2617349624633789
0.26188531517982483
0.2617478370666504
0.2616921067237854
0.26170364022254944
0.26179707050323486
0.2616918683052063
0.2615955173969269
0.26150238513946533
0.2617420256137848
0.26146697998046875
0.2613941729068756
0.26152145862579346
0.261734277009964
0.2614457905292511
0.26134490966796875
0.2613540291786194
0.26129698753356934
0.2613917291164398
0.26128557324409485
0.26125308871269226
0.2613385319709778
0.261272132396698
0.26141756772994995
0.2614528238773346
0.2612861096858978
0.26129576563835144
0.26122328639030457
0.26110073924064636
0.26115959882736206
0.2612152695655823
0.26107680797576904
0.2610277831554413
0.261004239320755
0.26109373569488525
0.2609446942806244
0.2610037624835968
0.26107481122016907
0.26094546914100647
0.2609039545059204
0.2607437074184418
0.2606939375400543
0.2606544494628906
0.2606728971004486
0.2607565224170685
0.2606700658798218
0.26071465015411377
0.26064297556877136
0.26065167784690857
0.26062583923339844
0.2606155276298523
0.26064103841781616
0.26060423254966736
0.26063767075538635
0.26059889793395996
0.2606009244918823
0.26052939891815186
0.2605237662792206
0.26053184270858765
0.2604678273200989
0.2604941129684448
0.2605302035808563
0.26049911975860596
0.2604868412017822
0.2604401409626007
0.26043301820755005
0.2604854106903076
0.26041120290756226
0.260410338640213
0.2604218125343323
0.26036643981933594
0.2603568136692047
0.26042431592941284
0.2605063021183014
0.26032939553260803
0.26032859086990356
0.2603105902671814
0.26035308837890625
0.2603810727596283
0.26030173897743225
0.26027196645736694
0.2603350579738617
0.2604602873325348
0.26029112935066223
0.2602173984050751
0.260271281003952
0.2602171301841736
0.26027047634124756
0.26021668314933777
0.26020121574401855
0.2602163553237915
0.2601986527442932
0.26014015078544617
0.26019924879074097
0.2601129412651062
0.26024794578552246
0.2601771354675293
0.2601044476032257
0.2601160407066345
0.26010262966156006
0.26014649868011475
0.26006633043289185
0.26007145643234253
0.2600219249725342
0.26002952456474304
0.26000791788101196
0.25997841358184814
0.26007091999053955
0.2600228786468506
0.2600456774234772
0.259956419467926
0.2599474787712097
0.25997427105903625
0.2600102126598358
0.2599646747112274
0.25997021794319153
0.2599274218082428
0.2598956525325775
0.2599131762981415
0.25997084379196167
0.25986528396606445
0.25994357466697693
0.2598661184310913
0.2598329186439514
0.2598187327384949
0.2598028779029846
0.2597988247871399
0.25981375575065613
0.25979283452033997
0.259815514087677
0.2597782611846924
0.2597426772117615
0.25980064272880554
0.2597298324108124
0.25981736183166504
0.2597094178199768
0.2597428262233734
0.2597104012966156
0.2596920132637024
0.25965210795402527
0.25960561633110046
0.25955137610435486
0.25958946347236633
0.2595806419849396
0.25953221321105957
0.2595351040363312
0.2595355808734894
0.25956976413726807
0.25954049825668335
0.2595137357711792
0.25950637459754944
0.2596524953842163
0.2596052885055542
0.259488970041275
0.2594767212867737
0.2594982981681824
0.25951582193374634
0.25948163866996765
0.25953054428100586
0.25950220227241516
0.2594967782497406
0.2594718039035797
0.25943946838378906
0.2594399154186249
0.25945115089416504
0.25942206382751465
0.2594491243362427
0.2594284117221832
0.2593897879123688
0.25940579175949097
0.25938937067985535
0.25943949818611145
0.2593868374824524
0.2594185173511505
0.259368896484375
0.25937217473983765
0.25934481620788574
0.2593967020511627
0.2593832015991211
0.2593404948711395
0.25935620069503784
0.2593209743499756
0.2593878507614136
0.25934797525405884
0.25930339097976685
0.2593103349208832
0.25928613543510437
0.2593207359313965
0.25928208231925964
0.2593322694301605
0.25926363468170166
0.2592853307723999
0.2592659592628479
0.25925400853157043
0.2592518627643585
0.2592495381832123
0.2593172788619995
0.25926899909973145
0.25925955176353455
0.2592417001724243
0.25922757387161255
0.2592029571533203
0.25919580459594727
0.25921010971069336
0.2591950297355652
0.2591847777366638
0.2592933475971222
0.25917693972587585
0.2591667175292969
0.25922590494155884
0.25918275117874146
0.2591981589794159
0.2591598629951477
0.25913938879966736
0.2591610550880432
0.2591419517993927
0.25911954045295715
0.25915706157684326
0.25909900665283203
0.2591661512851715
0.25912219285964966
0.259105920791626
0.25909316539764404
0.25909796357154846
0.25908133387565613
0.25907179713249207
0.2591114640235901
0.25906312465667725
0.259078711271286
0.2590843737125397
0.25908130407333374
0.2590513229370117
0.2590199112892151
0.2590208053588867
0.2590024471282959
0.25902071595191956
0.25902727246284485
0.25901341438293457
0.2590157985687256
0.25901785492897034
0.2589567005634308
0.25896042585372925
0.2589348256587982
0.25893229246139526
0.25894543528556824
0.2589386999607086
0.2589339315891266
0.258942186832428
0.25893259048461914
0.2589115500450134
0.2589256763458252
0.25889718532562256
0.258894145488739
0.2589016258716583
0.25891774892807007
0.2589080035686493
0.2589089572429657
0.25890034437179565
0.2588886320590973
0.25889962911605835
0.25888723134994507
0.2588691711425781
0.25887033343315125
0.2588737905025482
0.2588714361190796
0.2588869035243988
0.2588646113872528
0.25885912775993347
0.2588792145252228
0.25889381766319275
0.2588454484939575
0.2588679790496826
0.25884634256362915
0.2588386833667755
0.2588302195072174
0.2588452398777008
0.2588290870189667
0.2588304281234741
0.2588253319263458
0.2588249444961548
0.25883519649505615
0.25881755352020264
0.25881698727607727
0.2588024437427521
0.2588094174861908
0.2588009238243103
0.25881227850914
0.25880077481269836
0.25881072878837585
0.25879523158073425
0.2587960362434387
0.2587926983833313
0.2587820887565613
0.25878483057022095
0.25879788398742676
0.2587842047214508
0.25878602266311646
0.2587793469429016
0.2587745785713196
0.25876864790916443
0.2587489187717438
0.2587531805038452
0.2587621808052063
0.2587587535381317
0.25875380635261536
0.25874748826026917
0.25874751806259155
0.2587822377681732
0.2587446868419647
0.2587430775165558
0.2587512731552124
0.25874441862106323
0.25872552394866943
0.2587294578552246
0.2587142288684845
0.2587152421474457
0.2587094008922577
0.2586962580680847
0.25870752334594727
0.2587035894393921
0.2586914300918579
0.2586982250213623
0.2587312161922455
0.2587214708328247
0.2586832642555237
0.25868457555770874
0.25870847702026367
0.25870683789253235
0.25866270065307617
0.25867605209350586
0.2586665153503418
0.2586682140827179
0.25867122411727905
0.25867486000061035
0.25865545868873596
0.25865066051483154
0.25864800810813904
0.2586469054222107
0.25866395235061646
0.25865933299064636
0.25862738490104675
0.25861668586730957
0.2586231529712677
0.2586236298084259
0.25861191749572754
0.25861552357673645
0.25861144065856934
0.2586079239845276
0.25860702991485596
0.25863030552864075
0.2586042582988739
0.258606493473053
0.2586093246936798
0.2585941553115845
0.2585981786251068
0.2585936188697815
0.25859156250953674
0.258594810962677
0.2585950493812561
0.25858697295188904
0.25859037041664124
0.2585866451263428
0.2585824728012085
0.258588969707489
0.25858908891677856
0.2585802376270294
0.2585791051387787
0.2585764527320862
0.2585841119289398
0.2585737705230713
0.25858432054519653
0.2585676908493042
0.2585771083831787
0.25857728719711304
0.2585701048374176
0.25856727361679077
0.25856342911720276
0.2585664987564087
0.2585611045360565
0.25856098532676697
0.2585543990135193
0.2585640549659729
0.25855737924575806
0.2585545778274536
0.25855836272239685
0.25855395197868347
0.25855961441993713
0.25856608152389526
0.2585448920726776
0.2585475444793701
0.25854477286338806
0.25854048132896423
0.2585427463054657
0.2585437595844269
0.2585408687591553
0.2585427761077881
0.2585315406322479
0.25853779911994934
0.2585366666316986
0.258543461561203
0.25852951407432556
0.25854581594467163
0.2585253119468689
0.2585192322731018
0.25852033495903015
0.25852277874946594
0.2585202753543854
0.25852370262145996
0.25852441787719727
0.25851526856422424
0.2585136890411377
0.258516401052475
0.2585107386112213
0.2585069239139557
0.2585074305534363
0.2585112750530243
0.2585028111934662
0.2585047483444214
0.2585110664367676
0.25850653648376465
0.25851064920425415
0.2585068345069885
0.2585057020187378
0.25849518179893494
0.258493036031723
0.25849324464797974
0.2584894597530365
0.25849267840385437
0.25848644971847534
0.2584885060787201
0.25849026441574097
0.2584882378578186
0.2584821283817291
0.25848233699798584
0.2584817111492157
0.25848475098609924
0.25848227739334106
0.2584874927997589
0.25847333669662476
0.25847673416137695
0.258463054895401
0.25846174359321594
0.25846147537231445
0.2584594190120697
0.2584616243839264
0.25845661759376526
0.2584548592567444
0.25846222043037415
0.2584545612335205
0.25845542550086975
0.25845175981521606
0.2584545612335205
0.258451372385025
0.2584502398967743
0.25845101475715637
0.25845351815223694
0.2584479749202728
0.2584478259086609
0.25844523310661316
0.2584480941295624
0.25844505429267883
0.25844335556030273
0.25844377279281616
0.258443683385849
0.25844258069992065
0.25844281911849976
0.2584443688392639
0.2584390640258789
0.25843876600265503
0.2584420442581177
0.2584387958049774
0.25843802094459534
0.25843825936317444
0.25843727588653564
0.2584354281425476
0.25843432545661926
0.2584366798400879
0.2584336996078491
0.2584373354911804
0.2584334909915924
0.25842949748039246
0.25843366980552673
0.2584272027015686
0.25842782855033875
0.2584298253059387
0.2584269642829895
0.25843536853790283
0.258430540561676
0.25842663645744324
0.2584230303764343
0.25842583179473877
0.25842398405075073
0.2584211826324463
0.2584269344806671
0.2584220767021179
0.258423388004303
0.25841885805130005
0.2584180533885956
0.2584199905395508
0.2584173083305359
0.25841841101646423
0.25841906666755676
0.2584161162376404
0.25841817259788513
0.25841614603996277
0.25841644406318665
0.2584165632724762
0.25841373205184937
0.2584150731563568
0.2584192454814911
0.2584097683429718
0.25840914249420166
0.25840795040130615
0.2584088444709778
0.25840479135513306
0.2584124803543091
0.2584049701690674
0.25840482115745544
0.2584049701690674
0.2584038972854614
0.25840240716934204
0.25840309262275696
0.2583998441696167
0.2584038972854614
0.25840088725090027
0.25840359926223755
0.258399099111557
0.25839707255363464
0.2584027647972107
0.2583942413330078
0.25839585065841675
0.2583983838558197
0.2583981454372406
0.25839823484420776
0.25839585065841675
0.25839757919311523
0.2583887279033661
0.258395791053772
0.2583906054496765
0.2583884596824646
0.2583836019039154
0.2583833336830139
0.25838348269462585
0.2583838999271393
0.2583831548690796
0.2583833932876587
0.2583823502063751
0.2583828270435333
0.25837960839271545
0.25838279724121094
0.25837942957878113
0.25838154554367065
0.25837984681129456
0.2583812177181244
0.25837796926498413
0.2583795189857483
0.25837838649749756
0.25838062167167664
0.2583782374858856
0.2583772540092468
0.2583802044391632
0.25837770104408264
0.25837573409080505
0.25837385654449463
0.25837573409080505
0.25837546586990356
0.2583746612071991
0.258373886346817
0.25837400555610657
0.25837308168411255
0.2583741247653961
0.2583715319633484
0.25837239623069763
0.25837188959121704
0.2583724558353424
0.25837165117263794
0.2583712935447693
0.25837188959121704
0.2583722472190857
0.25837111473083496
0.2583702504634857
0.25836747884750366
0.2583702504634857
0.25836771726608276
0.25836774706840515
0.2583693563938141
0.258367657661438
0.2583669126033783
0.25836578011512756
0.25836625695228577
0.25836604833602905
0.25836554169654846
0.258364737033844
0.2583639621734619
0.2583645284175873
0.2583659291267395
0.2583662271499634
0.25836220383644104
0.25836366415023804
0.25836506485939026
0.25836390256881714
0.2583613097667694
0.2583652436733246
0.25836312770843506
0.2583620548248291
0.2583608627319336
0.2583647668361664
0.2583645284175873
0.25835859775543213
0.25835925340652466
0.25836068391799927
0.2583599388599396
0.25835829973220825
0.25835686922073364
0.2583577036857605
0.2583571672439575
0.2583580017089844
0.2583566904067993
0.25835758447647095
0.25835493206977844
0.2583565413951874
0.2583545446395874
0.25835439562797546
0.2583540081977844
0.2583540380001068
0.2583536207675934
0.258353590965271
0.2583521902561188
0.25835418701171875
0.25835177302360535
0.25835204124450684
0.258351594209671
0.2583520710468292
0.2583499252796173
0.25834929943084717
0.25834977626800537
0.258350670337677
0.2583494186401367
0.25835031270980835
0.25834840536117554
0.258345365524292
0.2583463191986084
0.2583460807800293
0.2583445608615875
0.25834494829177856
0.25834470987319946
0.25834333896636963
0.2583443820476532
0.25834354758262634
0.25834542512893677
0.2583438754081726
0.25834405422210693
0.25834304094314575
0.25834324955940247
0.2583426833152771
0.2583434581756592
0.258341908454895
0.2583422362804413
0.2583426535129547
0.25834113359451294
0.25834161043167114
0.25834140181541443
0.2583411633968353
0.2583412528038025
0.2583411931991577
0.25834038853645325
0.25834009051322937
0.2583410441875458
0.2583400011062622
0.25833967328071594
0.25833994150161743
0.2583407163619995
0.25833994150161743
0.2583395838737488
0.2583388090133667
0.2583390176296234
0.2583394944667816
0.2583406865596771
0.2583390772342682
0.25833839178085327
0.25833815336227417
0.25833752751350403
0.25833770632743835
0.25833776593208313
0.25833749771118164
0.25833868980407715
0.2583377957344055
0.25833672285079956
0.25833749771118164
0.2583373188972473
0.25833597779273987
0.25833600759506226
0.25833559036254883
0.25833579897880554
0.25833624601364136
0.2583356201648712
0.2583353519439697
0.2583349347114563
0.2583344876766205
0.2583344578742981
0.2583351731300354
0.2583354413509369
0.25833621621131897
0.2583340108394623
0.2583339512348175
0.25833386182785034
0.25833454728126526
0.25833359360694885
0.25833263993263245
0.2583334445953369
0.25833311676979065
0.2583322525024414
0.25833240151405334
0.2583320438861847
0.2583334445953369
0.2583317756652832
0.2583329975605011
0.25833195447921753
0.2583310306072235
0.2583315670490265
0.2583312690258026
0.2583308219909668
0.2583310008049011
0.2583297789096832
0.25833162665367126
0.25833019614219666
0.25833070278167725
0.258329838514328
0.258329838514328
0.25832897424697876
0.258329302072525
0.25832870602607727
0.25832974910736084
0.25832995772361755
0.25832870602607727
0.25832855701446533
0.2583288848400116
0.25832879543304443
0.25832846760749817
0.25832799077033997
0.2583268880844116
0.25832700729370117
0.2583277225494385
0.25832581520080566
0.25832638144493103
0.2583256661891937
0.2583256959915161
0.2583252489566803
0.258325457572937
0.25832533836364746
0.25832533836364746
0.2583249509334564
0.2583250105381012
0.25832512974739075
0.2583250105381012
0.2583252191543579
0.2583245635032654
0.258324533700943
0.25832465291023254
0.25832444429397583
0.2583247125148773
0.2583243250846863
0.25832509994506836
0.2583252191543579
0.2583247721195221
0.258323609828949
0.25832343101501465
0.2583237588405609
0.25832417607307434
0.25832343101501465
0.2583234906196594
0.2583234906196594
0.2583228647708893
0.2583235204219818
0.25832390785217285
0.25832313299179077
0.25832298398017883
0.2583227753639221
0.25832295417785645
0.2583227753639221
0.25832274556159973
0.25832217931747437
0.25832322239875793
0.25832271575927734
0.25832268595695496
0.2583223879337311
0.25832244753837585
0.2583220899105072
0.2583219110965729
0.258322149515152
0.25832176208496094
0.2583216726779938
0.2583220899105072
0.2583213150501251
0.2583216726779938
0.2583211660385132
0.2583211362361908
0.2583208680152893
0.25832098722457886
0.2583208680152893
0.25832095742225647
0.2583211064338684
0.25832033157348633
0.25832125544548035
0.25832006335258484
0.2583204209804535
0.25832027196884155
0.2583201825618744
0.25832033157348633
0.2583202123641968
0.25832027196884155
0.25831982493400574
0.2583197355270386
0.25832000374794006
0.25831955671310425
0.25831952691078186
0.25832003355026245
0.258319616317749
0.2583197355270386
0.2583189606666565
0.2583189606666565
0.2583189010620117
0.258319228887558
0.2583189010620117
0.2583191692829132
0.25831854343414307
0.25831925868988037
0.25831905007362366
0.258318692445755
0.25831857323646545
0.2583184540271759
0.25831785798072815
0.2583182752132416
0.2583181858062744
0.25831833481788635
0.2583179771900177
0.25831761956214905
0.25831785798072815
0.2583180069923401
0.25831732153892517
0.25831660628318787
0.2583165168762207
0.2583167552947998
0.2583164870738983
0.25831660628318787
0.2583162486553192
0.25831636786460876
0.25831636786460876
0.2583162784576416
0.2583163380622864
0.2583162188529968
0.25831663608551025
0.2583162486553192
0.2583160102367401
0.25831615924835205
0.2583159804344177
0.2583160102367401
0.25831592082977295
0.2583158612251282
0.25831589102745056
0.2583162784576416
0.2583158314228058
0.25831589102745056
0.25831568241119385
0.25831568241119385
0.2583155632019043
0.2583156228065491
0.2583155930042267
0.25831547379493713
0.2583155035972595
0.2583162486553192
0.258315771818161
0.2583155930042267
0.2583153545856476
0.25831547379493713
0.2583152651786804
0.2583152949810028
0.2583157420158386
0.2583153247833252
0.2583152949810028
0.2583151161670685
0.25831496715545654
0.25831520557403564
0.25831496715545654
0.25831496715545654
0.2583147883415222
0.25831496715545654
0.2583148777484894
0.2583147883415222
0.2583151161670685
0.25831490755081177
0.2583145499229431
0.2583145499229431
0.25831493735313416
0.2583143711090088
0.2583146393299103
0.2583143413066864
0.25831443071365356
0.25831443071365356
0.25831446051597595
0.2583145201206207
0.25831449031829834
0.25831419229507446
0.2583141624927521
0.2583141028881073
0.2583141624927521
0.2583145499229431
0.2583142817020416
0.25831443071365356
0.25831422209739685
0.2583140432834625
0.2583138346672058
0.2583141326904297
0.25831377506256104
0.2583140432834625
0.25831377506256104
0.2583138942718506
0.2583138644695282
0.25831368565559387
0.25831377506256104
0.2583136260509491
0.2583136558532715
0.25831371545791626
0.25831353664398193
0.25831347703933716
0.2583136260509491
0.2583136260509491
0.25831338763237
0.25831326842308044
0.25831344723701477
0.25831338763237
0.2583133578300476
0.2583134174346924
0.2583131492137909
0.25831297039985657
0.25831305980682373
0.25831303000450134
0.258312851190567
0.25831297039985657
0.2583131790161133
0.2583127021789551
0.2583131194114685
0.25831273198127747
0.2583125829696655
0.2583125829696655
0.2583126723766327
0.25831249356269836
0.258312463760376
0.2583125829696655
0.258312463760376
0.258312463760376
0.2583125829696655
0.2583122253417969
0.258312463760376
0.2583123445510864
0.2583124339580536
0.258312463760376
0.2583127021789551
0.2583121955394745
0.2583121359348297
0.2583121359348297
0.2583123743534088
0.2583121955394745
0.25831204652786255
0.25831201672554016
0.25831201672554016
0.25831201672554016
0.25831183791160583
0.258311927318573
0.2583122253417969
0.2583118975162506
0.2583119869232178
0.25831180810928345
0.25831201672554016
0.25831180810928345
0.2583121061325073
0.2583118975162506
0.25831153988838196
0.2583118677139282
0.25831204652786255
0.25831177830696106
0.25831151008605957
0.2583118677139282
0.25831177830696106
0.25831151008605957
0.25831151008605957
0.2583114206790924
0.25831139087677
0.25831136107444763
0.2583114206790924
0.25831130146980286
0.2583114504814148
0.25831136107444763
0.25831130146980286
0.258311927318573
0.2583111524581909
0.2583112120628357
0.2583112418651581
0.25831109285354614
0.25831112265586853
0.25831109285354614
0.25831106305122375
0.25831106305122375
0.2583109438419342
