0.5706316232681274
0.44958677887916565
0.420865923166275
0.4092999994754791
0.4027079641819
0.3969546854496002
0.39111414551734924
0.3862496018409729
0.3840267062187195
0.3817596137523651
0.3771543502807617
0.3740832507610321
0.3720562756061554
0.3693554997444153
0.36816033720970154
0.3658261299133301
0.36381426453590393
0.36162370443344116
0.35958191752433777
0.3577335476875305
0.35588163137435913
0.35507458448410034
0.3534811735153198
0.35218968987464905
0.35052937269210815
0.34721750020980835
0.3465878367424011
0.34484657645225525
0.34340065717697144
0.34095489978790283
0.339248925447464
0.33750465512275696
0.33555999398231506
0.33422183990478516
0.3349186182022095
0.3330962359905243
0.3299388587474823
0.33082783222198486
0.32757091522216797
0.32562804222106934
0.32555586099624634
0.3236481547355652
0.32051169872283936
0.32004261016845703
0.31806668639183044
0.3170260787010193
0.3159038722515106
0.31329140067100525
0.31047171354293823
0.308728963136673
0.307902991771698
0.30496662855148315
0.3100228011608124
0.3058582544326782
0.3013450801372528
0.3023502230644226
0.2966546416282654
0.2956002652645111
0.2953261435031891
0.2924310266971588
0.2922184467315674
0.29142141342163086
0.2886916995048523
0.2897481322288513
0.2854539453983307
0.2857840657234192
0.2847518026828766
0.2805873453617096
0.28081199526786804
0.2807895541191101
0.2812190651893616
0.2762891948223114
0.27614831924438477
0.27347368001937866
0.27341851592063904
0.2702450752258301
0.2693884074687958
0.2726643681526184
0.26614221930503845
0.27140775322914124
0.26672953367233276
0.26120108366012573
0.25942346453666687
0.25974440574645996
0.2564457952976227
0.2567806541919708
0.25851085782051086
0.2531937062740326
0.2546199858188629
0.2547461688518524
0.24888241291046143
0.24655957520008087
0.24850626289844513
0.2497389167547226
0.24420826137065887
0.2432553470134735
0.24538439512252808
0.2467840015888214
0.24155569076538086
0.2411806285381317
0.23906943202018738
0.2395365834236145
0.23566149175167084
0.2354225218296051
0.23568758368492126
0.23254498839378357
0.23273830115795135
0.23075276613235474
0.22927619516849518
0.23132477700710297
0.22736819088459015
0.22591125965118408
0.2237721085548401
0.22182506322860718
0.2221405953168869
0.21962353587150574
0.2200591266155243
0.21880847215652466
0.2192486673593521
0.2185434252023697
0.21505306661128998
0.2120521068572998
0.2091130018234253
0.20748184621334076
0.20709742605686188
0.20739610493183136
0.2052077054977417
0.20798838138580322
0.2073509842157364
0.2030656486749649
0.20282050967216492
0.2029610127210617
0.20285026729106903
0.202535480260849
0.20231442153453827
0.20094884932041168
0.20168498158454895
0.20043936371803284
0.20102553069591522
0.1991022527217865
0.19747379422187805
0.19739314913749695
0.19755569100379944
0.1964452862739563
0.1949910670518875
0.19735459983348846
0.19835472106933594
0.1985352635383606
0.19531522691249847
0.1926976442337036
0.1926165521144867
0.19278459250926971
0.19247785210609436
0.19432203471660614
0.19232119619846344
0.1915663629770279
0.18980564177036285
0.19163592159748077
0.19209305942058563
0.18802788853645325
0.189634770154953
0.18810835480690002
0.18826283514499664
0.18869204819202423
0.1857416182756424
0.18468491733074188
0.18616710603237152
0.1859504133462906
0.18558372557163239
0.1841268241405487
0.18428531289100647
0.18385088443756104
0.18332205712795258
0.18495886027812958
0.182048961520195
0.18398065865039825
0.182105153799057
0.18169040977954865
0.17961853742599487
0.18308775126934052
0.18093913793563843
0.17805281281471252
0.17864175140857697
0.17925585806369781
0.17916999757289886
0.17703565955162048
0.17718058824539185
0.17734557390213013
0.1753704696893692
0.17561130225658417
0.17586246132850647
0.1736880987882614
0.17368844151496887
0.17459362745285034
0.17452096939086914
0.17272566258907318
0.17290297150611877
0.1727266013622284
0.17142733931541443
0.17178454995155334
0.17662374675273895
0.1715356558561325
0.17064115405082703
0.16936716437339783
0.17038026452064514
0.16884306073188782
0.16841106116771698
0.16794857382774353
0.16784095764160156
0.1689389944076538
0.16682186722755432
0.16661854088306427
0.16647794842720032
0.16631750762462616
0.16710616648197174
0.16897717118263245
0.16504941880702972
0.16440393030643463
0.16403545439243317
0.16334950923919678
0.16032102704048157
0.16066721081733704
0.16166503727436066
0.1595136821269989
0.15839652717113495
0.16031117737293243
0.15909796953201294
0.1587003618478775
0.1602623611688614
0.15858961641788483
0.15779557824134827
0.15739546716213226
0.15733610093593597
0.15721610188484192
0.15681761503219604
0.1570613533258438
0.1562940925359726
0.15717066824436188
0.15599319338798523
0.15687891840934753
0.15672560036182404
0.1551588624715805
0.15617574751377106
0.15544025599956512
0.1556280106306076
0.15406842529773712
0.15484480559825897
0.1539686918258667
0.15434157848358154
0.1542796939611435
0.1544542759656906
0.15409281849861145
0.1532016545534134
0.15334758162498474
0.1535242199897766
0.15424253046512604
0.1524794101715088
0.1532677561044693
0.15308213233947754
0.15263140201568604
0.15278735756874084
0.1520071178674698
0.15220852196216583
0.15164464712142944
0.15142914652824402
0.1508478969335556
0.1510395109653473
0.15360845625400543
0.15253494679927826
0.15058758854866028
0.1518416702747345
0.15078972280025482
0.15132029354572296
0.15054666996002197
0.1512591540813446
0.14957870543003082
0.1502208709716797
0.14939063787460327
0.14894677698612213
0.14857664704322815
0.14879867434501648
0.14797236025333405
0.1488340198993683
0.14781908690929413
0.1484554409980774
0.14836497604846954
0.14743159711360931
0.14710727334022522
0.14792917668819427
0.147374227643013
0.14791646599769592
0.14745450019836426
0.1463613659143448
0.1472173035144806
0.14779222011566162
0.14813421666622162
0.14663799107074738
0.14556992053985596
0.14547857642173767
0.14583292603492737
0.14508260786533356
0.14481915533542633
0.1446659415960312
0.14451894164085388
0.14496643841266632
0.1447131633758545
0.14520008862018585
0.14396221935749054
0.14462898671627045
0.14382466673851013
0.14456671476364136
0.14295822381973267
0.14372389018535614
0.14345501363277435
0.1432148814201355
0.14255578815937042
0.14369240403175354
0.14180488884449005
0.1429155170917511
0.14230777323246002
0.14087902009487152
0.1397489309310913
0.13984471559524536
0.1400306075811386
0.13963045179843903
0.13950105011463165
0.13939839601516724
0.1395604908466339
0.1393776386976242
0.13905124366283417
0.13936035335063934
0.13889209926128387
0.1395440250635147
0.1391773670911789
0.1399778425693512
0.13865843415260315
0.13936729729175568
0.13901203870773315
0.13854195177555084
0.1386236995458603
0.1379527449607849
0.13831296563148499
0.1383645385503769
0.13825277984142303
0.13837893307209015
0.13781926035881042
0.13766980171203613
0.13793446123600006
0.1378680318593979
0.1376987248659134
0.13710491359233856
0.13734890520572662
0.1374872624874115
0.13709501922130585
0.13748525083065033
0.13684342801570892
0.13676944375038147
0.1370113044977188
0.13698101043701172
0.1367444097995758
0.1369781643152237
0.13631732761859894
0.13653689622879028
0.13641250133514404
0.13683854043483734
0.13655893504619598
0.13617050647735596
0.13620835542678833
0.13678713142871857
0.13593751192092896
0.13553176820278168
0.13569864630699158
0.13606984913349152
0.13548874855041504
0.13573630154132843
0.13562828302383423
0.13538186252117157
0.1357833445072174
0.13508889079093933
0.13481305539608002
0.13494986295700073
0.13489486277103424
0.13503220677375793
0.13479582965373993
0.13452467322349548
0.1344623863697052
0.13414281606674194
0.1342037320137024
0.13388371467590332
0.13409128785133362
0.1342560201883316
0.13381871581077576
0.13418124616146088
0.134037584066391
0.1336599886417389
0.1334967017173767
0.1337369829416275
0.1332714557647705
0.13346713781356812
0.13311000168323517
0.13294079899787903
0.13347071409225464
0.1330174207687378
0.13303975760936737
0.13326741755008698
0.13320183753967285
0.133278027176857
0.1326252669095993
0.13303589820861816
0.13231509923934937
0.13239635527133942
0.13223211467266083
0.1320817619562149
0.13218854367733002
0.1321450024843216
0.13246996700763702
0.1317429095506668
0.13193581998348236
0.13201405107975006
0.1322699338197708
0.13069994747638702
0.13067375123500824
0.13057483732700348
0.1305302381515503
0.13067694008350372
0.13082244992256165
0.13047780096530914
0.13063155114650726
0.1302230805158615
0.13023562729358673
0.1302362084388733
0.13018998503684998
0.13032075762748718
0.13042977452278137
0.13061249256134033
0.13014957308769226
0.13039499521255493
0.12994855642318726
0.1301967352628708
0.13031460344791412
0.12984251976013184
0.12998998165130615
0.1298077404499054
0.12970389425754547
0.1297266185283661
0.12958849966526031
0.1296444684267044
0.1296599954366684
0.12953320145606995
0.12959328293800354
0.12952162325382233
0.12949329614639282
0.12952786684036255
0.12945060431957245
0.1293620616197586
0.12916626036167145
0.12907986342906952
0.12906211614608765
0.12914423644542694
0.12911729514598846
0.12901942431926727
0.12911921739578247
0.1290418803691864
0.12892425060272217
0.12882430851459503
0.12865608930587769
0.1287960410118103
0.12894251942634583
0.12845121324062347
0.1287367343902588
0.12879961729049683
0.1284070760011673
0.1284414529800415
0.12839926779270172
0.12830115854740143
0.12839719653129578
0.1284283995628357
0.1284477561712265
0.12815244495868683
0.12845581769943237
0.12800966203212738
0.12851744890213013
0.1283784955739975
0.1278395652770996
0.1278054416179657
0.12792807817459106
0.12772290408611298
0.12783490121364594
0.12793822586536407
0.1277502030134201
0.12755724787712097
0.12748204171657562
0.12746229767799377
0.1275331676006317
0.12757010757923126
0.1274389624595642
0.12735368311405182
0.12743842601776123
0.12769201397895813
0.12726990878582
0.127534419298172
0.12773148715496063
0.12718652188777924
0.12725001573562622
0.1269657462835312
0.1269797384738922
0.12734355032444
0.12706035375595093
0.1271420270204544
0.12693701684474945
0.12703239917755127
0.1269020289182663
0.12688499689102173
0.1265600621700287
0.12678422033786774
0.12679442763328552
0.1265067756175995
0.12659001350402832
0.12634293735027313
0.12657290697097778
0.1260630041360855
0.12602482736110687
0.12596829235553741
0.1259845346212387
0.12597423791885376
0.12591277062892914
0.12594261765480042
0.12597814202308655
0.1258329302072525
0.12570850551128387
0.12591002881526947
0.12574592232704163
0.12569525837898254
0.12573418021202087
0.12569144368171692
0.1256965845823288
0.1256731003522873
0.12565459311008453
0.12562590837478638
0.12565413117408752
0.12560918927192688
0.12553440034389496
0.12549914419651031
0.12544098496437073
0.1255926936864853
0.1254955530166626
0.12539443373680115
0.12544040381908417
0.12540437281131744
0.12537436187267303
0.1253616064786911
0.12526893615722656
0.12545542418956757
0.1252901405096054
0.12528562545776367
0.12543442845344543
0.12524089217185974
0.1251271814107895
0.12515462934970856
0.12509635090827942
0.12525978684425354
0.12511099874973297
0.12513676285743713
0.12500964105129242
0.12509717047214508
0.1250508725643158
0.12509804964065552
0.12498637288808823
0.12508806586265564
0.12526237964630127
0.12490992993116379
0.12488047033548355
0.12511160969734192
0.12480973452329636
0.12480826675891876
0.12478338181972504
0.12478848546743393
0.12485723942518234
0.1247153952717781
0.12469475716352463
0.12464746832847595
0.12475673109292984
0.12493693828582764
0.12463987618684769
0.12459557503461838
0.12456164509057999
0.12465321272611618
0.12456119060516357
0.12450706213712692
0.12452661991119385
0.12452192604541779
0.12439242750406265
0.12442027032375336
0.1244967058300972
0.12448413670063019
0.12437348812818527
0.12433361262083054
0.12430043518543243
0.12442553043365479
0.1242760494351387
0.12429539859294891
0.1242198497056961
0.12427707761526108
0.12436781823635101
0.12410286068916321
0.12419628351926804
0.12407461553812027
0.12420548498630524
0.12412602454423904
0.12409070879220963
0.12416203320026398
0.12409266084432602
0.12395285815000534
0.12398509681224823
0.1238994225859642
0.12399636954069138
0.12433379143476486
0.12422674149274826
0.12386646121740341
0.12406648695468903
0.12367594242095947
0.1236344650387764
0.12360817193984985
0.12369590997695923
0.12363512814044952
0.12361258268356323
0.12363126128911972
0.12364202737808228
0.12358391284942627
0.12350834161043167
0.12372779846191406
0.12356747686862946
0.12351327389478683
0.12350441515445709
0.12351483851671219
0.12357702106237411
0.1234837993979454
0.12353415787220001
0.12350782006978989
0.123424232006073
0.12343048304319382
0.12349972873926163
0.12346745282411575
0.12346380949020386
0.12358171492815018
0.12337973713874817
0.12337060272693634
0.1234077513217926
0.12339478731155396
0.12333983182907104
0.12334289401769638
0.12335536628961563
0.12327073514461517
0.12346044182777405
0.12337788194417953
0.12330090999603271
0.12329059094190598
0.12323228269815445
0.12329750508069992
0.12327945977449417
0.12328212708234787
0.12319409102201462
0.12322284281253815
0.12317687273025513
0.1231924369931221
0.12317482382059097
0.12321455776691437
0.12323448807001114
0.12318353354930878
0.12311022728681564
0.12314218282699585
0.12321149557828903
0.1231546550989151
0.12306884676218033
0.12303753197193146
0.1230689212679863
0.12312543392181396
0.12305233627557755
0.12302394956350327
0.1229986622929573
0.1230151429772377
0.12297552078962326
0.12304605543613434
0.12299154698848724
0.12300889194011688
0.12298566848039627
0.1229545846581459
0.12296465039253235
0.12296441197395325
0.12292225658893585
0.12288371473550797
0.12296118587255478
0.12286372482776642
0.12285356968641281
0.12283732742071152
0.12291007488965988
0.12296615540981293
0.12283749878406525
0.12287060916423798
0.12286985665559769
0.12282481044530869
0.12279859185218811
0.12281923741102219
0.12280485033988953
0.12282555550336838
0.12282733619213104
0.12275956571102142
0.12279289215803146
0.12269386649131775
0.122736856341362
0.12275079637765884
0.12268076837062836
0.12271365523338318
0.12265601009130478
0.12269735336303711
0.12267496436834335
0.12271665781736374
0.12261679768562317
0.12265504896640778
0.12261350452899933
0.12254074960947037
0.1225242018699646
0.12256132066249847
0.12247907370328903
0.12247784435749054
0.12246713787317276
0.12247251719236374
0.12246887385845184
0.12251187115907669
0.12247002124786377
0.12244950234889984
0.12247814983129501
0.12246400862932205
0.12242284417152405
0.12241695821285248
0.12245393544435501
0.12239563465118408
0.1224016547203064
0.12241068482398987
0.12241356074810028
0.12240926921367645
0.12240464240312576
0.12239723652601242
0.1223791092634201
0.12238909304141998
0.12235469371080399
0.12237433344125748
0.12236978113651276
0.12233459204435349
0.1223386749625206
0.12233901768922806
0.12233614176511765
0.12237492203712463
0.12231382727622986
0.12239818274974823
0.12231260538101196
0.12231728434562683
0.12234417349100113
0.12230975180864334
0.12234587222337723
0.12230274081230164
0.12229494005441666
0.12232557684183121
0.12227514386177063
0.12226516008377075
0.12228109687566757
0.12225078046321869
0.12227457016706467
0.12223204970359802
0.12232937663793564
0.12224029749631882
0.12222836911678314
0.12223988026380539
0.12224826961755753
0.12223904579877853
0.12221095710992813
0.12221450358629227
0.12225815653800964
0.12221379578113556
0.12220577895641327
0.12219340354204178
0.12218697369098663
0.122200146317482
0.1221759021282196
0.12220580875873566
0.12216787785291672
0.12225017696619034
0.12215328216552734
0.1221613958477974
0.1221514567732811
0.12215535342693329
0.12220694869756699
0.12209738045930862
0.12213674932718277
0.12215255945920944
0.12209547311067581
0.12211844325065613
0.12213550508022308
0.12212067097425461
0.1220899298787117
0.12211164832115173
0.1221046969294548
0.12212025374174118
0.12208522111177444
0.12205243855714798
0.12207179516553879
0.12206041067838669
0.1220758929848671
0.12204134464263916
0.12205466628074646
0.12201930582523346
0.12202837318181992
0.12202610075473785
0.12204789370298386
0.12203115969896317
0.12200022488832474
0.12201818078756332
0.12199413031339645
0.12199973315000534
0.121984101831913
0.12192593514919281
0.12194319814443588
0.12192884087562561
0.12192413955926895
0.12191703170537949
0.12190880626440048
0.1219177171587944
0.12192409485578537
0.12191351503133774
0.12190680205821991
0.12190274149179459
0.12190284579992294
0.12190758436918259
0.12192615121603012
0.12190759181976318
0.12189916521310806
0.12189833074808121
0.12190717458724976
0.12188751250505447
0.12187626212835312
0.12188401818275452
0.12187696248292923
0.12186695635318756
0.12187142670154572
0.12186554074287415
0.12185794115066528
0.12187158316373825
0.1218591257929802
0.12185555696487427
0.12185131758451462
0.12186325341463089
0.12187229841947556
0.12187999486923218
0.12183994054794312
0.12184633314609528
0.12185731530189514
0.12182629108428955
0.1218472495675087
0.1218281090259552
0.12184586375951767
0.12182500213384628
0.12181778252124786
0.12183600664138794
0.1218220666050911
0.12183128297328949
0.12182695418596268
0.1218133494257927
0.12182854861021042
0.12180176377296448
0.12180081754922867
0.12179860472679138
0.12180943787097931
0.12180925160646439
0.12179639935493469
0.12179317325353622
0.12181083112955093
0.12179087847471237
0.12177892029285431
0.12178438901901245
0.1217823401093483
0.12178552150726318
0.12176991999149323
0.12178456038236618
0.12177573889493942
0.12176138907670975
0.12175778299570084
0.12174934893846512
0.12174665927886963
0.12175256013870239
0.12175990641117096
0.12175455689430237
0.12175121158361435
0.12175439298152924
0.12173553556203842
0.12175167351961136
0.12176953256130219
0.12173847109079361
0.12173886597156525
0.12174870818853378
0.12173494696617126
0.12172187119722366
0.12174103409051895
0.12172714620828629
0.12171678245067596
0.12171237915754318
0.1217527687549591
0.12173154950141907
0.12171048671007156
0.12170642614364624
0.1216937005519867
0.12172739952802658
0.1217251718044281
0.12169266492128372
0.12168972194194794
0.12171261012554169
0.12167901545763016
0.12168142199516296
0.12167007476091385
0.12167364358901978
0.12168671935796738
0.12164619565010071
0.12164843082427979
0.12163945287466049
0.12164874374866486
0.12164774537086487
0.12164527922868729
0.12163965404033661
0.12164236605167389
0.12163632363080978
0.1216326430439949
0.12163028120994568
0.12163076549768448
0.12163262069225311
0.12163082510232925
0.12162467837333679
0.12163781374692917
0.12162529677152634
0.12163080275058746
0.12162120640277863
0.12162753939628601
0.12161687761545181
0.12161324173212051
0.12162156403064728
0.12161391228437424
0.12161163985729218
0.1216123178601265
0.12161047011613846
0.12160743772983551
0.12160412222146988
0.12161201983690262
0.12160822749137878
0.12160704284906387
0.1216076910495758
0.12160403281450272
0.12159834057092667
0.12160006910562515
0.12159765511751175
0.12159532308578491
0.12159984558820724
0.12159084528684616
0.121592678129673
0.12160110473632812
0.12159132212400436
0.12158938497304916
0.1215844377875328
0.12159085273742676
0.121604785323143
0.12158370763063431
0.12158437073230743
0.12158045917749405
0.12158618122339249
0.12158651649951935
0.1215769425034523
0.12157901376485825
0.12157095968723297
0.12158799916505814
0.12156632542610168
0.12157225608825684
0.1215774416923523
0.12157236784696579
0.12157510966062546
0.12156955152750015
0.12157345563173294
0.12155921012163162
0.12156092375516891
0.1215590238571167
0.12155923992395401
0.12156440317630768
0.12156052887439728
0.12156403064727783
0.1215551346540451
0.12155929952859879
0.12155340611934662
0.12155091762542725
0.12154613435268402
0.12154700607061386
0.12154744565486908
0.12154322117567062
0.12155070155858994
0.12154155969619751
0.12154057621955872
0.12154049426317215
0.12153854221105576
0.12154150009155273
0.12153607606887817
0.12155167013406754
0.12154274433851242
0.12152627855539322
0.12153647094964981
0.12153473496437073
0.12153257429599762
0.1215231642127037
0.12153247743844986
0.1215253621339798
0.12152847647666931
0.1215200200676918
0.12153048813343048
0.12151800841093063
0.12151788920164108
0.12152595072984695
0.12150303274393082
0.12150166183710098
0.12150396406650543
0.12149876356124878
0.12150263786315918
0.12150251865386963
0.12150035798549652
0.1214989572763443
0.1214965209364891
0.12149468809366226
0.12149708718061447
0.12150096148252487
0.12149737775325775
0.12149317562580109
0.12149737030267715
0.12149292975664139
0.12149503827095032
0.1214931458234787
0.12149016559123993
0.12149819731712341
0.12148776650428772
0.12149159610271454
0.12148996442556381
0.12149003893136978
0.12148760259151459
0.12149394303560257
0.12148445099592209
0.12148749828338623
0.1214817613363266
0.12148323655128479
0.12148406356573105
0.12148906290531158
0.12149449437856674
0.12148264795541763
0.12147953361272812
0.121482253074646
0.12147878110408783
0.1214812770485878
0.12148065119981766
0.12147729098796844
0.12147915363311768
0.12147753685712814
0.12147419899702072
0.12147554755210876
0.12147240340709686
0.12147403508424759
0.1214720606803894
0.12147043645381927
0.121471107006073
0.12147302180528641
0.12147010117769241
0.12147344648838043
0.12147171050310135
0.1214747205376625
0.12147090584039688
0.12146677076816559
0.12146597355604172
0.12146700173616409
0.12146583199501038
0.12146494537591934
0.12146385759115219
0.12146688252687454
0.12146259844303131
0.1214628592133522
0.12146306782960892
0.12146201729774475
0.12145968526601791
0.12145943194627762
0.12145877629518509
0.1214628517627716
0.12146400660276413
0.12145702540874481
0.12145952135324478
0.12145468592643738
0.12145643681287766
0.12145274132490158
0.12145476788282394
0.1214543804526329
0.12145383656024933
0.12145217508077621
0.12145261466503143
0.12145043909549713
0.1214500144124031
0.12144668400287628
0.12144982814788818
0.12145136296749115
0.12144619971513748
0.12144629657268524
0.12144497781991959
0.12144427746534348
0.1214442327618599
0.12144718319177628
0.12144330888986588
0.12144425511360168
0.12144108861684799
0.12144550681114197
0.1214384138584137
0.12145154923200607
0.12144102156162262
0.12144040316343307
0.1214330643415451
0.12143535166978836
0.12143024802207947
0.12143176794052124
0.12143020331859589
0.12142974883317947
0.12142948061227798
0.12143015116453171
0.12142762541770935
0.1214296817779541
0.12142784893512726
0.12142911553382874
0.1214272603392601
0.12142854183912277
0.12142714112997055
0.12142669409513474
0.12142621725797653
0.12142747640609741
0.12142589688301086
0.12142723053693771
0.12142669409513474
0.12142574787139893
0.12142287939786911
0.12142366170883179
0.12142398208379745
0.1214231327176094
0.12142442166805267
0.1214231625199318
0.12142247706651688
0.12142305821180344
0.12142100185155869
0.12142166495323181
0.12142038345336914
0.12142074108123779
0.12142199277877808
0.12142213433980942
0.12141852080821991
0.12142179906368256
0.12141861766576767
0.12141742557287216
0.12141954898834229
0.12141730636358261
0.12141849100589752
0.12141983956098557
0.12141811102628708
0.12141753733158112
0.12141633033752441
0.12141911685466766
0.12141584604978561
0.12141652405261993
0.12141402065753937
0.1214153990149498
0.12141413986682892
0.12141475826501846
0.1214137002825737
0.1214127242565155
0.12141233682632446
0.12141276895999908
0.12141293287277222
0.12141180038452148
0.12141259014606476
0.12141232937574387
0.12141243368387222
0.1214129626750946
0.12141057848930359
0.12141074985265732
0.12141002714633942
0.12140863388776779
0.12141036242246628
0.12141109257936478
0.12140925228595734
0.121409110724926
0.12140833586454391
0.12140742689371109
0.1214076578617096
0.12140604108572006
0.12140549719333649
0.12140742689371109
0.12140608578920364
0.12140461802482605
0.12140503525733948
0.12140798568725586
0.12140477448701859
0.1214071586728096
0.12140519171953201
0.12140209972858429
0.12140744924545288
0.12140160799026489
0.12140290439128876
0.12140343338251114
0.12140179425477982
0.12140309065580368
0.12140288949012756
0.1214008629322052
0.12140090763568878
0.12140145152807236
0.12140097469091415
0.12139865010976791
0.12140019983053207
0.12140002846717834
0.12139568477869034
0.12139623612165451
0.12139567732810974
0.12139472365379333
0.1213952898979187
0.12139550596475601
0.121395044028759
0.12139586359262466
0.12139522284269333
0.12139403074979782
0.12139496952295303
0.12139402329921722
0.1213945522904396
0.12139470875263214
0.12139421701431274
0.1213938444852829
0.12139364331960678
0.12139317393302917
0.12139338999986649
0.12139241397380829
0.12139240652322769
0.12139187753200531
0.12139225006103516
0.12139196693897247
0.12139169126749039
0.12139202654361725
0.12139151245355606
0.12139195203781128
0.12139184772968292
0.12139163166284561
0.12139181047677994
0.1213909462094307
0.12139157205820084
0.12139099836349487
0.12139080464839935
0.12139051407575607
0.12139010429382324
0.12139050662517548
0.12139002233743668
0.12138918042182922
0.1213914006948471
0.12138904631137848
0.12138886004686356
0.12138912826776505
0.12138831615447998
0.1213904470205307
0.12138812243938446
0.12138846516609192
0.12138855457305908
0.12138841301202774
0.12138747423887253
0.12138748168945312
0.12138738483190536
0.12138770520687103
0.12138664722442627
0.12138664722442627
0.12138696759939194
0.12138684093952179
0.1213865801692009
0.12138710170984268
0.12138669937849045
0.12138710170984268
0.12138567864894867
0.1213856190443039
0.12138698250055313
0.12138460576534271
0.12138477712869644
0.12138526886701584
0.12138521671295166
0.12138528376817703
0.12138509005308151
0.12138562649488449
0.12138451635837555
0.12138481438159943
0.12138360738754272
0.12138404697179794
0.12138356268405914
0.12138301134109497
0.12138281762599945
0.12138351052999496
0.12138272821903229
0.12138344347476959
0.12138256430625916
0.12138201296329498
0.12138193845748901
0.12138226628303528
0.12138248234987259
0.12138178944587708
0.12138192355632782
0.12138163298368454
0.12138176709413528
0.12138155102729797
0.12138229608535767
0.1213810071349144
0.12138193845748901
0.12138014286756516
0.12138054519891739
0.12138016521930695
0.12138073891401291
0.12138054519891739
0.12137830257415771
0.12137851864099503
0.12137820571660995
0.12137797474861145
0.12137792259454727
0.12137797474861145
0.12137778848409653
0.1213773563504219
0.12137765437364578
0.12137783318758011
0.12137767672538757
0.12137775868177414
0.1213778704404831
0.12137731909751892
0.12137749046087265
0.1213776096701622
0.12137702107429504
0.12137790769338608
0.12137685716152191
0.12137743085622787
0.12137743085622787
0.12137722223997116
0.12137824296951294
0.12137679755687714
0.12137746065855026
0.12137674540281296
0.1213776171207428
0.12137607485055923
0.12137690931558609
0.12137633562088013
0.12137622386217117
0.12137648463249207
0.12137599289417267
0.12137621641159058
0.12137594819068909
0.1213756576180458
0.1213759034872055
0.12137647718191147
0.12137589603662491
0.12137579172849655
0.1213756576180458
0.12137594074010849
0.121375672519207
0.12137537449598312
0.1213756576180458
0.12137628346681595
0.12137528508901596
0.121375672519207
0.12137496471405029
0.12137581408023834
0.12137545645236969
0.12137486040592194
0.12137515097856522
0.12137489020824432
0.1213746964931488
0.12137448787689209
0.12137467414140701
0.12137429416179657
0.12137454748153687
0.12137448787689209
0.12137464433908463
0.12137460708618164
0.12137465178966522
0.1213747039437294
0.12137369066476822
0.12137451022863388
0.12137412279844284
0.12137391418218613
0.12137366086244583
0.1213737204670906
0.12137378752231598
0.12137369811534882
0.12137357890605927
0.12137341499328613
0.12137378007173538
0.12137334793806076
0.12137352675199509
0.12137311697006226
0.12137380242347717
0.1213734894990921
0.12137305736541748
0.12137305736541748
0.12137302756309509
0.12137307226657867
0.12137249857187271
0.12137295305728912
0.12137392163276672
0.12137234210968018
0.12137362360954285
0.12137266993522644
0.12137322872877121
0.12137245386838913
0.12137241661548615
0.12137278914451599
0.1213727816939354
0.12137213349342346
0.12137193977832794
0.1213722676038742
0.12137213349342346
0.12137193232774734
0.12137170135974884
0.12137196213006973
0.12137134373188019
0.12137135118246078
0.12137152254581451
0.12137110531330109
0.12137158960103989
0.12137105315923691
0.1213715597987175
0.12137103825807571
0.12137100845575333
0.12137102335691452
0.12137097865343094
0.12137085944414139
0.1213708445429802
0.12137125432491302
0.12137089669704437
0.12137096375226974
0.12137050181627274
0.12137063592672348
0.1213710755109787
0.12137063592672348
0.1213708445429802
0.12137138843536377
0.121370330452919
0.12137037515640259
0.12137064337730408
0.1213705763220787
0.12137030810117722
0.12137079238891602
0.12137049436569214
0.12137026339769363
0.12137024849653244
0.12136998772621155
0.12136980891227722
0.1213698461651802
0.12137023359537125
0.1213700920343399
0.12136988341808319
0.12136983871459961
0.12137063592672348
0.12136971950531006
0.12136959284543991
0.1213696300983429
0.12136998027563095
0.12136979401111603
0.12136939913034439
0.1213698536157608
0.12136922776699066
0.12136997282505035
0.12136923521757126
0.1213691458106041
0.12136927992105484
0.12136968970298767
0.12136916816234589
0.12136876583099365
0.12136944383382797
0.12136893719434738
0.1213693842291832
0.12136875092983246
0.12136868387460709
0.12136885523796082
0.12136892229318619
0.12136848270893097
0.12136878818273544
0.12136845290660858
0.12136862426996231
0.1213684156537056
0.12136886268854141
0.12136846780776978
0.12136920541524887
0.1213688775897026
0.12136846780776978
0.12136822193861008
0.12136846780776978
0.12136822938919067
0.12136832624673843
0.12136856466531754
0.12136784195899963
0.12136838585138321
0.12136773765087128
