0.9413555264472961
0.5659363269805908
0.5053498148918152
0.4712565839290619
0.4484744071960449
0.4304507374763489
0.4176962673664093
0.4079015851020813
0.4021265506744385
0.39740386605262756
0.3937983512878418
0.39156171679496765
0.39044344425201416
0.38823696970939636
0.38679981231689453
0.38543444871902466
0.3841659128665924
0.3830025792121887
0.3823575973510742
0.38151633739471436
0.38107016682624817
0.3810383975505829
0.3798557221889496
0.3782665729522705
0.37731847167015076
0.37775933742523193
0.37670937180519104
0.3759344220161438
0.375740647315979
0.3753790557384491
0.3744444251060486
0.37492257356643677
0.37337273359298706
0.3731133043766022
0.3715493679046631
0.3715900480747223
0.37275129556655884
0.3737287223339081
0.37025541067123413
0.3703443706035614
0.36866068840026855
0.3687107563018799
0.36868736147880554
0.3696252405643463
0.36722564697265625
0.36677780747413635
0.3668540418148041
0.36528387665748596
0.3649478852748871
0.3649523854255676
0.3636855185031891
0.36329683661460876
0.36293721199035645
0.36197561025619507
0.36173778772354126
0.36150383949279785
0.36384525895118713
0.36129605770111084
0.3601095378398895
0.360013484954834
0.3589407503604889
0.3572421967983246
0.3573702275753021
0.35619375109672546
0.35637199878692627
0.3564087152481079
0.35572734475135803
0.3546578288078308
0.3540189266204834
0.3546183109283447
0.35363489389419556
0.3510579466819763
0.35171598196029663
0.3499103784561157
0.35392436385154724
0.3519253432750702
0.35186678171157837
0.3486252725124359
0.3495825231075287
0.3483719527721405
0.34642210602760315
0.3482971489429474
0.34646615386009216
0.3472863435745239
0.34607604146003723
0.3448809087276459
0.34604960680007935
0.344917893409729
0.344073086977005
0.34352612495422363
0.3418189287185669
0.3431017994880676
0.3416726887226105
0.34078773856163025
0.34061717987060547
0.3403113782405853
0.3390328586101532
0.3396284580230713
0.3421926200389862
0.3402195870876312
0.3385569155216217
0.3375568985939026
0.336471289396286
0.3366137146949768
0.33632659912109375
0.33835020661354065
0.33481353521347046
0.3351304233074188
0.3342543840408325
0.3351099193096161
0.33727920055389404
0.33572885394096375
0.3335144817829132
0.33281633257865906
0.33319878578186035
0.3312169313430786
0.33082106709480286
0.3298928141593933
0.33007121086120605
0.3289702236652374
0.3297084867954254
0.3295670747756958
0.3287912905216217
0.32870325446128845
0.3289695978164673
0.330127477645874
0.32851192355155945
0.3280971050262451
0.3285411596298218
0.32737958431243896
0.32747945189476013
0.3272848427295685
0.32698267698287964
0.3268750309944153
0.32678061723709106
0.3275595009326935
0.32725393772125244
0.3269357681274414
0.3259243369102478
0.32593828439712524
0.3253982961177826
0.32603394985198975
0.3261338472366333
0.3254821002483368
0.325604110956192
0.3257613480091095
0.325481653213501
0.32601967453956604
0.32417240738868713
0.3243752121925354
0.32468149065971375
0.3249509632587433
0.32452523708343506
0.3239031136035919
0.3243451714515686
0.32415908575057983
0.32311204075813293
0.32370612025260925
0.32358670234680176
0.3233165740966797
0.32343631982803345
0.3225478231906891
0.323356032371521
0.3229770362377167
0.3225898742675781
0.3227303624153137
0.32257863879203796
0.3219822347164154
0.32269105315208435
0.32252636551856995
0.3210638761520386
0.3215699791908264
0.322165846824646
0.3213399052619934
0.32114121317863464
0.32126080989837646
0.3207397758960724
0.32164323329925537
0.32165801525115967
0.32073289155960083
0.32050734758377075
0.3199465870857239
0.32063981890678406
0.3207952678203583
0.3207192122936249
0.3202471435070038
0.31923559308052063
0.3188297152519226
0.3193054795265198
0.320477157831192
0.31946754455566406
0.3192562162876129
0.3195109963417053
0.3185688257217407
0.31824564933776855
0.3179932236671448
0.3179013133049011
0.31771576404571533
0.31825098395347595
0.31806841492652893
0.3175300359725952
0.31866201758384705
0.3170769214630127
0.3168656826019287
0.3170172870159149
0.3159937858581543
0.31626591086387634
0.31606000661849976
0.3161426782608032
0.3159686028957367
0.3167932331562042
0.31582385301589966
0.3161677122116089
0.3158856928348541
0.3144296705722809
0.3130725920200348
0.3130125403404236
0.3129347860813141
0.31274574995040894
0.3127467632293701
0.31252321600914
0.3128776550292969
0.313124418258667
0.31310784816741943
0.3127833604812622
0.31261056661605835
0.31193381547927856
0.3121711313724518
0.31211453676223755
0.3121180832386017
0.31155744194984436
0.31212061643600464
0.3115687966346741
0.3115384578704834
0.31079307198524475
0.3113435208797455
0.31103795766830444
0.3109873831272125
0.3110705614089966
0.3111839294433594
0.3113974630832672
0.3110658526420593
0.31069791316986084
0.3108728229999542
0.3108593821525574
0.3117455542087555
0.31007251143455505
0.311128705739975
0.3108289837837219
0.31068360805511475
0.31049227714538574
0.3099025785923004
0.31027403473854065
0.30978336930274963
0.31019678711891174
0.3099982440471649
0.31040045619010925
0.3096100091934204
0.3095943033695221
0.30973345041275024
0.3096991181373596
0.3092404007911682
0.3094528615474701
0.3095414936542511
0.31007036566734314
0.3095974326133728
0.3096211850643158
0.3086552023887634
0.3090328872203827
0.3087415397167206
0.3087616264820099
0.3085103929042816
0.3087703585624695
0.3089902997016907
0.30853453278541565
0.30835282802581787
0.30789893865585327
0.30821141600608826
0.3079555034637451
0.3080739378929138
0.30788442492485046
0.30810850858688354
0.3082175552845001
0.3076150417327881
0.30747032165527344
0.30841612815856934
0.30800962448120117
0.3079771101474762
0.30755895376205444
0.30811601877212524
0.307445764541626
0.30727583169937134
0.3074423670768738
0.30729374289512634
0.3067425787448883
0.30676260590553284
0.30692601203918457
0.30661097168922424
0.306513249874115
0.30654582381248474
0.3066712021827698
0.30646079778671265
0.3064451515674591
0.3063523471355438
0.3065702021121979
0.3069732189178467
0.305957555770874
0.3056633174419403
0.30649176239967346
0.306042343378067
0.30609503388404846
0.30580416321754456
0.3067346215248108
0.3066122233867645
0.3063945770263672
0.30453988909721375
0.3045540750026703
0.30442026257514954
0.3046610951423645
0.30437108874320984
0.304485023021698
0.304365336894989
0.3042922616004944
0.30413490533828735
0.3042634427547455
0.30473464727401733
0.30433088541030884
0.30439499020576477
0.3040241301059723
0.3039221465587616
0.30385151505470276
0.303923100233078
0.3037889301776886
0.304341584444046
0.30389341711997986
0.3038009703159332
0.303644061088562
0.3036001920700073
0.3034383952617645
0.30341967940330505
0.3036237359046936
0.30317097902297974
0.3032069206237793
0.303285151720047
0.3033532500267029
0.30340775847435
0.3032265305519104
0.30311086773872375
0.30302610993385315
0.3030164837837219
0.30306026339530945
0.303117573261261
0.30300721526145935
0.302930623292923
0.303011417388916
0.30271896719932556
0.3025916516780853
0.3025624752044678
0.3025335669517517
0.3024868369102478
0.3025791347026825
0.30252179503440857
0.3025256395339966
0.3024643659591675
0.30258193612098694
0.30222710967063904
0.3028326630592346
0.3020611107349396
0.302325576543808
0.3026430904865265
0.3020537197589874
0.3020270764827728
0.30210381746292114
0.3022189140319824
0.3020487427711487
0.30177903175354004
0.30175018310546875
0.3018859326839447
0.3017124533653259
0.3019339144229889
0.30156850814819336
0.30204761028289795
0.30164965987205505
0.30185383558273315
0.3020056188106537
0.3017071485519409
0.30165645480155945
0.3018711507320404
0.3016059398651123
0.30129939317703247
0.30147016048431396
0.30144503712654114
0.301250696182251
0.30108413100242615
0.30129826068878174
0.30105260014533997
0.3011036217212677
0.30123427510261536
0.3011585474014282
0.3010656237602234
0.30127206444740295
0.3008332848548889
0.3008166253566742
0.3010132312774658
0.3010016083717346
0.30066096782684326
0.30138668417930603
0.30071404576301575
0.3005844056606293
0.300706684589386
0.3003653585910797
0.3004809021949768
0.30047935247421265
0.3001523017883301
0.3008369207382202
0.2999640703201294
0.30002692341804504
0.3000800907611847
0.2997995913028717
0.29991957545280457
0.2997717559337616
0.29983144998550415
0.3000814616680145
0.30007073283195496
0.30001431703567505
0.2998034954071045
0.2998408079147339
0.3002554774284363
0.30030593276023865
0.299889475107193
0.2996453046798706
0.29955989122390747
0.29971638321876526
0.29961055517196655
0.29974228143692017
0.2994900345802307
0.29955601692199707
0.29945462942123413
0.2996383607387543
0.29952552914619446
0.29948458075523376
0.29941514134407043
0.2993055284023285
0.2994380593299866
0.2993744909763336
0.2995097041130066
0.2994826138019562
0.29926982522010803
0.2992889881134033
0.2991897761821747
0.2992545962333679
0.2992602288722992
0.2991873323917389
0.2992304861545563
0.29915106296539307
0.29919642210006714
0.2993050217628479
0.29912930727005005
0.29908016324043274
0.2990008592605591
0.29895323514938354
0.29899173974990845
0.2989577353000641
0.29893720149993896
0.298915833234787
0.29878318309783936
0.29884210228919983
0.2988032102584839
0.2989656329154968
0.2988092303276062
0.2989054322242737
0.29878008365631104
0.29894745349884033
0.29872769117355347
0.29865241050720215
0.2987130582332611
0.29874253273010254
0.2986307442188263
0.2985353469848633
0.29861530661582947
0.2984473705291748
0.29850146174430847
0.2986644208431244
0.2983626127243042
0.2984732687473297
0.2983633577823639
0.2983671724796295
0.29851067066192627
0.2987934947013855
0.298439621925354
0.2982810139656067
0.29829052090644836
0.2982237935066223
0.2983691096305847
0.29816317558288574
0.29816916584968567
0.2981452941894531
0.29819628596305847
0.2981410622596741
0.2980477213859558
0.2981623411178589
0.2979840338230133
0.298050194978714
0.2980225086212158
0.2978195548057556
0.2981106638908386
0.2979341745376587
0.2978321313858032
0.2977635860443115
0.2978591322898865
0.2976834774017334
0.29791831970214844
0.2977500259876251
0.2976911962032318
0.29764559864997864
0.29747748374938965
0.29742002487182617
0.2974182963371277
0.2975124418735504
0.2973477840423584
0.29735806584358215
0.29744091629981995
0.2973639965057373
0.297341912984848
0.29731136560440063
0.2973175048828125
0.2973211407661438
0.29726433753967285
0.2972720265388489
0.29729875922203064
0.29728952050209045
0.2971983850002289
0.29726681113243103
0.29728683829307556
0.2973945736885071
0.2972227931022644
0.2971826493740082
0.29716652631759644
0.29718753695487976
0.2972147762775421
0.2971782386302948
0.2971663177013397
0.2971927523612976
0.29717209935188293
0.29711294174194336
0.29708969593048096
0.2971017360687256
0.2970966398715973
0.2971942126750946
0.2970920503139496
0.2970319986343384
0.29701027274131775
0.29704806208610535
0.2970035672187805
0.29701530933380127
0.29710379242897034
0.297085702419281
0.29699820280075073
0.2970673441886902
0.29695966839790344
0.29698601365089417
0.2968810200691223
0.2970012426376343
0.2968875765800476
0.2968830168247223
0.2968859076499939
0.2968638837337494
0.2968482971191406
0.2967663109302521
0.2968118190765381
0.2968301475048065
0.2968025207519531
0.2967478632926941
0.29682794213294983
0.29678502678871155
0.2967692017555237
0.2967410981655121
0.2967838644981384
0.2967665195465088
0.2968807518482208
0.2967999577522278
0.29666757583618164
0.29664909839630127
0.2966884970664978
0.2966502606868744
0.29665327072143555
0.2967139482498169
0.2966289222240448
0.2966209948062897
0.29664528369903564
0.29657214879989624
0.29662024974823
0.29659080505371094
0.2965553104877472
0.2965928316116333
0.2965841591358185
0.29660412669181824
0.2965090870857239
0.296546071767807
0.29653576016426086
0.2964388132095337
0.2964957058429718
0.29644137620925903
0.29641902446746826
0.2964082360267639
0.2964259088039398
0.29643362760543823
0.2964938282966614
0.2963806688785553
0.29639026522636414
0.2964206039905548
0.2963210344314575
0.2963269054889679
0.29640206694602966
0.2963463366031647
0.29621025919914246
0.2962014973163605
0.2962092161178589
0.2962034046649933
0.2961997091770172
0.2961944043636322
0.296293705701828
0.2961425185203552
0.2961634397506714
0.29615017771720886
0.296123743057251
0.2961251437664032
0.2961474657058716
0.2961288392543793
0.29616472125053406
0.29610857367515564
0.29612821340560913
0.29610681533813477
0.2961540222167969
0.29610535502433777
0.2960985600948334
0.29610392451286316
0.29608193039894104
0.29607829451560974
0.2960543632507324
0.2960778474807739
0.2960681617259979
0.29604920744895935
0.2960602045059204
0.29603680968284607
0.29605093598365784
0.2960614264011383
0.2959854304790497
0.29603463411331177
0.29599300026893616
0.29604583978652954
0.2960374653339386
0.29601341485977173
0.29602259397506714
0.29600003361701965
0.29598596692085266
0.29599764943122864
0.2959769666194916
0.295960932970047
0.29594480991363525
0.2959820628166199
0.29593411087989807
0.29591333866119385
0.29593685269355774
0.29590263962745667
0.29594528675079346
0.29601603746414185
0.29592403769493103
0.2958935797214508
0.2959088683128357
0.29591262340545654
0.29588615894317627
0.29589274525642395
0.2958812117576599
0.29587218165397644
0.29586854577064514
0.29583579301834106
0.2958688735961914
0.29587146639823914
0.29587626457214355
0.2959098219871521
0.2958143651485443
0.2958313822746277
0.29581162333488464
0.29581066966056824
0.29584819078445435
0.29582178592681885
0.2957747280597687
0.29578912258148193
0.2958592474460602
0.2957778871059418
0.29575639963150024
0.2957780361175537
0.2957737445831299
0.2957567572593689
0.2957785129547119
0.29573947191238403
0.2957157492637634
0.2958005964756012
0.2956923544406891
0.2957113981246948
0.2957509756088257
0.295712947845459
0.2957223355770111
0.29569873213768005
0.2956960201263428
0.2957265377044678
0.29570266604423523
0.2956978976726532
0.2956867218017578
0.2956544756889343
0.2956732511520386
0.2956444025039673
0.2956824004650116
0.2956312596797943
0.2955882251262665
0.2956017553806305
0.29557186365127563
0.29559364914894104
0.2956274151802063
0.295563280582428
0.2955736517906189
0.295564204454422
0.2955533564090729
0.29555612802505493
0.29556041955947876
0.2955573797225952
0.2955644726753235
0.29555457830429077
0.2955409586429596
0.2955380082130432
0.29553961753845215
0.29555225372314453
0.29554232954978943
0.2955448031425476
0.29551684856414795
0.29553458094596863
0.295580118894577
0.2955096364021301
0.29551106691360474
0.2955132722854614
0.2955225110054016
0.2955057621002197
0.2955244779586792
0.2955356240272522
0.2955155670642853
0.29550260305404663
0.29550063610076904
0.29550158977508545
0.29548364877700806
0.29547587037086487
0.2955039143562317
0.2954726219177246
0.2954684793949127
0.295499324798584
0.2954638600349426
0.295478492975235
0.2954657971858978
0.29547393321990967
0.2954677641391754
0.2954537868499756
0.2954561710357666
0.2954601049423218
0.2954440414905548
0.2954908609390259
0.2954731285572052
0.29544034600257874
0.2954690456390381
0.29543137550354004
0.2954360842704773
0.29544028639793396
0.2954326868057251
0.29543259739875793
0.2954491674900055
0.29542291164398193
0.2954377830028534
0.2953959107398987
0.2954433560371399
0.29543477296829224
0.29540419578552246
0.2953968346118927
0.2953987121582031
0.2954048812389374
0.2953914999961853
0.29538944363594055
0.2954067289829254
0.2953929603099823
0.295370489358902
0.29539141058921814
0.2953711748123169
0.2953730821609497
0.2953670918941498
0.2954040765762329
0.2953663170337677
0.2953684628009796
0.2953522503376007
0.29534581303596497
0.29536738991737366
0.2953956127166748
0.2953396737575531
0.29536256194114685
0.2953566610813141
0.29533106088638306
0.2953367829322815
0.29534271359443665
0.29535484313964844
0.29534199833869934
0.2953163683414459
0.2953251004219055
0.29532569646835327
0.29532092809677124
0.2953152656555176
0.2953205108642578
0.2953682541847229
0.295314759016037
0.29528626799583435
0.2952772378921509
0.2952730655670166
0.2952762544155121
0.2952769994735718
0.29528966546058655
0.2952702045440674
0.29527518153190613
0.29528000950813293
0.29529187083244324
0.2952672839164734
0.295263409614563
0.2952728867530823
0.295260488986969
0.2952668070793152
0.29526758193969727
0.295266717672348
0.2952549457550049
0.2952544689178467
0.2952536344528198
0.2952592670917511
0.2952476143836975
0.29525694251060486
0.2952553629875183
0.2952515482902527
0.29524460434913635
0.2952476143836975
0.2952499985694885
0.2952461540699005
0.29524269700050354
0.29523956775665283
0.2952401340007782
0.2952466905117035
0.2952471673488617
0.2952321767807007
0.29523852467536926
0.2952289879322052
0.2952345907688141
0.2952456772327423
0.29523712396621704
0.29522135853767395
0.295224130153656
0.2952256500720978
0.29522016644477844
0.29522743821144104
0.2952203154563904
0.2952170968055725
0.29523006081581116
0.29522696137428284
0.2952095866203308
0.295214980840683
0.2952134311199188
0.29521092772483826
0.29521238803863525
0.2952148914337158
0.29520750045776367
0.2952052056789398
0.2952040135860443
0.29521074891090393
0.2952003479003906
0.2952124774456024
0.2952214777469635
0.29519107937812805
0.2952086925506592
0.29519912600517273
0.2951974868774414
0.2951878607273102
0.29518935084342957
0.2951907515525818
0.29517892003059387
0.2951902449131012
0.2951890826225281
0.2951804995536804
0.2951803207397461
0.29518118500709534
0.2951800227165222
0.2951803207397461
0.29517218470573425
0.2951761484146118
0.29516667127609253
0.29517507553100586
0.2951752543449402
0.29517191648483276
0.2951795756816864
0.2951742112636566
0.2951703667640686
0.29516154527664185
0.2951708436012268
0.29515746235847473
0.29515963792800903
0.2951578199863434
0.29515522718429565
0.2951645851135254
0.2951500415802002
0.29515478014945984
0.2951565980911255
0.2951469123363495
0.2951529324054718
0.2951473891735077
0.29515039920806885
0.2951349914073944
0.29513436555862427
0.29513463377952576
0.2951311469078064
0.29512956738471985
0.29513058066368103
0.29513344168663025
0.29513218998908997
0.29512983560562134
0.29512640833854675
0.2951250970363617
0.2951275110244751
0.29512518644332886
0.29512521624565125
0.29512301087379456
0.295125275850296
0.29513049125671387
0.2951238751411438
0.29512134194374084
0.2951222062110901
0.29512208700180054
0.2951219379901886
0.29511743783950806
0.29511576890945435
0.2951176166534424
0.2951158881187439
0.2951144576072693
0.2951183021068573
0.2951139211654663
0.2951147258281708
0.2951149046421051
0.29511651396751404
0.2951153516769409
0.2951223850250244
0.2951158881187439
0.29511234164237976
0.29510775208473206
0.295114129781723
0.2951063811779022
0.29510945081710815
0.29510965943336487
0.29510805010795593
0.2951103150844574
0.2951054573059082
0.2951050102710724
0.2951054871082306
0.2951035499572754
0.2951059341430664
0.29509997367858887
0.2950969934463501
0.29510000348091125
0.2950991988182068
0.2950974404811859
0.2950955927371979
0.2951025068759918
0.29509758949279785
0.2950946092605591
0.2950953245162964
0.29509466886520386
0.2950916886329651
0.29509469866752625
0.2950979769229889
0.2950916588306427
0.2950921058654785
0.29509401321411133
0.29509299993515015
0.2950899302959442
0.2950875461101532
0.295088529586792
0.29509255290031433
0.2950902283191681
0.29508480429649353
0.29508307576179504
0.2950877249240875
0.2950891852378845
0.29508358240127563
0.29508456587791443
0.2950821816921234
0.29508116841316223
0.29508084058761597
0.2950780987739563
0.29508504271507263
0.29507705569267273
0.2950783371925354
0.29507771134376526
0.2950787842273712
0.2950734794139862
0.29507794976234436
0.29507869482040405
0.2950766086578369
0.29507479071617126
0.2950698137283325
0.29507243633270264
0.2950688898563385
0.2950734496116638
0.295072466135025
0.2950678765773773
0.2950681746006012
0.29506930708885193
0.29506590962409973
0.2950608432292938
0.2950594127178192
0.2950611412525177
0.2950584590435028
0.2950584590435028
0.2950579524040222
0.2950579822063446
0.2950603663921356
0.2950560748577118
0.2950628101825714
0.2950563132762909
0.2950565218925476
0.29505783319473267
0.29505670070648193
0.2950594425201416
0.2950546145439148
0.2950532138347626
0.2950541377067566
0.29505541920661926
0.295054167509079
0.2950567603111267
0.2950539290904999
0.29505088925361633
0.2950528860092163
0.29505255818367004
0.2950518727302551
0.2950513958930969
0.2950512170791626
0.29505059123039246
0.29505062103271484
0.2950512766838074
0.29505032300949097
0.29505065083503723
0.2950512170791626
0.29504841566085815
0.29504838585853577
0.29504743218421936
0.29505112767219543
0.2950466573238373
0.29504621028900146
0.29504773020744324
0.29505062103271484
0.29504528641700745
0.2950446605682373
0.2950442433357239
0.2950482964515686
0.2950447201728821
0.2950439155101776
0.2950429320335388
0.29504165053367615
0.29504427313804626
0.2950466275215149
0.29504409432411194
0.29504409432411194
0.29504284262657166
0.2950425148010254
0.29504355788230896
0.2950417995452881
0.29504168033599854
0.29504039883613586
0.2950412631034851
0.29503920674324036
0.29504066705703735
0.29503798484802246
0.29503798484802246
0.2950390577316284
0.29503870010375977
0.2950373589992523
0.2950403392314911
0.2950369715690613
0.2950398027896881
0.29503780603408813
0.29504144191741943
0.29503846168518066
0.29503536224365234
0.29503607749938965
0.2950372099876404
0.29503998160362244
0.2950369417667389
0.29503539204597473
0.29503360390663147
0.2950342893600464
0.2950330376625061
0.2950344383716583
0.29503440856933594
0.2950350344181061
0.29503360390663147
0.29503241181373596
0.2950327396392822
0.29503053426742554
0.2950296401977539
0.29502883553504944
0.2950321137905121
0.2950294613838196
0.29502975940704346
0.29502809047698975
0.29502761363983154
0.2950310707092285
0.29502663016319275
0.2950280010700226
0.29502320289611816
0.29502373933792114
0.29502397775650024
0.29502418637275696
0.2950223386287689
0.29502394795417786
0.29502350091934204
0.29502224922180176
0.29502376914024353
0.29502201080322266
0.2950221300125122
0.2950209677219391
0.2950224280357361
0.295025497674942
0.29502198100090027
0.2950213849544525
0.29502150416374207
0.29502084851264954
0.29502028226852417
0.2950202226638794
0.29501980543136597
0.2950195074081421
0.29501962661743164
0.295021653175354
0.2950195074081421
0.29501956701278687
0.2950195074081421
0.29501959681510925
0.29502072930336
0.29501840472221375
0.29501885175704956
0.2950197160243988
0.29501786828041077
0.2950199544429779
0.29501745104789734
0.29501843452453613
0.29501834511756897
0.29501765966415405
0.29501694440841675
0.2950185537338257
0.29501765966415405
0.29501673579216003
0.29501575231552124
0.29501643776893616
0.2950161397457123
0.2950175404548645
0.29501578211784363
0.29501625895500183
0.2950162887573242
0.2950146794319153
0.2950156033039093
0.2950161397457123
0.295015424489975
0.2950163781642914
0.29501351714134216
0.2950149178504944
0.2950151264667511
0.29501432180404663
0.29501578211784363
0.29501408338546753
0.29501307010650635
0.29501375555992126
0.2950133979320526
0.29501476883888245
0.2950134873390198
0.2950132191181183
0.29501309990882874
0.29501405358314514
0.29501235485076904
0.29501280188560486
0.29501160979270935
0.29501259326934814
0.29501160979270935
0.29501059651374817
0.29501208662986755
0.29501059651374817
0.2950111925601959
0.29501011967658997
0.29501086473464966
0.2950102984905243
0.2950112819671631
0.29500994086265564
0.2950115203857422
0.29500988125801086
0.2950086295604706
0.2950094938278198
0.2950109541416168
0.2950093746185303
0.29501059651374817
0.29500794410705566
0.2950083315372467
0.29500746726989746
0.2950087785720825
0.29500800371170044
0.2950074076652527
0.29500794410705566
0.2950078845024109
0.2950083911418915
0.2950073778629303
0.29500851035118103
0.2950059175491333
0.29500526189804077
0.29500508308410645
0.29500535130500793
0.29500535130500793
0.295005738735199
0.29500502347946167
0.2950054109096527
0.2950046956539154
0.29500463604927063
0.2950047254562378
0.29500454664230347
0.2950047254562378
0.29500412940979004
0.29500430822372437
0.2950049340724945
0.2950041592121124
0.29500430822372437
0.2950045168399811
0.2950049936771393
0.2950042486190796
0.2950039505958557
0.29500454664230347
0.2950034439563751
0.29500341415405273
0.29500341415405273
0.29500365257263184
0.295003205537796
0.29500335454940796
0.29500314593315125
0.29500308632850647
0.29500505328178406
0.29500317573547363
0.2950030267238617
0.29500293731689453
0.2950025498867035
0.2950024902820587
0.2950025498867035
0.29500269889831543
0.29500219225883484
0.29500314593315125
0.295002281665802
0.2950024902820587
0.2950022220611572
0.2950035631656647
0.2950020730495453
0.29500147700309753
0.2950015366077423
0.29500195384025574
0.2950020730495453
0.2950015366077423
0.2950012683868408
0.29500123858451843
0.29500165581703186
0.2950020432472229
0.29500067234039307
0.2950010299682617
0.29500094056129456
0.2950007915496826
0.2950012981891632
0.29500067234039307
0.2950006127357483
0.29500189423561096
0.2950007915496826
0.29500025510787964
0.29500046372413635
0.2950003445148468
0.2950007915496826
0.2950003445148468
0.29500022530555725
0.29500049352645874
0.2950003743171692
0.29500025510787964
0.29499945044517517
0.2949996888637543
0.2949998080730438
0.29499951004981995
0.29499948024749756
0.294999897480011
0.29499924182891846
0.29499924182891846
0.29499974846839905
0.2950001060962677
0.2949988543987274
0.29499879479408264
0.29499876499176025
0.29499882459640503
0.29499876499176025
0.2949988543987274
0.29499873518943787
0.29499831795692444
0.29499828815460205
0.2949987053871155
0.2949986457824707
0.2949983477592468
0.2949979603290558
0.2949983775615692
0.2949977219104767
0.2949979603290558
0.29499781131744385
0.2949970066547394
0.29499784111976624
0.29499709606170654
0.2949967682361603
0.29499682784080505
0.29499682784080505
0.2949969172477722
0.2949972450733185
0.29499655961990356
0.29499688744544983
0.2949973940849304
0.29499682784080505
0.2949964106082916
0.294996440410614
0.2949965000152588
0.294996440410614
0.2949964702129364
0.29499655961990356
0.2949962615966797
0.2949965000152588
0.2949962615966797
0.29499611258506775
0.29499658942222595
0.2949965298175812
0.2949962019920349
0.294996440410614
0.29499632120132446
0.29499611258506775
0.2949959933757782
0.2949962615966797
0.2949959635734558
0.29499581456184387
0.29499611258506775
0.294996052980423
0.29499608278274536
0.29499581456184387
0.29499635100364685
0.29499584436416626
0.2949957549571991
0.2949955463409424
0.29499566555023193
0.29499560594558716
0.2949955463409424
0.2949959635734558
0.29499551653862
0.29499566555023193
0.29499533772468567
0.2949957549571991
0.29499539732933044
0.2949955463409424
0.2949952781200409
0.29499539732933044
0.2949955463409424
0.2949953079223633
0.2949950695037842
0.29499509930610657
0.29499509930610657
0.2949950695037842
0.29499486088752747
0.29499492049217224
0.29499489068984985
0.29499509930610657
0.294994980096817
0.29499515891075134
0.29499486088752747
0.2949947118759155
0.2949947416782379
0.2949948012828827
0.2949947416782379
0.29499468207359314
0.29499465227127075
0.29499441385269165
0.29499468207359314
0.2949947416782379
0.29499492049217224
0.2949948012828827
0.29499489068984985
0.2949947118759155
0.2949945032596588
0.2949948310852051
0.29499420523643494
0.29499438405036926
0.2949948310852051
0.294994056224823
0.294994056224823
0.29499414563179016
0.2949942648410797
0.29499420523643494
0.29499414563179016
0.294994056224823
0.29499393701553345
0.2949939966201782
0.29499462246894836
0.29499390721321106
0.29499414563179016
0.29499387741088867
0.29499369859695435
0.2949940264225006
0.2949938178062439
0.29499369859695435
0.2949935793876648
0.2949937880039215
0.29499363899230957
0.2949933707714081
0.2949933707714081
0.29499346017837524
0.29499348998069763
0.29499351978302
0.2949933409690857
0.2949933707714081
0.294993132352829
0.2949935793876648
0.2949933409690857
0.29499346017837524
0.2949932813644409
0.2949933409690857
0.294993132352829
0.2949932813644409
0.2949932813644409
0.294993132352829
0.29499351978302
0.2949933111667633
0.29499322175979614
0.29499322175979614
0.2949931025505066
0.294993132352829
0.2949928939342499
0.29499295353889465
0.29499301314353943
0.2949930727481842
0.2949928343296051
0.2949928641319275
0.2949928641319275
0.29499322175979614
0.29499271512031555
0.2949925661087036
0.29499271512031555
0.2949925661087036
0.2949925363063812
0.2949932813644409
0.29499295353889465
0.29499301314353943
0.2949925363063812
0.29499244689941406
0.29499244689941406
0.29499244689941406
0.2949923872947693
0.29499250650405884
0.2949926257133484
0.2949923276901245
0.2949925661087036
0.29499244689941406
0.2949923574924469
0.29499271512031555
0.2949923574924469
0.2949921786785126
0.2949923872947693
0.2949921488761902
0.2949923872947693
0.29499271512031555
0.2949921488761902
0.2949921488761902
0.2949920892715454
0.294992059469223
0.2949921786785126
0.2949919104576111
0.29499194025993347
0.2949918210506439
0.294992059469223
0.29499197006225586
0.2949921488761902
0.29499176144599915
0.2949918508529663
0.29499194025993347
0.2949918508529663
0.294991672039032
0.2949921190738678
0.29499194025993347
0.2949916124343872
0.294991672039032
0.2949916124343872
0.2949914336204529
0.29499152302742004
0.2949915826320648
0.29499146342277527
0.2949915826320648
