0.7571508884429932
0.8076276183128357
0.8104318380355835
0.8149186968803406
0.8199663758277893
0.8166012167930603
0.8194054961204529
0.8137969970703125
0.8210880756378174
0.8295008540153503
0.8317442536354065
0.8278182744979858
0.8323051333427429
0.8345485329627991
0.8367919325828552
0.841839611530304
0.8407179117202759
0.8323051333427429
0.8401570320129395
0.8457655906677246
0.8412787318229675
0.842961311340332
0.842961311340332
0.8474481105804443
0.8547391891479492
0.8283791542053223
0.8502523899078369
0.8519349694252014
0.8502523899078369
0.8524957895278931
0.8508132100105286
0.860908567905426
0.8558608889579773
0.860908567905426
0.8637128472328186
0.8581043481826782
0.8625911474227905
0.869321346282959
0.8710039258003235
0.869321346282959
0.8648345470428467
0.8687605261802673
0.8687605261802673
0.8732473254203796
0.8715648055076599
0.8760516047477722
0.8782950043678284
0.8777341842651367
0.8805384039878845
0.8816601037979126
0.8771733045578003
0.8766124248504639
0.8839035630226135
0.8861469626426697
0.8738082051277161
0.8839035630226135
0.881099283695221
0.8911946415901184
0.8839035630226135
0.8900728821754456
0.8928771615028381
0.8867077827453613
0.8962422609329224
0.8917554616928101
0.900168240070343
0.8990465402603149
0.900168240070343
0.8973640203475952
0.8951205611228943
0.8951205611228943
0.9007291197776794
0.9018508195877075
0.9074593186378479
0.9029725193977356
0.9091418981552124
0.900168240070343
0.9068984985351562
0.9102635979652405
0.9130678772926331
0.908581018447876
0.9007291197776794
0.9197980761528015
0.9186763763427734
0.911946177482605
0.9141895771026611
0.9197980761528015
0.9192372560501099
0.9158720970153809
0.9068984985351562
0.9197980761528015
0.9209197759628296
0.9242849349975586
0.9197980761528015
0.9276500344276428
0.9293326139450073
0.9248457551002502
0.9203589558601379
0.9209197759628296
0.9226023554801941
0.9293326139450073
0.9237240552902222
0.9270891547203064
0.9282108545303345
0.9242849349975586
0.9338194131851196
0.9343802332878113
0.9388670921325684
0.9383062124252319
0.9332585334777832
0.9383062124252319
0.9399887919425964
0.9332585334777832
0.93942791223526
0.9444755911827087
0.9416713118553162
0.9360628128051758
0.9416713118553162
0.9444755911827087
0.9422321915626526
0.9439147710800171
0.9484015703201294
0.9455972909927368
0.9411104917526245
0.93942791223526
0.947840690612793
0.9461581707000732
0.9484015703201294
0.9495232701301575
0.9467189908027649
0.9450364708900452
0.9455972909927368
0.9450364708900452
0.9439147710800171
0.9467189908027649
0.9461581707000732
0.951205849647522
0.9450364708900452
0.9489624500274658
0.9450364708900452
0.9461581707000732
0.947840690612793
0.9517666697502136
0.9517666697502136
0.9500841498374939
0.95232754945755
0.9489624500274658
0.9528883695602417
0.9545709490776062
0.9534492492675781
0.9517666697502136
0.9562535285949707
0.951205849647522
0.9556926488876343
0.9545709490776062
0.9528883695602417
0.95232754945755
0.9517666697502136
0.95232754945755
0.9506449699401855
0.9545709490776062
0.9540100693702698
0.9573752284049988
0.9489624500274658
0.9568143486976624
0.9562535285949707
0.9579360485076904
0.9534492492675781
0.951205849647522
0.9545709490776062
0.9551318287849426
0.9624229073524475
0.9534492492675781
0.9584969282150269
0.9540100693702698
0.9579360485076904
0.9551318287849426
0.9590577483177185
0.9556926488876343
0.9562535285949707
0.9624229073524475
0.9596186280250549
0.9613012075424194
0.9613012075424194
0.9613012075424194
0.9652271270751953
0.9635446071624756
0.9562535285949707
0.9618620276451111
0.947840690612793
0.9624229073524475
0.9624229073524475
0.960740327835083
0.9601794481277466
0.9613012075424194
0.9601794481277466
0.9646663069725037
0.9674705266952515
0.9635446071624756
0.9629837274551392
0.9573752284049988
0.9579360485076904
0.960740327835083
0.9618620276451111
0.9601794481277466
0.9663488268852234
0.9680314064025879
0.9697139859199524
0.9697139859199524
0.9685922861099243
0.9629837274551392
0.9669097065925598
0.9657880067825317
0.9652271270751953
0.9713965058326721
0.9685922861099243
0.9685922861099243
0.9669097065925598
0.9685922861099243
0.9657880067825317
0.9697139859199524
0.9674705266952515
0.970274806022644
0.9657880067825317
0.9685922861099243
0.969153106212616
0.9680314064025879
0.9719573855400085
0.9697139859199524
0.9708356857299805
0.9713965058326721
0.9713965058326721
0.9730790853500366
0.9697139859199524
0.9719573855400085
0.9697139859199524
0.9713965058326721
0.9725182056427002
0.9713965058326721
0.9697139859199524
0.970274806022644
0.9657880067825317
0.9669097065925598
0.970274806022644
0.9685922861099243
0.970274806022644
0.970274806022644
0.9736399054527283
0.9713965058326721
0.9713965058326721
0.9719573855400085
0.9674705266952515
0.9713965058326721
0.970274806022644
0.9775658845901489
0.9747616648674011
0.9747616648674011
0.9736399054527283
0.9742007851600647
0.9697139859199524
0.9758833646774292
0.9730790853500366
0.9747616648674011
0.9708356857299805
0.9736399054527283
0.9685922861099243
0.9764441847801208
0.9742007851600647
0.9713965058326721
0.9753224849700928
0.9747616648674011
0.9775658845901489
0.9708356857299805
0.9742007851600647
0.9736399054527283
0.9770050644874573
0.9753224849700928
0.9730790853500366
0.9753224849700928
0.9719573855400085
0.9742007851600647
0.9742007851600647
0.9747616648674011
0.9758833646774292
0.9758833646774292
0.9770050644874573
0.9764441847801208
0.9747616648674011
0.9758833646774292
0.9764441847801208
0.9747616648674011
0.9742007851600647
0.9764441847801208
0.9742007851600647
0.9747616648674011
0.9747616648674011
0.978687584400177
0.9792484641075134
0.9781267642974854
0.978687584400177
0.9775658845901489
0.9781267642974854
0.9736399054527283
0.9758833646774292
0.9753224849700928
0.9775658845901489
0.9792484641075134
0.978687584400177
0.9775658845901489
0.982052743434906
0.9770050644874573
0.9775658845901489
0.9798092842102051
0.982052743434906
0.9798092842102051
0.9803701639175415
0.9809310436248779
0.9803701639175415
0.9809310436248779
0.9814918637275696
0.9792484641075134
0.9792484641075134
0.9814918637275696
0.9837352633476257
0.9809310436248779
0.9826135635375977
0.9803701639175415
0.9814918637275696
0.9809310436248779
0.982052743434906
0.9803701639175415
0.9831744432449341
0.9814918637275696
0.9814918637275696
0.982052743434906
0.9826135635375977
0.9809310436248779
0.982052743434906
0.9826135635375977
0.9803701639175415
0.982052743434906
0.9826135635375977
0.9826135635375977
0.982052743434906
0.9803701639175415
0.9792484641075134
0.9848569631576538
0.9826135635375977
0.9814918637275696
0.9809310436248779
0.982052743434906
0.9826135635375977
0.9848569631576538
0.982052743434906
0.9842961430549622
0.9814918637275696
0.9781267642974854
0.9826135635375977
0.9848569631576538
0.9792484641075134
0.9831744432449341
0.9848569631576538
0.9814918637275696
0.9842961430549622
0.9798092842102051
0.9814918637275696
0.9837352633476257
0.9848569631576538
0.9826135635375977
0.9831744432449341
0.9859786629676819
0.9826135635375977
0.9831744432449341
0.9826135635375977
0.9859786629676819
0.9809310436248779
0.9848569631576538
0.9842961430549622
0.9842961430549622
0.9854178428649902
0.9848569631576538
0.9865395426750183
0.9792484641075134
0.9814918637275696
0.9837352633476257
0.9842961430549622
0.9842961430549622
0.9814918637275696
0.9831744432449341
0.9842961430549622
0.9814918637275696
0.9842961430549622
0.9848569631576538
0.982052743434906
0.9837352633476257
0.9854178428649902
0.9848569631576538
0.9871004223823547
0.9837352633476257
0.9876612424850464
0.982052743434906
0.9876612424850464
0.9842961430549622
0.9848569631576538
0.9848569631576538
0.9854178428649902
0.9887829422950745
0.9876612424850464
0.9871004223823547
0.9876612424850464
0.9899046421051025
0.990465521812439
0.9854178428649902
0.9887829422950745
0.9893438220024109
0.9876612424850464
0.9865395426750183
0.9865395426750183
0.9876612424850464
0.9865395426750183
0.9882221221923828
0.9876612424850464
0.9876612424850464
0.9876612424850464
0.9882221221923828
0.9876612424850464
0.9876612424850464
0.9859786629676819
0.9865395426750183
0.9882221221923828
0.9859786629676819
0.9871004223823547
0.9882221221923828
0.9899046421051025
0.9887829422950745
0.9882221221923828
0.9887829422950745
0.9871004223823547
0.9882221221923828
0.9899046421051025
0.9887829422950745
0.9859786629676819
0.9887829422950745
0.9887829422950745
0.9865395426750183
0.9887829422950745
0.9865395426750183
0.9887829422950745
0.9871004223823547
0.9882221221923828
0.9882221221923828
0.9887829422950745
0.9865395426750183
0.9887829422950745
0.9887829422950745
0.9893438220024109
0.9893438220024109
0.9871004223823547
0.9882221221923828
0.9893438220024109
0.9876612424850464
0.9887829422950745
0.9893438220024109
0.9887829422950745
0.9887829422950745
0.9887829422950745
0.9893438220024109
0.9887829422950745
0.9882221221923828
0.9882221221923828
0.9882221221923828
0.9876612424850464
0.9899046421051025
0.9893438220024109
0.9899046421051025
0.9887829422950745
0.9876612424850464
0.9893438220024109
0.9876612424850464
0.9887829422950745
0.9893438220024109
0.9854178428649902
0.9854178428649902
0.990465521812439
0.9899046421051025
0.991587221622467
0.9882221221923828
0.9899046421051025
0.9859786629676819
0.9899046421051025
0.991587221622467
0.9882221221923828
0.9887829422950745
0.9882221221923828
0.9887829422950745
0.9893438220024109
0.9887829422950745
0.9921480417251587
0.9876612424850464
0.9899046421051025
0.9899046421051025
0.9899046421051025
0.9910263419151306
0.9899046421051025
0.9893438220024109
0.990465521812439
0.9899046421051025
0.991587221622467
0.9921480417251587
0.9910263419151306
0.9893438220024109
0.990465521812439
0.990465521812439
0.991587221622467
0.9887829422950745
0.990465521812439
0.9910263419151306
0.9910263419151306
0.9899046421051025
0.9899046421051025
0.9899046421051025
0.990465521812439
0.9910263419151306
0.9921480417251587
0.991587221622467
0.990465521812439
0.991587221622467
0.9887829422950745
0.9910263419151306
0.991587221622467
0.991587221622467
0.990465521812439
0.991587221622467
0.9910263419151306
0.991587221622467
0.990465521812439
0.9899046421051025
0.990465521812439
0.9921480417251587
0.9910263419151306
0.9899046421051025
0.991587221622467
0.9910263419151306
0.991587221622467
0.990465521812439
0.990465521812439
0.9921480417251587
0.9893438220024109
0.9910263419151306
0.9921480417251587
0.9910263419151306
0.9921480417251587
0.9899046421051025
0.991587221622467
0.991587221622467
0.9910263419151306
0.9899046421051025
0.9899046421051025
0.990465521812439
0.9899046421051025
0.9899046421051025
0.991587221622467
0.9921480417251587
0.991587221622467
0.990465521812439
0.9887829422950745
0.9910263419151306
0.991587221622467
0.990465521812439
0.991587221622467
0.991587221622467
0.9910263419151306
0.9910263419151306
0.991587221622467
0.9899046421051025
0.9927089214324951
0.9921480417251587
0.9899046421051025
0.991587221622467
0.991587221622467
0.9899046421051025
0.9899046421051025
0.991587221622467
0.9910263419151306
0.9899046421051025
0.9910263419151306
0.9910263419151306
0.9921480417251587
0.991587221622467
0.991587221622467
0.9910263419151306
0.991587221622467
0.9899046421051025
0.9910263419151306
0.9921480417251587
0.991587221622467
0.991587221622467
0.990465521812439
0.991587221622467
0.9921480417251587
0.9910263419151306
0.9899046421051025
0.9910263419151306
0.9910263419151306
0.991587221622467
0.9910263419151306
0.9921480417251587
0.9921480417251587
0.9921480417251587
0.9921480417251587
0.9910263419151306
0.991587221622467
0.991587221622467
0.9921480417251587
0.991587221622467
0.9921480417251587
0.9921480417251587
0.9921480417251587
0.9921480417251587
0.9927089214324951
0.9910263419151306
0.9921480417251587
0.9927089214324951
0.991587221622467
0.991587221622467
0.9927089214324951
0.9921480417251587
0.9910263419151306
0.9921480417251587
0.9921480417251587
0.991587221622467
0.9921480417251587
0.9921480417251587
0.9927089214324951
0.9927089214324951
0.991587221622467
0.9921480417251587
0.991587221622467
0.9927089214324951
0.9921480417251587
0.991587221622467
0.9921480417251587
0.9921480417251587
0.991587221622467
0.991587221622467
0.9927089214324951
0.9921480417251587
0.991587221622467
0.991587221622467
0.9921480417251587
0.9921480417251587
0.9921480417251587
0.991587221622467
0.991587221622467
0.9921480417251587
0.9927089214324951
0.9927089214324951
0.9921480417251587
0.991587221622467
0.9927089214324951
0.9927089214324951
0.9927089214324951
0.991587221622467
0.9927089214324951
0.9910263419151306
0.9921480417251587
0.9910263419151306
0.9927089214324951
0.991587221622467
0.9921480417251587
0.9927089214324951
0.991587221622467
0.9927089214324951
0.9910263419151306
0.9921480417251587
0.9921480417251587
0.9921480417251587
0.9921480417251587
0.991587221622467
0.9921480417251587
0.9921480417251587
0.9921480417251587
0.9927089214324951
0.9921480417251587
0.9921480417251587
0.9921480417251587
0.9921480417251587
0.9921480417251587
0.9927089214324951
0.9921480417251587
0.9921480417251587
0.991587221622467
0.9921480417251587
0.991587221622467
0.9921480417251587
0.9910263419151306
0.9927089214324951
0.9921480417251587
0.9910263419151306
0.991587221622467
0.9921480417251587
0.9921480417251587
0.9927089214324951
0.991587221622467
0.9921480417251587
0.9921480417251587
0.9921480417251587
0.9927089214324951
0.9921480417251587
0.9927089214324951
0.9921480417251587
0.9927089214324951
0.9921480417251587
0.9927089214324951
0.9927089214324951
0.9927089214324951
0.9921480417251587
0.9921480417251587
0.9927089214324951
0.9927089214324951
0.9921480417251587
0.9927089214324951
0.9927089214324951
0.9921480417251587
0.9927089214324951
0.9927089214324951
0.9921480417251587
0.9921480417251587
0.9927089214324951
0.9927089214324951
0.9927089214324951
0.9921480417251587
0.9927089214324951
0.9927089214324951
0.9927089214324951
0.9927089214324951
0.9921480417251587
0.9921480417251587
0.9921480417251587
0.9921480417251587
0.9927089214324951
0.9927089214324951
0.9927089214324951
0.9927089214324951
0.9927089214324951
0.9927089214324951
0.9927089214324951
0.9927089214324951
0.9927089214324951
0.9927089214324951
0.9921480417251587
0.9921480417251587
0.9927089214324951
0.9910263419151306
0.9927089214324951
0.9927089214324951
0.9927089214324951
0.9921480417251587
0.9921480417251587
0.9927089214324951
0.9927089214324951
0.9921480417251587
0.9927089214324951
0.9921480417251587
0.9921480417251587
0.9927089214324951
0.9927089214324951
0.9921480417251587
0.9927089214324951
0.9927089214324951
0.9921480417251587
0.9921480417251587
0.9927089214324951
0.9927089214324951
0.9921480417251587
0.9927089214324951
0.9921480417251587
0.9921480417251587
0.9927089214324951
0.9927089214324951
0.9927089214324951
0.9921480417251587
0.9927089214324951
0.9927089214324951
0.9927089214324951
0.9921480417251587
0.9927089214324951
0.9927089214324951
0.9932697415351868
0.9927089214324951
0.9921480417251587
0.9927089214324951
0.9921480417251587
0.9927089214324951
0.9927089214324951
0.9927089214324951
0.9921480417251587
0.9927089214324951
0.9927089214324951
0.9927089214324951
0.9927089214324951
0.9927089214324951
0.9927089214324951
0.9927089214324951
0.9927089214324951
0.9927089214324951
0.9927089214324951
0.9927089214324951
0.9927089214324951
0.9927089214324951
0.9927089214324951
0.9927089214324951
0.9927089214324951
0.9927089214324951
0.9927089214324951
0.9927089214324951
0.9927089214324951
0.9927089214324951
0.9927089214324951
0.9921480417251587
0.9927089214324951
0.9927089214324951
0.9927089214324951
0.9927089214324951
0.9927089214324951
0.9921480417251587
0.9927089214324951
0.9927089214324951
0.9927089214324951
0.9927089214324951
0.9921480417251587
0.9927089214324951
0.9927089214324951
0.9927089214324951
0.9927089214324951
0.9927089214324951
0.9927089214324951
0.9927089214324951
0.9927089214324951
0.9927089214324951
0.9927089214324951
0.9921480417251587
0.9927089214324951
0.9927089214324951
0.9927089214324951
0.9927089214324951
0.9927089214324951
0.9921480417251587
0.9927089214324951
0.9921480417251587
0.9927089214324951
0.9921480417251587
0.9927089214324951
0.9927089214324951
0.9927089214324951
0.9927089214324951
0.9927089214324951
0.9921480417251587
0.9927089214324951
0.9927089214324951
0.9921480417251587
0.9927089214324951
0.9927089214324951
0.9927089214324951
0.9927089214324951
0.9927089214324951
0.9927089214324951
0.9921480417251587
0.9927089214324951
0.9927089214324951
0.9927089214324951
0.9921480417251587
0.9927089214324951
0.9927089214324951
0.9927089214324951
0.9921480417251587
0.9927089214324951
0.9927089214324951
0.9927089214324951
0.9921480417251587
0.9927089214324951
0.9921480417251587
0.9927089214324951
0.9927089214324951
0.9921480417251587
0.9927089214324951
0.9927089214324951
0.9927089214324951
0.9927089214324951
0.9927089214324951
0.9927089214324951
0.9927089214324951
0.9921480417251587
0.9921480417251587
0.9927089214324951
0.9927089214324951
0.9921480417251587
0.9927089214324951
0.9927089214324951
0.9927089214324951
0.9927089214324951
0.9927089214324951
0.9927089214324951
0.9927089214324951
0.9927089214324951
0.9927089214324951
0.9927089214324951
0.9927089214324951
0.9927089214324951
0.9927089214324951
0.9927089214324951
0.9927089214324951
0.9927089214324951
0.9927089214324951
0.9927089214324951
0.9927089214324951
0.9927089214324951
0.9927089214324951
0.9927089214324951
0.9927089214324951
0.9927089214324951
0.9921480417251587
0.9927089214324951
0.9927089214324951
0.9927089214324951
0.9921480417251587
0.9927089214324951
0.9927089214324951
0.9927089214324951
0.9927089214324951
0.9927089214324951
0.9927089214324951
0.9927089214324951
0.9927089214324951
0.9927089214324951
0.9927089214324951
0.9927089214324951
0.9927089214324951
0.9927089214324951
0.9927089214324951
0.9927089214324951
0.9927089214324951
0.9927089214324951
0.9927089214324951
0.9927089214324951
0.9927089214324951
0.9927089214324951
0.9927089214324951
0.9927089214324951
0.9927089214324951
0.9927089214324951
0.9927089214324951
0.9927089214324951
0.9927089214324951
0.9927089214324951
0.9927089214324951
0.9927089214324951
0.9927089214324951
0.9927089214324951
0.9927089214324951
0.9927089214324951
0.9927089214324951
0.9927089214324951
0.9921480417251587
0.9927089214324951
0.9927089214324951
0.9927089214324951
0.9927089214324951
0.9927089214324951
0.9927089214324951
0.9927089214324951
0.9927089214324951
0.9927089214324951
0.9927089214324951
0.9927089214324951
0.9927089214324951
0.9927089214324951
0.9927089214324951
0.9927089214324951
0.9927089214324951
0.9927089214324951
0.9927089214324951
0.9927089214324951
0.9927089214324951
0.9927089214324951
0.9927089214324951
0.9927089214324951
0.9927089214324951
0.9927089214324951
0.9927089214324951
0.9927089214324951
0.9927089214324951
0.9927089214324951
0.9927089214324951
0.9927089214324951
0.9927089214324951
0.9927089214324951
0.9927089214324951
0.9927089214324951
0.9927089214324951
0.9927089214324951
0.9927089214324951
0.9927089214324951
0.9927089214324951
0.9927089214324951
0.9927089214324951
0.9927089214324951
0.9927089214324951
0.9927089214324951
0.9927089214324951
0.9927089214324951
0.9927089214324951
0.9927089214324951
0.9927089214324951
0.9927089214324951
0.9927089214324951
0.9927089214324951
0.9927089214324951
0.9927089214324951
0.9927089214324951
0.9927089214324951
0.9927089214324951
0.9927089214324951
0.9927089214324951
0.9927089214324951
0.9927089214324951
0.9927089214324951
0.9927089214324951
0.9927089214324951
0.9927089214324951
0.9927089214324951
0.9927089214324951
0.9927089214324951
0.9927089214324951
0.9927089214324951
0.9927089214324951
0.9927089214324951
0.9927089214324951
0.9927089214324951
0.9927089214324951
0.9927089214324951
0.9927089214324951
0.9927089214324951
0.9927089214324951
0.9927089214324951
0.9927089214324951
0.9927089214324951
0.9927089214324951
0.9927089214324951
0.9927089214324951
0.9927089214324951
0.9927089214324951
0.9927089214324951
0.9927089214324951
0.9927089214324951
0.9927089214324951
0.9927089214324951
0.9927089214324951
0.9927089214324951
0.9927089214324951
0.9927089214324951
0.9927089214324951
0.9927089214324951
0.9927089214324951
0.9927089214324951
0.9927089214324951
0.9927089214324951
0.9927089214324951
0.9927089214324951
0.9927089214324951
0.9927089214324951
0.9927089214324951
0.9927089214324951
0.9927089214324951
0.9927089214324951
0.9927089214324951
0.9927089214324951
0.9927089214324951
0.9927089214324951
0.9927089214324951
0.9927089214324951
0.9927089214324951
0.9927089214324951
0.9927089214324951
0.9927089214324951
0.9927089214324951
0.9927089214324951
0.9927089214324951
0.9927089214324951
0.9927089214324951
0.9927089214324951
0.9927089214324951
0.9927089214324951
0.9927089214324951
0.9927089214324951
0.9927089214324951
0.9927089214324951
0.9927089214324951
0.9927089214324951
0.9927089214324951
0.9927089214324951
0.9927089214324951
0.9927089214324951
0.9927089214324951
0.9927089214324951
0.9927089214324951
0.9927089214324951
0.9927089214324951
0.9927089214324951
0.9927089214324951
0.9927089214324951
0.9927089214324951
0.9927089214324951
0.9927089214324951
0.9927089214324951
0.9927089214324951
0.9927089214324951
0.9927089214324951
0.9927089214324951
0.9927089214324951
0.9927089214324951
0.9927089214324951
0.9927089214324951
0.9927089214324951
0.9927089214324951
0.9927089214324951
0.9927089214324951
0.9927089214324951
0.9927089214324951
0.9927089214324951
0.9927089214324951
0.9927089214324951
0.9927089214324951
0.9927089214324951
0.9927089214324951
0.9927089214324951
0.9927089214324951
0.9927089214324951
0.9927089214324951
0.9927089214324951
0.9927089214324951
0.9927089214324951
0.9927089214324951
0.9927089214324951
0.9927089214324951
0.9927089214324951
0.9927089214324951
0.9927089214324951
0.9927089214324951
0.9927089214324951
0.9927089214324951
0.9927089214324951
0.9927089214324951
0.9927089214324951
0.9927089214324951
0.9927089214324951
0.9927089214324951
0.9927089214324951
0.9927089214324951
0.9927089214324951
0.9927089214324951
0.9927089214324951
0.9927089214324951
0.9927089214324951
0.9927089214324951
0.9927089214324951
0.9927089214324951
0.9927089214324951
0.9927089214324951
0.9927089214324951
0.9927089214324951
0.9927089214324951
0.9927089214324951
0.9927089214324951
0.9927089214324951
0.9927089214324951
0.9927089214324951
0.9927089214324951
0.9927089214324951
0.9927089214324951
0.9927089214324951
0.9927089214324951
0.9927089214324951
0.9927089214324951
0.9927089214324951
0.9927089214324951
0.9927089214324951
0.9927089214324951
0.9927089214324951
0.9927089214324951
0.9927089214324951
0.9927089214324951
0.9927089214324951
0.9927089214324951
0.9927089214324951
0.9927089214324951
0.9927089214324951
0.9927089214324951
0.9927089214324951
0.9927089214324951
0.9927089214324951
0.9927089214324951
0.9927089214324951
0.9927089214324951
0.9927089214324951
0.9927089214324951
0.9927089214324951
0.9927089214324951
0.9927089214324951
0.9927089214324951
0.9927089214324951
0.9927089214324951
0.9927089214324951
0.9927089214324951
0.9927089214324951
0.9927089214324951
0.9927089214324951
0.9927089214324951
0.9927089214324951
0.9927089214324951
0.9927089214324951
0.9927089214324951
0.9927089214324951
0.9927089214324951
0.9927089214324951
0.9927089214324951
0.9927089214324951
0.9927089214324951
0.9927089214324951
0.9927089214324951
0.9927089214324951
0.9927089214324951
0.9927089214324951
0.9927089214324951
0.9927089214324951
0.9927089214324951
0.9927089214324951
0.9927089214324951
0.9927089214324951
0.9927089214324951
0.9927089214324951
0.9927089214324951
0.9927089214324951
0.9927089214324951
0.9927089214324951
0.9927089214324951
0.9927089214324951
0.9927089214324951
0.9927089214324951
0.9927089214324951
0.9927089214324951
0.9927089214324951
0.9927089214324951
0.9927089214324951
0.9927089214324951
0.9927089214324951
0.9927089214324951
0.9927089214324951
0.9927089214324951
0.9927089214324951
0.9927089214324951
0.9927089214324951
0.9927089214324951
0.9927089214324951
0.9927089214324951
0.9927089214324951
0.9927089214324951
0.9927089214324951
0.9927089214324951
0.9927089214324951
0.9927089214324951
0.9927089214324951
0.9927089214324951
0.9927089214324951
0.9927089214324951
0.9927089214324951
0.9927089214324951
0.9927089214324951
0.9927089214324951
0.9927089214324951
0.9927089214324951
0.9927089214324951
0.9927089214324951
0.9927089214324951
0.9927089214324951
0.9927089214324951
0.9927089214324951
0.9927089214324951
0.9927089214324951
0.9927089214324951
0.9927089214324951
0.9927089214324951
0.9927089214324951
0.9927089214324951
0.9927089214324951
0.9927089214324951
0.9927089214324951
0.9927089214324951
0.9927089214324951
0.9927089214324951
0.9927089214324951
0.9927089214324951
0.9927089214324951
0.9927089214324951
0.9927089214324951
0.9927089214324951
0.9927089214324951
0.9927089214324951
0.9927089214324951
0.9927089214324951
0.9927089214324951
0.9927089214324951
0.9927089214324951
0.9927089214324951
0.9927089214324951
0.9927089214324951
0.9927089214324951
0.9927089214324951
0.9927089214324951
0.9927089214324951
0.9927089214324951
0.9927089214324951
0.9927089214324951
0.9927089214324951
0.9927089214324951
0.9927089214324951
0.9927089214324951
0.9927089214324951
0.9927089214324951
0.9927089214324951
0.9927089214324951
0.9927089214324951
0.9927089214324951
0.9927089214324951
0.9927089214324951
0.9927089214324951
0.9927089214324951
0.9927089214324951
0.9927089214324951
0.9927089214324951
0.9927089214324951
0.9927089214324951
0.9927089214324951
0.9927089214324951
0.9927089214324951
0.9927089214324951
0.9927089214324951
0.9927089214324951
0.9927089214324951
0.9927089214324951
0.9927089214324951
0.9927089214324951
0.9927089214324951
0.9927089214324951
0.9927089214324951
0.9927089214324951
0.9927089214324951
0.9927089214324951
0.9927089214324951
0.9927089214324951
0.9927089214324951
0.9927089214324951
0.9927089214324951
0.9927089214324951
0.9927089214324951
0.9927089214324951
0.9927089214324951
0.9927089214324951
0.9927089214324951
0.9927089214324951
0.9927089214324951
0.9927089214324951
0.9927089214324951
0.9927089214324951
0.9927089214324951
0.9927089214324951
0.9927089214324951
0.9927089214324951
0.9927089214324951
0.9927089214324951
0.9927089214324951
0.9927089214324951
0.9927089214324951
0.9927089214324951
0.9927089214324951
0.9927089214324951
0.9927089214324951
0.9927089214324951
0.9927089214324951
0.9927089214324951
0.9927089214324951
0.9927089214324951
0.9927089214324951
0.9927089214324951
0.9927089214324951
0.9927089214324951
0.9927089214324951
0.9927089214324951
0.9927089214324951
0.9927089214324951
0.9927089214324951
0.9927089214324951
0.9927089214324951
0.9927089214324951
0.9927089214324951
0.9927089214324951
0.9927089214324951
0.9927089214324951
0.9927089214324951
0.9927089214324951
0.9927089214324951
0.9927089214324951
0.9927089214324951
0.9927089214324951
0.9927089214324951
0.9927089214324951
0.9927089214324951
0.9927089214324951
0.9927089214324951
0.9927089214324951
0.9927089214324951
0.9927089214324951
0.9927089214324951
0.9927089214324951
0.9927089214324951
0.9927089214324951
0.9927089214324951
0.9927089214324951
0.9927089214324951
0.9927089214324951
0.9927089214324951
0.9927089214324951
0.9927089214324951
0.9927089214324951
0.9927089214324951
0.9927089214324951
0.9927089214324951
0.9927089214324951
0.9927089214324951
0.9927089214324951
0.9927089214324951
0.9927089214324951
0.9927089214324951
0.9927089214324951
0.9927089214324951
0.9927089214324951
0.9927089214324951
0.9927089214324951
0.9927089214324951
0.9927089214324951
0.9927089214324951
0.9927089214324951
0.9927089214324951
0.9927089214324951
0.9927089214324951
0.9927089214324951
0.9927089214324951
0.9927089214324951
0.9927089214324951
0.9927089214324951
0.9927089214324951
0.9927089214324951
0.9927089214324951
0.9927089214324951
0.9927089214324951
0.9927089214324951
0.9927089214324951
0.9927089214324951
0.9927089214324951
0.9927089214324951
0.9927089214324951
0.9927089214324951
0.9927089214324951
0.9927089214324951
0.9927089214324951
0.9927089214324951
0.9927089214324951
0.9927089214324951
0.9927089214324951
0.9927089214324951
0.9927089214324951
0.9927089214324951
0.9927089214324951
0.9927089214324951
0.9927089214324951
0.9927089214324951
0.9927089214324951
0.9927089214324951
0.9927089214324951
0.9927089214324951
0.9927089214324951
0.9927089214324951
0.9927089214324951
0.9927089214324951
0.9927089214324951
0.9927089214324951
0.9927089214324951
0.9927089214324951
0.9927089214324951
0.9927089214324951
0.9927089214324951
0.9927089214324951
0.9927089214324951
0.9927089214324951
0.9927089214324951
0.9927089214324951
0.9927089214324951
