0.645948588848114
0.46162939071655273
0.42240479588508606
0.4061589539051056
0.3982258439064026
0.3937164545059204
0.3880447745323181
0.3814593255519867
0.38011959195137024
0.3757149875164032
0.3722223937511444
0.3697453737258911
0.36851251125335693
0.36521464586257935
0.36532875895500183
0.364047110080719
0.36002299189567566
0.3578316867351532
0.3554784655570984
0.3527843654155731
0.3507135808467865
0.35124558210372925
0.35157740116119385
0.3452008366584778
0.3431489169597626
0.33974531292915344
0.3389120101928711
0.335877001285553
0.3349328637123108
0.3325362801551819
0.32968559861183167
0.32965657114982605
0.32572153210639954
0.3240627348423004
0.32306113839149475
0.32376912236213684
0.318237841129303
0.31980404257774353
0.31930190324783325
0.3110177218914032
0.3114340305328369
0.3127882182598114
0.30499646067619324
0.303719162940979
0.2999384105205536
0.2996492385864258
0.2967643141746521
0.29795458912849426
0.29264670610427856
0.29101529717445374
0.2895761728286743
0.2846393287181854
0.2873181104660034
0.28397324681282043
0.28149765729904175
0.2847558259963989
0.2743232846260071
0.268983393907547
0.2730396091938019
0.2672458291053772
0.2651676535606384
0.2718450427055359
0.2591228485107422
0.26322007179260254
0.254072904586792
0.2494751214981079
0.2500187158584595
0.24930742383003235
0.24536855518817902
0.24313347041606903
0.24410299956798553
0.24147269129753113
0.2397591769695282
0.23958544433116913
0.2432406097650528
0.24384430050849915
0.24395756423473358
0.23346656560897827
0.22953194379806519
0.2306250035762787
0.23481498658657074
0.23013298213481903
0.22157885134220123
0.21841363608837128
0.21734489500522614
0.2199275642633438
0.2208089530467987
0.21073772013187408
0.2125782072544098
0.2132652848958969
0.21160615980625153
0.20620916783809662
0.20904123783111572
0.21252848207950592
0.20351484417915344
0.20627744495868683
0.2092718482017517
0.20260260999202728
0.19700899720191956
0.1957046538591385
0.19600555300712585
0.19152674078941345
0.18699249625205994
0.19124671816825867
0.19138748943805695
0.18541474640369415
0.18547068536281586
0.18763510882854462
0.1796763390302658
0.18695662915706635
0.17954546213150024
0.1774929314851761
0.17906993627548218
0.1754910796880722
0.17466753721237183
0.16976021230220795
0.1693863570690155
0.18882139027118683
0.18821154534816742
0.16938363015651703
0.15744425356388092
0.1557377725839615
0.15490378439426422
0.15392355620861053
0.15095745027065277
0.14912590384483337
0.15230734646320343
0.15198472142219543
0.15065337717533112
0.14863178133964539
0.1470489352941513
0.14652660489082336
0.14512307941913605
0.14918304979801178
0.14751951396465302
0.14319153130054474
0.14568816125392914
0.14606760442256927
0.1455395221710205
0.14400336146354675
0.14146849513053894
0.14219753444194794
0.13867831230163574
0.13850805163383484
0.1371251791715622
0.13795053958892822
0.13616417348384857
0.14316153526306152
0.14102035760879517
0.14012596011161804
0.13717761635780334
0.1344606727361679
0.1355224847793579
0.1410096436738968
0.13658200204372406
0.13150593638420105
0.13012821972370148
0.13175718486309052
0.13555438816547394
0.13228021562099457
0.12832245230674744
0.13285714387893677
0.13505107164382935
0.1300080567598343
0.1265600621700287
0.12556858360767365
0.12655916810035706
0.1251790076494217
0.12925660610198975
0.1253080815076828
0.12486040592193604
0.12397310882806778
0.1256934404373169
0.1277492642402649
0.12268476188182831
0.12175263464450836
0.12018310278654099
0.11972615122795105
0.118866927921772
0.11931579560041428
0.11852777749300003
0.11682993173599243
0.12320591509342194
0.12159888446331024
0.12715250253677368
0.11700112372636795
0.11602585762739182
0.11512326449155807
0.11426754295825958
0.11475605517625809
0.11513229459524155
0.11229071021080017
0.11378265917301178
0.11215087026357651
0.12232811003923416
0.11103671044111252
0.10938837379217148
0.1131654605269432
0.11208335310220718
0.1145530641078949
0.1234336569905281
0.11041365563869476
0.10943521559238434
0.10818751156330109
0.10828554630279541
0.10470691323280334
0.1065339669585228
0.10610292851924896
0.1124086081981659
0.10708122700452805
0.1087292805314064
0.10657014697790146
0.10547316074371338
0.10451820492744446
0.10727303475141525
0.1038682833313942
0.10315355658531189
0.10758307576179504
0.10212812572717667
0.10131029039621353
0.09728226065635681
0.09622664749622345
0.0963517278432846
0.09612256288528442
0.09559262543916702
0.09708192944526672
0.09685301035642624
0.09435994178056717
0.09531355649232864
0.0938984826207161
0.0942855104804039
0.09309015423059464
0.09361296147108078
0.09416505694389343
0.09297572076320648
0.09486229717731476
0.09436748921871185
0.09240066260099411
0.09251388907432556
0.09272510558366776
0.09121231734752655
0.09122473746538162
0.09188470989465714
0.09282512217760086
0.09135665744543076
0.09084527939558029
0.0919015035033226
0.09103308618068695
0.09230982512235641
0.09260040521621704
0.09091565757989883
0.09159433096647263
0.0902380645275116
0.08980762958526611
0.08918604254722595
0.09097114950418472
0.08896536380052567
0.0914781242609024
0.08909854292869568
0.08942108601331711
0.08916804939508438
0.08890854567289352
0.08891570568084717
0.08843377977609634
0.08879692852497101
0.08646810054779053
0.08592373132705688
0.08805248141288757
0.08925238996744156
0.08735126256942749
0.08687428385019302
0.08577211946249008
0.08594448864459991
0.08627516776323318
0.08801230788230896
0.0868898332118988
0.08811243623495102
0.0855274647474289
0.08673267811536789
0.0869486853480339
0.08483573794364929
0.08383148163557053
0.0865921750664711
0.08397482335567474
0.0841066911816597
0.08382831513881683
0.08384781330823898
0.08315654844045639
0.08463291078805923
0.08356568962335587
0.08470222353935242
0.08307325839996338
0.08299674093723297
0.08289606869220734
0.08378146588802338
0.08335515856742859
0.08278250694274902
0.08152375370264053
0.08077964931726456
0.0801813080906868
0.08173025399446487
0.08036118745803833
0.08112317323684692
0.0808362290263176
0.08158546686172485
0.08172091096639633
0.08132612705230713
0.08016011863946915
0.08094262331724167
0.07861626148223877
0.07867880910634995
0.08135084062814713
0.07995375990867615
0.08127356320619583
0.08126271516084671
0.07937034219503403
0.07945308834314346
0.07714879512786865
0.07938650995492935
0.0779138132929802
0.0760994404554367
0.07469155639410019
0.07499706745147705
0.07523782551288605
0.07547526061534882
0.07517646253108978
0.0740874856710434
0.07527905702590942
0.0750252828001976
0.07410690933465958
0.0741199404001236
0.07439988106489182
0.0748843252658844
0.07430751621723175
0.07368680834770203
0.07499349862337112
0.07413574308156967
0.07436362653970718
0.07425934076309204
0.07396886497735977
0.07322444766759872
0.07310986518859863
0.07344263792037964
0.073525071144104
0.07489729672670364
0.07272693514823914
0.0754656046628952
0.07610739022493362
0.07388283312320709
0.07288474589586258
0.07254268229007721
0.07321178168058395
0.07318613678216934
0.07353729009628296
0.07302556931972504
0.07198290526866913
0.07191843539476395
0.07212808728218079
0.07160547375679016
0.07156592607498169
0.07165729999542236
0.07148066908121109
0.07194440811872482
0.07151728868484497
0.07352461665868759
0.07190938293933868
0.07232967764139175
0.07129497081041336
0.07152023911476135
0.07188290357589722
0.07139664143323898
0.07107171416282654
0.07110650092363358
0.07204663008451462
0.07194854319095612
0.07015129923820496
0.07030686736106873
0.07031870633363724
0.07148957997560501
0.07053644955158234
0.07059390097856522
0.0694766715168953
0.06971480697393417
0.0701742023229599
0.06940962374210358
0.06960251182317734
0.06921662390232086
0.06928994506597519
0.06932996958494186
0.07092911005020142
0.0710790827870369
0.07097438722848892
0.06969023495912552
0.06894918531179428
0.06925743818283081
0.0687427893280983
0.06906700134277344
0.0691215842962265
0.0692753866314888
0.06857353448867798
0.06824854016304016
0.06793823838233948
0.06829201430082321
0.06810272485017776
0.06786924600601196
0.06922923028469086
0.06967107206583023
0.06937161087989807
0.0691811591386795
0.06772762537002563
0.06804950535297394
0.06755606830120087
0.06770452111959457
0.06722482293844223
0.0679592564702034
0.06742299348115921
0.06784572452306747
0.06801963597536087
0.0674004852771759
0.06851572543382645
0.06590128690004349
0.06586140394210815
0.0656464546918869
0.06567229330539703
0.06554798036813736
0.06549616158008575
0.06548146903514862
0.06570190191268921
0.0657133087515831
0.06535125523805618
0.06547515839338303
0.06488297879695892
0.06529974937438965
0.06520441174507141
0.06523174047470093
0.06528328359127045
0.0657966360449791
0.06489794701337814
0.0650094747543335
0.06488338857889175
0.0650501400232315
0.06493529677391052
0.0651279017329216
0.0648089274764061
0.0646161362528801
0.06476806104183197
0.06466488540172577
0.06502649933099747
0.06484480202198029
0.0645814910531044
0.06471914798021317
0.06492304801940918
0.06476258486509323
0.0643421858549118
0.06449772417545319
0.06431211531162262
0.06430333107709885
0.06437011808156967
0.06396143138408661
0.06400467455387115
0.06429165601730347
0.06438084691762924
0.06417981535196304
0.06430236995220184
0.06400357186794281
0.06405042111873627
0.06411710381507874
0.06377506256103516
0.0639021024107933
0.0642286017537117
0.06473211199045181
0.06335170567035675
0.06346078217029572
0.06360567361116409
0.06330076605081558
0.06370402872562408
0.06352289021015167
0.06342249363660812
0.06324099749326706
0.06339570134878159
0.06335066258907318
0.06388427317142487
0.06372951716184616
0.0634731575846672
0.06320486217737198
0.063322514295578
0.06297802925109863
0.06296396255493164
0.06319845467805862
0.06348896026611328
0.06259635090827942
0.06262791156768799
0.06299644708633423
0.0626496970653534
0.06307955831289291
0.06294769048690796
0.06287577003240585
0.06252921372652054
0.06286104768514633
0.06251071393489838
0.062462806701660156
0.06325515359640121
0.0627809539437294
0.06276640295982361
0.06244643032550812
0.0623907595872879
0.06269921362400055
0.06226985901594162
0.06206578016281128
0.062042031437158585
0.062312036752700806
0.06236359477043152
0.06213806942105293
0.061929844319820404
0.061977315694093704
0.06251782923936844
0.06181010231375694
0.06182384490966797
0.06167564541101456
0.06175500527024269
0.061366669833660126
0.060984108597040176
0.06114744767546654
0.06108541786670685
0.06166476756334305
0.061065126210451126
0.06104939058423042
0.06170797348022461
0.06098292022943497
0.06087552383542061
0.06082168221473694
0.0609951950609684
0.06092025712132454
0.06083173304796219
0.06081952899694443
0.06081106513738632
0.06080857291817665
0.06078249588608742
0.060915786772966385
0.06091778352856636
0.06067551672458649
0.060899291187524796
0.06055562570691109
0.06073369085788727
0.06101541593670845
0.0606834776699543
0.06069343537092209
0.06082931160926819
0.06058141589164734
0.06077685207128525
0.060597632080316544
0.06044397130608559
0.06084083020687103
0.060479793697595596
0.060498252511024475
0.06044778227806091
0.060388073325157166
0.06034906953573227
0.0603729747235775
0.060274895280599594
0.060398343950510025
0.06032847985625267
0.06050477921962738
0.06022438779473305
0.060293663293123245
0.060257647186517715
0.06035120040178299
0.06019655987620354
0.06044739857316017
0.060324154794216156
0.06034781411290169
0.06006709858775139
0.06016549468040466
0.06042325496673584
0.06031433865427971
0.05992785096168518
0.06027206778526306
0.06010545790195465
0.06014154851436615
0.06017401069402695
0.060006026178598404
0.06018684804439545
0.06021646782755852
0.059880632907152176
0.059953492134809494
0.060097165405750275
0.05996134877204895
0.05981922894716263
0.05970308184623718
0.05973834916949272
0.059944529086351395
0.0596749410033226
0.05976167693734169
0.05964972823858261
0.05979042500257492
0.05963592231273651
0.059556085616350174
0.05973497033119202
0.05976320430636406
0.05981793254613876
0.05989339202642441
0.05971972644329071
0.059723641723394394
0.05962979421019554
0.05953232944011688
0.05954991653561592
0.05964493006467819
0.05934715270996094
0.05935533717274666
0.05952305719256401
0.05954473465681076
0.05953672528266907
0.05925492197275162
0.05932528153061867
0.05924386903643608
0.059211477637290955
0.059480104595422745
0.059415318071842194
0.05919835343956947
0.05944237858057022
0.05896703898906708
0.05891815945506096
0.058887630701065063
0.058989670127630234
0.05883777514100075
0.059015750885009766
0.058944445103406906
0.05885307490825653
0.05884917080402374
0.058828506618738174
0.058927249163389206
0.05874452367424965
0.05879806727170944
0.05879412963986397
0.0588035061955452
0.05878389999270439
0.05879063531756401
0.0588914193212986
0.05870030075311661
0.05871076136827469
0.058696504682302475
0.05869244784116745
0.058726079761981964
0.05875728651881218
0.05875607579946518
0.05868387222290039
0.05870384722948074
0.05885930731892586
0.05861963704228401
0.05859071761369705
0.05870232358574867
0.05886263772845268
0.05873670428991318
0.05859099328517914
0.05861329287290573
0.05862123891711235
0.05858730524778366
0.058513931930065155
0.058555878698825836
0.05859951674938202
0.05862816423177719
0.05855686590075493
0.05848393589258194
0.05850345641374588
0.058470532298088074
0.05848270282149315
0.05860483646392822
0.05845135450363159
0.05850948765873909
0.05866434797644615
0.05845889821648598
0.05851726233959198
0.05837789177894592
0.05837426334619522
0.05840488150715828
0.05836149677634239
0.05833989754319191
0.058334533125162125
0.05828135460615158
0.05830768123269081
0.05830637738108635
0.05830112099647522
0.05842284485697746
0.05831471085548401
0.058227211236953735
0.058282673358917236
0.058305129408836365
0.05821823701262474
0.058253731578588486
0.058249615132808685
0.0581718385219574
0.05830268934369087
0.05818473920226097
0.05822966620326042
0.058163419365882874
0.05819717049598694
0.05816436558961868
0.058211129158735275
0.05829842388629913
0.05820421129465103
0.05818186700344086
0.058151185512542725
0.05816609412431717
0.05819076672196388
0.05836668238043785
0.058282557874917984
0.05812781676650047
0.058128390461206436
0.05803011357784271
0.058110930025577545
0.0582323856651783
0.05813154950737953
0.057988401502370834
0.05800382047891617
0.058000598102808
0.05803987756371498
0.05794905498623848
0.058096203953027725
0.05791909247636795
0.058041978627443314
0.057839784771203995
0.05779328942298889
0.05785735324025154
0.057776618748903275
0.057790640741586685
0.05777297541499138
0.057797621935606
0.05778001993894577
0.057748112827539444
0.057853925973176956
0.057759370654821396
0.05778288468718529
0.0577998049557209
0.05774805694818497
0.057742223143577576
0.05771724134683609
0.0576946921646595
0.05769426003098488
0.057722076773643494
0.05782415717840195
0.057738710194826126
0.05773479864001274
0.057732660323381424
0.057725872844457626
0.0576760470867157
0.05765620246529579
0.05770500749349594
0.05770958587527275
0.05766262114048004
0.05762137100100517
0.057679370045661926
0.0576702356338501
0.05771168693900108
0.05758926644921303
0.05765046179294586
0.05765102431178093
0.057677194476127625
0.05773499235510826
0.05766306072473526
0.05770431458950043
0.057562604546546936
0.05767003446817398
0.05757726728916168
0.05758749693632126
0.05757446214556694
0.05755404755473137
0.0576137900352478
0.057591505348682404
0.05760655179619789
0.05760657414793968
0.05755610018968582
0.057567521929740906
0.05755365639925003
0.05758045241236687
0.057517457753419876
0.05760941654443741
0.05749008432030678
0.057591985911130905
0.05750482156872749
0.05762089043855667
0.057537756860256195
0.05753997340798378
0.057547762989997864
0.0575009286403656
0.057494208216667175
0.05755695700645447
0.05761628970503807
0.057489242404699326
0.05748436972498894
0.05750318989157677
0.05747998505830765
0.05753222480416298
0.05743907019495964
0.05748811364173889
0.05751301720738411
0.0574665367603302
0.05752197653055191
0.05745310336351395
0.057512424886226654
0.05743009224534035
0.057479213923215866
0.05738866329193115
0.05751849338412285
0.05741884931921959
0.057376135140657425
0.05745404213666916
0.057421792298555374
0.0574464313685894
0.05739470571279526
0.05735678970813751
0.05742925778031349
0.05739404633641243
0.05736948177218437
0.057340797036886215
0.05733129382133484
0.05731175094842911
0.057354871183633804
0.05735054984688759
0.05740251764655113
0.05737806111574173
0.05726773291826248
0.05726689100265503
0.05727030709385872
0.057238444685935974
0.05722975730895996
0.05722721293568611
0.05723303183913231
0.05724744498729706
0.05723185837268829
0.05724756792187691
0.05722751468420029
0.057213932275772095
0.05722148343920708
0.05722267925739288
0.057213086634874344
0.05725117772817612
0.05721623823046684
0.05727598816156387
0.057218145579099655
0.057187169790267944
0.05727117881178856
0.05719940736889839
0.05718021094799042
0.057195719331502914
0.05716833099722862
0.057172991335392
0.057190172374248505
0.05717514082789421
0.05719120427966118
0.05717566981911659
0.057155732065439224
0.057215746492147446
0.05722282826900482
0.05718288570642471
0.05717148631811142
0.05716787651181221
0.05715729296207428
0.057176701724529266
0.05717858672142029
0.05718368664383888
0.05716491490602493
0.057149097323417664
0.05714154615998268
0.057146891951560974
0.057165078818798065
0.057155489921569824
0.057184506207704544
0.057159360498189926
0.05713403970003128
0.05714600533246994
0.05714850127696991
0.05714912712574005
0.05711837857961655
0.05713317543268204
0.05711741745471954
0.05711601302027702
0.0571243092417717
0.05710615590214729
0.057126741856336594
0.057103946805000305
0.057122282683849335
0.0570884570479393
0.05714384838938713
0.057098180055618286
0.05709942802786827
0.05709940195083618
0.05710425227880478
0.057080674916505814
0.05713255703449249
0.05706694722175598
0.05708795785903931
0.05708130821585655
0.0570862852036953
0.05705917626619339
0.057074978947639465
0.057097889482975006
0.057091597467660904
0.057078029960393906
0.057071782648563385
0.05708610638976097
0.05703974887728691
0.057071126997470856
0.05704738199710846
0.05704027786850929
0.05704234167933464
0.057061873376369476
0.05704529955983162
0.05705218017101288
0.05705508217215538
0.05701939016580582
0.05703675001859665
0.05702865868806839
0.05702190473675728
0.0570341981947422
0.057016510516405106
0.057015880942344666
0.057007014751434326
0.05704393982887268
0.05700257048010826
0.05704689025878906
0.056969497352838516
0.05698404461145401
0.05696136876940727
0.05696774646639824
0.056983377784490585
0.05696296691894531
0.05697358027100563
0.0569785013794899
0.05696616321802139
0.05696146562695503
0.05696485936641693
0.0569542720913887
0.05695426091551781
0.056955188512802124
0.056949034333229065
0.05696234852075577
0.056955330073833466
0.05697939917445183
0.05695312097668648
0.056949056684970856
0.056941017508506775
0.05695416033267975
0.05694493651390076
0.05693334713578224
0.056942444294691086
0.05693498253822327
0.056944143027067184
0.05693512782454491
0.056934650987386703
0.05694197490811348
0.05693168193101883
0.056932538747787476
0.05694487690925598
0.056929104030132294
0.056920502334833145
0.05694133788347244
0.05694214254617691
0.0569271482527256
0.05691834166646004
0.056922152638435364
0.05692192539572716
0.05692857876420021
0.05692290514707565
0.056927431374788284
0.05691513046622276
0.056930337101221085
0.056929949671030045
0.056917205452919006
0.05691470205783844
0.056907881051301956
0.056922636926174164
0.05690906569361687
0.056904494762420654
0.05691131576895714
0.05690542608499527
0.05691799893975258
0.05690177530050278
0.05689879506826401
0.05691168084740639
0.05691281706094742
0.05689964443445206
0.05690201744437218
0.056885503232479095
0.05689463019371033
0.056894317269325256
0.05689721181988716
0.056898508220911026
0.056899040937423706
0.05688954517245293
0.056899700313806534
0.05688778683543205
0.0568888857960701
0.0568823479115963
0.056894343346357346
0.05688011273741722
0.05687273293733597
0.05688375607132912
0.05687904730439186
0.05688324198126793
0.05687214434146881
0.05686973035335541
0.05687914416193962
0.056884534657001495
0.05686980485916138
0.056868623942136765
0.05687486007809639
0.05688680335879326
0.05686778202652931
0.05687734857201576
0.056864067912101746
0.05686391890048981
0.05685793608427048
0.056860312819480896
0.05686604976654053
0.056855037808418274
0.056854721158742905
0.05685819312930107
0.05685427784919739
0.0568494088947773
0.05686716362833977
0.056831445544958115
0.05683816224336624
0.05682900547981262
0.056828152388334274
0.05683606490492821
0.05682508647441864
0.056825459003448486
0.05683119595050812
0.05683550238609314
0.05682675167918205
0.056823376566171646
0.05682925134897232
0.05682601407170296
0.056820522993803024
0.05683205649256706
0.056821975857019424
0.056823380291461945
0.05681931972503662
0.05681901052594185
0.056825246661901474
0.05681385099887848
0.056817375123500824
0.05681701749563217
0.056819990277290344
0.056827206164598465
0.0568200908601284
0.05681528523564339
0.05681859701871872
0.056808944791555405
0.05681267008185387
0.05681433528661728
0.05681717395782471
0.056818630546331406
0.05681956559419632
0.05681471899151802
0.05681045353412628
0.05680892989039421
0.056823212653398514
0.05680522695183754
0.05681625008583069
0.056810129433870316
0.056805651634931564
0.056805938482284546
0.05681141838431358
0.05680496618151665
0.05680311843752861
0.056802898645401
0.056804899126291275
0.05680115520954132
0.056800004094839096
0.056809794157743454
0.05680735036730766
0.056806791573762894
0.056799862533807755
0.05679847300052643
0.056801293045282364
0.05680263042449951
0.05679776519536972
0.05679871514439583
0.0567900650203228
0.05679471045732498
0.05680030584335327
0.05680740252137184
0.05679330229759216
0.056793611496686935
0.056792907416820526
0.05679868906736374
0.05679429695010185
0.05678930506110191
0.05679355561733246
0.056798432022333145
0.056789156049489975
0.056790053844451904
0.05678999796509743
0.05678962171077728
0.05678839981555939
0.056793998926877975
0.05678825080394745
0.0567861907184124
0.056788600981235504
0.05678325146436691
0.05678175389766693
0.05679064989089966
0.05678251013159752
0.05678543820977211
0.05678180605173111
0.056782133877277374
0.05677993223071098
0.056778427213430405
0.05678008496761322
0.0567808635532856
0.05679125711321831
0.05677378922700882
0.05677648261189461
0.05677418410778046
0.056787069886922836
0.05677451565861702
0.05678204447031021
0.05677057430148125
0.056778158992528915
0.056763339787721634
0.05676589533686638
0.05676230415701866
0.05676260590553284
0.05676182359457016
0.05676030367612839
0.056762922555208206
0.05676412582397461
0.05675883591175079
0.05676009878516197
0.05676016956567764
0.056763749569654465
0.05675878748297691
0.056763019412755966
0.056764401495456696
0.05675730109214783
0.05675742030143738
0.0567593052983284
0.05675555020570755
0.05675475671887398
0.056756556034088135
0.0567595548927784
0.05675638094544411
0.05675818398594856
0.05675574764609337
0.056762874126434326
0.05675883963704109
0.05675528571009636
0.05675423890352249
0.056754544377326965
0.05675351619720459
0.05675385519862175
0.056752678006887436
0.056753311306238174
0.05675210803747177
0.056755099445581436
0.05675965175032616
0.056754715740680695
0.056752271950244904
0.05675112083554268
0.056756243109703064
0.0567527636885643
0.05675308778882027
0.05675067752599716
0.05675132945179939
0.05675483122467995
0.05674796178936958
0.0567554347217083
0.05675235018134117
0.05675017088651657
0.056749098002910614
0.05674954503774643
0.05674663931131363
0.05674547702074051
0.05674625188112259
0.05674709007143974
0.056744661182165146
0.05674542486667633
0.05674814432859421
0.05675097927451134
0.056753650307655334
0.05674493685364723
0.05674489587545395
0.056743282824754715
0.056747958064079285
0.05674483999609947
0.05674570053815842
0.056741077452898026
0.056744277477264404
0.05674312636256218
0.05674058943986893
0.056747473776340485
0.05674156919121742
0.05673995986580849
0.056744128465652466
0.05674237757921219
0.056739337742328644
0.05674184858798981
0.056739334017038345
0.056738365441560745
0.05673897638916969
0.05674309283494949
0.05673597380518913
0.05674182251095772
0.056736547499895096
0.056735746562480927
0.0567389652132988
0.05673770606517792
0.05674126371741295
0.05674180015921593
0.05673430114984512
0.056734342128038406
0.05673334747552872
0.056732457131147385
0.056735437363386154
0.056735437363386154
0.05673503130674362
0.05673595145344734
0.05673417076468468
0.05673249065876007
0.05672820657491684
0.05672817677259445
0.05672932043671608
0.056726984679698944
0.0567285418510437
0.056728143244981766
0.05672723799943924
0.05672895163297653
0.056727975606918335
0.05672702565789223
0.056725967675447464
0.05672702193260193
0.05672663077712059
0.056729260832071304
0.05672851577401161
0.056727334856987
0.05672631412744522
0.05673188343644142
0.056727226823568344
0.056724730879068375
0.056724462658166885
0.05672523379325867
0.056725338101387024
0.05672557279467583
0.05672607943415642
0.05672447010874748
0.05672560632228851
0.056725870817899704
0.05672682821750641
0.056725021451711655
0.05672495439648628
0.05672455206513405
0.05672372132539749
0.056723691523075104
0.056722670793533325
0.05672295391559601
0.056722354143857956
0.05672282353043556
0.05672410875558853
0.05672164261341095
0.05672253295779228
0.05672171711921692
0.056722141802310944
0.05672191083431244
0.05672284960746765
0.05672208219766617
0.056722626090049744
0.056722309440374374
0.05672232061624527
0.056720755994319916
0.05672132968902588
0.0567200630903244
0.05672004818916321
0.05671949312090874
0.056720029562711716
0.0567198246717453
0.05671992152929306
0.05672134831547737
0.05672051012516022
0.05672191083431244
0.05671839043498039
0.056720174849033356
0.05671994760632515
0.05671915411949158
0.056719545274972916
0.05671878531575203
0.05672090873122215
0.05671817436814308
0.05671870708465576
0.05671803280711174
0.0567176453769207
0.05671921372413635
0.05672124773263931
0.05671858787536621
0.05671786889433861
0.056716546416282654
0.05671722814440727
0.0567169263958931
0.056717995554208755
0.05671681463718414
0.05671599507331848
0.056716907769441605
0.056716252118349075
0.056716438382864
0.05671435594558716
0.05671537294983864
0.05671598017215729
0.0567145049571991
0.05671574920415878
0.05671432986855507
0.05671483650803566
0.056716438382864
0.056714434176683426
0.056714873760938644
0.056716710329055786
0.05671387165784836
0.056714653968811035
0.056713346391916275
0.05671420693397522
0.05671456456184387
0.05671204254031181
0.05671237036585808
0.05671243369579315
0.05671133100986481
0.056711383163928986
0.05671074986457825
0.056710608303546906
0.05670991912484169
0.05671036243438721
0.05671108514070511
0.05671171098947525
0.05671079456806183
0.05671035870909691
0.05671018734574318
0.05671023949980736
0.056710392236709595
0.0567103773355484
0.05671106278896332
0.0567101314663887
0.05671045184135437
0.05671001970767975
0.05671003833413124
0.05671089515089989
0.05670952796936035
0.05670938268303871
0.05670951306819916
0.0567096583545208
0.05670894309878349
0.05670957639813423
0.05670955777168274
0.056709881871938705
0.05671004205942154
0.05670839175581932
0.056709155440330505
0.05670973286032677
0.056708283722400665
0.056708924472332
0.05671009048819542
0.056709807366132736
0.056708890944719315
0.05670854076743126
0.05670949071645737
0.056708771735429764
0.056709107011556625
0.056708890944719315
0.05670997127890587
0.05670808255672455
0.056707967072725296
0.056707773357629776
0.05670851469039917
0.05670810863375664
0.05670827627182007
0.05670750513672829
0.05670823156833649
0.056708309799432755
0.056707050651311874
0.05670734867453575
0.05670826509594917
0.05670807510614395
0.056707847863435745
0.05670720711350441
0.056707654148340225
0.05670716613531113
0.05670812726020813
0.0567067489027977
0.05670803040266037
0.05670733377337456
0.05670700594782829
0.05670784041285515
0.056707967072725296
0.05670681968331337
0.05670686438679695
0.05670611932873726
0.056706614792346954
0.05670624598860741
0.05670616030693054
0.0567067489027977
0.05670646205544472
0.05670632794499397
0.05670692399144173
0.056706443428993225
0.05670616030693054
0.056706562638282776
0.05670794099569321
0.05670547857880592
0.05670681968331337
0.05670742318034172
0.05670592561364174
0.056706495583057404
0.05670653656125069
0.05670632794499397
0.05670565366744995
0.05670515075325966
0.05670524761080742
0.056706156581640244
0.056705083698034286
0.056705404072999954
0.056705981492996216
0.05670493468642235
0.05670585483312607
0.05670451745390892
0.05670478940010071
0.05670418590307236
0.056704144924879074
0.056704286485910416
0.05670428276062012
0.056704454123973846
0.056703727692365646
0.05670427531003952
0.05670478940010071
0.05670437216758728
0.0567050576210022
0.0567035973072052
0.05670402944087982
0.05670392885804176
0.05670382082462311
0.05670382082462311
0.0567038431763649
0.05670339614152908
0.056704018265008926
0.056703757494688034
0.05670415982604027
0.05670349672436714
0.05670422688126564
0.056703418493270874
0.05670282989740372
0.05670319125056267
0.05670376121997833
0.05670315772294998
0.05670376121997833
0.056703973561525345
0.0567038431763649
0.056704189628362656
0.05670294910669327
0.05670290067791939
0.056703273206949234
0.056703075766563416
0.05670326203107834
0.05670320987701416
0.056703321635723114
0.05670345202088356
0.056702859699726105
0.05670272186398506
0.056702591478824615
0.056704796850681305
0.05670236796140671
0.056702230125665665
0.056702662259340286
0.05670199915766716
0.056703124195337296
0.05670258030295372
0.05670236051082611
0.056702546775341034
0.05670371279120445
0.05670185387134552
0.056702181696891785
0.05670202895998955
0.05670156702399254
0.05670211464166641
0.056701526045799255
0.056702353060245514
0.0567021518945694
0.05670192465186119
0.056701913475990295
0.05670110881328583
0.05670136213302612
0.05670145899057388
0.05670151486992836
0.056701816618442535
0.056701939553022385
0.05670202523469925
0.05670177936553955
0.05670096352696419
0.05670160800218582
0.056701045483350754
0.05670104920864105
0.056701064109802246
0.05670211464166641
0.05670104920864105
0.056700870394706726
0.056700803339481354
