0.6937745213508606
0.7997756600379944
0.8059450387954712
0.8143578171730042
0.8171620965003967
0.8182837963104248
0.820527195930481
0.8222097754478455
0.8266965746879578
0.830061674118042
0.8351093530654907
0.8345485329627991
0.8345485329627991
0.8345485329627991
0.838474452495575
0.8412787318229675
0.8435221314430237
0.8468872904777527
0.8485698103904724
0.8558608889579773
0.8524957895278931
0.8536174893379211
0.8536174893379211
0.8519349694252014
0.8665171265602112
0.860908567905426
0.8670779466629028
0.872686505317688
0.8704430460929871
0.8777341842651367
0.8721256256103516
0.8749299049377441
0.8754907250404358
0.8788558840751648
0.8794167041778564
0.8867077827453613
0.881099283695221
0.8844643831253052
0.8872686624526978
0.8923163414001465
0.8900728821754456
0.8844643831253052
0.8867077827453613
0.8895120620727539
0.8900728821754456
0.8962422609329224
0.890633761882782
0.8951205611228943
0.8984857201576233
0.8968031406402588
0.9074593186378479
0.8934380412101746
0.8945597410202026
0.9063376188278198
0.9063376188278198
0.8923163414001465
0.9046550989151001
0.908581018447876
0.9125069975852966
0.908581018447876
0.9108244776725769
0.900168240070343
0.9136286973953247
0.9108244776725769
0.921480655670166
0.9169938564300537
0.9220414757728577
0.9226023554801941
0.9175546765327454
0.9242849349975586
0.9237240552902222
0.9203589558601379
0.9254066348075867
0.9209197759628296
0.9287717342376709
0.9226023554801941
0.929893434047699
0.9276500344276428
0.931015133857727
0.9332585334777832
0.9237240552902222
0.9254066348075867
0.9355019927024841
0.9326977133750916
0.9355019927024841
0.9360628128051758
0.9282108545303345
0.9360628128051758
0.9304543137550354
0.9349411129951477
0.942793071269989
0.9461581707000732
0.9332585334777832
0.9366236925125122
0.9422321915626526
0.9411104917526245
0.9366236925125122
0.9439147710800171
0.9472798705101013
0.9484015703201294
0.9444755911827087
0.9439147710800171
0.9371845126152039
0.942793071269989
0.9484015703201294
0.9506449699401855
0.9500841498374939
0.9568143486976624
0.9556926488876343
0.9568143486976624
0.9663488268852234
0.960740327835083
0.9590577483177185
0.9584969282150269
0.9568143486976624
0.9601794481277466
0.9584969282150269
0.9613012075424194
0.9579360485076904
0.9635446071624756
0.9613012075424194
0.9613012075424194
0.9629837274551392
0.9652271270751953
0.9652271270751953
0.960740327835083
0.9579360485076904
0.9596186280250549
0.9590577483177185
0.9657880067825317
0.9663488268852234
0.9652271270751953
0.9697139859199524
0.9596186280250549
0.9680314064025879
0.9663488268852234
0.9635446071624756
0.9629837274551392
0.9669097065925598
0.960740327835083
0.9601794481277466
0.9646663069725037
0.9657880067825317
0.9646663069725037
0.9669097065925598
0.9646663069725037
0.9652271270751953
0.9641054272651672
0.9652271270751953
0.9641054272651672
0.9652271270751953
0.9719573855400085
0.9685922861099243
0.9685922861099243
0.9680314064025879
0.9680314064025879
0.9697139859199524
0.969153106212616
0.9685922861099243
0.9697139859199524
0.9725182056427002
0.9713965058326721
0.9646663069725037
0.9747616648674011
0.9725182056427002
0.9730790853500366
0.9674705266952515
0.969153106212616
0.9685922861099243
0.9697139859199524
0.9730790853500366
0.9719573855400085
0.9719573855400085
0.9770050644874573
0.970274806022644
0.9736399054527283
0.9685922861099243
0.9725182056427002
0.9747616648674011
0.9719573855400085
0.9736399054527283
0.9736399054527283
0.9742007851600647
0.9758833646774292
0.9753224849700928
0.9719573855400085
0.9747616648674011
0.9770050644874573
0.9770050644874573
0.9747616648674011
0.9770050644874573
0.9730790853500366
0.9747616648674011
0.9764441847801208
0.9708356857299805
0.9758833646774292
0.9775658845901489
0.9736399054527283
0.9742007851600647
0.9753224849700928
0.9669097065925598
0.9764441847801208
0.9792484641075134
0.9770050644874573
0.9781267642974854
0.9747616648674011
0.9775658845901489
0.9798092842102051
0.978687584400177
0.9831744432449341
0.982052743434906
0.9831744432449341
0.9809310436248779
0.9831744432449341
0.9798092842102051
0.9798092842102051
0.978687584400177
0.9814918637275696
0.9826135635375977
0.9798092842102051
0.9792484641075134
0.9826135635375977
0.9837352633476257
0.982052743434906
0.9826135635375977
0.982052743434906
0.9837352633476257
0.982052743434906
0.9826135635375977
0.9826135635375977
0.9831744432449341
0.9837352633476257
0.9859786629676819
0.9865395426750183
0.9792484641075134
0.9831744432449341
0.9842961430549622
0.9814918637275696
0.9854178428649902
0.9848569631576538
0.9826135635375977
0.9859786629676819
0.9854178428649902
0.9831744432449341
0.9837352633476257
0.9865395426750183
0.9826135635375977
0.9831744432449341
0.9848569631576538
0.9854178428649902
0.9831744432449341
0.982052743434906
0.9831744432449341
0.9865395426750183
0.9859786629676819
0.9859786629676819
0.9831744432449341
0.982052743434906
0.982052743434906
0.9859786629676819
0.9809310436248779
0.9814918637275696
0.9854178428649902
0.9842961430549622
0.9865395426750183
0.9854178428649902
0.9842961430549622
0.9854178428649902
0.9848569631576538
0.9865395426750183
0.9876612424850464
0.9831744432449341
0.9854178428649902
0.9848569631576538
0.9842961430549622
0.982052743434906
0.9831744432449341
0.9876612424850464
0.9887829422950745
0.9842961430549622
0.9848569631576538
0.9848569631576538
0.9859786629676819
0.9859786629676819
0.9837352633476257
0.9865395426750183
0.9871004223823547
0.9882221221923828
0.9854178428649902
0.9865395426750183
0.9871004223823547
0.9854178428649902
0.9871004223823547
0.9854178428649902
0.9865395426750183
0.9876612424850464
0.9876612424850464
0.9876612424850464
0.9871004223823547
0.9871004223823547
0.9876612424850464
0.9842961430549622
0.9854178428649902
0.9837352633476257
0.9876612424850464
0.9859786629676819
0.9854178428649902
0.9871004223823547
0.991587221622467
0.9893438220024109
0.9899046421051025
0.9899046421051025
0.9887829422950745
0.9865395426750183
0.9871004223823547
0.9893438220024109
0.9893438220024109
0.9887829422950745
0.9871004223823547
0.991587221622467
0.9893438220024109
0.990465521812439
0.9899046421051025
0.9893438220024109
0.990465521812439
0.9887829422950745
0.9899046421051025
0.9876612424850464
0.9887829422950745
0.990465521812439
0.9910263419151306
0.9887829422950745
0.9893438220024109
0.990465521812439
0.990465521812439
0.9899046421051025
0.9910263419151306
0.991587221622467
0.9887829422950745
0.9899046421051025
0.9887829422950745
0.9893438220024109
0.9887829422950745
0.991587221622467
0.9887829422950745
0.9887829422950745
0.9893438220024109
0.9842961430549622
0.9887829422950745
0.990465521812439
0.990465521812439
0.9876612424850464
0.9893438220024109
0.991587221622467
0.9893438220024109
0.9910263419151306
0.9893438220024109
0.990465521812439
0.9893438220024109
0.991587221622467
0.9910263419151306
0.990465521812439
0.990465521812439
0.9882221221923828
0.9910263419151306
0.990465521812439
0.9882221221923828
0.9910263419151306
0.9899046421051025
0.9910263419151306
0.9899046421051025
0.9927089214324951
0.9899046421051025
0.9921480417251587
0.9910263419151306
0.9910263419151306
0.9899046421051025
0.9899046421051025
0.9899046421051025
0.990465521812439
0.9882221221923828
0.9899046421051025
0.9921480417251587
0.9910263419151306
0.990465521812439
0.990465521812439
0.9921480417251587
0.991587221622467
0.991587221622467
0.9887829422950745
0.9910263419151306
0.9871004223823547
0.9899046421051025
0.991587221622467
0.9899046421051025
0.9921480417251587
0.9910263419151306
0.990465521812439
0.9910263419151306
0.9899046421051025
0.9893438220024109
0.990465521812439
0.9910263419151306
0.9910263419151306
0.9910263419151306
0.9899046421051025
0.9893438220024109
0.991587221622467
0.9921480417251587
0.990465521812439
0.991587221622467
0.9910263419151306
0.9921480417251587
0.991587221622467
0.9921480417251587
0.990465521812439
0.991587221622467
0.9910263419151306
0.9921480417251587
0.991587221622467
0.9910263419151306
0.990465521812439
0.9921480417251587
0.991587221622467
0.9921480417251587
0.991587221622467
0.9921480417251587
0.991587221622467
0.9932697415351868
0.991587221622467
0.991587221622467
0.9927089214324951
0.990465521812439
0.9927089214324951
0.990465521812439
0.9927089214324951
0.9910263419151306
0.9921480417251587
0.9932697415351868
0.991587221622467
0.990465521812439
0.9932697415351868
0.991587221622467
0.9910263419151306
0.991587221622467
0.991587221622467
0.9921480417251587
0.9910263419151306
0.991587221622467
0.990465521812439
0.990465521812439
0.9921480417251587
0.991587221622467
0.9910263419151306
0.990465521812439
0.991587221622467
0.9910263419151306
0.991587221622467
0.9921480417251587
0.9910263419151306
0.991587221622467
0.9921480417251587
0.9921480417251587
0.9921480417251587
0.9921480417251587
0.9910263419151306
0.990465521812439
0.991587221622467
0.9927089214324951
0.9910263419151306
0.991587221622467
0.9921480417251587
0.9910263419151306
0.991587221622467
0.9910263419151306
0.9927089214324951
0.9910263419151306
0.9921480417251587
0.9921480417251587
0.9910263419151306
0.991587221622467
0.991587221622467
0.990465521812439
0.990465521812439
0.991587221622467
0.9921480417251587
0.990465521812439
0.991587221622467
0.9921480417251587
0.9921480417251587
0.9910263419151306
0.9921480417251587
0.991587221622467
0.9927089214324951
0.9910263419151306
0.9927089214324951
0.991587221622467
0.991587221622467
0.991587221622467
0.991587221622467
0.9921480417251587
0.9921480417251587
0.9921480417251587
0.991587221622467
0.991587221622467
0.991587221622467
0.9899046421051025
0.9921480417251587
0.9921480417251587
0.9921480417251587
0.9927089214324951
0.9927089214324951
0.9921480417251587
0.9921480417251587
0.991587221622467
0.991587221622467
0.9921480417251587
0.9921480417251587
0.9921480417251587
0.9921480417251587
0.9921480417251587
0.9927089214324951
0.9921480417251587
0.9921480417251587
0.9910263419151306
0.991587221622467
0.9921480417251587
0.9921480417251587
0.9927089214324951
0.9927089214324951
0.9921480417251587
0.9921480417251587
0.9932697415351868
0.9921480417251587
0.9921480417251587
0.9921480417251587
0.9921480417251587
0.991587221622467
0.991587221622467
0.9921480417251587
0.9921480417251587
0.9921480417251587
0.9921480417251587
0.9921480417251587
0.9921480417251587
0.9927089214324951
0.9921480417251587
0.991587221622467
0.991587221622467
0.9921480417251587
0.991587221622467
0.9927089214324951
0.991587221622467
0.991587221622467
0.9921480417251587
0.9921480417251587
0.991587221622467
0.9921480417251587
0.9921480417251587
0.991587221622467
0.9921480417251587
0.991587221622467
0.9921480417251587
0.9910263419151306
0.9921480417251587
0.9927089214324951
0.991587221622467
0.9921480417251587
0.9921480417251587
0.9921480417251587
0.9927089214324951
0.991587221622467
0.9921480417251587
0.9927089214324951
0.9921480417251587
0.991587221622467
0.991587221622467
0.9921480417251587
0.991587221622467
0.9921480417251587
0.991587221622467
0.9927089214324951
0.9921480417251587
0.9921480417251587
0.9921480417251587
0.9927089214324951
0.9910263419151306
0.991587221622467
0.9921480417251587
0.9921480417251587
0.9921480417251587
0.9921480417251587
0.991587221622467
0.9921480417251587
0.991587221622467
0.9921480417251587
0.991587221622467
0.9921480417251587
0.9921480417251587
0.9921480417251587
0.9921480417251587
0.9927089214324951
0.9910263419151306
0.991587221622467
0.9927089214324951
0.9921480417251587
0.9921480417251587
0.9921480417251587
0.9921480417251587
0.991587221622467
0.9921480417251587
0.9921480417251587
0.9921480417251587
0.9921480417251587
0.9927089214324951
0.9927089214324951
0.9921480417251587
0.9921480417251587
0.9921480417251587
0.9921480417251587
0.9921480417251587
0.9921480417251587
0.9927089214324951
0.9927089214324951
0.9921480417251587
0.9921480417251587
0.9921480417251587
0.9921480417251587
0.9921480417251587
0.9921480417251587
0.9927089214324951
0.9921480417251587
0.9921480417251587
0.9921480417251587
0.9921480417251587
0.9921480417251587
0.9921480417251587
0.9921480417251587
0.991587221622467
0.9921480417251587
0.9921480417251587
0.9921480417251587
0.9921480417251587
0.9921480417251587
0.9921480417251587
0.9921480417251587
0.9921480417251587
0.9921480417251587
0.9927089214324951
0.9921480417251587
0.9921480417251587
0.9921480417251587
0.9921480417251587
0.9921480417251587
0.9921480417251587
0.9921480417251587
0.9921480417251587
0.9921480417251587
0.9921480417251587
0.9921480417251587
0.9921480417251587
0.9921480417251587
0.9921480417251587
0.9921480417251587
0.9921480417251587
0.9921480417251587
0.9927089214324951
0.9921480417251587
0.9921480417251587
0.9921480417251587
0.9921480417251587
0.9921480417251587
0.9921480417251587
0.9921480417251587
0.9921480417251587
0.9921480417251587
0.9921480417251587
0.9927089214324951
0.9921480417251587
0.9921480417251587
0.9921480417251587
0.9921480417251587
0.991587221622467
0.9921480417251587
0.9927089214324951
0.9921480417251587
0.9921480417251587
0.9921480417251587
0.9927089214324951
0.9921480417251587
0.9921480417251587
0.9921480417251587
0.9921480417251587
0.9921480417251587
0.9921480417251587
0.9927089214324951
0.9921480417251587
0.9921480417251587
0.9921480417251587
0.9921480417251587
0.9921480417251587
0.9927089214324951
0.9921480417251587
0.9921480417251587
0.9921480417251587
0.9921480417251587
0.9921480417251587
0.9921480417251587
0.9927089214324951
0.9921480417251587
0.9921480417251587
0.9921480417251587
0.9921480417251587
0.9921480417251587
0.9921480417251587
0.9921480417251587
0.9921480417251587
0.9921480417251587
0.9921480417251587
0.9921480417251587
0.9921480417251587
0.9921480417251587
0.9921480417251587
0.9921480417251587
0.9921480417251587
0.9921480417251587
0.9921480417251587
0.9921480417251587
0.9921480417251587
0.9921480417251587
0.9921480417251587
0.9921480417251587
0.9921480417251587
0.9921480417251587
0.9921480417251587
0.9921480417251587
0.9921480417251587
0.9921480417251587
0.9921480417251587
0.9921480417251587
0.9927089214324951
0.9921480417251587
0.9921480417251587
0.9921480417251587
0.9921480417251587
0.9921480417251587
0.9921480417251587
0.9927089214324951
0.9921480417251587
0.9921480417251587
0.9921480417251587
0.9921480417251587
0.9921480417251587
0.9921480417251587
0.9921480417251587
0.9921480417251587
0.9921480417251587
0.9921480417251587
0.9921480417251587
0.9921480417251587
0.9921480417251587
0.9921480417251587
0.9921480417251587
0.9921480417251587
0.9921480417251587
0.9921480417251587
0.9921480417251587
0.9921480417251587
0.9921480417251587
0.9921480417251587
0.9921480417251587
0.9927089214324951
0.9921480417251587
0.9921480417251587
0.9921480417251587
0.9921480417251587
0.9921480417251587
0.9921480417251587
0.9927089214324951
0.9921480417251587
0.9921480417251587
0.9927089214324951
0.9921480417251587
0.9921480417251587
0.9921480417251587
0.9921480417251587
0.9921480417251587
0.9921480417251587
0.9921480417251587
0.9921480417251587
0.9921480417251587
0.9921480417251587
0.9921480417251587
0.9921480417251587
0.9921480417251587
0.9921480417251587
0.9921480417251587
0.9921480417251587
0.9921480417251587
0.9921480417251587
0.9921480417251587
0.9921480417251587
0.9921480417251587
0.9921480417251587
0.9921480417251587
0.9927089214324951
0.9921480417251587
0.9921480417251587
0.9921480417251587
0.9921480417251587
0.9921480417251587
0.9921480417251587
0.9921480417251587
0.9921480417251587
0.9921480417251587
0.9921480417251587
0.9921480417251587
0.9921480417251587
0.9921480417251587
0.9921480417251587
0.9921480417251587
0.9921480417251587
0.9921480417251587
0.9921480417251587
0.9921480417251587
0.9921480417251587
0.9921480417251587
0.9921480417251587
0.9921480417251587
0.9921480417251587
0.9921480417251587
0.9921480417251587
0.9921480417251587
0.9921480417251587
0.9921480417251587
0.9921480417251587
0.9921480417251587
0.9921480417251587
0.9921480417251587
0.9921480417251587
0.9921480417251587
0.9921480417251587
0.9921480417251587
0.9921480417251587
0.9921480417251587
0.9921480417251587
0.9921480417251587
0.9921480417251587
0.9921480417251587
0.9921480417251587
0.9921480417251587
0.9921480417251587
0.9921480417251587
0.9921480417251587
0.9921480417251587
0.9921480417251587
0.9921480417251587
0.9921480417251587
0.9921480417251587
0.9921480417251587
0.9921480417251587
0.9921480417251587
0.9921480417251587
0.9921480417251587
0.9921480417251587
0.9921480417251587
0.9921480417251587
0.9921480417251587
0.9921480417251587
0.9921480417251587
0.9921480417251587
0.9921480417251587
0.9921480417251587
0.9921480417251587
0.9921480417251587
0.9921480417251587
0.9921480417251587
0.9921480417251587
0.9921480417251587
0.9921480417251587
0.9921480417251587
0.9921480417251587
0.9921480417251587
0.9921480417251587
0.9921480417251587
0.9921480417251587
0.9921480417251587
0.9921480417251587
0.9921480417251587
0.9921480417251587
0.9921480417251587
0.9921480417251587
0.9921480417251587
0.9921480417251587
0.9921480417251587
0.9921480417251587
0.9921480417251587
0.9921480417251587
0.9921480417251587
0.9921480417251587
0.9921480417251587
0.9921480417251587
0.9921480417251587
0.9921480417251587
0.9921480417251587
0.9921480417251587
0.9921480417251587
0.9921480417251587
0.9921480417251587
0.9921480417251587
0.9921480417251587
0.9921480417251587
0.9921480417251587
0.9921480417251587
0.9921480417251587
0.9921480417251587
0.9921480417251587
0.9921480417251587
0.9921480417251587
0.9921480417251587
0.9921480417251587
0.9921480417251587
0.9921480417251587
0.9921480417251587
0.9921480417251587
0.9921480417251587
0.9921480417251587
0.9921480417251587
0.9921480417251587
0.9921480417251587
0.9921480417251587
0.9921480417251587
0.9921480417251587
0.9921480417251587
0.9921480417251587
0.9921480417251587
0.9921480417251587
0.9921480417251587
0.9921480417251587
0.9921480417251587
0.9921480417251587
0.9921480417251587
0.9921480417251587
0.9921480417251587
0.9921480417251587
0.9921480417251587
0.9921480417251587
0.9921480417251587
0.9921480417251587
0.9921480417251587
0.9921480417251587
0.9921480417251587
0.9921480417251587
0.9921480417251587
0.9921480417251587
0.9921480417251587
0.9921480417251587
0.9921480417251587
0.9921480417251587
0.9921480417251587
0.9921480417251587
0.9921480417251587
0.9921480417251587
0.9921480417251587
0.9921480417251587
0.9921480417251587
0.9921480417251587
0.9921480417251587
0.9921480417251587
0.9921480417251587
0.9921480417251587
0.9921480417251587
0.9921480417251587
0.9921480417251587
0.9921480417251587
0.9921480417251587
0.9921480417251587
0.9921480417251587
0.9921480417251587
0.9921480417251587
0.9921480417251587
0.9921480417251587
0.9921480417251587
0.9921480417251587
0.9921480417251587
0.9921480417251587
0.9921480417251587
0.9921480417251587
0.9921480417251587
0.9921480417251587
0.9921480417251587
0.9921480417251587
0.9921480417251587
0.9921480417251587
0.9921480417251587
0.9921480417251587
0.9921480417251587
0.9921480417251587
0.9921480417251587
0.9921480417251587
0.9921480417251587
0.9921480417251587
0.9921480417251587
0.9921480417251587
0.9921480417251587
0.9921480417251587
0.9921480417251587
0.9921480417251587
0.9921480417251587
0.9921480417251587
0.9921480417251587
0.9921480417251587
0.9921480417251587
0.9921480417251587
0.9921480417251587
0.9921480417251587
0.9921480417251587
0.9921480417251587
0.9921480417251587
0.9921480417251587
0.9921480417251587
0.9921480417251587
0.9921480417251587
0.9921480417251587
0.9921480417251587
0.9921480417251587
0.9921480417251587
0.9921480417251587
0.9921480417251587
0.9921480417251587
0.9921480417251587
0.9921480417251587
0.9921480417251587
0.9921480417251587
0.9921480417251587
0.9921480417251587
0.9921480417251587
0.9921480417251587
0.9921480417251587
0.9921480417251587
0.9921480417251587
0.9921480417251587
0.9921480417251587
0.9921480417251587
0.9921480417251587
0.9921480417251587
0.9921480417251587
0.9921480417251587
0.9921480417251587
0.9921480417251587
0.9921480417251587
0.9921480417251587
0.9921480417251587
0.9921480417251587
0.9921480417251587
0.9921480417251587
0.9921480417251587
0.9921480417251587
0.9921480417251587
0.9921480417251587
0.9921480417251587
0.9921480417251587
0.9921480417251587
0.9921480417251587
0.9921480417251587
0.9921480417251587
0.9921480417251587
0.9921480417251587
0.9921480417251587
0.9921480417251587
0.9921480417251587
0.9921480417251587
0.9921480417251587
0.9921480417251587
0.9921480417251587
0.9921480417251587
0.9921480417251587
0.9921480417251587
0.9921480417251587
0.9921480417251587
0.9921480417251587
0.9921480417251587
0.9921480417251587
0.9921480417251587
0.9921480417251587
0.9921480417251587
0.9921480417251587
0.9921480417251587
0.9921480417251587
0.9921480417251587
0.9921480417251587
0.9921480417251587
0.9921480417251587
0.9921480417251587
0.9921480417251587
0.9921480417251587
0.9921480417251587
0.9921480417251587
0.9921480417251587
0.9921480417251587
0.9921480417251587
0.9921480417251587
0.9921480417251587
0.9921480417251587
0.9921480417251587
0.9921480417251587
0.9921480417251587
0.9921480417251587
0.9921480417251587
0.9921480417251587
0.9921480417251587
0.9921480417251587
0.9921480417251587
0.9921480417251587
0.9921480417251587
0.9921480417251587
0.9921480417251587
0.9921480417251587
0.9921480417251587
0.9921480417251587
0.9921480417251587
0.9921480417251587
0.9921480417251587
0.9921480417251587
0.9921480417251587
0.9921480417251587
0.9921480417251587
0.9921480417251587
0.9921480417251587
0.9921480417251587
0.9921480417251587
0.9921480417251587
0.9921480417251587
0.9921480417251587
0.9921480417251587
0.9921480417251587
0.9921480417251587
0.9921480417251587
0.9921480417251587
0.9921480417251587
0.9921480417251587
0.9921480417251587
0.9921480417251587
0.9921480417251587
0.9921480417251587
0.9921480417251587
0.9921480417251587
0.9921480417251587
0.9921480417251587
0.9921480417251587
0.9921480417251587
0.9921480417251587
0.9921480417251587
0.9921480417251587
0.9921480417251587
0.9921480417251587
0.9921480417251587
0.9921480417251587
0.9921480417251587
0.9921480417251587
0.9921480417251587
0.9921480417251587
0.9921480417251587
0.9921480417251587
0.9921480417251587
0.9921480417251587
0.9921480417251587
0.9921480417251587
0.9921480417251587
0.9921480417251587
0.9921480417251587
0.9921480417251587
0.9921480417251587
0.9921480417251587
0.9921480417251587
0.9921480417251587
0.9921480417251587
0.9921480417251587
0.9921480417251587
0.9921480417251587
0.9921480417251587
0.9921480417251587
0.9921480417251587
0.9921480417251587
0.9921480417251587
0.9921480417251587
0.9921480417251587
0.9921480417251587
0.9921480417251587
0.9921480417251587
0.9921480417251587
0.9921480417251587
0.9921480417251587
0.9921480417251587
0.9921480417251587
0.9921480417251587
0.9921480417251587
0.9921480417251587
0.9921480417251587
0.9921480417251587
0.9921480417251587
0.9921480417251587
0.9921480417251587
0.9921480417251587
0.9921480417251587
0.9921480417251587
0.9921480417251587
0.9921480417251587
0.9921480417251587
0.9921480417251587
0.9921480417251587
0.9921480417251587
0.9921480417251587
0.9921480417251587
0.9921480417251587
0.9921480417251587
0.9921480417251587
0.9921480417251587
0.9921480417251587
0.9921480417251587
0.9921480417251587
0.9921480417251587
0.9921480417251587
0.9921480417251587
0.9921480417251587
0.9921480417251587
0.9921480417251587
0.9921480417251587
0.9921480417251587
0.9921480417251587
0.9921480417251587
0.9921480417251587
0.9921480417251587
0.9921480417251587
0.9921480417251587
0.9921480417251587
0.9921480417251587
0.9921480417251587
0.9921480417251587
0.9921480417251587
0.9921480417251587
0.9921480417251587
0.9921480417251587
0.9921480417251587
0.9921480417251587
0.9921480417251587
0.9921480417251587
0.9921480417251587
0.9921480417251587
0.9921480417251587
0.9921480417251587
0.9921480417251587
0.9921480417251587
0.9921480417251587
0.9921480417251587
0.9921480417251587
0.9921480417251587
0.9921480417251587
0.9921480417251587
0.9921480417251587
0.9921480417251587
0.9921480417251587
0.9921480417251587
0.9921480417251587
0.9921480417251587
0.9921480417251587
0.9921480417251587
0.9921480417251587
0.9921480417251587
0.9921480417251587
0.9921480417251587
0.9921480417251587
0.9921480417251587
0.9921480417251587
0.9921480417251587
0.9921480417251587
0.9921480417251587
0.9921480417251587
0.9921480417251587
0.9921480417251587
0.9921480417251587
0.9921480417251587
0.9921480417251587
0.9921480417251587
0.9921480417251587
0.9921480417251587
0.9921480417251587
0.9921480417251587
0.9921480417251587
0.9921480417251587
0.9921480417251587
0.9921480417251587
0.9921480417251587
0.9921480417251587
0.9921480417251587
0.9921480417251587
0.9921480417251587
0.9921480417251587
0.9921480417251587
0.9921480417251587
0.9921480417251587
0.9921480417251587
0.9921480417251587
0.9921480417251587
0.9921480417251587
0.9921480417251587
0.9921480417251587
0.9921480417251587
0.9921480417251587
0.9921480417251587
0.9921480417251587
0.9921480417251587
0.9921480417251587
0.9921480417251587
0.9921480417251587
0.9921480417251587
0.9921480417251587
0.9921480417251587
0.9921480417251587
0.9921480417251587
0.9921480417251587
0.9921480417251587
0.9921480417251587
0.9921480417251587
0.9921480417251587
0.9921480417251587
0.9921480417251587
0.9921480417251587
0.9921480417251587
0.9921480417251587
0.9921480417251587
0.9921480417251587
0.9921480417251587
0.9921480417251587
0.9921480417251587
0.9921480417251587
0.9921480417251587
0.9921480417251587
0.9921480417251587
0.9921480417251587
0.9921480417251587
0.9921480417251587
0.9921480417251587
0.9921480417251587
0.9921480417251587
0.9921480417251587
0.9921480417251587
0.9921480417251587
0.9921480417251587
0.9921480417251587
0.9921480417251587
0.9921480417251587
0.9921480417251587
0.9921480417251587
0.9921480417251587
0.9921480417251587
0.9921480417251587
0.9921480417251587
0.9921480417251587
0.9921480417251587
0.9921480417251587
0.9921480417251587
0.9921480417251587
0.9921480417251587
0.9921480417251587
0.9921480417251587
0.9921480417251587
0.9921480417251587
0.9921480417251587
0.9921480417251587
0.9921480417251587
0.9921480417251587
0.9921480417251587
0.9921480417251587
0.9921480417251587
0.9921480417251587
0.9921480417251587
0.9921480417251587
0.9921480417251587
0.9921480417251587
0.9921480417251587
0.9921480417251587
0.9921480417251587
0.9921480417251587
0.9921480417251587
0.9921480417251587
0.9921480417251587
0.9921480417251587
0.9921480417251587
0.9921480417251587
0.9921480417251587
0.9921480417251587
0.9921480417251587
0.9921480417251587
0.9921480417251587
0.9921480417251587
0.9921480417251587
0.9921480417251587
0.9921480417251587
0.9921480417251587
0.9921480417251587
0.9921480417251587
0.9921480417251587
0.9921480417251587
0.9921480417251587
0.9921480417251587
0.9921480417251587
0.9921480417251587
0.9921480417251587
0.9921480417251587
0.9921480417251587
0.9921480417251587
0.9921480417251587
0.9921480417251587
0.9921480417251587
0.9921480417251587
0.9921480417251587
0.9921480417251587
0.9921480417251587
0.9921480417251587
0.9921480417251587
0.9921480417251587
0.9921480417251587
0.9921480417251587
0.9921480417251587
0.9921480417251587
0.9921480417251587
0.9921480417251587
0.9921480417251587
0.9921480417251587
0.9921480417251587
0.9921480417251587
0.9921480417251587
0.9921480417251587
0.9921480417251587
0.9921480417251587
0.9921480417251587
0.9921480417251587
0.9921480417251587
0.9921480417251587
0.9921480417251587
0.9921480417251587
0.9921480417251587
0.9921480417251587
0.9921480417251587
0.9921480417251587
0.9921480417251587
0.9921480417251587
0.9921480417251587
0.9921480417251587
0.9921480417251587
0.9921480417251587
0.9921480417251587
0.9921480417251587
0.9921480417251587
0.9921480417251587
0.9921480417251587
0.9921480417251587
0.9921480417251587
0.9921480417251587
0.9921480417251587
0.9921480417251587
0.9921480417251587
0.9921480417251587
0.9921480417251587
0.9921480417251587
0.9921480417251587
0.9921480417251587
0.9921480417251587
0.9921480417251587
0.9921480417251587
0.9921480417251587
0.9921480417251587
0.9921480417251587
0.9921480417251587
0.9921480417251587
0.9921480417251587
0.9921480417251587
0.9921480417251587
0.9921480417251587
0.9921480417251587
0.9921480417251587
0.9921480417251587
0.9921480417251587
0.9921480417251587
0.9921480417251587
0.9921480417251587
0.9921480417251587
0.9921480417251587
0.9921480417251587
0.9921480417251587
0.9921480417251587
0.9921480417251587
0.9921480417251587
0.9921480417251587
0.9921480417251587
0.9921480417251587
0.9921480417251587
0.9921480417251587
0.9921480417251587
0.9921480417251587
0.9921480417251587
0.9921480417251587
0.9921480417251587
