0.6864708662033081
0.6319217681884766
0.5748836398124695
0.5223420262336731
0.4873047471046448
0.4577586054801941
0.4347493350505829
0.4194529950618744
0.40877923369407654
0.40205132961273193
0.3971005380153656
0.39362791180610657
0.3913901150226593
0.3904809057712555
0.3881412446498871
0.3871254622936249
0.38623538613319397
0.38583868741989136
0.3852364420890808
0.3847527503967285
0.3846163749694824
0.38463130593299866
0.38413578271865845
0.38281598687171936
0.3830236792564392
0.38271400332450867
0.3820144534111023
0.3818202018737793
0.3822266459465027
0.38173994421958923
0.38137128949165344
0.3814406096935272
0.38124802708625793
0.38068822026252747
0.38086995482444763
0.380016565322876
0.3806799650192261
0.3806978762149811
0.379667192697525
0.37908875942230225
0.378915399312973
0.37886810302734375
0.3788469135761261
0.3791550397872925
0.3787858188152313
0.3786839246749878
0.37915584444999695
0.3782312273979187
0.37782222032546997
0.37824493646621704
0.3771122097969055
0.3778136968612671
0.37745338678359985
0.3780272603034973
0.37745749950408936
0.37735435366630554
0.3768405616283417
0.3760928809642792
0.3776456117630005
0.3765548765659332
0.37622037529945374
0.37769895792007446
0.37632694840431213
0.3765980303287506
0.3759407103061676
0.376288503408432
0.37569481134414673
0.3763575255870819
0.37524643540382385
0.3762768507003784
0.37679556012153625
0.3754022717475891
0.37596431374549866
0.37481823563575745
0.37472444772720337
0.37481996417045593
0.3745720684528351
0.3745085895061493
0.37465700507164
0.37506431341171265
0.37449976801872253
0.37466633319854736
0.3743883967399597
0.3750312924385071
0.37335726618766785
0.37421151995658875
0.37463295459747314
0.3739232122898102
0.37384554743766785
0.3736690282821655
0.3742935359477997
0.3741459846496582
0.37336573004722595
0.3732914924621582
0.37355321645736694
0.37360072135925293
0.3728412687778473
0.3737678527832031
0.3735647201538086
0.372761070728302
0.3727443814277649
0.37178266048431396
0.3719292879104614
0.3721621334552765
0.3736340403556824
0.3732823133468628
0.371720552444458
0.37152400612831116
0.3716398775577545
0.37167856097221375
0.37144798040390015
0.3717798888683319
0.37235352396965027
0.3712746500968933
0.3704698979854584
0.37021344900131226
0.3715735971927643
0.37049293518066406
0.37041863799095154
0.37103429436683655
0.37007421255111694
0.37048572301864624
0.3696231544017792
0.3699623942375183
0.3701345920562744
0.3709253668785095
0.3693453371524811
0.36932724714279175
0.36894989013671875
0.37079939246177673
0.3707353174686432
0.3689747154712677
0.36907580494880676
0.36938169598579407
0.36995822191238403
0.3714688718318939
0.37036406993865967
0.3683174252510071
0.3687366843223572
0.369233638048172
0.3682774603366852
0.3683120012283325
0.3688593804836273
0.3696945011615753
0.3681943714618683
0.3681461215019226
0.36795422434806824
0.3682068884372711
0.368287593126297
0.36819010972976685
0.3676782250404358
0.36766481399536133
0.36731669306755066
0.3675405979156494
0.36727288365364075
0.36715397238731384
0.3671826720237732
0.369244247674942
0.36662283539772034
0.36747750639915466
0.3666939437389374
0.36763063073158264
0.36706864833831787
0.3666444420814514
0.3674399256706238
0.3668684959411621
0.3673316240310669
0.3671760559082031
0.36622893810272217
0.3659780025482178
0.3688180446624756
0.3667669892311096
0.36717215180397034
0.36690211296081543
0.36723244190216064
0.364950567483902
0.366197794675827
0.3652941882610321
0.3653164207935333
0.36590108275413513
0.36514249444007874
0.3648013174533844
0.3652651607990265
0.3651033341884613
0.3648816645145416
0.36498886346817017
0.36488595604896545
0.36534541845321655
0.3650886118412018
0.36564528942108154
0.36472517251968384
0.3649665117263794
0.3650795519351959
0.36451539397239685
0.3653053939342499
0.36481598019599915
0.364610493183136
0.36441218852996826
0.36453473567962646
0.36621832847595215
0.36664098501205444
0.36547282338142395
0.3664077818393707
0.3642286956310272
0.364403635263443
0.3643052577972412
0.3644193112850189
0.3647908568382263
0.3641948699951172
0.3643501102924347
0.36461836099624634
0.36480844020843506
0.3639537990093231
0.3640270531177521
0.36397239565849304
0.3639402687549591
0.3638068735599518
0.3641435503959656
0.3635931611061096
0.36390039324760437
0.3646309971809387
0.36441394686698914
0.3643209934234619
0.3638080358505249
0.36416202783584595
0.3636583685874939
0.3636854588985443
0.3632819652557373
0.36381635069847107
0.36360570788383484
0.36412858963012695
0.3634977340698242
0.36344966292381287
0.36356884241104126
0.3635319769382477
0.36344873905181885
0.3635343611240387
0.3633958697319031
0.36332082748413086
0.36366793513298035
0.36322882771492004
0.36317530274391174
0.3633393347263336
0.3637109696865082
0.36461812257766724
0.36319902539253235
0.3628096878528595
0.36288097500801086
0.36329132318496704
0.363036185503006
0.36297693848609924
0.3632507622241974
0.36351481080055237
0.3638060688972473
0.36293715238571167
0.3628903925418854
0.3630622625350952
0.36286017298698425
0.36263522505760193
0.3627265989780426
0.3627685606479645
0.3631663918495178
0.3632103502750397
0.36261019110679626
0.36266717314720154
0.3629889190196991
0.36363643407821655
0.3626518249511719
0.3625469207763672
0.36272555589675903
0.36271294951438904
0.36277905106544495
0.3626253306865692
0.3630238473415375
0.3627713620662689
0.362358421087265
0.36221766471862793
0.3621268570423126
0.36208486557006836
0.36231711506843567
0.3624158799648285
0.3623463213443756
0.3619917035102844
0.3622266948223114
0.3620404303073883
0.36216744780540466
0.36217135190963745
0.3618951439857483
0.36187097430229187
0.36190253496170044
0.3617932200431824
0.3619329333305359
0.36185941100120544
0.3618510365486145
0.36190855503082275
0.36210116744041443
0.36211737990379333
0.362266480922699
0.36180055141448975
0.36183905601501465
0.36210379004478455
0.36183682084083557
0.3617052435874939
0.36165064573287964
0.36183205246925354
0.36167675256729126
0.3620234727859497
0.3615395128726959
0.3616386651992798
0.36163565516471863
0.36155757308006287
0.36164236068725586
0.36161577701568604
0.3617795407772064
0.36156851053237915
0.3621669113636017
0.36149469017982483
0.3619292080402374
0.3616885244846344
0.3617212176322937
0.3615266978740692
0.36151689291000366
0.3615134656429291
0.36193063855171204
0.36180439591407776
0.36175575852394104
0.36145660281181335
0.36139172315597534
0.36133015155792236
0.3614693880081177
0.3613421320915222
0.361378014087677
0.36169761419296265
0.3613533079624176
0.36121851205825806
0.3613490164279938
0.36127331852912903
0.3613913059234619
0.36127373576164246
0.3614200949668884
0.3612711429595947
0.3612392842769623
0.3611849546432495
0.36118414998054504
0.36142435669898987
0.36127519607543945
0.3612641394138336
0.3610260784626007
0.3611854016780853
0.36116620898246765
0.3611968457698822
0.3611835539340973
0.3609257936477661
0.36122411489486694
0.3614325225353241
0.3612389862537384
0.3611604869365692
0.3610179126262665
0.3612012267112732
0.361621230840683
0.3609989583492279
0.36116090416908264
0.3609781265258789
0.36095815896987915
0.3610234558582306
0.3608575165271759
0.3609858751296997
0.36093980073928833
0.3608493506908417
0.36090943217277527
0.3609093427658081
0.36141857504844666
0.3608522415161133
0.3611590564250946
0.36099281907081604
0.36141595244407654
0.361202210187912
0.3607449531555176
0.3606361746788025
0.3606896698474884
0.3609684109687805
0.36062926054000854
0.36074838042259216
0.3606381118297577
0.3607373833656311
0.36064469814300537
0.36061546206474304
0.3605637848377228
0.3606482744216919
0.3606472611427307
0.360675573348999
0.3606613576412201
0.3605881929397583
0.36055219173431396
0.3605380654335022
0.3605477511882782
0.3607112467288971
0.3608337640762329
0.3606460988521576
0.3606167137622833
0.3605789840221405
0.36053532361984253
0.3607369363307953
0.36067715287208557
0.3608405292034149
0.3606770634651184
0.36051443219184875
0.3605455756187439
0.36063799262046814
0.3604784905910492
0.3605007231235504
0.3607400357723236
0.360726922750473
0.3605903387069702
0.3604728579521179
0.3604894280433655
0.3606511950492859
0.3605444133281708
0.36056700348854065
0.36055177450180054
0.3605245351791382
0.36036744713783264
0.3605729639530182
0.36045995354652405
0.3605402112007141
0.36056458950042725
0.3604327142238617
0.36045682430267334
0.36037856340408325
0.36065128445625305
0.3605343699455261
0.36060014367103577
0.36050522327423096
0.36041322350502014
0.36039260029792786
0.36048316955566406
0.3603878617286682
0.3603188693523407
0.3603750169277191
0.3603035807609558
0.36029428243637085
0.3603017330169678
0.36032843589782715
0.3603295385837555
0.36045244336128235
0.3603273332118988
0.36037760972976685
0.36026519536972046
0.3602471351623535
0.3602477014064789
0.360244482755661
0.36026129126548767
0.3602529466152191
0.36016520857810974
0.36011725664138794
0.36007973551750183
0.36004555225372314
0.36025193333625793
0.36004847288131714
0.3602181375026703
0.35999396443367004
0.36025846004486084
0.36014559864997864
0.3600139319896698
0.3600104749202728
0.35990849137306213
0.36012282967567444
0.3599180281162262
0.35998496413230896
0.35997772216796875
0.3598518967628479
0.36001190543174744
0.35984212160110474
0.3598637580871582
0.35996249318122864
0.35997116565704346
0.3598218560218811
0.35971835255622864
0.3597521185874939
0.35977065563201904
0.35975298285484314
0.3598020076751709
0.3597013056278229
0.3598310649394989
0.35964086651802063
0.35972076654434204
0.35969850420951843
0.35969486832618713
0.35969558358192444
0.3596612513065338
0.3596785068511963
0.3596436083316803
0.35965025424957275
0.3596816956996918
0.35964152216911316
0.3596796691417694
0.35969310998916626
0.35967233777046204
0.3596261143684387
0.3597024381160736
0.35977211594581604
0.35965606570243835
0.3596290946006775
0.35962992906570435
0.3596183955669403
0.3596276640892029
0.35969096422195435
0.35967421531677246
0.3596414029598236
0.3595940172672272
0.3595806658267975
0.3595919907093048
0.3596053719520569
0.3596329391002655
0.35981401801109314
0.3595461845397949
0.35956570506095886
0.3595765233039856
0.3596104085445404
0.3596538305282593
0.35960549116134644
0.3595634996891022
0.35952743887901306
0.3595423102378845
0.3595440685749054
0.35954564809799194
0.3595741391181946
0.35953813791275024
0.35949909687042236
0.3595142662525177
0.3595517873764038
0.35951781272888184
0.359494149684906
0.35950130224227905
0.35964593291282654
0.3596278727054596
0.359474778175354
0.3595907688140869
0.35959652066230774
0.35948899388313293
0.35950395464897156
0.3594774603843689
0.35946160554885864
0.35951104760169983
0.3594891428947449
0.35951024293899536
0.35949382185935974
0.35954952239990234
0.3594287037849426
0.3595283627510071
0.35945558547973633
0.35942724347114563
0.35949063301086426
0.359411358833313
0.35948407649993896
0.3594825863838196
0.3594476878643036
0.35942357778549194
0.3594898581504822
0.3594696819782257
0.3594566881656647
0.3594476878643036
0.35941895842552185
0.35945284366607666
0.35941532254219055
0.35940077900886536
0.3594135344028473
0.35942018032073975
0.3594091832637787
0.3594616651535034
0.3594162166118622
0.35938674211502075
0.3594115376472473
0.3596039414405823
0.35934051871299744
0.35937702655792236
0.3594014644622803
0.35934245586395264
0.3593551814556122
0.35934025049209595
0.35932207107543945
0.3593215048313141
0.3593338131904602
0.35930028557777405
0.3593054711818695
0.3593178987503052
0.3593132495880127
0.3593154847621918
0.3592955768108368
0.35932430624961853
0.359380304813385
0.35935142636299133
0.35937151312828064
0.3592890799045563
0.3593323230743408
0.3592928349971771
0.35929298400878906
0.3592834770679474
0.3592967391014099
0.35928234457969666
0.35931140184402466
0.35927191376686096
0.3593038022518158
0.35928502678871155
0.3592747449874878
0.35926899313926697
0.3592645823955536
0.3592672646045685
0.35930392146110535
0.3592824935913086
0.35927027463912964
0.35929006338119507
0.35925593972206116
0.35930007696151733
0.35929813981056213
0.35925957560539246
0.3592759072780609
0.3592805564403534
0.35929355025291443
0.3592410981655121
0.3592480719089508
0.35929739475250244
0.3592747747898102
0.3593479096889496
0.3592276871204376
0.35930195450782776
0.35927945375442505
0.3592742085456848
0.3592410385608673
0.35926002264022827
0.35931888222694397
0.359223872423172
0.35924044251441956
0.359258770942688
0.3592398166656494
0.3592210114002228
0.35925495624542236
0.35925352573394775
0.3592645227909088
0.35928425192832947
0.3592450022697449
0.35926637053489685
0.35922887921333313
0.35923099517822266
0.35921430587768555
0.35922157764434814
0.35922229290008545
0.35921579599380493
0.35922008752822876
0.35923632979393005
0.35919782519340515
0.3592716157436371
0.3592122495174408
0.35920241475105286
0.3591960370540619
0.3592242896556854
0.35919979214668274
0.3592611849308014
0.35920989513397217
0.3591848909854889
0.3592150807380676
0.3591809868812561
0.3592361807823181
0.3591826260089874
0.35933008790016174
0.3591693043708801
0.3591822385787964
0.3592602014541626
0.3591934144496918
0.3592047393321991
0.35918760299682617
0.35918286442756653
0.3591994345188141
0.35920658707618713
0.35918208956718445
0.35915595293045044
0.35918909311294556
0.35914933681488037
0.3591589033603668
0.35915642976760864
0.35914507508277893
0.3591514229774475
0.3591355085372925
0.3591429889202118
0.3591475188732147
0.35912904143333435
0.35914966464042664
0.3591403663158417
0.3591475188732147
0.35913485288619995
0.3591298758983612
0.35913312435150146
0.3591657280921936
0.3591330051422119
0.3591296970844269
0.3591548800468445
0.3591204285621643
0.35913363099098206
0.35912585258483887
0.35913410782814026
0.3591240346431732
0.3591344952583313
0.3591347634792328
0.35911867022514343
0.3591207265853882
0.35914328694343567
0.35913020372390747
0.359121710062027
0.35911664366722107
0.35911521315574646
0.3591206967830658
0.3591313660144806
0.3591260015964508
0.3591266870498657
0.3591102063655853
0.3591174781322479
0.3591665029525757
0.3591446876525879
0.3591514229774475
0.3591076135635376
0.35911890864372253
0.3591177463531494
0.3591068387031555
0.3591151237487793
0.35911157727241516
0.35912439227104187
0.35911867022514343
0.35911697149276733
0.35913392901420593
0.35910913348197937
0.3591010868549347
0.35911378264427185
0.3591064512729645
0.3591003119945526
0.35909634828567505
0.35910457372665405
0.35909172892570496
0.3591148853302002
0.359112948179245
0.35909730195999146
0.35909348726272583
0.35910841822624207
0.35909995436668396
0.35911956429481506
0.35909193754196167
0.3590838313102722
0.3591025471687317
0.35908636450767517
0.3590857684612274
0.35908523201942444
0.3591691255569458
0.3590937852859497
0.3590836822986603
0.35908302664756775
0.3590874671936035
0.35909637808799744
0.3590829372406006
0.3590783178806305
0.3590855300426483
0.35908856987953186
0.35908669233322144
0.35907888412475586
0.3590835630893707
0.35908499360084534
0.35909003019332886
0.3590970039367676
0.3590819835662842
0.3590824604034424
0.35909080505371094
0.35908374190330505
0.35907888412475586
0.3590800166130066
0.3590826392173767
0.3590703308582306
0.3590758144855499
0.3590788245201111
0.3590770959854126
0.35906174778938293
0.35905829071998596
0.35905465483665466
0.3590579330921173
0.3590582609176636
0.3590574264526367
0.3590555489063263
0.359063059091568
0.35905811190605164
0.35905522108078003
0.35905778408050537
0.35905691981315613
0.35905396938323975
0.35905247926712036
0.35906320810317993
0.3590589463710785
0.3590512275695801
0.35905471444129944
0.3590548038482666
0.35906466841697693
0.35905760526657104
0.35905686020851135
0.3590518832206726
0.3590534031391144
0.3590649366378784
0.35904568433761597
0.3590506613254547
0.35905346274375916
0.35905489325523376
0.3590489625930786
0.35904473066329956
0.3590679466724396
0.35906997323036194
0.35905301570892334
0.3590647876262665
0.3590482175350189
0.3590490221977234
0.35904163122177124
0.35904642939567566
0.3590485751628876
0.3590470254421234
0.3590486943721771
0.35905778408050537
0.35904234647750854
0.3590439558029175
0.35904303193092346
0.3590472340583801
0.35904520750045776
0.359041690826416
0.3590480387210846
0.359037846326828
0.3590364158153534
0.3590377867221832
0.35904625058174133
0.359039843082428
0.3590348958969116
0.3590377867221832
0.35903605818748474
0.3590375781059265
0.35903388261795044
0.3590385317802429
0.35903316736221313
0.35904908180236816
0.3590412735939026
0.35903918743133545
0.3590371608734131
0.35903963446617126
0.35903897881507874
0.3590320944786072
0.35903045535087585
0.35903623700141907
0.3590327203273773
0.35903429985046387
0.35904401540756226
0.35902777314186096
0.3590269684791565
0.3590358793735504
0.35902875661849976
0.3590313494205475
0.3590314984321594
0.359036386013031
0.3590371608734131
0.35903894901275635
0.3590278923511505
0.35903823375701904
0.3590337336063385
0.3590279519557953
0.3590250611305237
0.3590317964553833
0.3590325117111206
0.35905176401138306
0.35901960730552673
0.3590230345726013
0.3590472340583801
0.35901889204978943
0.3590250015258789
0.3590334355831146
0.3590308129787445
0.35903695225715637
0.35902929306030273
0.3590177595615387
0.35901549458503723
0.35902154445648193
0.35901737213134766
0.35901540517807007
0.35901737213134766
0.359014093875885
0.35901448130607605
0.35901331901550293
0.3590213656425476
0.35901662707328796
0.359012633562088
0.35901516675949097
0.359013170003891
0.35901689529418945
0.35902276635169983
0.35902315378189087
0.3590220808982849
0.35901981592178345
0.3590143620967865
0.3590189218521118
0.3590220510959625
0.3590306043624878
0.359014630317688
0.3590153753757477
0.35901468992233276
0.35900911688804626
0.3590185344219208
0.3590112626552582
0.35901200771331787
0.35901063680648804
0.35901135206222534
0.3590114116668701
0.3590127229690552
0.3590136468410492
0.35901209712028503
0.35900917649269104
0.3590174913406372
0.3590150475502014
0.3590104281902313
0.359007328748703
0.35900911688804626
0.3590092062950134
0.35900944471359253
0.35900741815567017
0.3590126931667328
0.35901325941085815
0.3590175211429596
0.359012246131897
0.35900768637657166
0.35900628566741943
0.35900720953941345
0.3590065836906433
0.3590075373649597
0.3590081036090851
0.35900741815567017
0.3590080440044403
0.35900506377220154
0.35900557041168213
0.35900795459747314
0.35901206731796265
0.35902139544487
0.359017938375473
0.35900458693504333
0.35900697112083435
0.35900551080703735
0.3590075969696045
0.35900431871414185
0.3590160012245178
0.3590041399002075
0.3590060770511627
0.3590050935745239
0.35900363326072693
0.3590053915977478
0.3590015172958374
0.35900309681892395
0.3590056002140045
0.3590027987957001
0.35900723934173584
0.35900306701660156
0.3590027689933777
0.35900089144706726
0.3590015172958374
0.3590051233768463
0.3590041697025299
0.35901838541030884
0.35899898409843445
0.35899919271469116
0.3590008020401001
0.3590027689933777
0.3589993119239807
0.359000563621521
0.35899919271469116
0.35899871587753296
0.35900259017944336
0.3589984178543091
0.3589976727962494
0.3589975833892822
0.3589995205402374
0.3590046763420105
0.3589957356452942
0.3589959740638733
0.3589954972267151
0.3589949607849121
0.35899442434310913
0.35899579524993896
0.35899874567985535
0.3589955270290375
0.3589943051338196
0.35899364948272705
0.3589942455291748
0.3589952886104584
0.3589945435523987
0.35899391770362854
0.3589942753314972
0.35899582505226135
0.35899269580841064
0.35899412631988525
0.3589956760406494
0.3589928150177002
0.3589932918548584
0.35899314284324646
0.3589951992034912
0.3589933216571808
0.3589942753314972
0.3589935004711151
0.35899510979652405
0.35899221897125244
0.3589935600757599
0.3589932918548584
0.35899433493614197
0.3589959144592285
0.35899198055267334
0.35899290442466736
0.35899364948272705
0.3589918911457062
0.3589916527271271
0.35899245738983154
0.35899224877357483
0.3589911460876465
0.3589913547039032
0.35899171233177185
0.3589905798435211
0.35899436473846436
0.3589905798435211
0.35899290442466736
0.358991801738739
0.3589911162853241
0.3589912950992584
0.3589899241924286
0.3589911162853241
0.3589912950992584
0.35899433493614197
0.3589913249015808
0.35899046063423157
0.3589904308319092
0.3589921295642853
0.358990341424942
0.35899266600608826
0.3589912950992584
0.3589896857738495
0.3589893579483032
0.3589910566806793
0.35899120569229126
0.3589889705181122
0.35898953676223755
0.35898876190185547
0.3589971959590912
0.3589983284473419
0.3589876890182495
0.35898905992507935
0.35899198055267334
0.35898923873901367
0.35899028182029724
0.3589901924133301
0.35899433493614197
0.35898756980895996
0.3589877784252167
0.358990341424942
0.35898804664611816
0.35898828506469727
0.3589877486228943
0.3589889109134674
0.3589877486228943
0.3589887022972107
0.35898903012275696
0.35898923873901367
0.35898640751838684
0.3589879274368286
0.35898929834365845
0.3589857220649719
0.3589894771575928
0.35898876190185547
0.35898658633232117
0.35898926854133606
0.35898876190185547
0.35899031162261963
0.3589887320995331
0.35899126529693604
0.3589869439601898
0.3589847981929779
0.3589852452278137
0.3589846193790436
0.35898536443710327
0.3589850962162018
0.3589845895767212
0.35898441076278687
0.35898420214653015
0.3589838743209839
0.3589838147163391
0.35898491740226746
0.3589840531349182
0.35898423194885254
0.3589845597743988
0.3589872121810913
0.3589833676815033
0.35898369550704956
0.3589838743209839
0.35898369550704956
0.3589839041233063
0.3589855134487152
0.35898372530937195
0.3589842915534973
0.3589842915534973
0.35898691415786743
0.3589841425418854
0.3589850068092346
0.3589856028556824
0.35898345708847046
0.3589833974838257
0.3589831292629242
0.35898420214653015
0.3589833676815033
0.35898271203041077
0.3589831292629242
0.35898342728614807
0.35898321866989136
0.3589829206466675
0.35898280143737793
0.35898342728614807
0.35898345708847046
0.35898280143737793
0.35898399353027344
0.3589823544025421
0.35898324847221375
0.35898253321647644
0.35898253321647644
0.35898229479789734
0.3589841425418854
0.3589831590652466
0.3589855432510376
0.35898205637931824
0.3589830696582794
0.35898175835609436
0.35898226499557495
0.35898372530937195
0.3589820861816406
0.35898295044898987
0.3589819371700287
0.3589829206466675
0.3589836359024048
0.35898151993751526
0.3589818775653839
0.3589816689491272
0.35898226499557495
0.35898110270500183
0.35898181796073914
0.3589825928211212
0.35898175835609436
0.35898154973983765
0.35898157954216003
0.3589821457862854
0.3589820861816406
0.35898134112358093
0.35898256301879883
0.3589823246002197
0.35898157954216003
0.35898154973983765
0.3589822053909302
0.3589825928211212
0.3589814603328705
0.35898107290267944
0.3589823842048645
0.35898128151893616
0.35898298025131226
0.358980655670166
0.3589804768562317
0.35898032784461975
0.3589818477630615
0.35898083448410034
0.3589823842048645
0.35898134112358093
0.35898178815841675
0.35897961258888245
0.35898110270500183
0.358980268239975
0.35898250341415405
0.35898029804229736
0.3589805066585541
0.35898107290267944
0.3589792847633362
0.3589792847633362
0.3589799702167511
0.3589804768562317
0.3589792847633362
0.3589803874492645
0.358979731798172
0.3589801490306854
0.3589792251586914
0.3589790165424347
0.3589792847633362
0.35897907614707947
0.35897958278656006
0.3589789867401123
0.35897889733314514
0.3589790165424347
0.3589796721935272
0.35897865891456604
0.3589795231819153
0.3589801490306854
0.3589787781238556
0.358978807926178
0.35897907614707947
0.358978807926178
0.35897940397262573
0.3589786887168884
0.35897886753082275
0.35897859930992126
0.35897892713546753
0.35897892713546753
0.3589800000190735
0.3589800000190735
0.3589787781238556
0.3589785695075989
0.3589790165424347
0.3589789867401123
0.35897913575172424
0.358978807926178
0.358978807926178
0.3589785397052765
0.35897889733314514
0.35897892713546753
0.3589784502983093
0.3589785397052765
0.35897985100746155
0.35897886753082275
0.3589780032634735
0.3589782416820526
0.35897815227508545
0.3589787781238556
0.35897815227508545
0.3589783310890198
0.35897842049598694
0.35897940397262573
0.35897767543792725
0.3589780628681183
0.35897815227508545
0.35897839069366455
0.35897794365882874
0.3589782416820526
0.35897794365882874
0.3589780032634735
0.358978807926178
0.35897746682167053
0.3589779734611511
0.3589782416820526
0.35897767543792725
0.35897815227508545
0.3589779734611511
0.35897818207740784
0.3589777648448944
0.35897761583328247
0.35897770524024963
0.3589792847633362
0.3589779734611511
0.3589780032634735
0.3589780628681183
0.3589774966239929
0.35897770524024963
0.35897764563560486
0.35897761583328247
0.35897788405418396
0.35897770524024963
0.35897740721702576
0.3589773178100586
0.35897737741470337
0.35897770524024963
0.35897761583328247
0.35897740721702576
0.35897743701934814
0.358977735042572
0.35897764563560486
0.3589777946472168
0.35897737741470337
0.35897722840309143
0.3589774966239929
0.35897722840309143
0.35897716879844666
0.35897716879844666
0.3589770793914795
0.35897698998451233
0.35897716879844666
0.358976811170578
0.3589768707752228
0.35897693037986755
0.3589766025543213
0.3589765131473541
0.3589770197868347
0.3589770197868347
0.3589767813682556
0.35897696018218994
0.3589766323566437
0.35897672176361084
0.3589766025543213
0.3589767515659332
0.3589765727519989
0.3589765131473541
0.35897648334503174
0.3589770495891571
0.3589770495891571
0.3589766323566437
0.3589768707752228
0.35897672176361084
0.35897669196128845
0.3589765727519989
0.3589770495891571
0.35897722840309143
0.3589763939380646
0.35897645354270935
0.35897737741470337
0.3589774966239929
0.3589766323566437
0.3589763939380646
0.35897669196128845
0.3589763045310974
0.3589763939380646
0.35897648334503174
0.35897669196128845
0.3589765131473541
0.35897645354270935
0.3589763641357422
0.358976274728775
0.35897645354270935
0.358976274728775
0.35897645354270935
0.358976274728775
0.3589763939380646
0.35897648334503174
0.3589763641357422
0.3589763045310974
0.3589761555194855
0.3589763343334198
0.3589763343334198
0.3589766025543213
0.3589767515659332
0.3589760363101959
0.35897648334503174
0.35897621512413025
0.3589761257171631
0.3589760661125183
0.3589766323566437
0.3589765429496765
0.3589760363101959
0.3589761555194855
0.3589761257171631
0.3589760363101959
0.35897591710090637
0.35897594690322876
0.3589761555194855
0.358975887298584
0.35897600650787354
0.3589758276939392
0.35897594690322876
0.3589760363101959
0.35897624492645264
0.358975887298584
0.35897624492645264
0.35897591710090637
0.358975887298584
0.3589757978916168
0.35897600650787354
0.3589756488800049
0.3589760959148407
0.3589756488800049
0.3589757978916168
0.3589758574962616
0.35897576808929443
0.3589758276939392
0.358975887298584
0.35897570848464966
0.3589758276939392
0.35897567868232727
0.3589756488800049
0.3589756488800049
0.3589756488800049
0.35897624492645264
0.3589758574962616
0.35897570848464966
0.35897567868232727
0.3589755892753601
0.35897544026374817
0.3589754104614258
0.3589755892753601
0.3589754104614258
0.35897544026374817
0.35897547006607056
0.35897547006607056
0.3589754104614258
0.35897547006607056
0.35897547006607056
0.35897544026374817
0.35897544026374817
0.3589753806591034
0.358975350856781
0.3589754104614258
0.358975350856781
0.3589753210544586
0.3589755892753601
0.35897570848464966
0.3589754104614258
0.3589754104614258
0.3589754104614258
0.3589753210544586
0.35897523164749146
0.358975350856781
0.35897526144981384
0.3589753210544586
0.35897526144981384
0.3589753806591034
0.35897520184516907
0.358975350856781
0.358975350856781
0.3589753210544586
0.3589754104614258
0.35897523164749146
0.35897526144981384
0.35897544026374817
0.3589754104614258
0.3589758276939392
0.35897526144981384
0.35897523164749146
0.35897520184516907
0.35897526144981384
0.35897526144981384
0.35897552967071533
0.3589753210544586
0.3589756488800049
0.35897520184516907
0.35897523164749146
0.35897547006607056
0.35897523164749146
0.35897520184516907
0.35897520184516907
0.3589751720428467
0.35897520184516907
0.35897520184516907
0.35897520184516907
0.3589751124382019
0.3589751720428467
0.3589751422405243
0.35897520184516907
0.3589751720428467
0.3589751422405243
0.3589751124382019
0.35897523164749146
0.35897523164749146
0.3589750826358795
0.35897502303123474
0.3589751720428467
0.3589751422405243
0.35897523164749146
0.35897502303123474
0.35897502303123474
0.3589750826358795
0.3589751124382019
0.3589751422405243
0.35897499322891235
0.3589754104614258
0.3589751720428467
0.35897520184516907
0.35897520184516907
0.35897544026374817
0.3589751720428467
0.35897499322891235
0.3589751124382019
0.35897526144981384
0.3589751124382019
0.35897502303123474
0.3589750826358795
0.35897499322891235
0.35897496342658997
0.35897496342658997
0.35897502303123474
0.35897496342658997
0.35897499322891235
0.35897499322891235
0.3589750826358795
0.35897499322891235
0.35897496342658997
0.35897502303123474
0.35897499322891235
0.35897499322891235
0.35897502303123474
0.3589749038219452
0.3589748740196228
0.3589748740196228
0.35897496342658997
0.3589749336242676
0.3589749038219452
0.3589748740196228
0.3589749038219452
0.3589751124382019
0.3589751720428467
0.35897499322891235
0.35897475481033325
0.3589749336242676
0.3589748740196228
0.3589750826358795
0.3589749038219452
0.3589748740196228
0.35897496342658997
0.3589749336242676
0.3589748442173004
0.3589748442173004
0.35897475481033325
0.35897499322891235
0.35897478461265564
0.3589748740196228
0.35897472500801086
0.3589749038219452
0.3589748740196228
0.3589749038219452
0.35897478461265564
0.3589748442173004
0.3589749336242676
0.3589748442173004
0.3589748442173004
0.3589749038219452
0.3589748442173004
0.35897478461265564
0.3589748442173004
0.35897502303123474
0.3589748442173004
0.35897472500801086
0.35897499322891235
0.35897478461265564
0.35897478461265564
0.3589749336242676
0.3589748442173004
0.3589748740196228
0.3589746952056885
0.3589746952056885
0.3589746952056885
0.3589749336242676
0.35897475481033325
0.35897475481033325
0.35897472500801086
0.35897472500801086
0.35897472500801086
0.35897475481033325
0.35897475481033325
0.3589748442173004
0.35897475481033325
0.35897478461265564
0.3589746952056885
0.3589748740196228
0.3589746654033661
0.3589746952056885
