0.6163768768310547
0.7902411818504333
0.7930454015731812
0.8076276183128357
0.8098710179328918
0.812114417552948
0.8182837963104248
0.8177229166030884
0.8171620965003967
0.8199663758277893
0.8261357545852661
0.8188446164131165
0.8328659534454346
0.8233314752578735
0.8244531750679016
0.8283791542053223
0.8356702327728271
0.833426833152771
0.8306225538253784
0.8345485329627991
0.8345485329627991
0.8311833739280701
0.842961311340332
0.8407179117202759
0.8463264107704163
0.8401570320129395
0.851374089717865
0.851374089717865
0.8485698103904724
0.8558608889579773
0.8502523899078369
0.859786868095398
0.8603477478027344
0.8631519675254822
0.8637128472328186
0.8569825887680054
0.8698822259902954
0.8625911474227905
0.8648345470428467
0.8653954267501831
0.869321346282959
0.8676388263702393
0.8721256256103516
0.869321346282959
0.8743690252304077
0.881099283695221
0.8850252628326416
0.8794167041778564
0.8900728821754456
0.8883903622627258
0.882220983505249
0.8850252628326416
0.8917554616928101
0.8917554616928101
0.8861469626426697
0.8911946415901184
0.8979248404502869
0.900168240070343
0.900168240070343
0.8945597410202026
0.9018508195877075
0.9018508195877075
0.8968031406402588
0.9040942192077637
0.9063376188278198
0.9029725193977356
0.9068984985351562
0.9080201983451843
0.9113852977752686
0.9063376188278198
0.9080201983451843
0.9113852977752686
0.9108244776725769
0.9197980761528015
0.9175546765327454
0.9130678772926331
0.9209197759628296
0.9242849349975586
0.9265283346176147
0.9304543137550354
0.9130678772926331
0.9220414757728577
0.9276500344276428
0.9181155562400818
0.9102635979652405
0.9259674549102783
0.9287717342376709
0.9304543137550354
0.9259674549102783
0.9321368336677551
0.9321368336677551
0.9377453923225403
0.9355019927024841
0.9360628128051758
0.9383062124252319
0.942793071269989
0.9304543137550354
0.9321368336677551
0.9371845126152039
0.947840690612793
0.9383062124252319
0.9472798705101013
0.942793071269989
0.9450364708900452
0.9450364708900452
0.9472798705101013
0.9495232701301575
0.9467189908027649
0.9489624500274658
0.9399887919425964
0.9506449699401855
0.9484015703201294
0.9439147710800171
0.9568143486976624
0.9646663069725037
0.9562535285949707
0.9646663069725037
0.9596186280250549
0.9596186280250549
0.9624229073524475
0.9635446071624756
0.9652271270751953
0.9641054272651672
0.9657880067825317
0.9641054272651672
0.9674705266952515
0.9685922861099243
0.9719573855400085
0.9685922861099243
0.9674705266952515
0.970274806022644
0.9685922861099243
0.969153106212616
0.9669097065925598
0.9674705266952515
0.9697139859199524
0.9725182056427002
0.9719573855400085
0.9708356857299805
0.9725182056427002
0.9753224849700928
0.9742007851600647
0.9719573855400085
0.970274806022644
0.9747616648674011
0.9764441847801208
0.9736399054527283
0.9742007851600647
0.9764441847801208
0.9719573855400085
0.9736399054527283
0.9764441847801208
0.9803701639175415
0.978687584400177
0.9770050644874573
0.9781267642974854
0.9770050644874573
0.9758833646774292
0.9798092842102051
0.9764441847801208
0.9747616648674011
0.9770050644874573
0.9792484641075134
0.9814918637275696
0.9792484641075134
0.9803701639175415
0.9758833646774292
0.9809310436248779
0.9770050644874573
0.9798092842102051
0.9753224849700928
0.9814918637275696
0.982052743434906
0.9831744432449341
0.978687584400177
0.9814918637275696
0.9803701639175415
0.9809310436248779
0.9781267642974854
0.9848569631576538
0.9842961430549622
0.9831744432449341
0.9814918637275696
0.9831744432449341
0.9842961430549622
0.9814918637275696
0.9826135635375977
0.978687584400177
0.9809310436248779
0.9842961430549622
0.9814918637275696
0.9865395426750183
0.9814918637275696
0.9826135635375977
0.9859786629676819
0.9826135635375977
0.9893438220024109
0.9842961430549622
0.9837352633476257
0.9848569631576538
0.9837352633476257
0.9871004223823547
0.9842961430549622
0.9842961430549622
0.9876612424850464
0.9837352633476257
0.9854178428649902
0.9876612424850464
0.9848569631576538
0.9876612424850464
0.9876612424850464
0.9859786629676819
0.9826135635375977
0.9882221221923828
0.990465521812439
0.9910263419151306
0.990465521812439
0.9921480417251587
0.9943915009498596
0.9899046421051025
0.9938306212425232
0.991587221622467
0.9910263419151306
0.9932697415351868
0.9921480417251587
0.9899046421051025
0.9899046421051025
0.9938306212425232
0.9899046421051025
0.9899046421051025
0.991587221622467
0.9943915009498596
0.9921480417251587
0.9910263419151306
0.9899046421051025
0.9932697415351868
0.9943915009498596
0.9938306212425232
0.9927089214324951
0.991587221622467
0.9910263419151306
0.9927089214324951
0.9932697415351868
0.990465521812439
0.9921480417251587
0.9938306212425232
0.9927089214324951
0.9910263419151306
0.9927089214324951
0.9949523210525513
0.9932697415351868
0.9938306212425232
0.9938306212425232
0.9932697415351868
0.9921480417251587
0.9927089214324951
0.9938306212425232
0.9927089214324951
0.9927089214324951
0.9949523210525513
0.9943915009498596
0.9938306212425232
0.9927089214324951
0.9893438220024109
0.9882221221923828
0.9927089214324951
0.991587221622467
0.9943915009498596
0.9943915009498596
0.9921480417251587
0.990465521812439
0.9932697415351868
0.9943915009498596
0.9966349005699158
0.9932697415351868
0.9949523210525513
0.9966349005699158
0.9938306212425232
0.9927089214324951
0.9927089214324951
0.9943915009498596
0.9938306212425232
0.9938306212425232
0.9943915009498596
0.9932697415351868
0.9927089214324951
0.9949523210525513
0.9943915009498596
0.9943915009498596
0.9960740208625793
0.9943915009498596
0.9921480417251587
0.9943915009498596
0.9943915009498596
0.9943915009498596
0.9932697415351868
0.9949523210525513
0.9949523210525513
0.9960740208625793
0.9971957206726074
0.9943915009498596
0.9960740208625793
0.9955132007598877
0.9949523210525513
0.9938306212425232
0.9955132007598877
0.9943915009498596
0.9932697415351868
0.9938306212425232
0.9938306212425232
0.9955132007598877
0.9955132007598877
0.9938306212425232
0.9955132007598877
0.9983174204826355
0.9966349005699158
0.9977566003799438
0.9971957206726074
0.9977566003799438
0.9971957206726074
0.9977566003799438
0.9971957206726074
0.9983174204826355
0.9966349005699158
0.9966349005699158
0.9960740208625793
0.9971957206726074
0.9971957206726074
0.9960740208625793
0.9971957206726074
0.9966349005699158
0.9977566003799438
0.9971957206726074
0.9977566003799438
0.9971957206726074
0.9960740208625793
0.9983174204826355
0.9971957206726074
0.9977566003799438
0.9971957206726074
0.9971957206726074
0.9960740208625793
0.9960740208625793
0.9971957206726074
0.9971957206726074
0.9977566003799438
0.9955132007598877
0.9966349005699158
0.9971957206726074
0.9966349005699158
0.9971957206726074
0.9983174204826355
0.9983174204826355
0.9971957206726074
0.9988783001899719
0.9977566003799438
0.9971957206726074
0.9971957206726074
0.9977566003799438
0.9977566003799438
0.9960740208625793
0.9971957206726074
0.9977566003799438
0.9983174204826355
0.9971957206726074
0.9966349005699158
0.9966349005699158
0.9971957206726074
0.9983174204826355
0.9971957206726074
0.9971957206726074
0.9983174204826355
0.9960740208625793
0.9971957206726074
0.9971957206726074
0.9966349005699158
0.9966349005699158
0.9983174204826355
0.9966349005699158
0.9971957206726074
0.9983174204826355
0.9966349005699158
0.9971957206726074
0.9971957206726074
0.9971957206726074
0.9983174204826355
0.9983174204826355
0.9971957206726074
0.9971957206726074
0.9971957206726074
0.9988783001899719
0.9977566003799438
0.9955132007598877
0.9983174204826355
0.9955132007598877
0.9977566003799438
0.9971957206726074
0.9971957206726074
0.9977566003799438
0.9971957206726074
0.9977566003799438
0.9977566003799438
0.9966349005699158
0.9966349005699158
0.9977566003799438
0.9966349005699158
0.9983174204826355
0.9977566003799438
0.9977566003799438
0.9977566003799438
0.9971957206726074
0.9977566003799438
0.9977566003799438
0.9983174204826355
0.9983174204826355
0.9988783001899719
0.9971957206726074
0.9977566003799438
0.9977566003799438
0.9971957206726074
0.9983174204826355
0.9983174204826355
0.9983174204826355
0.9988783001899719
0.9971957206726074
0.9977566003799438
0.9983174204826355
0.9983174204826355
0.9983174204826355
0.9983174204826355
0.9977566003799438
0.9983174204826355
0.9983174204826355
0.9983174204826355
0.9983174204826355
0.9977566003799438
0.9983174204826355
0.9983174204826355
0.9977566003799438
0.9988783001899719
0.9983174204826355
0.9988783001899719
0.9983174204826355
0.9977566003799438
0.9983174204826355
0.9988783001899719
0.9983174204826355
0.9983174204826355
0.9971957206726074
0.9971957206726074
0.9983174204826355
0.9988783001899719
0.9983174204826355
0.9977566003799438
0.9983174204826355
0.9983174204826355
0.9977566003799438
0.9988783001899719
0.9988783001899719
0.9977566003799438
0.9988783001899719
0.9983174204826355
0.9977566003799438
0.9977566003799438
0.9983174204826355
0.9983174204826355
0.9988783001899719
0.9988783001899719
0.9983174204826355
0.9977566003799438
0.9983174204826355
0.9977566003799438
0.9983174204826355
0.9971957206726074
0.9971957206726074
0.9983174204826355
0.9977566003799438
0.9988783001899719
0.9983174204826355
0.9977566003799438
0.9988783001899719
0.9983174204826355
0.9977566003799438
0.9988783001899719
0.9983174204826355
0.9977566003799438
0.9988783001899719
0.9988783001899719
0.9983174204826355
0.9983174204826355
0.9977566003799438
0.9988783001899719
0.9983174204826355
0.9983174204826355
0.9988783001899719
0.9977566003799438
0.9983174204826355
0.9983174204826355
0.9977566003799438
0.9977566003799438
0.9977566003799438
0.9988783001899719
0.9988783001899719
0.9977566003799438
0.9988783001899719
0.9977566003799438
0.9983174204826355
0.9983174204826355
0.9988783001899719
0.9983174204826355
0.9983174204826355
0.9977566003799438
0.9977566003799438
0.9977566003799438
0.9988783001899719
0.9988783001899719
0.9988783001899719
0.9988783001899719
0.9977566003799438
0.9988783001899719
0.9988783001899719
0.9988783001899719
0.9988783001899719
0.9988783001899719
0.9983174204826355
0.9988783001899719
0.9983174204826355
0.9977566003799438
0.9988783001899719
0.9988783001899719
0.9988783001899719
0.9983174204826355
0.9988783001899719
0.9983174204826355
0.9983174204826355
0.9988783001899719
0.9988783001899719
0.9988783001899719
0.9988783001899719
0.9988783001899719
0.9988783001899719
0.9988783001899719
0.9988783001899719
0.9988783001899719
0.9988783001899719
0.9983174204826355
0.9988783001899719
0.9983174204826355
0.9988783001899719
0.9988783001899719
0.9977566003799438
0.9983174204826355
0.9988783001899719
0.9988783001899719
0.9983174204826355
0.9988783001899719
0.9988783001899719
0.9983174204826355
0.9988783001899719
0.9988783001899719
0.9988783001899719
0.9988783001899719
0.9988783001899719
0.9988783001899719
0.9988783001899719
0.9983174204826355
0.9988783001899719
0.9988783001899719
0.9988783001899719
0.9988783001899719
0.9988783001899719
0.9983174204826355
0.9988783001899719
0.9988783001899719
0.9988783001899719
0.9988783001899719
0.9988783001899719
0.9988783001899719
0.9983174204826355
0.9977566003799438
0.9988783001899719
0.9988783001899719
0.9977566003799438
0.9988783001899719
0.9983174204826355
0.9988783001899719
0.9988783001899719
0.9988783001899719
0.9983174204826355
0.9988783001899719
0.9988783001899719
0.9988783001899719
0.9988783001899719
0.9988783001899719
0.9983174204826355
0.9988783001899719
0.9988783001899719
0.9983174204826355
0.9988783001899719
0.9988783001899719
0.9983174204826355
0.9988783001899719
0.9988783001899719
0.9988783001899719
0.9988783001899719
0.9988783001899719
0.9983174204826355
0.9988783001899719
0.9988783001899719
0.9988783001899719
0.9983174204826355
0.9988783001899719
0.9988783001899719
0.9988783001899719
0.9988783001899719
0.9988783001899719
0.9988783001899719
0.9988783001899719
0.9988783001899719
0.9988783001899719
0.9988783001899719
0.9988783001899719
0.9988783001899719
0.9988783001899719
0.9988783001899719
0.9988783001899719
0.9988783001899719
0.9988783001899719
0.9988783001899719
0.9988783001899719
0.9988783001899719
0.9988783001899719
0.9988783001899719
0.9988783001899719
0.9988783001899719
0.9988783001899719
0.9988783001899719
0.9988783001899719
0.9988783001899719
0.9988783001899719
0.9988783001899719
0.9988783001899719
0.9988783001899719
0.9988783001899719
0.9988783001899719
0.9988783001899719
0.9988783001899719
0.9988783001899719
0.9988783001899719
0.9988783001899719
0.9988783001899719
0.9988783001899719
0.9988783001899719
0.9988783001899719
0.9988783001899719
0.9988783001899719
0.9988783001899719
0.9988783001899719
0.9988783001899719
0.9988783001899719
0.9988783001899719
0.9988783001899719
0.9988783001899719
0.9988783001899719
0.9988783001899719
0.9988783001899719
0.9988783001899719
0.9988783001899719
0.9988783001899719
0.9988783001899719
0.9988783001899719
0.9988783001899719
0.9988783001899719
0.9988783001899719
0.9988783001899719
0.9988783001899719
0.9988783001899719
0.9988783001899719
0.9988783001899719
0.9988783001899719
0.9988783001899719
0.9988783001899719
0.9988783001899719
0.9988783001899719
0.9988783001899719
0.9988783001899719
0.9988783001899719
0.9988783001899719
0.9988783001899719
0.9988783001899719
0.9988783001899719
0.9988783001899719
0.9988783001899719
0.9988783001899719
0.9988783001899719
0.9988783001899719
0.9988783001899719
0.9988783001899719
0.9988783001899719
0.9988783001899719
0.9988783001899719
0.9988783001899719
0.9988783001899719
0.9988783001899719
0.9988783001899719
0.9988783001899719
0.9988783001899719
0.9988783001899719
0.9988783001899719
0.9988783001899719
0.9988783001899719
0.9988783001899719
0.9988783001899719
0.9988783001899719
0.9988783001899719
0.9988783001899719
0.9988783001899719
0.9988783001899719
0.9988783001899719
0.9988783001899719
0.9988783001899719
0.9988783001899719
0.9988783001899719
0.9988783001899719
0.9988783001899719
0.9988783001899719
0.9988783001899719
0.9988783001899719
0.9988783001899719
0.9988783001899719
0.9988783001899719
0.9988783001899719
0.9988783001899719
0.9988783001899719
0.9988783001899719
0.9988783001899719
0.9988783001899719
0.9988783001899719
0.9988783001899719
0.9988783001899719
0.9988783001899719
0.9988783001899719
0.9988783001899719
0.9988783001899719
0.9988783001899719
0.9988783001899719
0.9988783001899719
0.9988783001899719
0.9988783001899719
0.9988783001899719
0.9988783001899719
0.9988783001899719
0.9988783001899719
0.9988783001899719
0.9988783001899719
0.9988783001899719
0.9988783001899719
0.9988783001899719
0.9988783001899719
0.9988783001899719
0.9988783001899719
0.9988783001899719
0.9988783001899719
0.9988783001899719
0.9988783001899719
0.9988783001899719
0.9988783001899719
0.9988783001899719
0.9988783001899719
0.9988783001899719
0.9988783001899719
0.9988783001899719
0.9988783001899719
0.9988783001899719
0.9988783001899719
0.9988783001899719
0.9988783001899719
0.9988783001899719
0.9988783001899719
0.9988783001899719
0.9988783001899719
0.9988783001899719
0.9988783001899719
0.9988783001899719
0.9988783001899719
0.9988783001899719
0.9988783001899719
0.9988783001899719
0.9988783001899719
0.9988783001899719
0.9988783001899719
0.9988783001899719
0.9988783001899719
0.9988783001899719
0.9988783001899719
0.9988783001899719
0.9988783001899719
0.9988783001899719
0.9988783001899719
0.9988783001899719
0.9988783001899719
0.9988783001899719
0.9988783001899719
0.9988783001899719
0.9988783001899719
0.9988783001899719
0.9988783001899719
0.9988783001899719
0.9988783001899719
0.9988783001899719
0.9988783001899719
0.9988783001899719
0.9988783001899719
0.9988783001899719
0.9988783001899719
0.9988783001899719
0.9988783001899719
0.9988783001899719
0.9988783001899719
0.9988783001899719
0.9988783001899719
0.9988783001899719
0.9988783001899719
0.9988783001899719
0.9988783001899719
0.9988783001899719
0.9988783001899719
0.9988783001899719
0.9988783001899719
0.9988783001899719
0.9988783001899719
0.9988783001899719
0.9988783001899719
0.9988783001899719
0.9988783001899719
0.9988783001899719
0.9988783001899719
0.9988783001899719
0.9988783001899719
0.9988783001899719
0.9988783001899719
0.9988783001899719
0.9988783001899719
0.9988783001899719
0.9988783001899719
0.9988783001899719
0.9988783001899719
0.9988783001899719
0.9988783001899719
0.9988783001899719
0.9988783001899719
0.9988783001899719
0.9988783001899719
0.9988783001899719
0.9988783001899719
0.9988783001899719
0.9988783001899719
0.9988783001899719
0.9988783001899719
0.9988783001899719
0.9988783001899719
0.9988783001899719
0.9988783001899719
0.9988783001899719
0.9988783001899719
0.9988783001899719
0.9988783001899719
0.9988783001899719
0.9988783001899719
0.9988783001899719
0.9988783001899719
0.9988783001899719
0.9988783001899719
0.9988783001899719
0.9988783001899719
0.9988783001899719
0.9988783001899719
0.9988783001899719
0.9988783001899719
0.9988783001899719
0.9988783001899719
0.9988783001899719
0.9988783001899719
0.9988783001899719
0.9988783001899719
0.9988783001899719
0.9988783001899719
0.9988783001899719
0.9988783001899719
0.9988783001899719
0.9988783001899719
0.9988783001899719
0.9988783001899719
0.9988783001899719
0.9988783001899719
0.9988783001899719
0.9988783001899719
0.9988783001899719
0.9988783001899719
0.9988783001899719
0.9988783001899719
0.9988783001899719
0.9988783001899719
0.9988783001899719
0.9988783001899719
0.9988783001899719
0.9988783001899719
0.9988783001899719
0.9988783001899719
0.9988783001899719
0.9988783001899719
0.9988783001899719
0.9988783001899719
0.9988783001899719
0.9988783001899719
0.9988783001899719
0.9988783001899719
0.9988783001899719
0.9988783001899719
0.9988783001899719
0.9988783001899719
0.9988783001899719
0.9988783001899719
0.9988783001899719
0.9988783001899719
0.9988783001899719
0.9988783001899719
0.9988783001899719
0.9988783001899719
0.9988783001899719
0.9988783001899719
0.9988783001899719
0.9988783001899719
0.9988783001899719
0.9988783001899719
0.9988783001899719
0.9988783001899719
0.9988783001899719
0.9988783001899719
0.9988783001899719
0.9988783001899719
0.9988783001899719
0.9988783001899719
0.9988783001899719
0.9988783001899719
0.9988783001899719
0.9988783001899719
0.9988783001899719
0.9988783001899719
0.9988783001899719
0.9988783001899719
0.9988783001899719
0.9988783001899719
0.9988783001899719
0.9988783001899719
0.9988783001899719
0.9988783001899719
0.9988783001899719
0.9988783001899719
0.9988783001899719
0.9988783001899719
0.9988783001899719
0.9988783001899719
0.9988783001899719
0.9988783001899719
0.9988783001899719
0.9988783001899719
0.9988783001899719
0.9988783001899719
0.9988783001899719
0.9988783001899719
0.9988783001899719
0.9988783001899719
0.9988783001899719
0.9988783001899719
0.9988783001899719
0.9988783001899719
0.9988783001899719
0.9988783001899719
0.9988783001899719
0.9988783001899719
0.9988783001899719
0.9988783001899719
0.9988783001899719
0.9988783001899719
0.9988783001899719
0.9988783001899719
0.9988783001899719
0.9988783001899719
0.9988783001899719
0.9988783001899719
0.9988783001899719
0.9988783001899719
0.9988783001899719
0.9988783001899719
0.9988783001899719
0.9988783001899719
0.9988783001899719
0.9988783001899719
0.9988783001899719
0.9988783001899719
0.9988783001899719
0.9988783001899719
0.9988783001899719
0.9988783001899719
0.9988783001899719
0.9988783001899719
0.9988783001899719
0.9988783001899719
0.9988783001899719
0.9988783001899719
0.9988783001899719
0.9988783001899719
0.9988783001899719
0.9988783001899719
0.9988783001899719
0.9988783001899719
0.9988783001899719
0.9988783001899719
0.9988783001899719
0.9988783001899719
0.9988783001899719
0.9988783001899719
0.9988783001899719
0.9988783001899719
0.9988783001899719
0.9988783001899719
0.9988783001899719
0.9988783001899719
0.9988783001899719
0.9988783001899719
0.9988783001899719
0.9988783001899719
0.9988783001899719
0.9988783001899719
0.9988783001899719
0.9988783001899719
0.9988783001899719
0.9988783001899719
0.9988783001899719
0.9988783001899719
0.9988783001899719
0.9988783001899719
0.9988783001899719
0.9988783001899719
0.9988783001899719
0.9988783001899719
0.9988783001899719
0.9988783001899719
0.9988783001899719
0.9988783001899719
0.9988783001899719
0.9988783001899719
0.9988783001899719
0.9988783001899719
0.9988783001899719
0.9988783001899719
0.9988783001899719
0.9988783001899719
0.9988783001899719
0.9988783001899719
0.9988783001899719
0.9988783001899719
0.9988783001899719
0.9988783001899719
0.9988783001899719
0.9988783001899719
0.9988783001899719
0.9988783001899719
0.9988783001899719
0.9988783001899719
0.9988783001899719
0.9988783001899719
0.9988783001899719
0.9988783001899719
0.9988783001899719
0.9988783001899719
0.9988783001899719
0.9988783001899719
0.9988783001899719
0.9988783001899719
0.9988783001899719
0.9988783001899719
0.9988783001899719
0.9988783001899719
0.9988783001899719
0.9988783001899719
0.9988783001899719
0.9988783001899719
0.9988783001899719
0.9988783001899719
0.9988783001899719
0.9988783001899719
0.9988783001899719
0.9988783001899719
0.9988783001899719
0.9988783001899719
0.9988783001899719
0.9988783001899719
0.9988783001899719
0.9988783001899719
0.9988783001899719
0.9988783001899719
0.9988783001899719
0.9988783001899719
0.9988783001899719
0.9988783001899719
0.9988783001899719
0.9988783001899719
0.9988783001899719
0.9988783001899719
0.9988783001899719
0.9988783001899719
0.9988783001899719
0.9988783001899719
0.9988783001899719
0.9988783001899719
0.9988783001899719
0.9988783001899719
0.9988783001899719
0.9988783001899719
0.9988783001899719
0.9988783001899719
0.9988783001899719
0.9988783001899719
0.9988783001899719
0.9988783001899719
0.9988783001899719
0.9988783001899719
0.9988783001899719
0.9988783001899719
0.9988783001899719
0.9988783001899719
0.9988783001899719
0.9988783001899719
0.9988783001899719
0.9988783001899719
0.9988783001899719
0.9988783001899719
0.9988783001899719
0.9988783001899719
0.9988783001899719
0.9988783001899719
0.9988783001899719
0.9988783001899719
0.9988783001899719
0.9988783001899719
0.9988783001899719
0.9988783001899719
0.9988783001899719
0.9988783001899719
0.9988783001899719
0.9988783001899719
0.9988783001899719
0.9988783001899719
0.9988783001899719
0.9988783001899719
0.9988783001899719
0.9988783001899719
0.9988783001899719
0.9988783001899719
0.9988783001899719
0.9988783001899719
0.9988783001899719
0.9988783001899719
0.9988783001899719
0.9988783001899719
0.9988783001899719
0.9988783001899719
0.9988783001899719
0.9988783001899719
0.9988783001899719
0.9988783001899719
0.9988783001899719
0.9988783001899719
0.9988783001899719
0.9988783001899719
0.9988783001899719
0.9988783001899719
0.9988783001899719
0.9988783001899719
0.9988783001899719
0.9988783001899719
0.9988783001899719
0.9988783001899719
0.9988783001899719
0.9988783001899719
0.9988783001899719
0.9988783001899719
0.9988783001899719
0.9988783001899719
0.9988783001899719
0.9988783001899719
0.9988783001899719
0.9988783001899719
0.9988783001899719
0.9988783001899719
0.9988783001899719
0.9988783001899719
0.9988783001899719
0.9988783001899719
0.9988783001899719
0.9988783001899719
0.9988783001899719
0.9988783001899719
0.9988783001899719
0.9988783001899719
0.9988783001899719
0.9988783001899719
0.9988783001899719
0.9988783001899719
0.9988783001899719
0.9988783001899719
0.9988783001899719
0.9988783001899719
0.9988783001899719
0.9988783001899719
0.9988783001899719
0.9988783001899719
0.9988783001899719
0.9988783001899719
0.9988783001899719
0.9988783001899719
0.9988783001899719
0.9988783001899719
0.9988783001899719
0.9988783001899719
0.9988783001899719
0.9988783001899719
0.9988783001899719
0.9988783001899719
0.9988783001899719
0.9988783001899719
0.9988783001899719
0.9988783001899719
0.9988783001899719
0.9988783001899719
0.9988783001899719
0.9988783001899719
0.9988783001899719
0.9988783001899719
0.9988783001899719
0.9988783001899719
0.9988783001899719
0.9988783001899719
0.9988783001899719
0.9988783001899719
0.9988783001899719
0.9988783001899719
0.9988783001899719
0.9988783001899719
0.9988783001899719
0.9988783001899719
0.9988783001899719
0.9988783001899719
0.9988783001899719
0.9988783001899719
0.9988783001899719
0.9988783001899719
0.9988783001899719
0.9988783001899719
0.9988783001899719
0.9988783001899719
0.9988783001899719
0.9988783001899719
0.9988783001899719
0.9988783001899719
0.9988783001899719
0.9988783001899719
0.9988783001899719
0.9988783001899719
0.9988783001899719
0.9988783001899719
0.9988783001899719
0.9988783001899719
0.9988783001899719
0.9988783001899719
0.9988783001899719
0.9988783001899719
0.9988783001899719
0.9988783001899719
0.9988783001899719
0.9988783001899719
0.9988783001899719
0.9988783001899719
0.9988783001899719
0.9988783001899719
0.9988783001899719
0.9988783001899719
0.9988783001899719
0.9988783001899719
0.9988783001899719
0.9988783001899719
0.9988783001899719
0.9988783001899719
0.9988783001899719
0.9988783001899719
0.9988783001899719
0.9988783001899719
0.9988783001899719
0.9988783001899719
0.9988783001899719
0.9988783001899719
0.9988783001899719
0.9988783001899719
0.9988783001899719
0.9988783001899719
0.9988783001899719
0.9988783001899719
0.9988783001899719
0.9988783001899719
0.9988783001899719
0.9988783001899719
0.9988783001899719
0.9988783001899719
0.9988783001899719
0.9988783001899719
0.9988783001899719
0.9988783001899719
0.9988783001899719
0.9988783001899719
0.9988783001899719
0.9988783001899719
0.9988783001899719
0.9988783001899719
0.9988783001899719
0.9988783001899719
0.9988783001899719
0.9988783001899719
0.9988783001899719
0.9988783001899719
0.9988783001899719
0.9988783001899719
0.9988783001899719
0.9988783001899719
0.9988783001899719
0.9988783001899719
0.9988783001899719
0.9988783001899719
0.9988783001899719
0.9988783001899719
0.9988783001899719
0.9988783001899719
0.9988783001899719
0.9988783001899719
0.9988783001899719
0.9988783001899719
0.9988783001899719
0.9988783001899719
0.9988783001899719
0.9988783001899719
0.9988783001899719
0.9988783001899719
0.9988783001899719
0.9988783001899719
0.9988783001899719
0.9988783001899719
0.9988783001899719
0.9988783001899719
0.9988783001899719
0.9988783001899719
0.9988783001899719
0.9988783001899719
0.9988783001899719
0.9988783001899719
0.9988783001899719
0.9988783001899719
0.9988783001899719
0.9988783001899719
0.9988783001899719
0.9988783001899719
0.9988783001899719
0.9988783001899719
0.9988783001899719
0.9988783001899719
0.9988783001899719
0.9988783001899719
0.9988783001899719
0.9988783001899719
0.9988783001899719
0.9988783001899719
0.9988783001899719
0.9988783001899719
0.9988783001899719
0.9988783001899719
0.9988783001899719
0.9988783001899719
0.9988783001899719
0.9988783001899719
0.9988783001899719
0.9988783001899719
0.9988783001899719
0.9988783001899719
0.9988783001899719
0.9988783001899719
0.9988783001899719
0.9988783001899719
0.9988783001899719
0.9988783001899719
0.9988783001899719
0.9988783001899719
0.9988783001899719
0.9988783001899719
0.9988783001899719
0.9988783001899719
0.9988783001899719
0.9988783001899719
0.9988783001899719
0.9988783001899719
0.9988783001899719
0.9988783001899719
0.9988783001899719
0.9988783001899719
0.9988783001899719
0.9988783001899719
0.9988783001899719
0.9988783001899719
0.9988783001899719
0.9988783001899719
0.9988783001899719
0.9988783001899719
0.9988783001899719
0.9988783001899719
0.9988783001899719
0.9988783001899719
0.9988783001899719
0.9988783001899719
0.9988783001899719
0.9988783001899719
0.9988783001899719
0.9988783001899719
0.9988783001899719
0.9988783001899719
0.9988783001899719
0.9988783001899719
0.9988783001899719
0.9988783001899719
0.9988783001899719
0.9988783001899719
0.9988783001899719
0.9988783001899719
0.9988783001899719
0.9988783001899719
0.9988783001899719
0.9988783001899719
0.9988783001899719
0.9988783001899719
0.9988783001899719
0.9988783001899719
0.9988783001899719
0.9988783001899719
0.9988783001899719
0.9988783001899719
0.9988783001899719
0.9988783001899719
0.9988783001899719
0.9988783001899719
0.9988783001899719
0.9988783001899719
0.9988783001899719
0.9988783001899719
0.9988783001899719
0.9988783001899719
0.9988783001899719
0.9988783001899719
0.9988783001899719
0.9988783001899719
0.9988783001899719
0.9988783001899719
0.9988783001899719
0.9988783001899719
0.9988783001899719
0.9988783001899719
0.9988783001899719
0.9988783001899719
0.9988783001899719
0.9988783001899719
0.9988783001899719
0.9988783001899719
0.9988783001899719
0.9988783001899719
0.9988783001899719
0.9988783001899719
0.9988783001899719
0.9988783001899719
0.9988783001899719
0.9988783001899719
0.9988783001899719
0.9988783001899719
0.9988783001899719
0.9988783001899719
0.9988783001899719
0.9988783001899719
0.9988783001899719
0.9988783001899719
0.9988783001899719
0.9988783001899719
0.9988783001899719
0.9988783001899719
0.9988783001899719
0.9988783001899719
