0.7257431149482727
0.7863152027130127
0.7891194820404053
0.794167160987854
0.7964105606079102
0.8042624592781067
0.8137969970703125
0.8132361173629761
0.8182837963104248
0.8233314752578735
0.821648895740509
0.8238922953605652
0.830061674118042
0.8328659534454346
0.8323051333427429
0.8250139951705933
0.8401570320129395
0.8435221314430237
0.8424004316329956
0.841839611530304
0.8395962119102478
0.8373527526855469
0.8457655906677246
0.8407179117202759
0.8491306900978088
0.8496915102005005
0.8474481105804443
0.8508132100105286
0.8575434684753418
0.8581043481826782
0.8625911474227905
0.8620302677154541
0.8581043481826782
0.859786868095398
0.8625911474227905
0.8625911474227905
0.872686505317688
0.8637128472328186
0.872686505317688
0.8704430460929871
0.8799775838851929
0.881099283695221
0.8704430460929871
0.8861469626426697
0.8928771615028381
0.8710039258003235
0.8889511823654175
0.900168240070343
0.8895120620727539
0.8951205611228943
0.8939988613128662
0.8917554616928101
0.9012899398803711
0.890633761882782
0.8917554616928101
0.8928771615028381
0.8990465402603149
0.9052159190177917
0.9091418981552124
0.9040942192077637
0.9068984985351562
0.9108244776725769
0.9012899398803711
0.9102635979652405
0.9057767987251282
0.9130678772926331
0.911946177482605
0.9113852977752686
0.9057767987251282
0.9197980761528015
0.9220414757728577
0.9125069975852966
0.9169938564300537
0.9226023554801941
0.9147503972053528
0.9276500344276428
0.921480655670166
0.9349411129951477
0.9282108545303345
0.9338194131851196
0.9254066348075867
0.9282108545303345
0.931015133857727
0.9231632351875305
0.9304543137550354
0.9203589558601379
0.9270891547203064
0.9332585334777832
0.9304543137550354
0.9355019927024841
0.9422321915626526
0.9355019927024841
0.9304543137550354
0.9388670921325684
0.9388670921325684
0.9383062124252319
0.9422321915626526
0.9416713118553162
0.9371845126152039
0.9433538913726807
0.9439147710800171
0.9517666697502136
0.9439147710800171
0.9506449699401855
0.9399887919425964
0.9366236925125122
0.942793071269989
0.9500841498374939
0.95232754945755
0.9534492492675781
0.9556926488876343
0.9506449699401855
0.9556926488876343
0.9500841498374939
0.9484015703201294
0.9439147710800171
0.9556926488876343
0.9528883695602417
0.9545709490776062
0.9568143486976624
0.9540100693702698
0.95232754945755
0.9613012075424194
0.9624229073524475
0.9584969282150269
0.9540100693702698
0.9646663069725037
0.9697139859199524
0.9730790853500366
0.9697139859199524
0.9697139859199524
0.9725182056427002
0.9697139859199524
0.9747616648674011
0.9730790853500366
0.9742007851600647
0.9781267642974854
0.9730790853500366
0.9742007851600647
0.9730790853500366
0.9742007851600647
0.9730790853500366
0.9719573855400085
0.9725182056427002
0.9730790853500366
0.9725182056427002
0.9753224849700928
0.9775658845901489
0.9758833646774292
0.9747616648674011
0.9736399054527283
0.9764441847801208
0.9747616648674011
0.9719573855400085
0.9742007851600647
0.9753224849700928
0.9736399054527283
0.9758833646774292
0.9758833646774292
0.9758833646774292
0.9781267642974854
0.9758833646774292
0.9719573855400085
0.9770050644874573
0.978687584400177
0.9747616648674011
0.9781267642974854
0.9770050644874573
0.9758833646774292
0.9798092842102051
0.9798092842102051
0.9781267642974854
0.9803701639175415
0.978687584400177
0.9775658845901489
0.9781267642974854
0.9826135635375977
0.9792484641075134
0.9798092842102051
0.9809310436248779
0.9747616648674011
0.9792484641075134
0.982052743434906
0.9848569631576538
0.982052743434906
0.982052743434906
0.9826135635375977
0.9826135635375977
0.9848569631576538
0.9792484641075134
0.9803701639175415
0.9792484641075134
0.978687584400177
0.982052743434906
0.9854178428649902
0.978687584400177
0.9781267642974854
0.9837352633476257
0.9831744432449341
0.9792484641075134
0.9697139859199524
0.9814918637275696
0.9803701639175415
0.9803701639175415
0.9848569631576538
0.9747616648674011
0.9848569631576538
0.9831744432449341
0.9803701639175415
0.9826135635375977
0.9826135635375977
0.9837352633476257
0.9803701639175415
0.9837352633476257
0.9798092842102051
0.9831744432449341
0.9842961430549622
0.9831744432449341
0.9876612424850464
0.9842961430549622
0.9837352633476257
0.9842961430549622
0.9854178428649902
0.9848569631576538
0.9859786629676819
0.9837352633476257
0.9865395426750183
0.9876612424850464
0.9899046421051025
0.9876612424850464
0.9876612424850464
0.9887829422950745
0.9865395426750183
0.9876612424850464
0.9887829422950745
0.9893438220024109
0.9876612424850464
0.9887829422950745
0.9887829422950745
0.9882221221923828
0.9882221221923828
0.9882221221923828
0.9899046421051025
0.9893438220024109
0.9899046421051025
0.9887829422950745
0.9876612424850464
0.9899046421051025
0.9893438220024109
0.9899046421051025
0.9893438220024109
0.9876612424850464
0.990465521812439
0.9887829422950745
0.9882221221923828
0.9899046421051025
0.9893438220024109
0.9882221221923828
0.9899046421051025
0.9871004223823547
0.9887829422950745
0.990465521812439
0.9893438220024109
0.9910263419151306
0.9893438220024109
0.9893438220024109
0.9876612424850464
0.9899046421051025
0.9893438220024109
0.9882221221923828
0.9882221221923828
0.990465521812439
0.9893438220024109
0.9887829422950745
0.9910263419151306
0.9899046421051025
0.9910263419151306
0.9893438220024109
0.9876612424850464
0.990465521812439
0.9910263419151306
0.9910263419151306
0.9899046421051025
0.9899046421051025
0.9910263419151306
0.9910263419151306
0.9899046421051025
0.991587221622467
0.9899046421051025
0.9893438220024109
0.9893438220024109
0.9910263419151306
0.9899046421051025
0.9859786629676819
0.9910263419151306
0.9910263419151306
0.9910263419151306
0.9893438220024109
0.9871004223823547
0.9865395426750183
0.9927089214324951
0.9893438220024109
0.9893438220024109
0.9893438220024109
0.991587221622467
0.9899046421051025
0.9882221221923828
0.9921480417251587
0.9921480417251587
0.9899046421051025
0.9876612424850464
0.990465521812439
0.9887829422950745
0.990465521812439
0.9876612424850464
0.9910263419151306
0.9910263419151306
0.9899046421051025
0.991587221622467
0.9910263419151306
0.9887829422950745
0.991587221622467
0.9921480417251587
0.990465521812439
0.9899046421051025
0.9921480417251587
0.9927089214324951
0.9932697415351868
0.9932697415351868
0.9927089214324951
0.9932697415351868
0.9932697415351868
0.9938306212425232
0.9932697415351868
0.9921480417251587
0.9921480417251587
0.9927089214324951
0.9927089214324951
0.9927089214324951
0.9932697415351868
0.9927089214324951
0.9938306212425232
0.9943915009498596
0.9921480417251587
0.9943915009498596
0.9921480417251587
0.9949523210525513
0.9932697415351868
0.9927089214324951
0.9910263419151306
0.9921480417251587
0.9938306212425232
0.9927089214324951
0.9927089214324951
0.9932697415351868
0.9927089214324951
0.9949523210525513
0.9938306212425232
0.9921480417251587
0.9932697415351868
0.9932697415351868
0.9927089214324951
0.9938306212425232
0.9938306212425232
0.9921480417251587
0.9938306212425232
0.9927089214324951
0.9927089214324951
0.9932697415351868
0.9932697415351868
0.9932697415351868
0.9938306212425232
0.9938306212425232
0.9932697415351868
0.9921480417251587
0.9955132007598877
0.9921480417251587
0.991587221622467
0.9943915009498596
0.9943915009498596
0.9932697415351868
0.9938306212425232
0.9932697415351868
0.9949523210525513
0.9943915009498596
0.9938306212425232
0.9943915009498596
0.9938306212425232
0.9938306212425232
0.9927089214324951
0.9938306212425232
0.9938306212425232
0.9949523210525513
0.9927089214324951
0.9938306212425232
0.9921480417251587
0.9938306212425232
0.9938306212425232
0.9949523210525513
0.9932697415351868
0.9955132007598877
0.9938306212425232
0.9943915009498596
0.9943915009498596
0.9955132007598877
0.9938306212425232
0.9949523210525513
0.9938306212425232
0.9938306212425232
0.9943915009498596
0.9949523210525513
0.9938306212425232
0.9938306212425232
0.9943915009498596
0.9932697415351868
0.9938306212425232
0.9938306212425232
0.9932697415351868
0.9943915009498596
0.9938306212425232
0.9921480417251587
0.9955132007598877
0.9949523210525513
0.9943915009498596
0.9943915009498596
0.9938306212425232
0.9932697415351868
0.9949523210525513
0.9955132007598877
0.9960740208625793
0.9955132007598877
0.9955132007598877
0.9949523210525513
0.9949523210525513
0.9949523210525513
0.9955132007598877
0.9943915009498596
0.9949523210525513
0.9955132007598877
0.9955132007598877
0.9949523210525513
0.9943915009498596
0.9949523210525513
0.9960740208625793
0.9960740208625793
0.9949523210525513
0.9955132007598877
0.9966349005699158
0.9949523210525513
0.9960740208625793
0.9949523210525513
0.9960740208625793
0.9960740208625793
0.9960740208625793
0.9955132007598877
0.9960740208625793
0.9960740208625793
0.9943915009498596
0.9955132007598877
0.9949523210525513
0.9960740208625793
0.9943915009498596
0.9960740208625793
0.9955132007598877
0.9966349005699158
0.9949523210525513
0.9955132007598877
0.9943915009498596
0.9960740208625793
0.9955132007598877
0.9960740208625793
0.9955132007598877
0.9955132007598877
0.9966349005699158
0.9960740208625793
0.9960740208625793
0.9966349005699158
0.9960740208625793
0.9960740208625793
0.9960740208625793
0.9960740208625793
0.9960740208625793
0.9966349005699158
0.9955132007598877
0.9960740208625793
0.9955132007598877
0.9955132007598877
0.9966349005699158
0.9955132007598877
0.9943915009498596
0.9960740208625793
0.9955132007598877
0.9960740208625793
0.9960740208625793
0.9955132007598877
0.9949523210525513
0.9949523210525513
0.9960740208625793
0.9960740208625793
0.9955132007598877
0.9949523210525513
0.9955132007598877
0.9943915009498596
0.9960740208625793
0.9949523210525513
0.9966349005699158
0.9960740208625793
0.9960740208625793
0.9949523210525513
0.9955132007598877
0.9966349005699158
0.9960740208625793
0.9943915009498596
0.9960740208625793
0.9960740208625793
0.9955132007598877
0.9960740208625793
0.9966349005699158
0.9960740208625793
0.9955132007598877
0.9955132007598877
0.9960740208625793
0.9966349005699158
0.9971957206726074
0.9960740208625793
0.9955132007598877
0.9966349005699158
0.9966349005699158
0.9971957206726074
0.9977566003799438
0.9966349005699158
0.9966349005699158
0.9966349005699158
0.9977566003799438
0.9977566003799438
0.9966349005699158
0.9966349005699158
0.9977566003799438
0.9966349005699158
0.9971957206726074
0.9960740208625793
0.9971957206726074
0.9966349005699158
0.9977566003799438
0.9977566003799438
0.9966349005699158
0.9977566003799438
0.9977566003799438
0.9977566003799438
0.9966349005699158
0.9966349005699158
0.9971957206726074
0.9971957206726074
0.9971957206726074
0.9971957206726074
0.9966349005699158
0.9971957206726074
0.9971957206726074
0.9960740208625793
0.9977566003799438
0.9966349005699158
0.9983174204826355
0.9966349005699158
0.9983174204826355
0.9971957206726074
0.9977566003799438
0.9966349005699158
0.9977566003799438
0.9971957206726074
0.9971957206726074
0.9977566003799438
0.9971957206726074
0.9977566003799438
0.9971957206726074
0.9977566003799438
0.9971957206726074
0.9977566003799438
0.9977566003799438
0.9977566003799438
0.9966349005699158
0.9971957206726074
0.9971957206726074
0.9971957206726074
0.9977566003799438
0.9971957206726074
0.9971957206726074
0.9971957206726074
0.9977566003799438
0.9971957206726074
0.9971957206726074
0.9971957206726074
0.9971957206726074
0.9977566003799438
0.9971957206726074
0.9983174204826355
0.9971957206726074
0.9983174204826355
0.9977566003799438
0.9971957206726074
0.9977566003799438
0.9971957206726074
0.9977566003799438
0.9983174204826355
0.9983174204826355
0.9966349005699158
0.9971957206726074
0.9971957206726074
0.9983174204826355
0.9983174204826355
0.9977566003799438
0.9966349005699158
0.9983174204826355
0.9971957206726074
0.9983174204826355
0.9983174204826355
0.9983174204826355
0.9977566003799438
0.9977566003799438
0.9983174204826355
0.9971957206726074
0.9977566003799438
0.9983174204826355
0.9971957206726074
0.9977566003799438
0.9983174204826355
0.9983174204826355
0.9977566003799438
0.9977566003799438
0.9983174204826355
0.9983174204826355
0.9983174204826355
0.9983174204826355
0.9977566003799438
0.9983174204826355
0.9983174204826355
0.9983174204826355
0.9983174204826355
0.9983174204826355
0.9983174204826355
0.9983174204826355
0.9977566003799438
0.9983174204826355
0.9983174204826355
0.9983174204826355
0.9983174204826355
0.9983174204826355
0.9983174204826355
0.9983174204826355
0.9983174204826355
0.9983174204826355
0.9977566003799438
0.9983174204826355
0.9977566003799438
0.9983174204826355
0.9983174204826355
0.9983174204826355
0.9983174204826355
0.9983174204826355
0.9983174204826355
0.9977566003799438
0.9977566003799438
0.9983174204826355
0.9983174204826355
0.9983174204826355
0.9983174204826355
0.9983174204826355
0.9983174204826355
0.9983174204826355
0.9983174204826355
0.9983174204826355
0.9983174204826355
0.9983174204826355
0.9983174204826355
0.9983174204826355
0.9977566003799438
0.9983174204826355
0.9983174204826355
0.9983174204826355
0.9977566003799438
0.9983174204826355
0.9977566003799438
0.9983174204826355
0.9983174204826355
0.9983174204826355
0.9977566003799438
0.9983174204826355
0.9983174204826355
0.9983174204826355
0.9977566003799438
0.9983174204826355
0.9983174204826355
0.9977566003799438
0.9983174204826355
0.9983174204826355
0.9983174204826355
0.9983174204826355
0.9983174204826355
0.9983174204826355
0.9983174204826355
0.9983174204826355
0.9983174204826355
0.9983174204826355
0.9977566003799438
0.9983174204826355
0.9983174204826355
0.9983174204826355
0.9983174204826355
0.9983174204826355
0.9983174204826355
0.9977566003799438
0.9983174204826355
0.9983174204826355
0.9983174204826355
0.9983174204826355
0.9983174204826355
0.9983174204826355
0.9983174204826355
0.9983174204826355
0.9983174204826355
0.9983174204826355
0.9983174204826355
0.9983174204826355
0.9983174204826355
0.9983174204826355
0.9983174204826355
0.9977566003799438
0.9983174204826355
0.9983174204826355
0.9983174204826355
0.9983174204826355
0.9983174204826355
0.9983174204826355
0.9983174204826355
0.9983174204826355
0.9983174204826355
0.9983174204826355
0.9983174204826355
0.9983174204826355
0.9983174204826355
0.9983174204826355
0.9983174204826355
0.9983174204826355
0.9983174204826355
0.9983174204826355
0.9983174204826355
0.9983174204826355
0.9983174204826355
0.9983174204826355
0.9983174204826355
0.9983174204826355
0.9983174204826355
0.9983174204826355
0.9983174204826355
0.9983174204826355
0.9983174204826355
0.9983174204826355
0.9983174204826355
0.9983174204826355
0.9983174204826355
0.9983174204826355
0.9983174204826355
0.9983174204826355
0.9983174204826355
0.9983174204826355
0.9983174204826355
0.9983174204826355
0.9983174204826355
0.9983174204826355
0.9983174204826355
0.9983174204826355
0.9983174204826355
0.9983174204826355
0.9983174204826355
0.9983174204826355
0.9983174204826355
0.9983174204826355
0.9983174204826355
0.9983174204826355
0.9983174204826355
0.9983174204826355
0.9983174204826355
0.9983174204826355
0.9983174204826355
0.9983174204826355
0.9983174204826355
0.9983174204826355
0.9983174204826355
0.9983174204826355
0.9983174204826355
0.9983174204826355
0.9983174204826355
0.9983174204826355
0.9983174204826355
0.9983174204826355
0.9983174204826355
0.9983174204826355
0.9983174204826355
0.9983174204826355
0.9983174204826355
0.9983174204826355
0.9983174204826355
0.9983174204826355
0.9983174204826355
0.9983174204826355
0.9983174204826355
0.9983174204826355
0.9983174204826355
0.9983174204826355
0.9983174204826355
0.9983174204826355
0.9983174204826355
0.9983174204826355
0.9983174204826355
0.9983174204826355
0.9983174204826355
0.9983174204826355
0.9983174204826355
0.9983174204826355
0.9983174204826355
0.9983174204826355
0.9983174204826355
0.9983174204826355
0.9983174204826355
0.9983174204826355
0.9983174204826355
0.9983174204826355
0.9983174204826355
0.9983174204826355
0.9983174204826355
0.9983174204826355
0.9983174204826355
0.9983174204826355
0.9983174204826355
0.9983174204826355
0.9983174204826355
0.9983174204826355
0.9983174204826355
0.9983174204826355
0.9983174204826355
0.9983174204826355
0.9983174204826355
0.9983174204826355
0.9983174204826355
0.9983174204826355
0.9983174204826355
0.9983174204826355
0.9983174204826355
0.9983174204826355
0.9983174204826355
0.9983174204826355
0.9983174204826355
0.9983174204826355
0.9983174204826355
0.9983174204826355
0.9983174204826355
0.9983174204826355
0.9983174204826355
0.9983174204826355
0.9983174204826355
0.9983174204826355
0.9983174204826355
0.9983174204826355
0.9983174204826355
0.9983174204826355
0.9983174204826355
0.9983174204826355
0.9983174204826355
0.9983174204826355
0.9983174204826355
0.9983174204826355
0.9983174204826355
0.9983174204826355
0.9983174204826355
0.9983174204826355
0.9983174204826355
0.9983174204826355
0.9983174204826355
0.9983174204826355
0.9983174204826355
0.9983174204826355
0.9983174204826355
0.9983174204826355
0.9983174204826355
0.9983174204826355
0.9983174204826355
0.9983174204826355
0.9983174204826355
0.9983174204826355
0.9983174204826355
0.9983174204826355
0.9983174204826355
0.9983174204826355
0.9983174204826355
0.9983174204826355
0.9983174204826355
0.9983174204826355
0.9983174204826355
0.9983174204826355
0.9983174204826355
0.9983174204826355
0.9983174204826355
0.9983174204826355
0.9983174204826355
0.9983174204826355
0.9983174204826355
0.9983174204826355
0.9983174204826355
0.9983174204826355
0.9983174204826355
0.9983174204826355
0.9983174204826355
0.9983174204826355
0.9983174204826355
0.9983174204826355
0.9983174204826355
0.9983174204826355
0.9983174204826355
0.9983174204826355
0.9983174204826355
0.9983174204826355
0.9983174204826355
0.9983174204826355
0.9983174204826355
0.9983174204826355
0.9983174204826355
0.9983174204826355
0.9983174204826355
0.9983174204826355
0.9983174204826355
0.9983174204826355
0.9983174204826355
0.9983174204826355
0.9983174204826355
0.9983174204826355
0.9983174204826355
0.9983174204826355
0.9983174204826355
0.9983174204826355
0.9983174204826355
0.9983174204826355
0.9983174204826355
0.9983174204826355
0.9983174204826355
0.9983174204826355
0.9983174204826355
0.9983174204826355
0.9983174204826355
0.9983174204826355
0.9983174204826355
0.9983174204826355
0.9983174204826355
0.9983174204826355
0.9983174204826355
0.9983174204826355
0.9983174204826355
0.9983174204826355
0.9983174204826355
0.9983174204826355
0.9983174204826355
0.9983174204826355
0.9983174204826355
0.9983174204826355
0.9983174204826355
0.9983174204826355
0.9983174204826355
0.9983174204826355
0.9983174204826355
0.9983174204826355
0.9983174204826355
0.9983174204826355
0.9983174204826355
0.9983174204826355
0.9983174204826355
0.9983174204826355
0.9983174204826355
0.9983174204826355
0.9983174204826355
0.9983174204826355
0.9983174204826355
0.9983174204826355
0.9983174204826355
0.9983174204826355
0.9983174204826355
0.9983174204826355
0.9983174204826355
0.9983174204826355
0.9983174204826355
0.9983174204826355
0.9983174204826355
0.9983174204826355
0.9983174204826355
0.9983174204826355
0.9983174204826355
0.9983174204826355
0.9983174204826355
0.9983174204826355
0.9983174204826355
0.9983174204826355
0.9983174204826355
0.9983174204826355
0.9983174204826355
0.9983174204826355
0.9983174204826355
0.9983174204826355
0.9983174204826355
0.9983174204826355
0.9983174204826355
0.9983174204826355
0.9983174204826355
0.9983174204826355
0.9983174204826355
0.9983174204826355
0.9983174204826355
0.9983174204826355
0.9983174204826355
0.9983174204826355
0.9983174204826355
0.9983174204826355
0.9983174204826355
0.9983174204826355
0.9983174204826355
0.9983174204826355
0.9983174204826355
0.9983174204826355
0.9983174204826355
0.9983174204826355
0.9983174204826355
0.9983174204826355
0.9983174204826355
0.9983174204826355
0.9983174204826355
0.9983174204826355
0.9983174204826355
0.9983174204826355
0.9983174204826355
0.9983174204826355
0.9983174204826355
0.9983174204826355
0.9983174204826355
0.9983174204826355
0.9983174204826355
0.9983174204826355
0.9983174204826355
0.9983174204826355
0.9983174204826355
0.9983174204826355
0.9983174204826355
0.9983174204826355
0.9983174204826355
0.9983174204826355
0.9983174204826355
0.9983174204826355
0.9983174204826355
0.9983174204826355
0.9983174204826355
0.9983174204826355
0.9983174204826355
0.9983174204826355
0.9983174204826355
0.9983174204826355
0.9983174204826355
0.9983174204826355
0.9983174204826355
0.9983174204826355
0.9983174204826355
0.9983174204826355
0.9983174204826355
0.9983174204826355
0.9983174204826355
0.9983174204826355
0.9983174204826355
0.9983174204826355
0.9983174204826355
0.9983174204826355
0.9983174204826355
0.9983174204826355
0.9983174204826355
0.9983174204826355
0.9983174204826355
0.9983174204826355
0.9983174204826355
0.9983174204826355
0.9983174204826355
0.9983174204826355
0.9983174204826355
0.9983174204826355
0.9983174204826355
0.9983174204826355
0.9983174204826355
0.9983174204826355
0.9983174204826355
0.9983174204826355
0.9983174204826355
0.9983174204826355
0.9983174204826355
0.9983174204826355
0.9983174204826355
0.9983174204826355
0.9983174204826355
0.9983174204826355
0.9983174204826355
0.9983174204826355
0.9983174204826355
0.9983174204826355
0.9983174204826355
0.9983174204826355
0.9983174204826355
0.9983174204826355
0.9983174204826355
0.9983174204826355
0.9983174204826355
0.9983174204826355
0.9983174204826355
0.9983174204826355
0.9983174204826355
0.9983174204826355
0.9983174204826355
0.9983174204826355
0.9983174204826355
0.9983174204826355
0.9983174204826355
0.9983174204826355
0.9983174204826355
0.9983174204826355
0.9983174204826355
0.9983174204826355
0.9983174204826355
0.9983174204826355
0.9983174204826355
0.9983174204826355
0.9983174204826355
0.9983174204826355
0.9983174204826355
0.9983174204826355
0.9983174204826355
0.9983174204826355
0.9983174204826355
0.9983174204826355
0.9983174204826355
0.9983174204826355
0.9983174204826355
0.9983174204826355
0.9983174204826355
0.9983174204826355
0.9983174204826355
0.9983174204826355
0.9983174204826355
0.9983174204826355
0.9983174204826355
0.9983174204826355
0.9983174204826355
0.9983174204826355
0.9983174204826355
0.9983174204826355
0.9983174204826355
0.9983174204826355
0.9983174204826355
0.9983174204826355
0.9983174204826355
0.9983174204826355
0.9983174204826355
0.9983174204826355
0.9983174204826355
0.9983174204826355
0.9983174204826355
0.9983174204826355
0.9983174204826355
0.9983174204826355
0.9983174204826355
0.9983174204826355
0.9983174204826355
0.9983174204826355
0.9983174204826355
0.9983174204826355
0.9983174204826355
0.9983174204826355
0.9983174204826355
0.9983174204826355
0.9983174204826355
0.9983174204826355
0.9983174204826355
0.9983174204826355
0.9983174204826355
0.9983174204826355
0.9983174204826355
0.9983174204826355
0.9983174204826355
0.9983174204826355
0.9983174204826355
0.9983174204826355
0.9983174204826355
0.9983174204826355
0.9983174204826355
0.9983174204826355
0.9983174204826355
0.9983174204826355
0.9983174204826355
0.9983174204826355
0.9983174204826355
0.9983174204826355
0.9983174204826355
0.9983174204826355
0.9983174204826355
0.9983174204826355
0.9983174204826355
0.9983174204826355
0.9983174204826355
0.9983174204826355
0.9983174204826355
0.9983174204826355
0.9983174204826355
0.9983174204826355
0.9983174204826355
0.9983174204826355
0.9983174204826355
0.9983174204826355
0.9983174204826355
0.9983174204826355
0.9983174204826355
0.9983174204826355
0.9983174204826355
0.9983174204826355
0.9983174204826355
0.9983174204826355
0.9983174204826355
0.9983174204826355
0.9983174204826355
0.9983174204826355
0.9983174204826355
0.9983174204826355
0.9983174204826355
0.9983174204826355
0.9983174204826355
0.9983174204826355
0.9983174204826355
0.9983174204826355
0.9983174204826355
0.9983174204826355
0.9983174204826355
0.9983174204826355
0.9983174204826355
0.9983174204826355
0.9983174204826355
0.9983174204826355
0.9983174204826355
0.9983174204826355
0.9983174204826355
0.9983174204826355
0.9983174204826355
0.9983174204826355
0.9983174204826355
0.9983174204826355
0.9983174204826355
0.9983174204826355
0.9983174204826355
0.9983174204826355
0.9983174204826355
0.9983174204826355
0.9983174204826355
0.9983174204826355
0.9983174204826355
0.9983174204826355
0.9983174204826355
0.9983174204826355
0.9983174204826355
0.9983174204826355
0.9983174204826355
0.9983174204826355
0.9983174204826355
0.9983174204826355
0.9983174204826355
0.9983174204826355
0.9983174204826355
0.9983174204826355
0.9983174204826355
0.9983174204826355
0.9983174204826355
0.9983174204826355
0.9983174204826355
0.9983174204826355
0.9983174204826355
0.9983174204826355
0.9983174204826355
0.9983174204826355
0.9983174204826355
0.9983174204826355
0.9983174204826355
0.9983174204826355
0.9983174204826355
0.9983174204826355
0.9983174204826355
0.9983174204826355
0.9983174204826355
0.9983174204826355
0.9983174204826355
0.9983174204826355
0.9983174204826355
0.9983174204826355
0.9983174204826355
0.9983174204826355
0.9983174204826355
0.9983174204826355
0.9983174204826355
0.9983174204826355
0.9983174204826355
0.9983174204826355
0.9983174204826355
0.9983174204826355
0.9983174204826355
0.9983174204826355
0.9983174204826355
0.9983174204826355
0.9983174204826355
0.9983174204826355
0.9983174204826355
0.9983174204826355
0.9983174204826355
0.9983174204826355
0.9983174204826355
0.9983174204826355
0.9983174204826355
0.9983174204826355
0.9983174204826355
0.9983174204826355
0.9983174204826355
0.9983174204826355
0.9983174204826355
0.9983174204826355
0.9983174204826355
0.9983174204826355
0.9983174204826355
0.9983174204826355
0.9983174204826355
0.9983174204826355
0.9983174204826355
0.9983174204826355
0.9983174204826355
0.9983174204826355
0.9983174204826355
0.9983174204826355
0.9983174204826355
0.9983174204826355
0.9983174204826355
0.9983174204826355
0.9983174204826355
0.9983174204826355
0.9983174204826355
0.9983174204826355
0.9983174204826355
0.9983174204826355
0.9983174204826355
0.9983174204826355
0.9983174204826355
0.9983174204826355
0.9983174204826355
0.9983174204826355
0.9983174204826355
0.9983174204826355
0.9983174204826355
0.9983174204826355
0.9983174204826355
0.9983174204826355
0.9983174204826355
0.9983174204826355
0.9983174204826355
0.9983174204826355
0.9983174204826355
0.9983174204826355
0.9983174204826355
0.9983174204826355
0.9983174204826355
0.9983174204826355
0.9983174204826355
0.9983174204826355
0.9983174204826355
0.9983174204826355
0.9983174204826355
0.9983174204826355
0.9983174204826355
0.9983174204826355
0.9983174204826355
0.9983174204826355
0.9983174204826355
0.9983174204826355
0.9983174204826355
0.9983174204826355
0.9983174204826355
0.9983174204826355
0.9983174204826355
0.9983174204826355
0.9983174204826355
0.9983174204826355
0.9983174204826355
0.9983174204826355
0.9983174204826355
0.9983174204826355
0.9983174204826355
0.9983174204826355
0.9983174204826355
0.9983174204826355
0.9983174204826355
0.9983174204826355
0.9983174204826355
0.9983174204826355
0.9983174204826355
0.9983174204826355
0.9983174204826355
0.9983174204826355
0.9983174204826355
0.9983174204826355
0.9983174204826355
0.9983174204826355
0.9983174204826355
0.9983174204826355
0.9983174204826355
0.9983174204826355
0.9983174204826355
0.9983174204826355
0.9983174204826355
0.9983174204826355
0.9983174204826355
0.9983174204826355
0.9983174204826355
0.9983174204826355
0.9983174204826355
0.9983174204826355
0.9983174204826355
0.9983174204826355
0.9983174204826355
0.9983174204826355
0.9983174204826355
0.9983174204826355
0.9983174204826355
0.9983174204826355
0.9983174204826355
0.9983174204826355
0.9983174204826355
0.9983174204826355
0.9983174204826355
0.9983174204826355
0.9983174204826355
0.9983174204826355
0.9983174204826355
0.9983174204826355
0.9983174204826355
0.9983174204826355
0.9983174204826355
0.9983174204826355
0.9983174204826355
0.9983174204826355
0.9983174204826355
0.9983174204826355
0.9983174204826355
0.9983174204826355
0.9983174204826355
0.9983174204826355
0.9983174204826355
0.9983174204826355
0.9983174204826355
0.9983174204826355
0.9983174204826355
0.9983174204826355
0.9983174204826355
0.9983174204826355
0.9983174204826355
0.9983174204826355
0.9983174204826355
0.9983174204826355
0.9983174204826355
0.9983174204826355
0.9983174204826355
0.9983174204826355
0.9983174204826355
0.9983174204826355
0.9983174204826355
0.9983174204826355
0.9983174204826355
0.9983174204826355
0.9983174204826355
0.9983174204826355
0.9983174204826355
0.9983174204826355
0.9983174204826355
0.9983174204826355
0.9983174204826355
0.9983174204826355
0.9983174204826355
0.9983174204826355
0.9983174204826355
0.9983174204826355
0.9983174204826355
0.9983174204826355
0.9983174204826355
0.9983174204826355
0.9983174204826355
0.9983174204826355
0.9983174204826355
0.9983174204826355
0.9983174204826355
0.9983174204826355
0.9983174204826355
