0.7182464003562927
0.6458354592323303
0.5706356763839722
0.4890945851802826
0.436345636844635
0.41231486201286316
0.4037763774394989
0.398632675409317
0.3966413736343384
0.39379245042800903
0.3930659890174866
0.38881751894950867
0.38690003752708435
0.38575831055641174
0.38363465666770935
0.38200828433036804
0.3792768716812134
0.37724924087524414
0.3756946623325348
0.3748611807823181
0.37675994634628296
0.3733466565608978
0.3722774386405945
0.37096107006073
0.3692817986011505
0.36941662430763245
0.3682752847671509
0.3671737313270569
0.3667115569114685
0.3655721843242645
0.3641867935657501
0.36590269207954407
0.36404934525489807
0.362626314163208
0.3598805069923401
0.36015182733535767
0.35814663767814636
0.361305832862854
0.35775384306907654
0.35784241557121277
0.3564448952674866
0.3542809784412384
0.3543020784854889
0.3555147349834442
0.35111913084983826
0.3513837456703186
0.35054969787597656
0.3495769202709198
0.3483918011188507
0.34651851654052734
0.34524551033973694
0.34449830651283264
0.345817893743515
0.34437674283981323
0.3421771228313446
0.3407543897628784
0.3406137526035309
0.34136825799942017
0.3387220501899719
0.3395000696182251
0.3376535475254059
0.33600401878356934
0.3366696536540985
0.33463507890701294
0.3322172164916992
0.33589398860931396
0.33168739080429077
0.32880306243896484
0.33292827010154724
0.33234328031539917
0.33014217019081116
0.32585397362709045
0.3308291733264923
0.32746100425720215
0.323680579662323
0.32507914304733276
0.3265795409679413
0.3244159519672394
0.3231976628303528
0.32477617263793945
0.3201366066932678
0.31922847032546997
0.32278919219970703
0.3330330550670624
0.31650489568710327
0.31554070115089417
0.3179480731487274
0.32051509618759155
0.31592851877212524
0.31126219034194946
0.31186261773109436
0.3105142116546631
0.31029012799263
0.3075588345527649
0.3095111548900604
0.30772435665130615
0.31097936630249023
0.3045739233493805
0.31585457921028137
0.30595481395721436
0.30595678091049194
0.30050918459892273
0.30322039127349854
0.3025909662246704
0.2993537485599518
0.3008691370487213
0.30020639300346375
0.30449384450912476
0.2964042127132416
0.29841843247413635
0.2990188002586365
0.2967863082885742
0.29663944244384766
0.2915617823600769
0.29583483934402466
0.2918468117713928
0.2939484715461731
0.2899506986141205
0.28849542140960693
0.2954140305519104
0.28791409730911255
0.2912547290325165
0.2898569107055664
0.28693580627441406
0.2841726243495941
0.29540184140205383
0.28503507375717163
0.283701628446579
0.28378862142562866
0.2789577841758728
0.2786870300769806
0.2769065797328949
0.2777947783470154
0.2781277894973755
0.2784014046192169
0.2753874957561493
0.27710118889808655
0.2758626341819763
0.2758391499519348
0.27585771679878235
0.27534019947052
0.27296850085258484
0.2734341621398926
0.27349603176116943
0.27493858337402344
0.27169424295425415
0.2725658416748047
0.2718261182308197
0.27391183376312256
0.27185526490211487
0.2712874114513397
0.2715701162815094
0.2705453336238861
0.27313941717147827
0.26895672082901
0.26881831884384155
0.2680378258228302
0.27091264724731445
0.26889657974243164
0.26849275827407837
0.2689005136489868
0.2697211802005768
0.26861104369163513
0.266570121049881
0.26642313599586487
0.2660309076309204
0.26602765917778015
0.26612401008605957
0.26600173115730286
0.26527518033981323
0.2636866569519043
0.2652595043182373
0.2661207914352417
0.2641925513744354
0.26216351985931396
0.2629099488258362
0.2625632584095001
0.26527300477027893
0.2605490982532501
0.26196950674057007
0.260388046503067
0.26007992029190063
0.260428249835968
0.2604950964450836
0.25971025228500366
0.26029014587402344
0.25827574729919434
0.2588472366333008
0.258623868227005
0.25956419110298157
0.2606978416442871
0.2572430968284607
0.2568747103214264
0.2597338557243347
0.2598258852958679
0.25623181462287903
0.25553247332572937
0.25736066699028015
0.257538378238678
0.2547528147697449
0.25632476806640625
0.2537330985069275
0.2545822262763977
0.2550155818462372
0.2547791302204132
0.25227248668670654
0.2533724009990692
0.25258105993270874
0.2526988089084625
0.2508080005645752
0.25312116742134094
0.25523632764816284
0.255481094121933
0.25238388776779175
0.2524881064891815
0.2528025805950165
0.25286033749580383
0.24924929440021515
0.24962183833122253
0.25091543793678284
0.25065162777900696
0.24927303194999695
0.24912430346012115
0.24673676490783691
0.25268515944480896
0.2491326928138733
0.24828305840492249
0.24561631679534912
0.24477830529212952
0.24424785375595093
0.24521638453006744
0.2446548491716385
0.2453048676252365
0.2440606951713562
0.24471120536327362
0.24377812445163727
0.24296334385871887
0.24355529248714447
0.2426765412092209
0.24397169053554535
0.24495938420295715
0.24302460253238678
0.24269287288188934
0.2447236031293869
0.2445240318775177
0.24267032742500305
0.24205181002616882
0.24165207147598267
0.24171631038188934
0.2422550916671753
0.24179264903068542
0.2417566478252411
0.2423168420791626
0.24062709510326385
0.24101726710796356
0.24223089218139648
0.2421075850725174
0.24146384000778198
0.24021592736244202
0.24105939269065857
0.24024321138858795
0.24104921519756317
0.2395750731229782
0.24117061495780945
0.24122336506843567
0.24025946855545044
0.23915542662143707
0.23955722153186798
0.23897358775138855
0.2396407425403595
0.23904579877853394
0.2387116402387619
0.2380359172821045
0.23958438634872437
0.2378215491771698
0.23734590411186218
0.2379574030637741
0.2371564656496048
0.2383977472782135
0.23718513548374176
0.23704394698143005
0.23635198175907135
0.23672114312648773
0.23634295165538788
0.23606093227863312
0.2370029240846634
0.23678426444530487
0.23657949268817902
0.23602676391601562
0.23594318330287933
0.23869141936302185
0.23472006618976593
0.23508785665035248
0.234756201505661
0.2342158704996109
0.2338426560163498
0.23456476628780365
0.23451031744480133
0.23372423648834229
0.23345069587230682
0.23462076485157013
0.23334789276123047
0.23343925178050995
0.23579756915569305
0.23330391943454742
0.2342568039894104
0.23485495150089264
0.23313593864440918
0.23449014127254486
0.23229113221168518
0.23362033069133759
0.2340693175792694
0.2326708883047104
0.23246075212955475
0.2327181100845337
0.23151886463165283
0.2315000593662262
0.23081369698047638
0.23276519775390625
0.2309272438287735
0.2311200052499771
0.2307186871767044
0.2296799272298813
0.23028840124607086
0.23049569129943848
0.2302391678094864
0.23034222424030304
0.22868861258029938
0.22871069610118866
0.22829179465770721
0.22812876105308533
0.2278120368719101
0.22749778628349304
0.22891877591609955
0.2291129231452942
0.22734180092811584
0.22855257987976074
0.22738078236579895
0.2272600531578064
0.22797830402851105
0.22670550644397736
0.2272147685289383
0.22663655877113342
0.22683185338974
0.22697536647319794
0.22712549567222595
0.22642163932323456
0.22633956372737885
0.22707636654376984
0.22593660652637482
0.2265278697013855
0.22628630697727203
0.22615887224674225
0.22599674761295319
0.22604291141033173
0.22633357346057892
0.22599506378173828
0.225910484790802
0.22546984255313873
0.22592152655124664
0.2253090739250183
0.22531792521476746
0.2250089943408966
0.22524425387382507
0.22536945343017578
0.2251914143562317
0.22530435025691986
0.2247333973646164
0.2250630259513855
0.22542265057563782
0.22626611590385437
0.2252548336982727
0.22505834698677063
0.22545266151428223
0.22469870746135712
0.22422942519187927
0.224575936794281
0.22473740577697754
0.224846750497818
0.22476130723953247
0.22373323142528534
0.22373543679714203
0.2237442135810852
0.22446021437644958
0.22392849624156952
0.22371305525302887
0.22349660098552704
0.2242521494626999
0.2230791300535202
0.22332213819026947
0.22360233962535858
0.2233452945947647
0.22313982248306274
0.2231019139289856
0.22327804565429688
0.22338682413101196
0.22398817539215088
0.22309522330760956
0.2224835306406021
0.22317086160182953
0.22309745848178864
0.22276921570301056
0.2223440259695053
0.22254960238933563
0.22244971990585327
0.22215454280376434
0.22237491607666016
0.2226046770811081
0.2219781130552292
0.2219863384962082
0.2223842293024063
0.22242608666419983
0.22188568115234375
0.22183586657047272
0.22164401412010193
0.22211569547653198
0.22180166840553284
0.2222263664007187
0.22132453322410583
0.22196100652217865
0.22117774188518524
0.22236216068267822
0.22079497575759888
0.2230091392993927
0.22160136699676514
0.2211049199104309
0.22062891721725464
0.22048752009868622
0.2201722413301468
0.22006088495254517
0.2196691632270813
0.21972215175628662
0.21965256333351135
0.21972545981407166
0.21955369412899017
0.21976596117019653
0.21939057111740112
0.21957282721996307
0.21948176622390747
0.2193293422460556
0.21947665512561798
0.219375342130661
0.2193463146686554
0.21960023045539856
0.21939174830913544
0.21930713951587677
0.21895332634449005
0.2190914750099182
0.21908533573150635
0.21908685564994812
0.2191615104675293
0.21913869678974152
0.21932266652584076
0.2188843935728073
0.21882247924804688
0.2189730852842331
0.21880674362182617
0.2187977135181427
0.2187371701002121
0.2186741828918457
0.2188761830329895
0.2185698002576828
0.21883200109004974
0.2187310755252838
0.21850267052650452
0.21860535442829132
0.218928262591362
0.21853497624397278
0.21836359798908234
0.2183791697025299
0.21836940944194794
0.2182806432247162
0.21837466955184937
0.21803121268749237
0.2181433141231537
0.2181020826101303
0.21811005473136902
0.21841248869895935
0.21798011660575867
0.21803714334964752
0.2177918553352356
0.21819651126861572
0.21772855520248413
0.2176523655653
0.21808810532093048
0.2175735980272293
0.21770699322223663
0.21795283257961273
0.218105286359787
0.21810245513916016
0.21783824265003204
0.2176571637392044
0.21749064326286316
0.21740937232971191
0.21737205982208252
0.21718977391719818
0.2175595909357071
0.21757745742797852
0.2172735035419464
0.21723301708698273
0.21727429330348969
0.21719034016132355
0.2169603556394577
0.217189759016037
0.2170727252960205
0.21712906658649445
0.21734023094177246
0.2168998271226883
0.21683834493160248
0.21697376668453217
0.21671421825885773
0.21669159829616547
0.21688519418239594
0.2166653275489807
0.2168866991996765
0.21732760965824127
0.21666382253170013
0.21666014194488525
0.2165893316268921
0.21645885705947876
0.21651972830295563
0.21666540205478668
0.21656669676303864
0.21660001575946808
0.2161616086959839
0.21632955968379974
0.2164127230644226
0.21602940559387207
0.2159087061882019
0.21572308242321014
0.215728297829628
0.21569445729255676
0.21564534306526184
0.2156427800655365
0.21589742600917816
0.21567893028259277
0.2156893014907837
0.21550320088863373
0.21560831367969513
0.21568146347999573
0.2157270610332489
0.2154843956232071
0.21558913588523865
0.21566693484783173
0.21546711027622223
0.2155400812625885
0.21545733511447906
0.21550731360912323
0.2154233306646347
0.215509831905365
0.21526804566383362
0.21532116830348969
0.21518786251544952
0.21526296436786652
0.21533726155757904
0.21515458822250366
0.21536235511302948
0.21546053886413574
0.21513594686985016
0.21507573127746582
0.21500109136104584
0.21507206559181213
0.2151232361793518
0.21487586200237274
0.21500197052955627
0.2150406837463379
0.21501775085926056
0.21506939828395844
0.2147914171218872
0.21482902765274048
0.2149224430322647
0.21486636996269226
0.2147308588027954
0.2147120088338852
0.21475091576576233
0.21467258036136627
0.21466045081615448
0.21475106477737427
0.21454665064811707
0.214530348777771
0.21465742588043213
0.21467848122119904
0.21464413404464722
0.21453148126602173
0.2144569456577301
0.21436697244644165
0.21477121114730835
0.21444278955459595
0.21461577713489532
0.2143723964691162
0.2143256813287735
0.21434615552425385
0.21435554325580597
0.21427510678768158
0.2144041508436203
0.2144925594329834
0.21416224539279938
0.21411554515361786
0.2140810787677765
0.21404880285263062
0.21406444907188416
0.2141430377960205
0.214071586728096
0.21393314003944397
0.21396642923355103
0.21412241458892822
0.21401530504226685
0.21400758624076843
0.21389208734035492
0.21406829357147217
0.21372397243976593
0.21390342712402344
0.2137184888124466
0.21408723294734955
0.21363677084445953
0.21379736065864563
0.21374034881591797
0.2135721892118454
0.21359160542488098
0.21376930177211761
0.2137325257062912
0.21356025338172913
0.2135448306798935
0.21361224353313446
0.21361948549747467
0.21338202059268951
0.21346159279346466
0.21327391266822815
0.21320198476314545
0.21324144303798676
0.21319051086902618
0.21310310065746307
0.2131384015083313
0.21308793127536774
0.21305125951766968
0.213137686252594
0.2131275236606598
0.21300213038921356
0.21315422654151917
0.21299968659877777
0.21302850544452667
0.21304650604724884
0.2129780650138855
0.21296264231204987
0.2129373848438263
0.21290390193462372
0.2129242718219757
0.21285854279994965
0.21286676824092865
0.21284756064414978
0.21283449232578278
0.21283504366874695
0.21288082003593445
0.2127806693315506
0.21280287206172943
0.2127760797739029
0.2128039300441742
0.2127835750579834
0.212744802236557
0.2127474546432495
0.21266967058181763
0.21264398097991943
0.21265584230422974
0.2126241773366928
0.2126045823097229
0.21263575553894043
0.21258404850959778
0.21258684992790222
0.2125799059867859
0.21254952251911163
0.21257872879505157
0.21252790093421936
0.2125396877527237
0.21246561408042908
0.2125379592180252
0.2124810367822647
0.2124805599451065
0.2124662548303604
0.21254996955394745
0.2125309407711029
0.21252256631851196
0.21239688992500305
0.21236902475357056
0.21239244937896729
0.21232065558433533
0.21233941614627838
0.21228207647800446
0.21229678392410278
0.21240250766277313
0.21241958439350128
0.21222569048404694
0.21224339306354523
0.21228596568107605
0.21243077516555786
0.21220219135284424
0.21221792697906494
0.2122005820274353
0.21216776967048645
0.21218563616275787
0.21209177374839783
0.2121008336544037
0.21208429336547852
0.21204541623592377
0.21211659908294678
0.21202999353408813
0.21203772723674774
0.21207335591316223
0.2120693027973175
0.21201319992542267
0.21198031306266785
0.21206103265285492
0.21198557317256927
0.2118806689977646
0.21200571954250336
0.21199029684066772
0.21186122298240662
0.21188227832317352
0.21182505786418915
0.21188606321811676
0.212192565202713
0.21187792718410492
0.2118576616048813
0.21179528534412384
0.2118120640516281
0.21182140707969666
0.21178996562957764
0.21193400025367737
0.21164986491203308
0.21164436638355255
0.21163371205329895
0.21176937222480774
0.21162696182727814
0.2116231471300125
0.21161629259586334
0.21161384880542755
0.21161127090454102
0.2115795612335205
0.21168124675750732
0.21156860888004303
0.21157467365264893
0.21155540645122528
0.2115715593099594
0.2115418165922165
0.21154794096946716
0.21154426038265228
0.2115597128868103
0.2115129977464676
0.21157364547252655
0.21158258616924286
0.21149517595767975
0.21153944730758667
0.21150709688663483
0.21154633164405823
0.21151986718177795
0.21145740151405334
0.21142160892486572
0.21142680943012238
0.21145549416542053
0.21142303943634033
0.2114259898662567
0.21144405007362366
0.21139056980609894
0.21138407289981842
0.21138326823711395
0.2114052027463913
0.21141991019248962
0.21135255694389343
0.21137134730815887
0.21132993698120117
0.21133960783481598
0.2112780213356018
0.21131594479084015
0.21129779517650604
0.2112920880317688
0.21129123866558075
0.2112962305545807
0.21122966706752777
0.21126434206962585
0.21125593781471252
0.21126848459243774
0.2112463414669037
0.21121713519096375
0.21124351024627686
0.21122132241725922
0.21121355891227722
0.21119600534439087
0.21122601628303528
0.21118232607841492
0.21118704974651337
0.21115528047084808
0.21118488907814026
0.2111513763666153
0.2111152857542038
0.2111373394727707
0.21111690998077393
0.21109892427921295
0.21111126244068146
0.21113890409469604
0.21108940243721008
0.21106408536434174
0.21107710897922516
0.2110949456691742
0.21104566752910614
0.2110767513513565
0.21102629601955414
0.21105578541755676
0.21100670099258423
0.21102364361286163
0.21100664138793945
0.21096642315387726
0.2109823375940323
0.21094876527786255
0.21100115776062012
0.21101440489292145
0.2109629362821579
0.2109382152557373
0.21095211803913116
0.21095314621925354
0.2109040915966034
0.2109292894601822
0.2109341323375702
0.2109047919511795
0.21089808642864227
0.21091121435165405
0.21091650426387787
0.2108723521232605
0.21086131036281586
0.21080975234508514
0.21079163253307343
0.21078823506832123
0.21078859269618988
0.21079348027706146
0.2107706367969513
0.2107803225517273
0.21077166497707367
0.21074725687503815
0.21075747907161713
0.21074619889259338
0.21077074110507965
0.21073795855045319
0.2107285112142563
0.2107473462820053
0.21074944734573364
0.2107454240322113
0.21073393523693085
0.21072547137737274
0.21072497963905334
0.21072673797607422
0.21070979535579681
0.21069501340389252
0.21072620153427124
0.21069827675819397
0.21068264544010162
0.210688978433609
0.21070235967636108
0.21068701148033142
0.21067246794700623
0.21067893505096436
0.21067632734775543
0.21065488457679749
0.21067622303962708
0.21067921817302704
0.21067503094673157
0.21069540083408356
0.2106633335351944
0.21064165234565735
0.2106330245733261
0.2106340527534485
0.2106165736913681
0.2106350213289261
0.21064680814743042
0.21061892807483673
0.2106102854013443
0.21061643958091736
0.21060076355934143
0.21061719954013824
0.21065697073936462
0.21058166027069092
0.21059924364089966
0.21059168875217438
0.21058256924152374
0.21056488156318665
0.21056227385997772
0.21058176457881927
0.2105565369129181
0.2105669230222702
0.21056774258613586
0.21054600179195404
0.2105446457862854
0.21052847802639008
0.21054130792617798
0.21056951582431793
0.21052895486354828
0.21053561568260193
0.2105228453874588
0.21054817736148834
0.210504949092865
0.21052491664886475
0.21053186058998108
0.21052081882953644
0.2105104923248291
0.21049219369888306
0.21049726009368896
0.21047590672969818
0.21049624681472778
0.2104821801185608
0.21047140657901764
0.21047557890415192
0.21046112477779388
0.2104617953300476
0.21046330034732819
0.21045036613941193
0.21045294404029846
0.21044188737869263
0.21043643355369568
0.21045401692390442
0.21043618023395538
0.21042899787425995
0.21041935682296753
0.2104351669549942
0.21042457222938538
0.21042189002037048
0.21041043102741241
0.21041253209114075
0.2104187160730362
0.21038968861103058
0.21041008830070496
0.21037130057811737
0.21036003530025482
0.210361048579216
0.21036167442798615
0.2103683352470398
0.21035562455654144
0.21035359799861908
0.21035583317279816
0.2103467583656311
0.2103436440229416
0.21034300327301025
0.2103480100631714
0.21034525334835052
0.21034331619739532
0.21034178137779236
0.2103305160999298
0.2103390246629715
0.21034134924411774
0.2103317230939865
0.21033357083797455
0.21032309532165527
0.21033988893032074
0.2103356570005417
0.21031968295574188
0.21032105386257172
0.21032895147800446
0.21031230688095093
0.21031180024147034
0.21032191812992096
0.21031087636947632
0.21032074093818665
0.2103109210729599
0.21032768487930298
0.21030962467193604
0.21029290556907654
0.2102995365858078
0.2102978527545929
0.21028739213943481
0.2102990597486496
0.21028564870357513
0.21028822660446167
0.21028536558151245
0.2102782130241394
0.210277259349823
0.2102876603603363
0.21027517318725586
0.21026688814163208
0.21027156710624695
0.2102653980255127
0.21028178930282593
0.2102879136800766
0.21025893092155457
0.21026164293289185
0.2102728933095932
0.21025441586971283
0.21025578677654266
0.21025681495666504
0.21027106046676636
0.21025219559669495
0.21025769412517548
0.21024709939956665
0.21025589108467102
0.2102469801902771
0.2102653831243515
0.21024677157402039
0.21023471653461456
0.21022926270961761
0.21024255454540253
0.21022918820381165
0.21022872626781464
0.21023675799369812
0.21022720634937286
0.2102220505475998
0.21022075414657593
0.21021021902561188
0.21020780503749847
0.21021811664104462
0.21021510660648346
0.21019978821277618
0.21020524203777313
0.21021951735019684
0.2101907879114151
0.21019797027111053
0.21020102500915527
0.21019749343395233
0.21019582450389862
0.21019063889980316
0.21019206941127777
0.2101815640926361
0.21017690002918243
0.210184708237648
0.21017643809318542
0.21018800139427185
0.21017298102378845
0.21017324924468994
0.21016474068164825
0.210168719291687
0.21016956865787506
0.2101576328277588
0.2101607322692871
0.2101506143808365
0.21014492213726044
0.21014687418937683
0.21014638245105743
0.21014101803302765
0.21014530956745148
0.2101413905620575
0.21014174818992615
0.2101428061723709
0.21013757586479187
0.21013522148132324
0.21013480424880981
0.21013405919075012
0.21013697981834412
0.21012991666793823
0.21013230085372925
0.21012943983078003
0.2101331502199173
0.21012575924396515
0.21012988686561584
0.21013028919696808
0.21012639999389648
0.21013179421424866
0.21013575792312622
0.21012769639492035
0.21012623608112335
0.21012254059314728
0.21011725068092346
0.21012096107006073
0.21011650562286377
0.21011388301849365
0.2101183533668518
0.21011190116405487
0.21012075245380402
0.210112065076828
0.2101084142923355
0.21011018753051758
0.21010658144950867
0.2101064920425415
0.21010787785053253
0.21010449528694153
0.21010594069957733
0.21010541915893555
0.2101043462753296
0.210105299949646
0.21010006964206696
0.2100999504327774
0.2100984752178192
0.2100946456193924
0.21009601652622223
0.21009325981140137
0.21009214222431183
0.21009314060211182
0.21009264886379242
0.21008680760860443
0.21009211242198944
0.21009281277656555
0.21008819341659546
0.21008244156837463
0.21008487045764923
0.2100904881954193
0.2100829929113388
0.21008728444576263
0.21007847785949707
0.21007955074310303
0.21008160710334778
0.21007725596427917
0.21007795631885529
0.2100762128829956
0.21007613837718964
0.2100704461336136
0.21007966995239258
0.21008263528347015
0.2100730687379837
0.21007688343524933
0.21006707847118378
0.21006914973258972
0.2100645750761032
0.21006006002426147
0.210062175989151
0.2100629210472107
0.21006208658218384
0.21006359159946442
0.21006111800670624
0.2100578099489212
0.210067480802536
0.2100590616464615
0.21006442606449127
0.21005158126354218
0.21005457639694214
0.2100502997636795
0.21005098521709442
0.21005089581012726
0.21004906296730042
0.21005141735076904
0.21005190908908844
0.2100541740655899
0.2100408971309662
0.2100427895784378
0.21004682779312134
0.2100374400615692
0.2100418508052826
0.2100347876548767
0.21003364026546478
0.21003484725952148
0.21003545820713043
0.2100333571434021
0.21003004908561707
0.2100335955619812
0.21002982556819916
0.2100287526845932
0.21002943813800812
0.2100292593240738
0.2100266069173813
0.21002918481826782
0.21002718806266785
0.21003064513206482
0.21002483367919922
0.21002550423145294
0.21002408862113953
0.21002355217933655
0.21002648770809174
0.2100234478712082
0.2100226879119873
0.21002395451068878
0.21002040803432465
0.21002280712127686
0.21001967787742615
0.21002209186553955
0.21001863479614258
0.21002022922039032
0.21001854538917542
0.21001632511615753
0.21001863479614258
0.21001622080802917
0.21002154052257538
0.21001659333705902
0.21001628041267395
0.21001634001731873
0.2100192755460739
0.210014209151268
0.2100142538547516
0.21001309156417847
0.2100122720003128
0.21001273393630981
0.21001379191875458
0.21001243591308594
0.21000872552394867
0.2100098580121994
0.21000750362873077
0.21000714600086212
0.21001054346561432
0.21000716090202332
0.21000730991363525
0.2100065052509308
0.2100154459476471
0.2100052386522293
0.21000507473945618
0.2100047469139099
0.21000519394874573
0.21000361442565918
0.21000275015830994
0.21000362932682037
0.21000242233276367
0.2100001573562622
0.21000078320503235
0.21000215411186218
0.2100023627281189
0.21000008285045624
0.20999816060066223
0.209998220205307
0.210000678896904
0.2099970132112503
0.2099970132112503
0.20999771356582642
0.20999693870544434
0.20999617874622345
0.2099962681531906
0.20999616384506226
0.20999647676944733
0.20999740064144135
0.20999503135681152
0.20999246835708618
0.2099922150373459
0.20999294519424438
0.20999063551425934
0.2099895030260086
0.20999230444431305
0.20999418199062347
0.20998968183994293
0.20998956263065338
0.20998837053775787
0.2099878191947937
0.20998652279376984
0.20998649299144745
0.2099856585264206
0.2099861204624176
0.2099851369857788
0.20998615026474
0.2099827378988266
0.2099798321723938
0.20998038351535797
0.20997871458530426
0.2099810689687729
0.20997954905033112
0.20997905731201172
0.20997825264930725
0.2099779099225998
0.20997779071331024
0.20997777581214905
0.2099781334400177
0.20997773110866547
0.2099771797657013
0.2099762260913849
0.20997868478298187
0.2099776268005371
0.2099756896495819
0.20997558534145355
0.20997630059719086
0.20997478067874908
0.20997563004493713
0.20997467637062073
0.20997409522533417
0.20997382700443268
0.20997396111488342
0.20997315645217896
0.20997321605682373
0.2099735289812088
0.20997236669063568
0.20997194945812225
0.20997169613838196
0.2099725604057312
0.2099730372428894
0.2099735289812088
0.20997093617916107
0.20997028052806854
0.20997142791748047
0.20997028052806854
0.20996969938278198
0.20996996760368347
0.20997071266174316
0.20996883511543274
0.2099693864583969
0.20996806025505066
0.20996956527233124
0.2099684476852417
0.20996840298175812
0.20996814966201782
0.20996668934822083
0.20996704697608948
0.2099691480398178
0.20996849238872528
0.20996715128421783
0.2099672257900238
0.20996621251106262
0.20996570587158203
0.20996567606925964
0.20996543765068054
0.20996621251106262
0.2099645733833313
0.20996412634849548
0.20996378362178802
0.20996485650539398
0.2099635750055313
0.20996305346488953
0.20996344089508057
0.2099638134241104
0.20996327698230743
0.20996175706386566
0.20996224880218506
0.20996418595314026
0.2099621593952179
0.2099616974592209
0.2099611759185791
0.20996138453483582
0.20996050536632538
0.20996160805225372
0.20996002852916718
0.20996035635471344
0.20995952188968658
0.20996010303497314
0.20995910465717316
0.2099584937095642
0.2099584937095642
0.20995847880840302
0.20995979011058807
0.20995773375034332
0.2099570333957672
0.20995810627937317
0.20996077358722687
0.20995783805847168
0.2099563181400299
0.20995640754699707
0.2099568098783493
0.20995616912841797
0.20995871722698212
0.20995651185512543
0.20995505154132843
0.20995517075061798
0.20995588600635529
0.2099529653787613
0.20995275676250458
0.20995277166366577
0.20995277166366577
0.2099534422159195
0.20995238423347473
0.20995254814624786
0.2099529206752777
0.20995329320430756
0.2099522054195404
0.2099522203207016
0.20995187759399414
0.2099517583847046
0.2099527269601822
0.20995138585567474
0.2099512666463852
0.20995119214057922
0.20995216071605682
0.20995134115219116
0.20995135605335236
0.2099507749080658
0.20995110273361206
0.20995056629180908
0.20995067059993744
0.20995204150676727
0.20995262265205383
0.20995022356510162
0.2099504917860031
0.2099500298500061
0.20995032787322998
0.2099500298500061
0.20994971692562103
0.2099493443965912
0.20994918048381805
0.20994962751865387
0.20994974672794342
0.2099493443965912
0.2099488079547882
0.20994912087917328
0.20994916558265686
0.20994921028614044
0.20994870364665985
0.20994839072227478
0.2099488377571106
0.20994845032691956
0.20994806289672852
0.20994780957698822
0.20994789898395538
0.20994816720485687
0.20994767546653748
0.2099473625421524
0.20994870364665985
0.20994727313518524
0.20994755625724792
0.20994719862937927
0.20994699001312256
0.20994804799556732
0.20994727313518524
0.20994696021080017
0.20994679629802704
0.20994700491428375
0.2099464386701584
0.20994684100151062
0.20994727313518524
0.20994657278060913
0.20994742214679718
0.20994624495506287
0.20994558930397034
0.20994551479816437
0.2099454402923584
0.20994696021080017
0.2099449187517166
0.2099449336528778
0.20994558930397034
0.20994538068771362
0.20994526147842407
0.20994512736797333
0.2099454402923584
0.20994454622268677
0.2099444568157196
0.2099444568157196
0.20994481444358826
0.20994476974010468
0.20994403958320618
0.20994387567043304
0.209944486618042
0.2099439948797226
0.20994333922863007
0.20994442701339722
0.20994368195533752
0.20994392037391663
0.20994287729263306
0.20994289219379425
0.20994345843791962
0.20994330942630768
0.20994247496128082
0.20994311571121216
0.20994295179843903
0.2099427431821823
0.20994357764720917
0.20994214713573456
0.20994213223457336
0.20994198322296143
0.2099415510892868
0.2099423110485077
0.20994164049625397
0.2099413275718689
0.20994143187999725
0.20994168519973755
0.20994150638580322
0.20994102954864502
0.20994125306606293
0.20994122326374054
0.20994170010089874
0.20994150638580322
0.20994046330451965
0.20994046330451965
0.20994091033935547
0.20994031429290771
0.20994091033935547
0.20994022488594055
0.20994028449058533
0.20994001626968384
0.20993976294994354
0.20994006097316742
0.20993945002555847
0.2099398374557495
0.2099403291940689
0.2099398523569107
0.2099408060312271
0.2099393606185913
0.20993973314762115
0.2099391669034958
0.20993924140930176
0.20993894338607788
0.20993921160697937
0.20993907749652863
0.2099386304616928
0.20993977785110474
0.2099388986825943
0.20993851125240326
0.20993870496749878
0.20993836224079132
0.20993822813034058
0.20993806421756744
0.2099376916885376
0.20993831753730774
0.20993782579898834
0.20993852615356445
0.20993728935718536
0.20993737876415253
0.20993764698505402
0.2099372297525406
0.20993708074092865
0.20993706583976746
0.20993712544441223
0.20993685722351074
0.20993679761886597
0.209937185049057
0.20993725955486298
0.20993661880493164
0.2099369466304779
0.20993608236312866
0.20993627607822418
0.20993641018867493
0.20993708074092865
0.20993609726428986
0.20993578433990479
0.20993562042713165
0.20993594825267792
0.20993544161319733
0.20993562042713165
0.20993581414222717
0.2099350541830063
0.20993509888648987
0.20993535220623016
0.20993570983409882
0.20993515849113464
0.2099347859621048
0.2099350392818451
0.20993489027023315
0.2099355161190033
0.20993514358997345
