0.5699173212051392
0.462162047624588
0.4233636260032654
0.40592989325523376
0.3967357277870178
0.3918814957141876
0.3884068727493286
0.38507649302482605
0.3846850097179413
0.3803957402706146
0.3788284361362457
0.37697020173072815
0.3754788339138031
0.37355658411979675
0.3707951605319977
0.37035486102104187
0.3686278462409973
0.36740797758102417
0.3671897351741791
0.3649354875087738
0.36435171961784363
0.36370474100112915
0.36272627115249634
0.3610818684101105
0.36140137910842896
0.3604552745819092
0.35819920897483826
0.35714802145957947
0.3569610118865967
0.3553033769130707
0.355763703584671
0.35239702463150024
0.35290199518203735
0.3503461182117462
0.3509100079536438
0.34821048378944397
0.3501507639884949
0.34689798951148987
0.3469410240650177
0.3443547785282135
0.34335681796073914
0.34244850277900696
0.34183740615844727
0.34049585461616516
0.33968302607536316
0.3382263779640198
0.33740806579589844
0.336349219083786
0.33719372749328613
0.33656713366508484
0.3341645300388336
0.3327924311161041
0.3307593762874603
0.33094245195388794
0.3297252357006073
0.3293786942958832
0.32877203822135925
0.32608482241630554
0.32428470253944397
0.32485461235046387
0.32325756549835205
0.3238932192325592
0.3212393522262573
0.32010167837142944
0.320102721452713
0.3173827528953552
0.31627753376960754
0.3186797499656677
0.31650659441947937
0.31450170278549194
0.3110322952270508
0.3094477951526642
0.31091198325157166
0.30764666199684143
0.3063660264015198
0.30529457330703735
0.3045418858528137
0.3040294647216797
0.3059155344963074
0.30161550641059875
0.30049270391464233
0.298086553812027
0.29881587624549866
0.297716349363327
0.29896000027656555
0.2993302345275879
0.29561474919319153
0.2917240858078003
0.295371949672699
0.28995561599731445
0.29327860474586487
0.2875678539276123
0.2863326966762543
0.2882816195487976
0.2861485779285431
0.28345972299575806
0.2863219380378723
0.28450527787208557
0.28104913234710693
0.2834360599517822
0.28423893451690674
0.28363555669784546
0.28533992171287537
0.27754294872283936
0.2790089547634125
0.2756183445453644
0.278367817401886
0.2731413245201111
0.27502134442329407
0.2740689814090729
0.27414989471435547
0.27355971932411194
0.2739836871623993
0.2706165015697479
0.26978006958961487
0.26881515979766846
0.2689821422100067
0.2703299820423126
0.2686767578125
0.26822736859321594
0.2658224403858185
0.2649681270122528
0.26727795600891113
0.2633437514305115
0.26194727420806885
0.2616417706012726
0.2614611089229584
0.258186012506485
0.2599431276321411
0.2581542432308197
0.25819629430770874
0.2564581632614136
0.2537631690502167
0.25213679671287537
0.25126519799232483
0.2517942786216736
0.25151073932647705
0.24888724088668823
0.2504258155822754
0.24947497248649597
0.2521631121635437
0.2507142424583435
0.24937717616558075
0.24744552373886108
0.24784135818481445
0.24751697480678558
0.2469053864479065
0.24662475287914276
0.24534286558628082
0.24497069418430328
0.24445927143096924
0.24540844559669495
0.2454778403043747
0.24484491348266602
0.24434994161128998
0.24395905435085297
0.24400804936885834
0.24263036251068115
0.24361766874790192
0.24334567785263062
0.24245846271514893
0.2408902645111084
0.24211256206035614
0.2411944419145584
0.24089951813220978
0.242513507604599
0.23946397006511688
0.23953217267990112
0.2415148764848709
0.2405182123184204
0.2396896779537201
0.23953239619731903
0.23817043006420135
0.23878929018974304
0.23685477674007416
0.23644468188285828
0.23592793941497803
0.23784440755844116
0.23593850433826447
0.23528611660003662
0.23486734926700592
0.2352529913187027
0.23463955521583557
0.2353028655052185
0.23661673069000244
0.2360457181930542
0.2330842912197113
0.2313513457775116
0.23265205323696136
0.2319793403148651
0.23170432448387146
0.23198971152305603
0.23264825344085693
0.2308911681175232
0.23178182542324066
0.2305227369070053
0.2305145114660263
0.22954237461090088
0.23055994510650635
0.22932659089565277
0.2287226766347885
0.23004691302776337
0.22911764681339264
0.2293657809495926
0.22824005782604218
0.2285483479499817
0.23073385655879974
0.22593474388122559
0.22694487869739532
0.22582735121250153
0.22775685787200928
0.22600750625133514
0.2256592959165573
0.2250140756368637
0.22394636273384094
0.2259400337934494
0.223008394241333
0.22424232959747314
0.22676658630371094
0.22385212779045105
0.22421382367610931
0.22148574888706207
0.22186382114887238
0.22118118405342102
0.22114013135433197
0.22197619080543518
0.22058071196079254
0.21925267577171326
0.22049643099308014
0.22071629762649536
0.22088705003261566
0.2206021398305893
0.21895809471607208
0.21799802780151367
0.2166394144296646
0.21728818118572235
0.21650944650173187
0.21644636988639832
0.21674968302249908
0.21603311598300934
0.21652916073799133
0.21583445370197296
0.21562975645065308
0.215511754155159
0.21559570729732513
0.21528926491737366
0.2155328392982483
0.21521426737308502
0.21409444510936737
0.21445155143737793
0.21405847370624542
0.2142188400030136
0.21432381868362427
0.2150166928768158
0.21489432454109192
0.21408842504024506
0.21295081079006195
0.21371890604496002
0.2128600925207138
0.21362043917179108
0.21403922140598297
0.21420913934707642
0.2127649039030075
0.2120545357465744
0.21322806179523468
0.2128046154975891
0.21200895309448242
0.21164031326770782
0.2113286703824997
0.21169152855873108
0.21204407513141632
0.21154509484767914
0.21045321226119995
0.2109454721212387
0.2102724015712738
0.2119261622428894
0.21151156723499298
0.21072392165660858
0.21187974512577057
0.20930036902427673
0.21078938245773315
0.2098248153924942
0.2096266746520996
0.21055828034877777
0.20960962772369385
0.20881688594818115
0.209219291806221
0.20895710587501526
0.20958241820335388
0.20804636180400848
0.20922483503818512
0.208851158618927
0.20830108225345612
0.20919524133205414
0.20760977268218994
0.20993468165397644
0.20774924755096436
0.20735806226730347
0.2079283595085144
0.2070755809545517
0.20653779804706573
0.20698648691177368
0.20617155730724335
0.2079898864030838
0.2064998298883438
0.2059936374425888
0.20641736686229706
0.20644491910934448
0.20619693398475647
0.20519259572029114
0.20618456602096558
0.20522819459438324
0.20513546466827393
0.20498551428318024
0.2050078809261322
0.2049177885055542
0.20480704307556152
0.20473088324069977
0.2042984813451767
0.20489832758903503
0.2043776512145996
0.20416221022605896
0.20464205741882324
0.20443353056907654
0.20364288985729218
0.20310573279857635
0.20439647138118744
0.20393148064613342
0.20288342237472534
0.20250748097896576
0.2033737748861313
0.2010795921087265
0.2018669843673706
0.2012113481760025
0.20125456154346466
0.20085884630680084
0.20108185708522797
0.20107488334178925
0.20096684992313385
0.20095689594745636
0.20094361901283264
0.20210209488868713
0.2003670334815979
0.20067475736141205
0.20053468644618988
0.20037046074867249
0.2000804990530014
0.20015381276607513
0.19990934431552887
0.20042769610881805
0.20002444088459015
0.19978806376457214
0.20006045699119568
0.19976261258125305
0.1995473951101303
0.19977684319019318
0.19967925548553467
0.1997760385274887
0.20009586215019226
0.19912554323673248
0.19908328354358673
0.19918590784072876
0.1999364048242569
0.1995037943124771
0.199431374669075
0.1993829309940338
0.1989983767271042
0.1987122744321823
0.19856052100658417
0.19857564568519592
0.19838249683380127
0.19857554137706757
0.19839872419834137
0.19849729537963867
0.19812598824501038
0.19852186739444733
0.19807666540145874
0.19801731407642365
0.19775883853435516
0.19787612557411194
0.1979595124721527
0.19819201529026031
0.19802303612232208
0.198417529463768
0.19739939272403717
0.19737863540649414
0.19742822647094727
0.1973915845155716
0.19752664864063263
0.19733788073062897
0.19731643795967102
0.1973799467086792
0.19696760177612305
0.19665905833244324
0.19698353111743927
0.19694943726062775
0.19769901037216187
0.196657195687294
0.1970938742160797
0.19652989506721497
0.19649234414100647
0.1962285041809082
0.19598400592803955
0.19626730680465698
0.19613243639469147
0.19616708159446716
0.19617167115211487
0.19617308676242828
0.1961837112903595
0.1958552449941635
0.1962367743253708
0.1960657835006714
0.19643011689186096
0.19720494747161865
0.19537515938282013
0.19540570676326752
0.195506289601326
0.19543837010860443
0.19639159739017487
0.19517624378204346
0.19531109929084778
0.19510029256343842
0.19533151388168335
0.1948453187942505
0.19534558057785034
0.19466707110404968
0.1947849839925766
0.19558025896549225
0.19485221803188324
0.1945691555738449
0.19439108669757843
0.19370004534721375
0.19380000233650208
0.1935320794582367
0.19362185895442963
0.19373604655265808
0.19357123970985413
0.19375410676002502
0.1936502754688263
0.193462535738945
0.1934392899274826
0.1937503218650818
0.19362491369247437
0.19328704476356506
0.19322673976421356
0.1934158056974411
0.1932707279920578
0.19335941970348358
0.19323012232780457
0.19327059388160706
0.19335386157035828
0.1928919404745102
0.19315175712108612
0.19300499558448792
0.19308312237262726
0.19292595982551575
0.19286474585533142
0.1931689977645874
0.19309759140014648
0.19285482168197632
0.19311515986919403
0.19284364581108093
0.1926807314157486
0.19262267649173737
0.19273260235786438
0.19271618127822876
0.192693829536438
0.19253383576869965
0.1926737129688263
0.19252894818782806
0.1925012171268463
0.1924484819173813
0.19244693219661713
0.1924312263727188
0.19231407344341278
0.1924731284379959
0.19236022233963013
0.19237174093723297
0.19214455783367157
0.19242095947265625
0.1921573281288147
0.19212369620800018
0.1920250803232193
0.19203150272369385
0.19191844761371613
0.19187623262405396
0.19176404178142548
0.1918426752090454
0.19189870357513428
0.19170232117176056
0.19179680943489075
0.1918943077325821
0.19182004034519196
0.19167225062847137
0.191681906580925
0.19204220175743103
0.1917790174484253
0.19182823598384857
0.19186748564243317
0.19154460728168488
0.19146232306957245
0.1913413107395172
0.19143357872962952
0.19132308661937714
0.19127297401428223
0.1912103146314621
0.19130805134773254
0.19115957617759705
0.19175267219543457
0.1912795901298523
0.19127453863620758
0.19101138412952423
0.19125856459140778
0.19110475480556488
0.1910897195339203
0.19108594954013824
0.1911638081073761
0.190974161028862
0.1907440721988678
0.19097693264484406
0.19099712371826172
0.1908780336380005
0.19066868722438812
0.19075274467468262
0.19070285558700562
0.19056591391563416
0.19048918783664703
0.1908898502588272
0.19051480293273926
0.19054001569747925
0.19038456678390503
0.190224289894104
0.19003932178020477
0.19006852805614471
0.1899682879447937
0.190184086561203
0.19016526639461517
0.1902349591255188
0.18995806574821472
0.1898898184299469
0.19003541767597198
0.18986716866493225
0.18987217545509338
0.1898830235004425
0.18989335000514984
0.1898556351661682
0.18986736238002777
0.18984918296337128
0.1898403763771057
0.18978780508041382
0.18993687629699707
0.18981091678142548
0.18987499177455902
0.1897774636745453
0.18969084322452545
0.18962958455085754
0.18974930047988892
0.18974561989307404
0.18972045183181763
0.18954026699066162
0.189667209982872
0.1895841807126999
0.18974298238754272
0.18953488767147064
0.18954280018806458
0.18958640098571777
0.18947307765483856
0.1894330084323883
0.1895437240600586
0.1896274834871292
0.1897783875465393
0.18954308331012726
0.1893550455570221
0.1894386112689972
0.1895618438720703
0.1895715594291687
0.1896679848432541
0.1894293576478958
0.18941019475460052
0.18958893418312073
0.18951521813869476
0.18927064538002014
0.18924999237060547
0.18921993672847748
0.1892007291316986
0.1892104148864746
0.18915632367134094
0.18917295336723328
0.1893150359392166
0.1892257034778595
0.18926003575325012
0.18912380933761597
0.18918375670909882
0.18908211588859558
0.18907611072063446
0.1891157031059265
0.1891036331653595
0.189077690243721
0.1889447718858719
0.18898284435272217
0.18903584778308868
0.1889345347881317
0.18910065293312073
0.1890251487493515
0.1889461725950241
0.18885396420955658
0.18887348473072052
0.18884699046611786
0.18887721002101898
0.18889984488487244
0.18885290622711182
0.18889781832695007
0.18873241543769836
0.18879003822803497
0.18872259557247162
0.18876078724861145
0.18859897553920746
0.18863177299499512
0.1886320561170578
0.18861718475818634
0.1887061595916748
0.18854454159736633
0.1886107325553894
0.18848735094070435
0.1886790543794632
0.1886911392211914
0.18865537643432617
0.18850305676460266
0.18843276798725128
0.18851584196090698
0.1886214166879654
0.18830838799476624
0.18851891160011292
0.18838927149772644
0.18826985359191895
0.18821479380130768
0.18823209404945374
0.1882757991552353
0.18831133842468262
0.18827560544013977
0.18817198276519775
0.18819236755371094
0.18816116452217102
0.18826240301132202
0.188164621591568
0.18815219402313232
0.18815721571445465
0.18816889822483063
0.18814489245414734
0.18814021348953247
0.1881292462348938
0.18811537325382233
0.1880795657634735
0.18807388842105865
0.1881064772605896
0.18809489905834198
0.18806301057338715
0.1881529539823532
0.18802410364151
0.18817687034606934
0.18806660175323486
0.18803150951862335
0.18805000185966492
0.18800245225429535
0.1880057156085968
0.18802620470523834
0.18807226419448853
0.18805108964443207
0.18799768388271332
0.1879674792289734
0.18796361982822418
0.18797056376934052
0.18800562620162964
0.18796217441558838
0.18791954219341278
0.18792222440242767
0.18792295455932617
0.1879400759935379
0.18791846930980682
0.18789853155612946
0.18788622319698334
0.18799228966236115
0.18784008920192719
0.1878664642572403
0.1878671795129776
0.1879180520772934
0.18783524632453918
0.18790100514888763
0.1878778338432312
0.18779674172401428
0.1877797693014145
0.18779605627059937
0.1878187209367752
0.18779043853282928
0.1878952980041504
0.18771035969257355
0.18776735663414001
0.1877470165491104
0.18783973157405853
0.18778111040592194
0.1877163052558899
0.18774929642677307
0.18774527311325073
0.18768975138664246
0.18772447109222412
0.18772712349891663
0.18764668703079224
0.18763287365436554
0.187662273645401
0.1876468062400818
0.18763631582260132
0.1876341849565506
0.18763205409049988
0.1876460611820221
0.18760809302330017
0.18775908648967743
0.187546506524086
0.1876426488161087
0.18774135410785675
0.1877754181623459
0.1875430792570114
0.18755069375038147
0.1876237541437149
0.1876259446144104
0.18752707540988922
0.18752825260162354
0.1875419169664383
0.18749584257602692
0.18747447431087494
0.18753257393836975
0.18749657273292542
0.1874220073223114
0.18741624057292938
0.18738315999507904
0.1873956322669983
0.18736745417118073
0.18738828599452972
0.1873653382062912
0.18741637468338013
0.18734513223171234
0.18737055361270905
0.18735134601593018
0.18737539649009705
0.18733251094818115
0.18733863532543182
0.18738411366939545
0.1873079091310501
0.18732686340808868
0.18730506300926208
0.18732991814613342
0.18731272220611572
0.1873062252998352
0.1873093694448471
0.1873408555984497
0.1872984915971756
0.18727973103523254
0.1873050481081009
0.18729273974895477
0.18726912140846252
0.18726566433906555
0.18729741871356964
0.18730250000953674
0.18726158142089844
0.18724000453948975
0.18731644749641418
0.18725553154945374
0.18728110194206238
0.18722869455814362
0.18723268806934357
0.18725895881652832
0.18722879886627197
0.18721695244312286
0.18723782896995544
0.18725106120109558
0.18723085522651672
0.18721914291381836
0.1872008591890335
0.1872323602437973
0.1871938705444336
0.18723075091838837
0.18719542026519775
0.18719734251499176
0.18722526729106903
0.18722282350063324
0.18720176815986633
0.18716515600681305
0.1871742159128189
0.18716596066951752
0.1871607005596161
0.18717019259929657
0.18716393411159515
0.1871374398469925
0.18714065849781036
0.1871332824230194
0.1871573030948639
0.18713322281837463
0.1871587038040161
0.18713335692882538
0.18712320923805237
0.1871216893196106
0.18713007867336273
0.1871122419834137
0.18710573017597198
0.18709690868854523
0.1870894879102707
0.1870996057987213
0.18707916140556335
0.18709199130535126
0.18707910180091858
0.18707101047039032
0.18706271052360535
0.18705882132053375
0.1870696246623993
0.18707916140556335
0.1870620846748352
0.1870700567960739
0.18706779181957245
0.18714465200901031
0.1870325803756714
0.18703973293304443
0.1870414763689041
0.18703989684581757
0.18710103631019592
0.18701814115047455
0.18701516091823578
0.18700754642486572
0.18701021373271942
0.1870088428258896
0.1870010793209076
0.1870153546333313
0.18700885772705078
0.186971053481102
0.18699510395526886
0.18694108724594116
0.18697428703308105
0.18694999814033508
0.18697410821914673
0.1869485080242157
0.1869344711303711
0.1869480162858963
0.18694022297859192
0.18694952130317688
0.18692266941070557
0.1869315207004547
0.1869160383939743
0.1869170218706131
0.18691697716712952
0.1869150698184967
0.18691161274909973
0.18694111704826355
0.18690229952335358
0.18691003322601318
0.18690592050552368
0.18690693378448486
0.18690380454063416
0.18690435588359833
0.18689356744289398
0.18689624965190887
0.18689748644828796
0.1868935376405716
0.18688105046749115
0.18689724802970886
0.18689528107643127
0.18689890205860138
0.18692240118980408
0.18691027164459229
0.1868753880262375
0.1868811547756195
0.18688435852527618
0.18687091767787933
0.186859130859375
0.18686510622501373
0.18685509264469147
0.18688218295574188
0.18685679137706757
0.18685738742351532
0.18687717616558075
0.18685168027877808
0.1868617683649063
0.18684722483158112
0.1868421733379364
0.18685218691825867
0.18683940172195435
0.18684028089046478
0.1868269294500351
0.18683433532714844
0.18683628737926483
0.18683555722236633
0.18684105575084686
0.1868257224559784
0.18683874607086182
0.18683135509490967
0.18681801855564117
0.1868361234664917
0.18682102859020233
0.18682055175304413
0.1868305653333664
0.18681742250919342
0.18680806457996368
0.18680350482463837
0.1868097186088562
0.186797633767128
0.1868145614862442
0.1868220865726471
0.18679854273796082
0.18679718673229218
0.18681524693965912
0.18679556250572205
0.18679344654083252
0.18682022392749786
0.18679159879684448
0.18679818511009216
0.18678885698318481
0.18677452206611633
0.18678702414035797
0.18677231669425964
0.18678075075149536
0.18677914142608643
0.1867750883102417
0.18675710260868073
0.18676446378231049
0.1867651790380478
0.186778262257576
0.18675215542316437
0.18676592409610748
0.18676331639289856
0.1867530643939972
0.18676558136940002
0.1867521107196808
0.18675540387630463
0.1867416352033615
0.18675601482391357
0.18672925233840942
0.18672429025173187
0.18672120571136475
0.18671582639217377
0.18671944737434387
0.18672162294387817
0.18671423196792603
0.1867183893918991
0.18671424686908722
0.18671391904354095
0.18670491874217987
0.1867152899503708
0.18670639395713806
0.18671439588069916
0.18670938909053802
0.18671196699142456
0.18670544028282166
0.18671181797981262
0.18671686947345734
0.1867251992225647
0.1866997927427292
0.1866954118013382
0.1866977959871292
0.18669676780700684
0.1866963654756546
0.1866985261440277
0.18669436872005463
0.18669892847537994
0.18669499456882477
0.18669597804546356
0.1866883933544159
0.18669041991233826
0.18668855726718903
0.1866840124130249
0.1866873949766159
0.18668785691261292
0.18669840693473816
0.1866903305053711
0.18668197095394135
0.18668004870414734
0.18669874966144562
0.18668082356452942
0.1866772621870041
0.18667253851890564
0.1866888552904129
0.18666605651378632
0.18667860329151154
0.1866806596517563
0.18667510151863098
0.1866738498210907
0.18666918575763702
0.18667012453079224
0.1866692304611206
0.18666782975196838
0.18666474521160126
0.18666796386241913
0.18666556477546692
0.1866648644208908
0.18666574358940125
0.18665704131126404
0.18666484951972961
0.1866680085659027
0.1866629719734192
0.186655193567276
0.18666264414787292
0.18666736781597137
0.1866547167301178
0.18666021525859833
0.18665897846221924
0.18665118515491486
0.18665200471878052
0.1866527646780014
0.18664328753948212
0.1866416335105896
0.18664565682411194
0.186649888753891
0.18664409220218658
0.18664783239364624
0.186639666557312
0.18664045631885529
0.18663959205150604
0.18663880228996277
0.18663661181926727
0.18663696944713593
0.18663717806339264
0.18664588034152985
0.18662907183170319
0.18663029372692108
0.18662531673908234
0.18663562834262848
0.18662869930267334
0.18663111329078674
0.18662473559379578
0.1866239756345749
0.18662279844284058
0.18663133680820465
0.18662118911743164
0.1866220086812973
0.18661577999591827
0.18661198019981384
0.1866079568862915
0.18661315739154816
0.1866125613451004
0.18660853803157806
0.1866055727005005
0.1866045892238617
0.18660862743854523
0.18660955131053925
0.18660371005535126
0.18660463392734528
0.18660132586956024
0.18660253286361694
0.1866007149219513
0.18660162389278412
0.18660102784633636
0.18659956753253937
0.18660154938697815
0.18659602105617523
0.18660026788711548
0.18659619987010956
0.18659652769565582
0.18659764528274536
0.1866019368171692
0.1865963190793991
0.18659596145153046
0.18659400939941406
0.1865963637828827
0.18660005927085876
0.18659217655658722
0.18659350275993347
0.18659722805023193
0.1865938901901245
0.1865919530391693
0.18659207224845886
0.1866069734096527
0.18658842146396637
0.18659137189388275
0.18658946454524994
0.18659360706806183
0.18658919632434845
0.1865873783826828
0.1865900456905365
0.18659575283527374
0.1865883767604828
0.18658624589443207
0.1865837723016739
0.1865856945514679
0.186585932970047
0.18658560514450073
0.18658463656902313
0.18658365309238434
0.18659059703350067
0.18658447265625
0.1865796595811844
0.18658506870269775
0.18658871948719025
0.1865820288658142
0.18658144772052765
0.186578631401062
0.18657977879047394
0.18658116459846497
0.18657845258712769
0.18658173084259033
0.18657606840133667
0.1865789145231247
0.18657299876213074
0.18658137321472168
0.18657492101192474
0.18657469749450684
0.1865733414888382
0.18657685816287994
0.18657135963439941
0.18657463788986206
0.1865723729133606
0.18657027184963226
0.18656867742538452
0.1865694224834442
0.18656988441944122
0.18656836450099945
0.1865719109773636
0.1865685135126114
0.1865665465593338
0.18656687438488007
0.18656498193740845
0.18656647205352783
0.18656951189041138
0.18656150996685028
0.18656718730926514
0.1865665763616562
0.18656252324581146
0.1865592896938324
0.18656304478645325
0.1865636706352234
0.1865624338388443
0.18655914068222046
0.1865638643503189
0.18655730783939362
0.18656039237976074
0.18655914068222046
0.1865512579679489
0.18655140697956085
0.1865522414445877
0.18655185401439667
0.18655146658420563
0.18655061721801758
0.18655523657798767
0.18655066192150116
0.18654969334602356
0.18655003607273102
0.18655233085155487
0.18654972314834595
0.1865513175725937
0.186551034450531
0.18654978275299072
0.18654944002628326
0.1865469217300415
0.18654672801494598
0.18654856085777283
0.1865500658750534
0.18655407428741455
0.18654632568359375
0.18654853105545044
0.18654952943325043
0.18654656410217285
0.18654626607894897
0.18654705584049225
0.18654729425907135
0.18654659390449524
0.18654464185237885
0.18654486536979675
0.18654575943946838
0.18654640018939972
0.18654799461364746
0.18654516339302063
0.18654417991638184
0.18654409050941467
0.18654346466064453
0.18654532730579376
0.18654437363147736
0.18654270470142365
0.18654407560825348
0.18654178082942963
0.18654373288154602
0.18654048442840576
0.18654170632362366
0.18654130399227142
0.18654106557369232
0.18654119968414307
0.18653953075408936
0.18654349446296692
0.18653912842273712
0.18654005229473114
0.1865387260913849
0.18653889000415802
0.18653972446918488
0.18653854727745056
0.18653908371925354
0.18653763830661774
0.18653728067874908
0.1865372508764267
0.18653665482997894
0.1865370273590088
0.1865377277135849
0.18653632700443268
0.18653589487075806
0.18653494119644165
0.1865396499633789
0.18653571605682373
0.18653646111488342
0.18653376400470734
0.1865348219871521
0.1865338832139969
0.18653321266174316
0.1865331083536148
0.1865330934524536
0.18653197586536407
0.1865326315164566
0.18653438985347748
0.1865340769290924
0.1865323930978775
0.18653303384780884
0.1865333616733551
0.18653126060962677
0.18653100728988647
0.18653152883052826
0.1865307092666626
0.18653401732444763
0.1865290403366089
0.18653090298175812
0.18653084337711334
0.18652889132499695
0.1865290105342865
0.18653161823749542
0.186528280377388
0.18652963638305664
0.18652796745300293
0.18652771413326263
0.18652726709842682
0.18652962148189545
0.18652378022670746
0.18652434647083282
0.18652594089508057
0.18652458488941193
0.1865234076976776
0.1865253746509552
0.18652506172657013
0.1865234375
0.18652480840682983
0.1865231841802597
0.1865251660346985
0.18652388453483582
0.18652312457561493
0.18652239441871643
0.1865224838256836
0.18652252852916718
0.18652348220348358
0.1865234076976776
0.1865222007036209
0.18652255833148956
0.18652184307575226
0.18652157485485077
0.18652255833148956
0.18652285635471344
0.18652109801769257
0.18652187287807465
0.18652217090129852
0.18652266263961792
0.18652114272117615
0.18652135133743286
0.18652044236660004
0.18652087450027466
0.18652208149433136
0.18652090430259705
0.1865195631980896
0.18652145564556122
0.1865198314189911
0.18651963770389557
0.18651936948299408
0.1865219622850418
0.18651995062828064
0.18651944398880005
0.18652047216892242
0.1865195333957672
0.18651892244815826
0.18652230501174927
0.1865198314189911
0.18651804327964783
0.18651920557022095
0.18651850521564484
0.18651898205280304
0.18651777505874634
0.18651914596557617
0.18651781976222992
0.18651793897151947
0.18651734292507172
0.18651708960533142
0.186518132686615
0.18651710450649261
0.18651778995990753
0.18651741743087769
0.1865178346633911
0.1865174025297165
0.1865176558494568
0.18651732802391052
0.18651634454727173
0.18651627004146576
0.18651647865772247
0.1865168958902359
0.18651621043682098
0.1865159124135971
0.1865159124135971
0.18651576340198517
0.1865159124135971
0.18651583790779114
0.18651528656482697
0.186515673995018
0.18651486933231354
0.18651609122753143
0.1865146905183792
0.18651573359966278
0.1865149289369583
0.18651407957077026
0.18651574850082397
0.1865147203207016
0.18651515245437622
0.18651533126831055
0.18651361763477325
0.18651381134986877
0.186513751745224
0.1865132749080658
0.186513289809227
0.18651387095451355
0.1865134984254837
0.1865130364894867
0.18651291728019714
0.18651296198368073
0.1865129917860031
0.18651235103607178
0.18651242554187775
0.18651100993156433
0.1865106225013733
0.1865111142396927
0.18651089072227478
0.1865110695362091
0.18651078641414642
0.1865110695362091
0.18651123344898224
0.18651041388511658
0.1865110695362091
0.18651053309440613
0.1865101456642151
0.1865120530128479
0.18651029467582703
0.18651001155376434
0.18650999665260315
0.18650974333286285
0.18651007115840912
0.18650992214679718
0.18650977313518524
0.1865101456642151
0.18650996685028076
0.18651032447814941
0.1865098774433136
0.18650993704795837
0.18651023507118225
0.1865103542804718
0.1865096539258957
0.18650926649570465
0.18650972843170166
0.18650920689105988
0.18650943040847778
0.18650953471660614
0.18650975823402405
0.18650902807712555
0.18650959432125092
0.186509370803833
0.1865103840827942
0.18650954961776733
0.1865089386701584
0.1865091621875763
0.1865091323852539
0.18650870025157928
0.18650951981544495
0.18650895357131958
0.1865088939666748
0.1865088790655136
0.18650831282138824
0.18650837242603302
0.1865088939666748
0.186508446931839
0.18650850653648376
0.18650862574577332
0.18650847673416138
0.18650834262371063
0.1865081936120987
0.1865081936120987
0.18650825321674347
0.18650826811790466
0.18650801479816437
0.18650822341442108
0.18650807440280914
0.18650808930397034
0.186508908867836
0.18650798499584198
0.18650779128074646
0.18650774657726288
0.18650755286216736
0.1865072399377823
0.18650780618190765
0.18650752305984497
0.18650706112384796
0.18650752305984497
0.18650701642036438
0.18650712072849274
0.18650728464126587
0.18650734424591064
0.18650728464126587
0.18650732934474945
0.186506986618042
0.18650707602500916
0.18650704622268677
0.1865067332983017
0.18650686740875244
0.18650658428668976
0.18650682270526886
0.18650689721107483
0.1865067332983017
0.18650685250759125
0.18650662899017334
0.18650676310062408
0.18650653958320618
0.1865064948797226
0.18650664389133453
0.18650685250759125
0.18650618195533752
0.18650618195533752
0.18650661408901215
0.18650595843791962
0.18650619685649872
0.1865057796239853
0.18650569021701813
0.1865060031414032
0.18650557100772858
0.18650579452514648
0.1865062564611435
0.18650560081005096
0.18650536239147186
0.18650563061237335
0.18650512397289276
0.18650513887405396
0.1865057498216629
0.1865057349205017
0.1865052580833435
0.1865059733390808
0.18650563061237335
0.18650539219379425
0.18650512397289276
0.18650539219379425
0.1865052580833435
0.1865052878856659
0.18650488555431366
0.18650510907173157
0.18650485575199127
0.18650498986244202
0.1865050494670868
0.18650512397289276
0.18650494515895844
0.18650467693805695
0.18650470674037933
0.18650470674037933
0.18650482594966888
0.18650434911251068
0.186504527926445
0.1865045726299286
0.1865047961473465
0.18650443851947784
0.1865042746067047
0.18650446832180023
0.18650539219379425
0.186504527926445
0.18650461733341217
0.18650422990322113
0.18650417029857635
0.18650445342063904
0.18650420010089874
0.186504065990448
0.1865040808916092
0.18650421500205994
0.18650409579277039
0.18650537729263306
0.186504065990448
0.18650385737419128
0.18650388717651367
0.18650364875793457
0.18650394678115845
0.18650351464748383
0.18650348484516144
0.18650363385677338
0.18650388717651367
0.18650376796722412
0.18650396168231964
0.18650390207767487
0.18650338053703308
0.18650348484516144
0.18650326132774353
0.18650385737419128
0.18650344014167786
0.18650326132774353
0.18650314211845398
0.18650339543819427
0.18650373816490173
