0.6911026835441589
0.626124382019043
0.577812135219574
0.5325613617897034
0.5026373267173767
0.4845374524593353
0.47384926676750183
0.46450185775756836
0.4550233483314514
0.4453027546405792
0.43667757511138916
0.42939913272857666
0.4226829409599304
0.4168015122413635
0.41123971343040466
0.40595749020576477
0.40303412079811096
0.40079623460769653
0.39876529574394226
0.39765533804893494
0.3966279625892639
0.39628997445106506
0.39494290947914124
0.3944914638996124
0.39378562569618225
0.3933385908603668
0.3931492269039154
0.3919338583946228
0.3925570845603943
0.3917680084705353
0.39071163535118103
0.390155166387558
0.39062100648880005
0.3892958462238312
0.3893248438835144
0.38882336020469666
0.3888324499130249
0.38807347416877747
0.3878439664840698
0.3870212435722351
0.3867424726486206
0.3863961398601532
0.38620060682296753
0.3858755826950073
0.38565319776535034
0.38571131229400635
0.3849949538707733
0.38485080003738403
0.384268581867218
0.38425883650779724
0.383811891078949
0.38389521837234497
0.38333001732826233
0.3835151493549347
0.38319316506385803
0.38287582993507385
0.38267847895622253
0.38242289423942566
0.38216662406921387
0.3819633722305298
0.38166093826293945
0.38172447681427
0.3816835284233093
0.38140082359313965
0.38144487142562866
0.38104620575904846
0.3808424174785614
0.380625456571579
0.3809491991996765
0.3804974853992462
0.3802379369735718
0.38011443614959717
0.3803914189338684
0.3800669014453888
0.3798457086086273
0.3798631429672241
0.3798442780971527
0.38041040301322937
0.37981554865837097
0.37949198484420776
0.37910494208335876
0.37927454710006714
0.3791711926460266
0.37924739718437195
0.37924766540527344
0.37883448600769043
0.3789825141429901
0.3784584701061249
0.37859442830085754
0.3789999186992645
0.3783904016017914
0.3783325254917145
0.3783547282218933
0.3785495460033417
0.3784409165382385
0.3782283365726471
0.3782300651073456
0.3780435621738434
0.3780994415283203
0.37803465127944946
0.3781505525112152
0.3778640925884247
0.37783586978912354
0.37786561250686646
0.37754255533218384
0.3775463402271271
0.3777085244655609
0.37767648696899414
0.3772585093975067
0.3774847388267517
0.3772866427898407
0.37734878063201904
0.37714266777038574
0.3770909309387207
0.3770984411239624
0.3772757351398468
0.3771457374095917
0.37684765458106995
0.37716636061668396
0.37713608145713806
0.37686097621917725
0.3769693374633789
0.37700003385543823
0.3766157627105713
0.3771481215953827
0.3764881193637848
0.3766416311264038
0.3762175440788269
0.3762337863445282
0.3765595257282257
0.3762710988521576
0.3763597309589386
0.3761138916015625
0.37610724568367004
0.3759307265281677
0.37580183148384094
0.375836044549942
0.3756735026836395
0.37580156326293945
0.3759346902370453
0.37546736001968384
0.3752935826778412
0.3751986026763916
0.37562188506126404
0.3753994405269623
0.3752343952655792
0.37508541345596313
0.37581709027290344
0.37523120641708374
0.3749931752681732
0.3751237094402313
0.37530410289764404
0.3749528229236603
0.37473955750465393
0.37457457184791565
0.3748711943626404
0.3748444616794586
0.3745279908180237
0.37486332654953003
0.3746306300163269
0.37452661991119385
0.3745628297328949
0.3746669888496399
0.3743600845336914
0.37408125400543213
0.37449854612350464
0.3744501769542694
0.37422436475753784
0.3741758465766907
0.3741609752178192
0.37408360838890076
0.3738270401954651
0.3739674687385559
0.37405335903167725
0.3736691176891327
0.373931348323822
0.37446486949920654
0.37438592314720154
0.37439626455307007
0.37408238649368286
0.37418419122695923
0.3742391765117645
0.37456759810447693
0.37435436248779297
0.37388870120048523
0.37356287240982056
0.3734029233455658
0.373762845993042
0.3735005557537079
0.37345895171165466
0.37375181913375854
0.373518705368042
0.3734109401702881
0.3733944892883301
0.37357619404792786
0.37346142530441284
0.37310463190078735
0.37341809272766113
0.37321606278419495
0.37315815687179565
0.37302112579345703
0.3731788694858551
0.37299200892448425
0.3730017840862274
0.37317076325416565
0.37329623103141785
0.37285828590393066
0.372765451669693
0.37326207756996155
0.37299150228500366
0.3729243278503418
0.3726857900619507
0.37284398078918457
0.3728237748146057
0.3729577958583832
0.37277764081954956
0.3728632926940918
0.3727979362010956
0.37373313307762146
0.37286800146102905
0.37268438935279846
0.372807115316391
0.37265169620513916
0.3728002905845642
0.37263602018356323
0.37238454818725586
0.3722352683544159
0.3724207282066345
0.3724592626094818
0.3725648820400238
0.37231123447418213
0.3725395202636719
0.3725368082523346
0.3725333511829376
0.3726274073123932
0.3723336160182953
0.3726266324520111
0.3724268674850464
0.3722544312477112
0.3728002607822418
0.3724772036075592
0.3721281588077545
0.37221550941467285
0.37330612540245056
0.37215834856033325
0.37233448028564453
0.37237149477005005
0.3728575110435486
0.372449666261673
0.37256091833114624
0.37247616052627563
0.3721064627170563
0.372274786233902
0.3720216453075409
0.3723338544368744
0.3719639480113983
0.3724377751350403
0.3723132610321045
0.37223222851753235
0.37197938561439514
0.37174853682518005
0.37194445729255676
0.37219786643981934
0.3722456097602844
0.3724830150604248
0.37218818068504333
0.37216469645500183
0.3719169497489929
0.37193161249160767
0.3719501793384552
0.3719487488269806
0.37163057923316956
0.3716571629047394
0.3716263473033905
0.37164929509162903
0.37176868319511414
0.3715606927871704
0.371498167514801
0.3715309202671051
0.3716564178466797
0.37151703238487244
0.3715450167655945
0.371599018573761
0.3716641664505005
0.3714407980442047
0.3715723156929016
0.37146976590156555
0.37143394351005554
0.37143298983573914
0.37140700221061707
0.3714141249656677
0.3714011311531067
0.37152099609375
0.37182125449180603
0.3716588616371155
0.37169119715690613
0.3713850677013397
0.37142258882522583
0.3712855875492096
0.3713914752006531
0.3715178668498993
0.37143123149871826
0.3714051842689514
0.3714517056941986
0.37141650915145874
0.3714410066604614
0.37139061093330383
0.37128448486328125
0.37166857719421387
0.3712449073791504
0.371530145406723
0.37125542759895325
0.37130749225616455
0.3716188073158264
0.37120121717453003
0.37118709087371826
0.3713366687297821
0.3712574243545532
0.37130916118621826
0.3714636564254761
0.3713243007659912
0.37123680114746094
0.3712981343269348
0.3713182210922241
0.37126851081848145
0.3712480366230011
0.37123486399650574
0.37115952372550964
0.37142831087112427
0.3711821734905243
0.3713507056236267
0.3711656332015991
0.37114402651786804
0.371220201253891
0.3712097704410553
0.3711870014667511
0.3712024390697479
0.3711373507976532
0.3713029623031616
0.37118929624557495
0.37122389674186707
0.37148696184158325
0.371218740940094
0.37118154764175415
0.3710060119628906
0.3711852729320526
0.3711986839771271
0.37154561281204224
0.3712409436702728
0.3711211085319519
0.3710552752017975
0.37123316526412964
0.3711830675601959
0.37095609307289124
0.3711637556552887
0.37112027406692505
0.37111350893974304
0.3712538778781891
0.3712148666381836
0.3709711730480194
0.3712450861930847
0.37129518389701843
0.3710338771343231
0.371133416891098
0.3710048794746399
0.37101733684539795
0.3710417151451111
0.37109285593032837
0.371028333902359
0.3709157407283783
0.37110909819602966
0.3708358407020569
0.3708813786506653
0.3707822561264038
0.37088465690612793
0.37091150879859924
0.3707564175128937
0.3707675635814667
0.37080875039100647
0.3707908093929291
0.37082111835479736
0.37084898352622986
0.3707987070083618
0.3708893954753876
0.3707617223262787
0.37082377076148987
0.3707581162452698
0.37078073620796204
0.3707236349582672
0.37091436982154846
0.37084436416625977
0.3708042502403259
0.3708028495311737
0.37073084712028503
0.3707602918148041
0.3707738518714905
0.3707278370857239
0.3708440661430359
0.3707815110683441
0.37073367834091187
0.37077584862709045
0.3707185685634613
0.3707897663116455
0.37079256772994995
0.3707399070262909
0.37074294686317444
0.37086179852485657
0.37078025937080383
0.37074726819992065
0.3707068860530853
0.37070921063423157
0.37073561549186707
0.37068691849708557
0.37070268392562866
0.3707609474658966
0.37094205617904663
0.3708210587501526
0.3707352876663208
0.37070706486701965
0.3706570863723755
0.3707123100757599
0.37073245644569397
0.37072667479515076
0.3708917796611786
0.3707551956176758
0.37081918120384216
0.37083810567855835
0.37069618701934814
0.37064510583877563
0.3706800639629364
0.370777428150177
0.37079524993896484
0.37073206901550293
0.37065768241882324
0.37065398693084717
0.3706325888633728
0.3706555962562561
0.37066978216171265
0.3707599639892578
0.37065160274505615
0.37064024806022644
0.3706793785095215
0.3706914782524109
0.37066736817359924
0.3707424998283386
0.3706188499927521
0.3706619441509247
0.3706292510032654
0.370633602142334
0.3706514537334442
0.37070491909980774
0.37068575620651245
0.3706856966018677
0.3706088960170746
0.3706434667110443
0.37070342898368835
0.37067288160324097
0.3706194758415222
0.3707089424133301
0.3707238435745239
0.3706342577934265
0.3705810010433197
0.37058165669441223
0.37061452865600586
0.37066105008125305
0.37069135904312134
0.37064018845558167
0.37062591314315796
0.3706049621105194
0.37066757678985596
0.3705770969390869
0.3705419600009918
0.3704971671104431
0.3704816401004791
0.3704655170440674
0.37046390771865845
0.3704957365989685
0.37049993872642517
0.3705190420150757
0.3704715669155121
0.37050917744636536
0.3705214858055115
0.37047940492630005
0.3705294728279114
0.37050461769104004
0.3704458475112915
0.3704526126384735
0.37047192454338074
0.37044867873191833
0.37050384283065796
0.37045273184776306
0.37043729424476624
0.3704755902290344
0.3704352378845215
0.37044787406921387
0.37043991684913635
0.3704243004322052
0.37042829394340515
0.37047916650772095
0.37049680948257446
0.3704514801502228
0.37040627002716064
0.3704478442668915
0.37043842673301697
0.3703867197036743
0.37046167254447937
0.3704371452331543
0.3704127371311188
0.3705151379108429
0.3704572319984436
0.3704359531402588
0.3704299330711365
0.37039104104042053
0.37040814757347107
0.37037184834480286
0.3704032599925995
0.37039390206336975
0.37039026618003845
0.37038564682006836
0.3703993856906891
0.370384156703949
0.37034299969673157
0.3703506588935852
0.3704111576080322
0.3703712821006775
0.3703637719154358
0.3704415559768677
0.37036266922950745
0.3704085350036621
0.37034711241722107
0.3703603744506836
0.37034544348716736
0.370403528213501
0.37034574151039124
0.37032249569892883
0.37034258246421814
0.37036293745040894
0.3703220784664154
0.37034115195274353
0.370332807302475
0.37032806873321533
0.37032079696655273
0.37037187814712524
0.37028688192367554
0.3704005181789398
0.3703841269016266
0.3703489899635315
0.37035560607910156
0.3703116774559021
0.3703213334083557
0.3704180121421814
0.37030404806137085
0.37028834223747253
0.37032702565193176
0.37030529975891113
0.37030544877052307
0.37026649713516235
0.37030351161956787
0.3703003227710724
0.3702666759490967
0.3702961802482605
0.37029343843460083
0.3703226149082184
0.3702971041202545
0.37028586864471436
0.3702949583530426
0.3703056573867798
0.37034720182418823
0.3702775239944458
0.37029704451560974
0.37027469277381897
0.37024569511413574
0.370210200548172
0.3702157139778137
0.37020549178123474
0.37020033597946167
0.3702259957790375
0.37020745873451233
0.3702038526535034
0.37020015716552734
0.3702068626880646
0.37020084261894226
0.3702046573162079
0.37020179629325867
0.37018725275993347
0.370198518037796
0.37021714448928833
0.3702162802219391
0.37020397186279297
0.37019240856170654
0.37018531560897827
0.3701886236667633
0.3701905906200409
0.37023720145225525
0.37018388509750366
0.37018588185310364
0.37019333243370056
0.37017127871513367
0.37019050121307373
0.3702087700366974
0.37023892998695374
0.3701794445514679
0.37017711997032166
0.37018468976020813
0.37016069889068604
0.37017157673835754
0.3701871335506439
0.37017345428466797
0.37017086148262024
0.3701660931110382
0.3701716959476471
0.37016919255256653
0.3701988756656647
0.3701649606227875
0.37015780806541443
0.37017935514450073
0.37015262246131897
0.37015005946159363
0.37021198868751526
0.37015771865844727
0.3701595962047577
0.3701476752758026
0.37017104029655457
0.37014949321746826
0.3701445758342743
0.3701585531234741
0.3701503872871399
0.3701450526714325
0.3701525032520294
0.37017735838890076
0.37018465995788574
0.3701515197753906
0.3701465129852295
0.3701546788215637
0.3701455891132355
0.37015947699546814
0.3701706826686859
0.3701375126838684
0.37015649676322937
0.37014469504356384
0.3701236844062805
0.3701309859752655
0.37014514207839966
0.37013471126556396
0.37015581130981445
0.37013494968414307
0.3701300621032715
0.370135098695755
0.37013328075408936
0.3701513409614563
0.3701348900794983
0.37013188004493713
0.370118111371994
0.37013429403305054
0.37017273902893066
0.37013915181159973
0.3701270818710327
0.3701179325580597
0.3701503872871399
0.3701123595237732
0.3701194226741791
0.3700980246067047
0.3701174557209015
0.3701286315917969
0.37012171745300293
0.37010663747787476
0.3701311945915222
0.37012165784835815
0.3701215386390686
0.3701145052909851
0.37011757493019104
0.3701022267341614
0.37007978558540344
0.3700900375843048
0.3700803220272064
0.3700851798057556
0.37007683515548706
0.37007805705070496
0.37008681893348694
0.3700821101665497
0.370084285736084
0.37007543444633484
0.37007859349250793
0.3700733780860901
0.3700801730155945
0.3700849115848541
0.3700757324695587
0.37007179856300354
0.37009379267692566
0.3700789511203766
0.3700796961784363
0.370087206363678
0.37006697058677673
0.3700769543647766
0.3700745105743408
0.37006598711013794
0.3700713515281677
0.3700706362724304
0.3700713813304901
0.3700774908065796
0.370077520608902
0.37007227540016174
0.3700639307498932
0.3700682818889618
0.37006691098213196
0.3700706362724304
0.3700806498527527
0.3700711131095886
0.37005698680877686
0.37006357312202454
0.3700602650642395
0.3700665831565857
0.3700729310512543
0.37006875872612
0.37008124589920044
0.3700826168060303
0.370063841342926
0.37006545066833496
0.3700892925262451
0.37005749344825745
0.37006357312202454
0.37005454301834106
0.3700554370880127
0.3700646758079529
0.3700646460056305
0.3700667917728424
0.3700648844242096
0.3700577914714813
0.3700760006904602
0.37004968523979187
0.3700501620769501
0.3700562119483948
0.3700694143772125
0.3700503706932068
0.37005266547203064
0.3700519800186157
0.37005800008773804
0.3700604736804962
0.3700481653213501
0.37006205320358276
0.3700430989265442
0.37004733085632324
0.37005260586738586
0.37004515528678894
0.3700571656227112
0.37003687024116516
0.3700424134731293
0.37004005908966064
0.37004128098487854
0.3700493276119232
0.37006187438964844
0.37005615234375
0.3700476586818695
0.3700471520423889
0.37004685401916504
0.370045006275177
0.3700443506240845
0.3700424134731293
0.37004804611206055
0.370038241147995
0.37004354596138
0.37003958225250244
0.37003570795059204
0.37003612518310547
0.37004324793815613
0.3700432777404785
0.370048463344574
0.3700520694255829
0.37004950642585754
0.3700357973575592
0.37005916237831116
0.3700290620326996
0.37003034353256226
0.3700244128704071
0.3700288236141205
0.3700309693813324
0.37001991271972656
0.3700255751609802
0.37002477049827576
0.3700249195098877
0.3700219690799713
0.3700251281261444
0.37002021074295044
0.37002092599868774
0.37001752853393555
0.37001949548721313
0.3700210750102997
0.37001797556877136
0.37002259492874146
0.3700181841850281
0.37001925706863403
0.3700205087661743
0.3700181245803833
0.3700215220451355
0.3700147867202759
0.37002086639404297
0.3700178861618042
0.3700171709060669
0.37001726031303406
0.37001702189445496
0.3700200617313385
0.37001514434814453
0.37002524733543396
0.3700132369995117
0.3700207471847534
0.37001723051071167
0.3700146973133087
0.37001460790634155
0.37001460790634155
0.37001800537109375
0.37001651525497437
0.37001222372055054
0.3700246214866638
0.37001335620880127
0.3700103461742401
0.37001127004623413
0.37001147866249084
0.3700133264064789
0.370013564825058
0.37001025676727295
0.37001603841781616
0.3700113296508789
0.3700125813484192
0.3700128197669983
0.3700132668018341
0.37001124024391174
0.3700117766857147
0.37001127004623413
0.37000998854637146
0.3700142502784729
0.37000972032546997
0.370023250579834
0.3700108528137207
0.3700087368488312
0.3700129985809326
0.3700134754180908
0.3700121343135834
0.3700069487094879
0.37001198530197144
0.37000519037246704
0.3700089156627655
0.3700074553489685
0.3700125217437744
0.370005339384079
0.3700079917907715
0.3700059950351715
0.37001246213912964
0.37000754475593567
0.3700098693370819
0.37000852823257446
0.37000903487205505
0.37000545859336853
0.370004802942276
0.370002418756485
0.37000492215156555
0.3700036406517029
0.3700082004070282
0.3700008988380432
0.37001490592956543
0.36999911069869995
0.3700048625469208
0.37000688910484314
0.3700009286403656
0.37000417709350586
0.37000393867492676
0.3700026273727417
0.3700031638145447
0.37000077962875366
0.37000611424446106
0.3700009286403656
0.37000396847724915
0.3700006902217865
0.3699994683265686
0.36999472975730896
0.3699953854084015
0.36999520659446716
0.3699967861175537
0.3699948489665985
0.36999717354774475
0.3699946999549866
0.36999577283859253
0.36999374628067017
0.37000012397766113
0.36999252438545227
0.3699938952922821
0.36999645829200745
0.36999207735061646
0.3699948489665985
0.3699924945831299
0.3699951171875
0.36999332904815674
0.36999374628067017
0.3699928820133209
0.36999163031578064
0.3699919283390045
0.36999422311782837
0.36999648809432983
0.3699912428855896
0.3699934482574463
0.3699919879436493
0.3699932396411896
0.3699912428855896
0.3699904680252075
0.36999136209487915
0.3699900805950165
0.36998873949050903
0.3699907958507538
0.36999189853668213
0.36999356746673584
0.3699931204319
0.36999228596687317
0.36999082565307617
0.3699902296066284
0.3699946999549866
0.36999088525772095
0.3699905276298523
0.369987815618515
0.36998817324638367
0.36998894810676575
0.36999091506004333
0.3699893057346344
0.3699886202812195
0.36999037861824036
0.3699881434440613
0.36998966336250305
0.369987815618515
0.36998865008354187
0.36998775601387024
0.3699876666069031
0.3699876070022583
0.3699893653392792
0.36998677253723145
0.36998793482780457
0.3699873387813568
0.36998820304870605
0.3699891269207001
0.3699865937232971
0.3699904978275299
0.3699849843978882
0.3699873685836792
0.3699903190135956
0.36998608708381653
0.3699878454208374
0.3699862062931061
0.369986355304718
0.36998724937438965
0.369984894990921
0.3699844479560852
0.36998841166496277
0.36998528242111206
0.36998456716537476
0.36998409032821655
0.36998769640922546
0.36998677253723145
0.36998888850212097
0.3699840009212494
0.36998820304870605
0.36998286843299866
0.36998406052589417
0.3699846565723419
0.36998793482780457
0.3699837625026703
0.3699856698513031
0.36998340487480164
0.3699857294559479
0.3699825406074524
0.36998340487480164
0.36998626589775085
0.3699856400489807
0.36998528242111206
0.3699818253517151
0.3699793219566345
0.3699799180030823
0.36998260021209717
0.36997929215431213
0.369979590177536
0.36998000741004944
0.369981050491333
0.36998066306114197
0.36997920274734497
0.36998113989830017
0.3699800968170166
0.36997881531715393
0.36997926235198975
0.36997976899147034
0.3699798285961151
0.3699800670146942
0.3699811100959778
0.3699794411659241
0.36997923254966736
0.36997905373573303
0.36998024582862854
0.3699791729450226
0.3699798285961151
0.36997872591018677
0.36997902393341064
0.3699786067008972
0.3699789047241211
0.36997950077056885
0.36997926235198975
0.3699791431427002
0.36997926235198975
0.36997824907302856
0.3699803948402405
0.3699781596660614
0.369978666305542
0.36997780203819275
0.3699786067008972
0.3699783980846405
0.36997872591018677
0.36997827887535095
0.3699776828289032
0.3699774146080017
0.36997896432876587
0.3699791431427002
0.36997780203819275
0.36997801065444946
0.36997804045677185
0.36997759342193604
0.3699767291545868
0.3699783384799957
0.36997735500335693
0.36997711658477783
0.36997830867767334
0.3699767589569092
0.3699789047241211
0.3699771761894226
0.3699776232242584
0.3699769377708435
0.36997756361961365
0.3699772357940674
0.36997655034065247
0.3699766993522644
0.3699771463871002
0.3699769377708435
0.36997878551483154
0.3699752986431122
0.36997678875923157
0.36997708678245544
0.36997607350349426
0.3699760437011719
0.3699760437011719
0.369977205991745
0.3699779212474823
0.3699759244918823
0.369974821805954
0.3699757754802704
0.369976669549942
0.3699755072593689
0.3699755370616913
0.36997535824775696
0.3699776530265808
0.3699764013290405
0.3699752390384674
0.3699786067008972
0.3699764013290405
0.36997470259666443
0.3699752986431122
0.3699752986431122
0.36997485160827637
0.36997613310813904
0.3699754774570465
0.36997586488723755
0.3699752986431122
0.3699769079685211
0.36997535824775696
0.36997467279434204
0.3699755370616913
0.36997413635253906
0.3699747920036316
0.36997494101524353
0.36997321248054504
0.3699730932712555
0.3699738681316376
0.36997345089912415
0.3699738681316376
0.36997339129447937
0.36997315287590027
0.3699727952480316
0.3699745833873749
0.36997315287590027
0.36997368931770325
0.36997294425964355
0.36997246742248535
0.3699723780155182
0.3699730932712555
0.36997267603874207
0.36997294425964355
0.36997273564338684
0.3699725568294525
0.36997246742248535
0.3699725866317749
0.369972825050354
0.36997276544570923
0.369972825050354
0.369972825050354
0.36997225880622864
0.36997249722480774
0.3699726164340973
0.36997300386428833
0.3699725866317749
0.3699723780155182
0.3699721693992615
0.3699721693992615
0.3699725270271301
0.3699723482131958
0.3699723184108734
0.36997294425964355
0.36997297406196594
0.3699719309806824
0.3699721395969391
0.3699723780155182
0.3699721395969391
0.3699719309806824
0.3699721097946167
0.3699723780155182
0.3699718415737152
0.3699720799922943
0.36997222900390625
0.3699724078178406
0.3699723482131958
0.3699718713760376
0.36997172236442566
0.36997154355049133
0.3699720501899719
0.36997172236442566
0.3699720799922943
0.3699718713760376
0.3699716627597809
0.36997097730636597
0.3699721395969391
0.3699724078178406
0.3699727952480316
0.3699723184108734
0.3699711263179779
0.36997145414352417
0.3699721395969391
0.36997172236442566
0.36997169256210327
0.3699715733528137
0.36997225880622864
0.36997154355049133
0.36997124552726746
0.3699709475040436
0.36997145414352417
0.36997076869010925
0.3699711561203003
0.36997100710868835
0.3699710965156555
0.36997270584106445
0.3699713945388794
0.36997050046920776
0.36997145414352417
0.36997076869010925
0.369972288608551
0.36997130513191223
0.36997079849243164
0.36997100710868835
0.3699709475040436
0.36997148394584656
0.36997056007385254
0.3699708878993988
0.369970440864563
0.36997050046920776
0.36997172236442566
0.3699706792831421
0.36997056007385254
0.36997029185295105
0.3699713349342346
0.36997172236442566
0.369970440864563
0.3699697256088257
0.36996960639953613
0.36996954679489136
0.36996960639953613
0.3699702024459839
0.3699699342250824
0.36996960639953613
0.36997005343437195
0.36997008323669434
0.36996954679489136
0.36997005343437195
0.36997002363204956
0.3699699342250824
0.36996978521347046
0.36996954679489136
0.36996936798095703
0.36996954679489136
0.3699696362018585
0.3699699640274048
0.3699694573879242
0.36996960639953613
0.36996957659721375
0.3699693977832794
0.3699699640274048
0.3699694573879242
0.3699694871902466
0.3699696958065033
0.36996975541114807
0.36996951699256897
0.36996927857398987
0.3699694871902466
0.36996954679489136
0.3699692487716675
0.3699692487716675
0.36996981501579285
0.3699689209461212
0.3699691593647003
0.36996927857398987
0.36996933817863464
0.36996930837631226
0.3699691891670227
0.3699693977832794
0.36996927857398987
0.3699693977832794
0.36996936798095703
0.3699689507484436
0.3699689507484436
0.3699689507484436
0.36996933817863464
0.3699690103530884
0.36996912956237793
0.3699692487716675
0.36996886134147644
0.36996906995773315
0.3699696958065033
0.36996912956237793
0.3699694871902466
0.36996912956237793
0.36996912956237793
0.3699686825275421
0.36996933817863464
0.3699691593647003
0.36996906995773315
0.3699687123298645
0.3699689507484436
0.36996886134147644
0.36996886134147644
0.36996889114379883
0.36996883153915405
0.36996904015541077
0.36996909976005554
0.3699691593647003
0.36996886134147644
0.36996889114379883
0.3699686825275421
0.36996960639953613
0.3699687719345093
0.36996880173683167
0.3699687123298645
0.3699687719345093
0.3699687123298645
0.36996856331825256
0.3699687719345093
0.36996886134147644
0.3699686825275421
0.3699687123298645
0.3699684739112854
0.3699684143066406
0.3699686825275421
0.36996880173683167
0.36996862292289734
0.36996835470199585
0.36996859312057495
0.36996856331825256
0.3699687123298645
0.36996862292289734
0.3699684739112854
0.3699685335159302
0.3699684739112854
0.3699682652950287
0.3699682652950287
0.3699679672718048
0.3699679374694824
0.36996808648109436
0.3699679970741272
0.3699679672718048
0.3699679374694824
0.36996790766716003
0.3699679672718048
0.3699679374694824
0.36996814608573914
0.3699679672718048
0.3699679374694824
0.3699679970741272
0.3699680268764496
0.3699679374694824
0.3699682056903839
0.3699680268764496
0.3699680268764496
0.3699679374694824
0.36996808648109436
0.36996811628341675
0.3699677884578705
0.3699679672718048
0.36996787786483765
0.3699680268764496
0.3699679374694824
0.3699677884578705
0.3699679374694824
0.3699679374694824
0.3699677586555481
0.3699677884578705
0.36996811628341675
0.3699677884578705
0.36996811628341675
0.36996790766716003
0.36996808648109436
0.3699677884578705
0.3699677884578705
0.36996787786483765
0.3699677288532257
0.36996790766716003
0.36996766924858093
0.36996763944625854
0.36996766924858093
0.3699677586555481
0.3699679672718048
0.3699677884578705
0.3699681758880615
0.3699676990509033
0.3699677586555481
0.3699677884578705
0.3699677884578705
0.36996811628341675
0.3699675500392914
0.3699676990509033
0.36996784806251526
0.36996763944625854
0.369967520236969
0.36996760964393616
0.36996760964393616
0.36996760964393616
0.36996763944625854
0.3699675500392914
0.369967520236969
0.3699677884578705
0.36996743083000183
0.3699677884578705
0.36996760964393616
0.3699674904346466
0.36996760964393616
0.3699674904346466
0.36996760964393616
0.369967520236969
0.36996766924858093
0.369967520236969
0.36996763944625854
0.3699674606323242
0.369967520236969
0.3699675500392914
0.36996760964393616
0.3699674904346466
0.3699674606323242
0.3699674904346466
0.3699677884578705
0.3699675500392914
0.36996760964393616
0.3699677884578705
0.36996740102767944
0.3699676990509033
0.369967520236969
0.3699674904346466
0.369967520236969
0.36996740102767944
0.3699674904346466
0.36996734142303467
0.36996740102767944
0.3699673116207123
0.36996734142303467
0.369967520236969
0.3699672818183899
0.36996734142303467
0.36996716260910034
0.3699672520160675
0.36996716260910034
0.36996734142303467
0.3699672520160675
0.3699672818183899
0.3699672222137451
0.36996719241142273
0.36996716260910034
0.3699670732021332
0.3699672222137451
0.3699670732021332
0.36996710300445557
0.36996719241142273
0.36996719241142273
0.3699670732021332
0.3699672222137451
0.36996710300445557
0.36996716260910034
0.3699670732021332
0.36996710300445557
0.36996716260910034
0.3699670732021332
0.3699672520160675
0.3699670732021332
0.3699670433998108
0.36996719241142273
0.3699670732021332
0.36996716260910034
0.3699670732021332
0.3699672222137451
0.369966983795166
0.36996710300445557
0.36996719241142273
0.36996719241142273
0.3699670732021332
0.3699670732021332
0.36996716260910034
0.369966983795166
0.3699670135974884
0.36996719241142273
0.3699670433998108
0.3699670732021332
0.3699670135974884
0.36996710300445557
0.3699670433998108
0.369966983795166
0.36996695399284363
0.3699670732021332
0.3699672818183899
0.36996710300445557
0.36996710300445557
0.36996710300445557
0.36996716260910034
0.3699670433998108
0.3699670732021332
0.36996710300445557
0.369966983795166
0.3699670433998108
0.3699670732021332
0.369966983795166
0.3699670433998108
0.36996686458587646
0.3699670433998108
0.3699670433998108
0.369966983795166
0.369966983795166
0.3699670732021332
0.3699670135974884
0.3699670135974884
0.369966983795166
0.3699670433998108
0.369966983795166
0.3699670433998108
0.36996695399284363
0.369966983795166
0.3699670732021332
0.3699670135974884
0.3699670135974884
0.36996695399284363
0.36996692419052124
0.3699670135974884
0.3699670433998108
0.36996686458587646
0.369966983795166
0.36996686458587646
0.36996692419052124
0.369966983795166
0.36996695399284363
0.36996692419052124
0.36996695399284363
0.3699670135974884
0.369966983795166
0.36996695399284363
0.369966983795166
0.3699668347835541
0.36996686458587646
0.369966983795166
0.3699667453765869
0.36996686458587646
0.3699668347835541
0.3699667453765869
0.36996692419052124
0.36996692419052124
0.3699668049812317
0.3699667751789093
0.3699667453765869
0.3699667751789093
0.3699667155742645
0.3699667751789093
0.3699668049812317
0.3699667453765869
0.3699667453765869
0.3699667155742645
0.3699667453765869
0.3699667155742645
0.3699667751789093
0.3699667453765869
0.3699667155742645
0.3699667155742645
0.3699667751789093
0.3699667751789093
0.3699667155742645
0.3699668049812317
0.3699667751789093
0.3699667751789093
0.3699668049812317
0.3699667453765869
