0.5892196893692017
0.4804622530937195
0.4222303032875061
0.4036046266555786
0.39352113008499146
0.38861358165740967
0.38308897614479065
0.38257721066474915
0.3788965344429016
0.3778594732284546
0.37407374382019043
0.3732254207134247
0.37187352776527405
0.37296003103256226
0.3664000332355499
0.36900031566619873
0.3685322105884552
0.3638053834438324
0.362120658159256
0.36135074496269226
0.3591148853302002
0.35726797580718994
0.35781851410865784
0.3592766523361206
0.3566271960735321
0.35499078035354614
0.35232454538345337
0.35365256667137146
0.35111090540885925
0.34881430864334106
0.3497053384780884
0.3472203314304352
0.3454750180244446
0.3445388674736023
0.34347251057624817
0.3412801921367645
0.34090086817741394
0.33851295709609985
0.33693361282348633
0.33551064133644104
0.33447471261024475
0.3392578661441803
0.3341663181781769
0.3326992392539978
0.33017560839653015
0.3296692669391632
0.3279670178890228
0.32679522037506104
0.32395148277282715
0.3247102200984955
0.3221576511859894
0.3200322687625885
0.3191220462322235
0.3146829903125763
0.31663772463798523
0.3144116997718811
0.31199344992637634
0.31200718879699707
0.3072090446949005
0.3056683838367462
0.30463454127311707
0.3071301579475403
0.2994060516357422
0.298018217086792
0.29763197898864746
0.29516875743865967
0.292654812335968
0.2905830144882202
0.29008978605270386
0.28624841570854187
0.28915953636169434
0.2856820523738861
0.28202903270721436
0.28471890091896057
0.2762007415294647
0.2738594710826874
0.27744999527931213
0.2721955180168152
0.2678266167640686
0.2694278657436371
0.2672070264816284
0.26334959268569946
0.26518917083740234
0.25987833738327026
0.26527848839759827
0.26014649868011475
0.25292810797691345
0.2539669871330261
0.25067076086997986
0.2484915852546692
0.2476540505886078
0.24589437246322632
0.24515078961849213
0.24352797865867615
0.24565166234970093
0.2424306720495224
0.24303200840950012
0.24390926957130432
0.24174025654792786
0.23546330630779266
0.235160693526268
0.23663626611232758
0.23056712746620178
0.22951921820640564
0.22786816954612732
0.23794765770435333
0.23138870298862457
0.22795294225215912
0.2257121354341507
0.222244992852211
0.22368240356445312
0.2221149206161499
0.21686606109142303
0.2203308790922165
0.21134385466575623
0.2091020941734314
0.20792779326438904
0.2064671665430069
0.21001113951206207
0.20300202071666718
0.2042781412601471
0.20604026317596436
0.20272819697856903
0.20129486918449402
0.20221057534217834
0.20310528576374054
0.20189717411994934
0.20289872586727142
0.19925932586193085
0.1978796124458313
0.19840948283672333
0.1949097365140915
0.19568170607089996
0.1950787454843521
0.19379529356956482
0.1937030553817749
0.19631311297416687
0.1937156468629837
0.19580987095832825
0.19548791646957397
0.19371414184570312
0.1901087462902069
0.19029703736305237
0.18969601392745972
0.19212013483047485
0.1881209909915924
0.1900150626897812
0.18611833453178406
0.1856854259967804
0.18498297035694122
0.18700136244297028
0.18402311205863953
0.1821443736553192
0.1840566098690033
0.1826227903366089
0.18114137649536133
0.18020246922969818
0.18193493783473969
0.18105076253414154
0.17979343235492706
0.17959226667881012
0.18068356812000275
0.17885397374629974
0.17734363675117493
0.17920373380184174
0.1765526831150055
0.1763383150100708
0.17454729974269867
0.17445802688598633
0.17358273267745972
0.17501956224441528
0.17544640600681305
0.17409908771514893
0.1728995442390442
0.16991783678531647
0.1705997884273529
0.1702219396829605
0.16910845041275024
0.16973353922367096
0.16916784644126892
0.16833564639091492
0.16764594614505768
0.16756366193294525
0.16527843475341797
0.16466262936592102
0.16669252514839172
0.16486957669258118
0.1669854372739792
0.16369746625423431
0.1660173237323761
0.16400298476219177
0.16219627857208252
0.16595008969306946
0.16181159019470215
0.16382920742034912
0.16469475626945496
0.15975387394428253
0.16291502118110657
0.16015668213367462
0.15833830833435059
0.15644517540931702
0.15852312743663788
0.15917032957077026
0.16117562353610992
0.15810835361480713
0.1553070992231369
0.15791605412960052
0.15398050844669342
0.15467356145381927
0.15394435822963715
0.15276555716991425
0.15421557426452637
0.1548437625169754
0.15263685584068298
0.14862121641635895
0.1489693522453308
0.14839787781238556
0.14814844727516174
0.14791567623615265
0.14783915877342224
0.14699606597423553
0.14718469977378845
0.14633508026599884
0.14728429913520813
0.14556436240673065
0.1453039050102234
0.1444377303123474
0.1452641636133194
0.14671102166175842
0.14414864778518677
0.14360100030899048
0.14471372961997986
0.14463123679161072
0.14280717074871063
0.14451833069324493
0.14309771358966827
0.1427030861377716
0.1416885107755661
0.14140185713768005
0.1414220631122589
0.1422571837902069
0.14097248017787933
0.1423235684633255
0.14209014177322388
0.14066694676876068
0.14254635572433472
0.13973432779312134
0.14087094366550446
0.13941848278045654
0.13875527679920197
0.1388365775346756
0.13849197328090668
0.1383572816848755
0.13797996938228607
0.13879375159740448
0.13837428390979767
0.13753560185432434
0.13683290779590607
0.14135026931762695
0.1393701583147049
0.13729612529277802
0.13842125236988068
0.13719932734966278
0.13700805604457855
0.1368398219347
0.13536380231380463
0.13611353933811188
0.13471868634223938
0.1357249617576599
0.13468188047409058
0.13609899580478668
0.1345326006412506
0.13439102470874786
0.13459819555282593
0.13368630409240723
0.1350850611925125
0.13312725722789764
0.13265173137187958
0.13381999731063843
0.1329391598701477
0.132830411195755
0.13207221031188965
0.1324324905872345
0.1330285221338272
0.13376109302043915
0.1307172030210495
0.13079220056533813
0.13085132837295532
0.13110099732875824
0.13099618256092072
0.13134871423244476
0.1290331482887268
0.12991847097873688
0.13025331497192383
0.12943308055400848
0.12977822124958038
0.12970472872257233
0.1296885907649994
0.12962020933628082
0.12845870852470398
0.1285412609577179
0.12810620665550232
0.12729927897453308
0.12708595395088196
0.12712876498699188
0.12665943801403046
0.12714026868343353
0.1267748773097992
0.12716439366340637
0.12612752616405487
0.12613748013973236
0.12574352324008942
0.12505225837230682
0.127389594912529
0.12344901263713837
0.12325385212898254
0.12294457852840424
0.12368664145469666
0.12271925061941147
0.12285525351762772
0.12274295836687088
0.123212069272995
0.12225024402141571
0.12228991091251373
0.12252121418714523
0.12254875898361206
0.12164708971977234
0.12163003534078598
0.12134493142366409
0.12182685732841492
0.12138926982879639
0.12098024040460587
0.12125202268362045
0.1220678761601448
0.12137438356876373
0.12059848010540009
0.12079945206642151
0.12100493907928467
0.12065725773572922
0.12085766345262527
0.12040362507104874
0.12072893977165222
0.12019906938076019
0.1198561042547226
0.1201404333114624
0.11948899179697037
0.11952300369739532
0.11947587132453918
0.12006126344203949
0.11959391087293625
0.1195872575044632
0.1189972311258316
0.11911816895008087
0.11937941610813141
0.11851582676172256
0.11928141862154007
0.11993981897830963
0.11875766515731812
0.11929596960544586
0.11887308210134506
0.11819423735141754
0.11802036315202713
0.118974968791008
0.11822208017110825
0.11773274093866348
0.11836057156324387
0.1178148165345192
0.11822051554918289
0.11715863645076752
0.11743585020303726
0.11766672134399414
0.11838140338659286
0.11841993778944016
0.11675623804330826
0.11678096652030945
0.11651203036308289
0.11748161911964417
0.11700709164142609
0.11659856885671616
0.11663029342889786
0.11695235967636108
0.1162814050912857
0.11588839441537857
0.11617109179496765
0.11604297906160355
0.11540216952562332
0.11547072976827621
0.11568831652402878
0.1155892089009285
0.11522118002176285
0.11515872180461884
0.11576685309410095
0.11542506515979767
0.115054652094841
0.1155761331319809
0.11435098946094513
0.11472845822572708
0.11467047035694122
0.11485899984836578
0.11466256529092789
0.11472386121749878
0.11398353427648544
0.11479668319225311
0.11384005099534988
0.11454766988754272
0.11331149935722351
0.11369761824607849
0.11437828093767166
0.11344948410987854
0.11311056464910507
0.11336831003427505
0.11270331591367722
0.11286729574203491
0.11317013204097748
0.11214468628168106
0.11201576888561249
0.11186035722494125
0.11159292608499527
0.11161046475172043
0.11130464822053909
0.11123742163181305
0.11119512468576431
0.11114111542701721
0.11172696202993393
0.11115667223930359
0.11102999001741409
0.11120714247226715
0.11077167838811874
0.11089404672384262
0.11104951053857803
0.11081989854574203
0.11083988845348358
0.11062783747911453
0.11051589250564575
0.11075461655855179
0.1109968051314354
0.11040698736906052
0.11038272082805634
0.11029867082834244
0.11042515933513641
0.1103903204202652
0.11016061902046204
0.11044727265834808
0.11031550914049149
0.11043960601091385
0.11024300009012222
0.10985656827688217
0.11024317890405655
0.11010877043008804
0.10996686667203903
0.11009833961725235
0.10985267907381058
0.10988765954971313
0.11004392802715302
0.1097642257809639
0.11004441231489182
0.1101800948381424
0.10969690978527069
0.10978257656097412
0.10963505506515503
0.10932538658380508
0.10928887873888016
0.10968934744596481
0.10938461869955063
0.10904788970947266
0.10932306200265884
0.10951988399028778
0.10920840501785278
0.10959266126155853
0.10915427654981613
0.1090957447886467
0.1088031679391861
0.10874094069004059
0.10907452553510666
0.10939782112836838
0.10884159803390503
0.10870591551065445
0.10853441804647446
0.10829410701990128
0.1082276925444603
0.10827375203371048
0.10842244327068329
0.10890963673591614
0.10862835496664047
0.1085270568728447
0.10801976919174194
0.10870091617107391
0.10823909938335419
0.1078123077750206
0.1079983115196228
0.10794144123792648
0.10772740840911865
0.10753651708364487
0.10790808498859406
0.10752204805612564
0.10738755762577057
0.10780715942382812
0.10786792635917664
0.10773064196109772
0.10755447298288345
0.10740076750516891
0.10767189413309097
0.10755524039268494
0.10720812529325485
0.10721230506896973
0.10720869153738022
0.10825532674789429
0.10742180794477463
0.1069173589348793
0.10707702487707138
0.10751517862081528
0.1073581725358963
0.10713238269090652
0.10708186030387878
0.10652675479650497
0.10613230615854263
0.10624366998672485
0.10633976757526398
0.10613656789064407
0.10607773065567017
0.1061178520321846
0.10607166588306427
0.10597343742847443
0.10593396425247192
0.10603664815425873
0.10607209801673889
0.105940081179142
0.10590405762195587
0.10580925643444061
0.10586849600076675
0.10570058971643448
0.10574157536029816
0.10576456040143967
0.10578382760286331
0.1056579127907753
0.105793796479702
0.10567576438188553
0.10572643578052521
0.10573361814022064
0.10592598468065262
0.10564545542001724
0.10562118887901306
0.10562294721603394
0.10569538176059723
0.10553129017353058
0.10541621595621109
0.10561925172805786
0.10559961199760437
0.10531161725521088
0.10546128451824188
0.10540197789669037
0.10537371784448624
0.10536261647939682
0.10532035678625107
0.10519585758447647
0.10533031076192856
0.105364128947258
0.10520600527524948
0.10523608326911926
0.10540230572223663
0.10518848150968552
0.10506515204906464
0.10501597076654434
0.10513518005609512
0.104962058365345
0.10502565652132034
0.10486624389886856
0.10504232347011566
0.10500972718000412
0.1048276275396347
0.10486791282892227
0.10485979914665222
0.10480627417564392
0.1048344075679779
0.10475987941026688
0.10479432344436646
0.10479196161031723
0.10474134981632233
0.10469360649585724
0.10482067614793777
0.10462957620620728
0.10474226623773575
0.10466427356004715
0.10453880578279495
0.10462325811386108
0.10446702688932419
0.10458142310380936
0.1043684333562851
0.10445892065763474
0.10449329018592834
0.10433917492628098
0.10439439117908478
0.10471506416797638
0.10437075793743134
0.10437270998954773
0.10423129796981812
0.10426026582717896
0.10409066826105118
0.10420970618724823
0.10422611981630325
0.10417763888835907
0.10416252911090851
0.10441999137401581
0.10428813099861145
0.10405832529067993
0.10423778742551804
0.10440880805253983
0.10409203916788101
0.10401647537946701
0.10401638597249985
0.1039586290717125
0.10396968573331833
0.10388082265853882
0.1040467694401741
0.10382416099309921
0.10364134609699249
0.10358534008264542
0.10355887562036514
0.10356871038675308
0.10347267240285873
0.10351470857858658
0.10350830107927322
0.10356184095144272
0.1034497320652008
0.10350101441144943
0.10341950505971909
0.10345902293920517
0.10345304012298584
0.10347642749547958
0.10338983684778214
0.10342664271593094
0.10340863466262817
0.10337752848863602
0.10334658622741699
0.10340356826782227
0.10330165177583694
0.1032743752002716
0.1033444032073021
0.10331670939922333
0.10329367220401764
0.10331746935844421
0.1033463254570961
0.10329551994800568
0.10323773324489594
0.10324849933385849
0.10320185124874115
0.10333527624607086
0.10342953354120255
0.1031314954161644
0.10318740457296371
0.1031295657157898
0.10312045365571976
0.10311072319746017
0.10308787226676941
0.10315696150064468
0.10308704525232315
0.10304323583841324
0.10306324064731598
0.1032029539346695
0.10307566076517105
0.10313784331083298
0.10313347727060318
0.1030089259147644
0.10306473076343536
0.103025421500206
0.10305606573820114
0.10288844257593155
0.1030130535364151
0.10317320376634598
0.10290171205997467
0.10292838513851166
0.10290517657995224
0.10311955213546753
0.10290014743804932
0.10284038633108139
0.10285016894340515
0.102836973965168
0.10289431363344193
0.10284104943275452
0.1028057411313057
0.1027890145778656
0.10281062871217728
0.1027313694357872
0.1027042418718338
0.10271064192056656
0.10274551063776016
0.1027417778968811
0.10266775637865067
0.10267424583435059
0.10269175469875336
0.10268253087997437
0.1026243045926094
0.10268856585025787
0.10266435146331787
0.10263419151306152
0.10263551026582718
0.10259503126144409
0.1026005670428276
0.10261054337024689
0.10252494364976883
0.10255653411149979
0.10255221277475357
0.10255313664674759
0.10250489413738251
0.10248883068561554
0.10251930356025696
0.10243105888366699
0.10249632596969604
0.10246489197015762
0.10252873599529266
0.10246581584215164
0.10247240215539932
0.10243295878171921
0.10242482274770737
0.10227109491825104
0.10224950313568115
0.10225681215524673
0.1022767722606659
0.10228043049573898
0.10225191712379456
0.1022687777876854
0.10223762691020966
0.10221964865922928
0.1021980494260788
0.10219613462686539
0.10221438109874725
0.10217415541410446
0.10224979370832443
0.10216295719146729
0.10228751599788666
0.10213416069746017
0.10216603428125381
0.10214818269014359
0.1021396741271019
0.1021859273314476
0.10230603814125061
0.10216410458087921
0.10214178264141083
0.10217735171318054
0.10216128081083298
0.10207857936620712
0.10211465507745743
0.10215283185243607
0.1021285355091095
0.10212424397468567
0.10212837904691696
0.10210292786359787
0.10208308696746826
0.10203853249549866
0.10207606852054596
0.10203170031309128
0.10204537957906723
0.10200724005699158
0.1020396277308464
0.10200487077236176
0.10203876346349716
0.10202883183956146
0.10199902951717377
0.10196977108716965
0.10202666372060776
0.10197558999061584
0.10197242349386215
0.1019703596830368
0.10195686668157578
0.10196303576231003
0.1019458919763565
0.1019735261797905
0.10192324966192245
0.10199405252933502
0.10191608965396881
0.10192927718162537
0.10194119065999985
0.10194350779056549
0.1019359603524208
0.10194868594408035
0.10193371772766113
0.10194869339466095
0.10187134891748428
0.10192018747329712
0.10187768191099167
0.1018926277756691
0.10186249017715454
0.10186561197042465
0.10193689912557602
0.1018698513507843
0.10182341933250427
0.10191603004932404
0.10186003893613815
0.10181733965873718
0.10184063762426376
0.10182651877403259
0.10177312046289444
0.10180503875017166
0.10181131213903427
0.1017836481332779
0.10176542401313782
0.10180439054965973
0.10176657885313034
0.1017659530043602
0.10174872726202011
0.10172946751117706
0.10177244991064072
0.10172750055789948
0.10173564404249191
0.10177654027938843
0.10173310339450836
0.10172015428543091
0.10175289958715439
0.10176276415586472
0.1016792580485344
0.10170954465866089
0.10168980062007904
0.101680688560009
0.10168470442295074
0.10162170231342316
0.1016090139746666
0.10162633657455444
0.1016017347574234
0.1015869751572609
0.10158935189247131
0.10159512609243393
0.10158713161945343
0.10157603770494461
0.10159966349601746
0.10157638788223267
0.10157643258571625
0.10159013420343399
0.1015646681189537
0.10156234353780746
0.10156034678220749
0.10158754140138626
0.10154850035905838
0.10155104845762253
0.10154944658279419
0.10155386477708817
0.10153552889823914
0.1015479564666748
0.10154422372579575
0.10155093669891357
0.10155029594898224
0.10155463218688965
0.10153228789567947
0.10152702778577805
0.10151315480470657
0.10151248425245285
0.10151702165603638
0.1015319898724556
0.10152488946914673
0.1015755906701088
0.10150549560785294
0.10150014609098434
0.10149229317903519
0.10150441527366638
0.10149005800485611
0.10151661187410355
0.10148487985134125
0.10150297731161118
0.10154477506875992
0.10147079080343246
0.1014692634344101
0.10145498812198639
0.10147041827440262
0.10147842019796371
0.10146290063858032
0.10146778076887131
0.10145682096481323
0.10144991427659988
0.10144885629415512
0.10144177824258804
0.10143941640853882
0.10145728290081024
0.1014394611120224
0.10145515948534012
0.10145688056945801
0.10142641514539719
0.10143157839775085
0.10143200308084488
0.10143157094717026
0.10144094377756119
0.10142454504966736
0.10145195573568344
0.1014181599020958
0.10140060633420944
0.1014019250869751
0.1014181450009346
0.10139927268028259
0.10139299184083939
0.1014312356710434
0.10142499953508377
0.10139797627925873
0.10138267278671265
0.10137972980737686
0.1013633981347084
0.10137338936328888
0.10135727375745773
0.10138537734746933
0.10136786848306656
0.10137134045362473
0.10137315094470978
0.10136380791664124
0.10136022418737411
0.10134933888912201
0.10135269165039062
0.1013670265674591
0.10134916007518768
0.10133767127990723
0.10134613513946533
0.1013406366109848
0.10132971405982971
0.10132544487714767
0.1013389527797699
0.10130869597196579
0.10132458806037903
0.1013186126947403
0.1012948527932167
0.10128474980592728
0.10130546987056732
0.10128048807382584
0.10128401964902878
0.10128076374530792
0.1012677550315857
0.10127793997526169
0.10128472000360489
0.10128064453601837
0.10127651691436768
0.10126452147960663
0.10126270353794098
0.10126101970672607
0.10126418620347977
0.10126420110464096
0.10125535726547241
0.10125382989645004
0.10125258564949036
0.10126348584890366
0.10124427080154419
0.10124581307172775
0.10125117748975754
0.10124628245830536
0.1012478917837143
0.10123482346534729
0.10125704109668732
0.10124070197343826
0.10124292224645615
0.10125025361776352
0.10123958438634872
0.10123905539512634
0.10122977942228317
0.10123484581708908
0.10122955590486526
0.10126125812530518
0.10122881084680557
0.10123389214277267
0.10122667253017426
0.10121830552816391
0.10122321546077728
0.10123363882303238
0.10122822225093842
0.1012178286910057
0.10122498124837875
0.10121379047632217
0.10122592747211456
0.10121504217386246
0.10120504349470139
0.10120242834091187
0.1012037843465805
0.10121379047632217
0.10120557248592377
0.1011996790766716
0.10120145976543427
0.10121113806962967
0.10120075941085815
0.10121896117925644
0.10120019316673279
0.10119161754846573
0.10119382292032242
0.10121333599090576
0.10118792951107025
0.10118870437145233
0.10120369493961334
0.10118835419416428
0.10119841247797012
0.10118881613016129
0.10118398070335388
0.10119312256574631
0.10118270665407181
0.10118398815393448
0.10117070376873016
0.10120096802711487
0.10117924958467484
0.10116846859455109
0.10117018222808838
0.1011812835931778
0.10117104649543762
0.10117721557617188
0.10116066783666611
0.10116985440254211
0.10116495192050934
0.10116013884544373
0.10116662085056305
0.1011601984500885
0.10115183889865875
0.10117528587579727
0.10117312520742416
0.10115189105272293
0.10116209089756012
0.10114885866641998
0.10115199536085129
0.10114387422800064
0.10113661736249924
0.10114946216344833
0.10114911198616028
0.1011548861861229
0.10114768892526627
0.10113698244094849
0.1011282280087471
0.10111555457115173
0.10111977905035019
0.10111839324235916
0.10111872106790543
0.10111502557992935
0.10111657530069351
0.10111284255981445
0.10111267864704132
0.10112109035253525
0.1011151447892189
0.10111361742019653
0.10110899806022644
0.10110942274332047
0.10111062973737717
0.10110834240913391
0.1011190339922905
0.1011195182800293
0.10111163556575775
0.10110829025506973
0.10110192000865936
0.10110422223806381
0.10110563784837723
0.10110650211572647
0.10110555589199066
0.10110097378492355
0.10110808163881302
0.10109784454107285
0.10109685361385345
0.10109665989875793
0.10112104564905167
0.10109460353851318
0.10109187662601471
0.10109230130910873
0.10110209137201309
0.101096972823143
0.101091668009758
0.10109372437000275
0.1010950431227684
0.10109230130910873
0.10109375417232513
0.10108394175767899
0.10108721256256104
0.10108793526887894
0.10108604282140732
0.10108636319637299
0.10109419375658035
0.10108949989080429
0.1010812371969223
0.10108307749032974
0.10107984393835068
0.10108710080385208
0.1010812520980835
0.10107991844415665
0.10107751190662384
0.10107851773500443
0.10107778012752533
0.1010759100317955
0.1010768711566925
0.10107402503490448
0.10107573866844177
0.10107704997062683
0.10107903927564621
0.10107220709323883
0.10107489675283432
0.10106883943080902
0.10107080638408661
0.10106922686100006
0.10106950998306274
0.10107558965682983
0.10106594860553741
0.10107555985450745
0.1010914146900177
0.10106715559959412
0.10107365995645523
0.10106805711984634
0.10106934607028961
0.10107073932886124
0.10106867551803589
0.10106206685304642
0.10105810314416885
0.10106312483549118
0.10105421394109726
0.10106465965509415
0.10105691105127335
0.10105482488870621
0.10106128454208374
0.10105256736278534
0.10105602443218231
0.10105256736278534
0.10105621069669724
0.1010509729385376
0.10105303674936295
0.10105359554290771
0.10105401277542114
0.10105335712432861
0.10104800760746002
0.10104717314243317
0.1010473296046257
0.101047083735466
0.10103966295719147
0.10104076564311981
0.1010378748178482
0.1010361984372139
0.10103677213191986
0.10103602707386017
0.10103645920753479
0.10103458911180496
0.10103721171617508
0.10103563219308853
0.10103492438793182
0.10103372484445572
0.10103490203619003
0.10103697329759598
0.10103366523981094
0.1010333001613617
0.10103484243154526
0.10103512555360794
0.10103297233581543
0.10103333741426468
0.10103099048137665
0.10103195905685425
0.1010289415717125
0.1010315865278244
0.10103233903646469
0.10103137046098709
0.10102816671133041
0.1010279655456543
0.10102716088294983
0.1010291799902916
0.10102788358926773
0.10102598369121552
0.10102466493844986
0.10102642327547073
0.10102550685405731
0.10102827847003937
0.10102440416812897
0.1010248064994812
0.10102269053459167
0.10102376341819763
0.1010248064994812
0.10102350264787674
0.10102646052837372
0.10102400928735733
0.10102352499961853
0.10102057456970215
0.10102111101150513
0.10102036595344543
0.10102112591266632
0.10102240741252899
0.10102006047964096
0.10102156549692154
0.10101965069770813
0.10102007538080215
0.10101976990699768
0.10101734846830368
0.10102023184299469
0.10102373361587524
0.10101871192455292
0.10101884603500366
0.10101882368326187
0.1010175570845604
0.10101625323295593
0.1010187566280365
0.10101430118083954
0.10101811587810516
0.10101467370986938
0.10101447254419327
0.10101421177387238
0.10101926326751709
0.10101281851530075
0.10101421177387238
0.10101161152124405
0.10101151466369629
0.1010124459862709
0.1010117307305336
0.1010131984949112
0.10100910812616348
0.10100890696048737
0.10101021081209183
0.1010090708732605
0.10101223737001419
0.10100842267274857
0.10101229697465897
0.101010262966156
0.10100673884153366
0.10100717842578888
0.10100506991147995
0.10100729018449783
0.10100815445184708
0.10100662708282471
0.10100504755973816
0.10100473463535309
0.10100287944078445
0.10100362449884415
0.10100614279508591
0.10100299119949341
0.10100246220827103
0.10100368410348892
0.1010030061006546
0.10099837929010391
0.10099738836288452
0.10099822282791138
0.10099754482507706
0.10099823772907257
0.10099849849939346
0.10099746286869049
0.10099686682224274
0.10099659860134125
0.10099564492702484
0.10099614411592484
0.10099539905786514
0.1009959876537323
0.10099581629037857
0.1009967252612114
0.10099596530199051
0.10099443048238754
0.10099423676729202
0.10099568963050842
0.1009935513138771
0.10099444538354874
0.10099436342716217
0.1009933203458786
0.10099440068006516
0.10099334269762039
0.10099396109580994
0.1009925827383995
0.10099285840988159
0.10099418461322784
0.1009918823838234
0.10099272429943085
0.10099207609891891
0.10099367797374725
0.10099224001169205
0.1009916365146637
0.10099305212497711
0.10099699348211288
0.10099351406097412
0.10099011659622192
0.10099142044782639
0.1009901911020279
0.10098987072706223
0.10099003463983536
0.10099105536937714
0.10099099576473236
0.10098855197429657
0.10099103301763535
0.10098962485790253
0.1009911447763443
0.10098878294229507
0.10098832100629807
0.10098827630281448
0.10098815709352493
0.10098915547132492
0.1009899377822876
0.10098922997713089
0.10098734498023987
0.10098768770694733
0.10098844766616821
0.10098686069250107
0.10098667442798615
0.1009862944483757
0.1009862869977951
0.10098700225353241
0.1009867936372757
0.10098622739315033
0.10098598897457123
0.10098668932914734
0.10098686069250107
0.10098583251237869
0.10098490118980408
0.10098399966955185
0.10098487138748169
0.10098464787006378
0.10098457336425781
0.1009843498468399
0.10098426789045334
0.10098417848348618
0.10098359733819962
0.1009831354022026
0.10098293423652649
0.10098334401845932
0.10098203271627426
0.1009824275970459
0.1009831503033638
0.10098192095756531
0.10098542273044586
0.10098342597484589
0.10098277777433395
0.1009814664721489
0.100982166826725
0.1009824201464653
0.10098254680633545
0.100983165204525
0.10098084807395935
0.1009824201464653
0.10098055750131607
0.10097960382699966
0.1009809747338295
0.10097979009151459
0.10097792744636536
0.10097742080688477
0.10097696632146835
0.10097725689411163
0.10097753256559372
0.10097701102495193
0.10097790509462357
0.10097713023424149
0.10097711533308029
0.10097673535346985
0.10097715258598328
0.10097745060920715
0.10097681730985641
0.10097768157720566
0.10097666084766388
0.10097645968198776
0.10097654908895493
0.10097678005695343
0.10097608715295792
0.1009763553738594
0.10097578912973404
0.10097667574882507
0.10097590833902359
0.10097605735063553
0.10097606480121613
0.10097594559192657
0.10097572207450867
0.10097554326057434
0.10097526013851166
0.10097534954547882
0.10097556561231613
0.1009746789932251
0.10097558796405792
0.10097572207450867
0.10097530484199524
0.10097482055425644
0.10097522288560867
0.10097511857748032
0.10097424685955048
0.10097485035657883
0.10097484290599823
0.10097426176071167
0.10097476840019226
0.10097464174032211
0.10097488015890121
0.10097461193799973
0.10097379237413406
0.1009744182229042
0.10097378492355347
0.10097603499889374
0.10097414255142212
0.10097357630729675
0.10097487270832062
0.10097427666187286
0.10097328573465347
0.10097304731607437
0.10097376257181168
0.10097352415323257
0.10097329318523407
0.10097314417362213
0.10097374767065048
0.10097333043813705
0.10097281634807587
0.10097375512123108
0.10097242146730423
0.10097606480121613
0.10097333788871765
0.10097315907478333
0.10097329318523407
0.10097237676382065
0.10097362101078033
0.10097387433052063
0.10097236931324005
0.10097239911556244
0.10097205638885498
0.10097219794988632
0.10097280144691467
0.10097222775220871
0.10097236931324005
0.10097136348485947
0.10097160935401917
0.10097172111272812
0.10097115486860275
0.10097122937440872
0.10097165405750275
0.10097167640924454
0.10097155719995499
0.10097120702266693
0.10097068548202515
0.10097159445285797
0.1009710505604744
0.10097044706344604
0.10097016394138336
0.10097058862447739
0.10097057372331619
0.1009703278541565
0.10097004473209381
0.10097016394138336
0.10096997767686844
0.10097057372331619
0.1009720042347908
0.10096976906061172
0.10096946358680725
0.1009695827960968
0.10096918046474457
0.10096930712461472
0.10096937417984009
0.10096953064203262
0.1009698212146759
0.10096882283687592
0.10096918791532516
0.10096912831068039
0.10096883028745651
0.10096877813339233
0.10096865147352219
0.10096903145313263
0.10096846520900726
0.10096842050552368
0.10096851736307144
0.10096821933984756
0.1009683683514595
0.10096852481365204
0.10096842050552368
0.10096856951713562
0.10096793621778488
0.10096873342990875
0.10096842795610428
0.10096833109855652
0.10096809267997742
0.10096774995326996
0.10096826404333115
0.10096786171197891
0.1009678766131401
0.10096780955791473
0.10096782445907593
0.10096734762191772
0.10096751898527145
0.10096827894449234
0.10096803307533264
0.10096742957830429
0.10096762329339981
0.10096723586320877
0.10096725076436996
0.10096713900566101
0.10096753388643265
0.10096745938062668
0.1009674072265625
0.10096719861030579
0.10096700489521027
0.10096845030784607
0.10096760094165802
0.10096688568592072
0.10096666216850281
0.1009664461016655
0.10096647590398788
0.10096663981676102
0.1009669303894043
0.10096675157546997
0.10096591711044312
0.10096630454063416
0.1009661927819252
0.10096575319766998
0.100966677069664
0.10096629709005356
0.10096578299999237
0.10096599161624908
0.10096579790115356
0.10096629709005356
0.10096634924411774
0.10096617788076401
0.10096590220928192
0.10096602886915207
0.10096577554941177
0.10096589475870132
0.10096734017133713
0.10096514970064163
0.10096561163663864
0.10096609592437744
0.1009666919708252
0.10096503794193268
0.10096515715122223
0.10096581280231476
0.10096552968025208
0.10096549987792969
0.10096658766269684
0.10096531361341476
0.10096475481987
0.10096465051174164
0.10096485167741776
