0.626118540763855
0.5070825815200806
0.4480741322040558
0.4244793951511383
0.4127211570739746
0.40706580877304077
0.40294837951660156
0.3998611867427826
0.3975040912628174
0.3954557180404663
0.3936830759048462
0.39235571026802063
0.3913922607898712
0.39021405577659607
0.38906624913215637
0.3885044753551483
0.3872579038143158
0.3866989314556122
0.3859453499317169
0.3856480121612549
0.3849066495895386
0.38444310426712036
0.3840979039669037
0.38339918851852417
0.3830472230911255
0.38267815113067627
0.3821882903575897
0.38189786672592163
0.3813404440879822
0.381136953830719
0.38074252009391785
0.38076522946357727
0.38013729453086853
0.38003528118133545
0.37937647104263306
0.3793475925922394
0.37980374693870544
0.3786080777645111
0.378430038690567
0.3783102333545685
0.37806904315948486
0.37769559025764465
0.37787142395973206
0.3773188292980194
0.37707796692848206
0.37673065066337585
0.3767654001712799
0.3764433264732361
0.37619346380233765
0.376159131526947
0.3757847249507904
0.3756081461906433
0.3755331337451935
0.3755123019218445
0.3750780522823334
0.37497106194496155
0.3752945065498352
0.37458306550979614
0.37451744079589844
0.37423741817474365
0.3740289807319641
0.3738024830818176
0.37368902564048767
0.3737705647945404
0.3731338381767273
0.3733008801937103
0.37298598885536194
0.37284350395202637
0.37261319160461426
0.3726745843887329
0.3724830746650696
0.3721489906311035
0.37193572521209717
0.37194597721099854
0.37211427092552185
0.37143227458000183
0.3713339567184448
0.37108609080314636
0.37076860666275024
0.3707568645477295
0.3704759478569031
0.3705967962741852
0.3699435591697693
0.3699706494808197
0.3696896433830261
0.3695693016052246
0.3693442642688751
0.3695051372051239
0.3691686689853668
0.36903116106987
0.36867669224739075
0.36856698989868164
0.3684588372707367
0.36815744638442993
0.3681154251098633
0.36778387427330017
0.36787840723991394
0.3675742745399475
0.3681069612503052
0.36760953068733215
0.3670552372932434
0.3669408857822418
0.36672133207321167
0.3666330873966217
0.3664189875125885
0.3663474917411804
0.3663417100906372
0.3660195767879486
0.3658424913883209
0.36583587527275085
0.36604589223861694
0.3655361235141754
0.36524897813796997
0.3651202917098999
0.3650682866573334
0.3649982511997223
0.3647969663143158
0.36473318934440613
0.3644893765449524
0.3641924560070038
0.36419036984443665
0.3642112612724304
0.3639758825302124
0.36380115151405334
0.36380523443222046
0.3637121021747589
0.3635246455669403
0.36358940601348877
0.3635917603969574
0.3631523549556732
0.3630165159702301
0.36306965351104736
0.3628349304199219
0.3627191185951233
0.3626745343208313
0.36293935775756836
0.36234259605407715
0.3625197112560272
0.36231184005737305
0.3620876669883728
0.36191216111183167
0.36196792125701904
0.3616381287574768
0.3619381785392761
0.3619222044944763
0.3615320920944214
0.3619619309902191
0.36125627160072327
0.3613528311252594
0.36113467812538147
0.361332505941391
0.3611448407173157
0.3608042001724243
0.3607828617095947
0.3608027398586273
0.36054810881614685
0.3609713017940521
0.36041706800460815
0.36031007766723633
0.3602655827999115
0.36001136898994446
0.36031514406204224
0.3599664270877838
0.35977408289909363
0.3597087264060974
0.359857439994812
0.3597874939441681
0.35929393768310547
0.35965925455093384
0.3597255349159241
0.35899239778518677
0.35923221707344055
0.3591196537017822
0.3591734766960144
0.35895100235939026
0.35881394147872925
0.3591911494731903
0.3587416112422943
0.3587891161441803
0.3583906292915344
0.35785067081451416
0.3576982915401459
0.35776185989379883
0.3577265739440918
0.3577098250389099
0.3576335906982422
0.3575497269630432
0.35766690969467163
0.35768264532089233
0.3573562204837799
0.3574185073375702
0.3572638928890228
0.35730236768722534
0.35718122124671936
0.3571062684059143
0.35709381103515625
0.35715869069099426
0.35700300335884094
0.3569957911968231
0.3569497764110565
0.35685157775878906
0.35682472586631775
0.356862872838974
0.3567104637622833
0.3567257523536682
0.3566216826438904
0.3566075563430786
0.35651034116744995
0.3565412163734436
0.3564295768737793
0.3564230501651764
0.3565636873245239
0.3563701808452606
0.3562247157096863
0.356210321187973
0.35610875487327576
0.355970561504364
0.35607582330703735
0.3561064600944519
0.35592684149742126
0.35585400462150574
0.3561326265335083
0.35577625036239624
0.35574445128440857
0.35573509335517883
0.3557222783565521
0.35556015372276306
0.3555821180343628
0.3555889129638672
0.35555633902549744
0.35543256998062134
0.3552874028682709
0.35528895258903503
0.35535818338394165
0.35520949959754944
0.35512956976890564
0.35522156953811646
0.35500770807266235
0.3550228774547577
0.35504141449928284
0.3548688590526581
0.35504934191703796
0.35484957695007324
0.35491394996643066
0.3547345697879791
0.35489344596862793
0.3547405004501343
0.354825884103775
0.35470446944236755
0.3547457754611969
0.3545546233654022
0.35439562797546387
0.3543970286846161
0.35439831018447876
0.35449326038360596
0.3543073236942291
0.3545326590538025
0.3541492521762848
0.3543202877044678
0.3542249798774719
0.35405662655830383
0.35412025451660156
0.3540586829185486
0.3541255295276642
0.354026198387146
0.3542062044143677
0.3540860712528229
0.35399582982063293
0.353890061378479
0.35377049446105957
0.3538017272949219
0.35368970036506653
0.35381433367729187
0.35364237427711487
0.3536986708641052
0.3535826802253723
0.35349181294441223
0.3534500300884247
0.35357666015625
0.3535255491733551
0.3533247113227844
0.35329046845436096
0.35321998596191406
0.35318243503570557
0.3531723618507385
0.353261262178421
0.3531852662563324
0.3532213568687439
0.3531736731529236
0.3532049059867859
0.3531268835067749
0.35308000445365906
0.35305529832839966
0.35309648513793945
0.3529970347881317
0.35301610827445984
0.3529776632785797
0.35300660133361816
0.35304054617881775
0.35294803977012634
0.3529285788536072
0.3529722988605499
0.35289108753204346
0.3528541624546051
0.35285845398902893
0.3529647886753082
0.3528911769390106
0.3528308570384979
0.35282760858535767
0.35273298621177673
0.35276082158088684
0.3527411222457886
0.3527546525001526
0.35284608602523804
0.3527359664440155
0.35264986753463745
0.3526511490345001
0.3526640832424164
0.3526221215724945
0.35265353322029114
0.35258767008781433
0.35262489318847656
0.35256803035736084
0.35246601700782776
0.35261985659599304
0.35266879200935364
0.3524717390537262
0.35249707102775574
0.35246965289115906
0.352434903383255
0.3523733615875244
0.35236284136772156
0.3523654639720917
0.3524168133735657
0.3522946834564209
0.3523073196411133
0.35233595967292786
0.3522818088531494
0.3523009121417999
0.35223501920700073
0.3522476255893707
0.3521622121334076
0.3522903025150299
0.3522208333015442
0.3522191047668457
0.35218098759651184
0.3521741032600403
0.35214319825172424
0.3520718812942505
0.35214415192604065
0.3520515263080597
0.35207056999206543
0.3520229756832123
0.35212311148643494
0.3520033061504364
0.3519429862499237
0.35194694995880127
0.3519250154495239
0.3519192039966583
0.3519013822078705
0.35184207558631897
0.3519141376018524
0.3518831133842468
0.35179153084754944
0.3518763780593872
0.35181933641433716
0.3519231081008911
0.35172396898269653
0.3517283499240875
0.35183149576187134
0.35174310207366943
0.35175764560699463
0.3518142104148865
0.351722776889801
0.35167476534843445
0.3516109585762024
0.3515779376029968
0.3516797721385956
0.3515969514846802
0.3516242802143097
0.351494699716568
0.3514912724494934
0.35146257281303406
0.3514919579029083
0.3514987528324127
0.3514545261859894
0.35140523314476013
0.3514328896999359
0.351379930973053
0.35136255621910095
0.35138413310050964
0.35140371322631836
0.351346880197525
0.3513243496417999
0.35137078166007996
0.35134372115135193
0.35132595896720886
0.35131335258483887
0.35128381848335266
0.3512725532054901
0.3512973189353943
0.3512909710407257
0.35125553607940674
0.35131198167800903
0.3512994945049286
0.351232647895813
0.3513309955596924
0.3512289524078369
0.35122549533843994
0.35119402408599854
0.35122379660606384
0.35122084617614746
0.351199746131897
0.3511615991592407
0.3513140082359314
0.351172536611557
0.3511641323566437
0.3511909544467926
0.3511119782924652
0.3511142134666443
0.3511270582675934
0.35114917159080505
0.3511337339878082
0.3511270582675934
0.35112249851226807
0.3510935604572296
0.3510746359825134
0.351260244846344
0.35111087560653687
0.3510695993900299
0.35102376341819763
0.35103684663772583
0.35100844502449036
0.3510343134403229
0.351045697927475
0.3509926497936249
0.35102027654647827
0.35101088881492615
0.35105693340301514
0.35096803307533264
0.3509811460971832
0.3509461581707001
0.35092875361442566
0.35095474123954773
0.3509441316127777
0.35094091296195984
0.35093870759010315
0.35090765357017517
0.35093674063682556
0.35088232159614563
0.35089802742004395
0.35089510679244995
0.35087668895721436
0.3508470356464386
0.3509245216846466
0.35093194246292114
0.35085535049438477
0.3508225679397583
0.3507923185825348
0.3507905602455139
0.35077986121177673
0.35081663727760315
0.3507801294326782
0.3507858216762543
0.3507598638534546
0.35076597332954407
0.3507485091686249
0.3507572412490845
0.35075974464416504
0.35072413086891174
0.3507445752620697
0.35069671273231506
0.3507368862628937
0.3506774604320526
0.3506923019886017
0.3506729304790497
0.3506816625595093
0.3506646454334259
0.35063251852989197
0.35065096616744995
0.35058361291885376
0.350577712059021
0.3505913317203522
0.3505809009075165
0.3505818545818329
0.35056111216545105
0.3505774438381195
0.35059893131256104
0.35058197379112244
0.3505520820617676
0.3505527973175049
0.3505389988422394
0.3505381643772125
0.35052844882011414
0.35053396224975586
0.3505285084247589
0.35052067041397095
0.35054510831832886
0.3505072593688965
0.35051456093788147
0.35053524374961853
0.3504928648471832
0.3504929840564728
0.35050371289253235
0.3505036234855652
0.3504946529865265
0.3504772484302521
0.3504709303379059
0.35046541690826416
0.35047972202301025
0.35047647356987
0.35046207904815674
0.35047245025634766
0.3504583239555359
0.3504503667354584
0.35044771432876587
0.35043179988861084
0.35045257210731506
0.35045304894447327
0.3504209816455841
0.35042011737823486
0.35044175386428833
0.35041922330856323
0.3504106402397156
0.3504016697406769
0.35039401054382324
0.35039618611335754
0.35039499402046204
0.3503820300102234
0.35043206810951233
0.3503919541835785
0.350359708070755
0.3503613770008087
0.35037028789520264
0.35036247968673706
0.3503611981868744
0.3503461480140686
0.35033687949180603
0.3503386080265045
0.3503401279449463
0.3503539562225342
0.3503238260746002
0.3503442704677582
0.35035252571105957
0.3503148555755615
0.35031986236572266
0.35032615065574646
0.3503064215183258
0.3503265380859375
0.3503112494945526
0.35031014680862427
0.3502821624279022
0.350318968296051
0.3502782881259918
0.3502879738807678
0.35032111406326294
0.350292831659317
0.35028016567230225
0.3502594232559204
0.35025733709335327
0.35025468468666077
0.35024407505989075
0.35025545954704285
0.3502385914325714
0.35023632645606995
0.35023054480552673
0.35022011399269104
0.3502158522605896
0.35019877552986145
0.3502129018306732
0.35021287202835083
0.35021111369132996
0.3501948416233063
0.3501984775066376
0.3501930236816406
0.3501807153224945
0.3501873314380646
0.3502015173435211
0.3501664400100708
0.35017478466033936
0.35015368461608887
0.35014238953590393
0.3501373529434204
0.3501388132572174
0.35013651847839355
0.35012736916542053
0.35013821721076965
0.3501361906528473
0.3501315712928772
0.3501318097114563
0.35011640191078186
0.35012584924697876
0.350124329328537
0.3501160740852356
0.35011592507362366
0.35011374950408936
0.3501117527484894
0.3501063883304596
0.350098580121994
0.3501032292842865
0.35010483860969543
0.3500930666923523
0.35009872913360596
0.3500869870185852
0.3500935733318329
0.35008957982063293
0.3500848114490509
0.35009318590164185
0.35008588433265686
0.3500904440879822
0.3500785529613495
0.35007697343826294
0.3500835597515106
0.35007569193840027
0.35006919503211975
0.35006919503211975
0.35006722807884216
0.3500566780567169
0.3500635325908661
0.3500629663467407
0.3500581979751587
0.3500724732875824
0.3500528931617737
0.35004886984825134
0.35005202889442444
0.35003983974456787
0.3500427007675171
0.3500500023365021
0.3500388264656067
0.3500441610813141
0.3500407636165619
0.35003483295440674
0.35003700852394104
0.35003662109375
0.3500308096408844
0.35002392530441284
0.3500232696533203
0.3500312864780426
0.35002484917640686
0.3500250577926636
0.35002946853637695
0.35001686215400696
0.3500114977359772
0.3500133752822876
0.35001102089881897
0.35000529885292053
0.3500082492828369
0.3500019907951355
0.34999650716781616
0.34999880194664
0.3500016927719116
0.3499913811683655
0.34999728202819824
0.34999245405197144
0.34998950362205505
0.3499838709831238
0.3499889671802521
0.34998059272766113
0.3499818742275238
0.34997931122779846
0.3499792814254761
0.3499723970890045
0.34996941685676575
0.34996747970581055
0.349966824054718
0.34996673464775085
0.3499751687049866
0.34996137022972107
0.34996291995048523
0.34996283054351807
0.3499585688114166
0.34995391964912415
0.34995147585868835
0.3499610722064972
0.34995850920677185
0.34995701909065247
0.3499448895454407
0.3499400317668915
0.34994059801101685
0.34995779395103455
0.34993305802345276
0.34992122650146484
0.34992220997810364
0.34992122650146484
0.34991827607154846
0.34992605447769165
0.3499193489551544
0.3499141335487366
0.34991711378097534
0.34992143511772156
0.3499130308628082
0.3499118685722351
0.3499164283275604
0.34991151094436646
0.3499111533164978
0.34991100430488586
0.34991011023521423
0.3499089777469635
0.3499135971069336
0.34990793466567993
0.349904328584671
0.34990882873535156
0.34990623593330383
0.3499023914337158
0.3499014377593994
0.34989678859710693
0.34989917278289795
0.3499012887477875
0.3498973548412323
0.3499002456665039
0.34989333152770996
0.34989994764328003
0.3498912453651428
0.34989526867866516
0.34989476203918457
0.3498891592025757
0.3498889207839966
0.34988558292388916
0.34988558292388916
0.34989428520202637
0.349886953830719
0.349886029958725
0.34988096356391907
0.3498796820640564
0.3498806655406952
0.3498826026916504
0.3498839735984802
0.3498761057853699
0.3498770594596863
0.34987595677375793
0.3498806357383728
0.3498738706111908
0.3498762547969818
0.349872350692749
0.3498716354370117
0.34986740350723267
0.34986793994903564
0.3498721122741699
0.34986647963523865
0.34986424446105957
0.34986183047294617
0.3498617112636566
0.3498617708683014
0.3498653471469879
0.3498646020889282
0.34986209869384766
0.3498593270778656
0.3498590290546417
0.34985560178756714
0.34985706210136414
0.3498515784740448
0.3498585820198059
0.3498488962650299
0.3498503863811493
0.349856436252594
0.34984615445137024
0.34984883666038513
0.349846750497818
0.34984883666038513
0.3498469889163971
0.3498453199863434
0.3498419523239136
0.349841833114624
0.34983932971954346
0.34985268115997314
0.3498409390449524
0.3498348295688629
0.34984108805656433
0.3498351573944092
0.3498327434062958
0.3498345911502838
0.34983208775520325
0.34983187913894653
0.3498298227787018
0.3498290181159973
0.34983325004577637
0.3498247563838959
0.3498263359069824
0.3498295247554779
0.3498264253139496
0.3498172163963318
0.3498181998729706
0.3498152196407318
0.34981510043144226
0.34981435537338257
0.3498150706291199
0.34981730580329895
0.34981322288513184
0.34981247782707214
0.3498123288154602
0.3498136103153229
0.3498104512691498
0.3498135805130005
0.34981074929237366
0.34981587529182434
0.3498091995716095
0.3498084545135498
0.3498116433620453
0.3498130738735199
0.3498057723045349
0.34980639815330505
0.3498072326183319
0.34980639815330505
0.34980446100234985
0.34980371594429016
0.3498072624206543
0.3498035967350006
0.34980326890945435
0.3498033881187439
0.3498010039329529
0.34980303049087524
0.3498009741306305
0.3498024046421051
0.34981223940849304
0.34979960322380066
0.3497987687587738
0.34979796409606934
0.3497971296310425
0.34979620575904846
0.34979692101478577
0.349799782037735
0.34979623556137085
0.34979647397994995
0.34979599714279175
0.3497980535030365
0.3497943580150604
0.34979483485221863
0.3497934639453888
0.3497913181781769
0.34979477524757385
0.3497924506664276
0.34979408979415894
0.3497913181781769
0.34979093074798584
0.34978950023651123
0.34978795051574707
0.3497890830039978
0.34979090094566345
0.34978681802749634
0.3497881591320038
0.349784791469574
0.3497854173183441
0.3497842252254486
0.34978386759757996
0.3497852683067322
0.34978345036506653
0.34978416562080383
0.3497844636440277
0.3497830629348755
0.349780797958374
0.34978342056274414
0.34977930784225464
0.3497788608074188
0.3497840464115143
0.34978294372558594
0.34977957606315613
0.34977754950523376
0.3497788608074188
0.349779337644577
0.3497760593891144
0.34977683424949646
0.34977641701698303
0.34977996349334717
0.3497784733772278
0.3497754633426666
0.3497750759124756
0.3497714400291443
0.34977149963378906
0.3497749865055084
0.3497716188430786
0.3497718274593353
0.3497713506221771
0.34977081418037415
0.3497765362262726
0.34977012872695923
0.3497690260410309
0.34976866841316223
0.3497669994831085
0.34976926445961
0.349767804145813
0.3497636616230011
0.34976184368133545
0.3497629463672638
0.3497631549835205
0.349761426448822
0.34976136684417725
0.34976282715797424
0.34976038336753845
0.34976062178611755
0.34976163506507874
0.34976014494895935
0.34976232051849365
0.349759578704834
0.34975939989089966
0.3497587740421295
0.3497597873210907
0.349759578704834
0.34975963830947876
0.34975939989089966
0.3497597873210907
0.3497585952281952
0.34975719451904297
0.3497588038444519
0.34975695610046387
0.34975701570510864
0.3497578501701355
0.34975653886795044
0.34975719451904297
0.3497556149959564
0.34975650906562805
0.3497549593448639
0.34975478053092957
0.3497546911239624
0.3497544527053833
0.3497553765773773
0.34975555539131165
0.3497546315193176
0.34975484013557434
0.3497534990310669
0.34975358843803406
0.34975290298461914
0.34975430369377136
0.3497542440891266
0.34975284337997437
0.3497510254383087
0.34975337982177734
0.3497524559497833
0.34975099563598633
0.34975072741508484
0.34975025057792664
0.34975048899650574
0.3497520089149475
0.3497505486011505
0.3497501015663147
0.3497498631477356
0.3497491478919983
0.3497489094734192
0.3497486412525177
0.3497495949268341
0.34974759817123413
0.349747896194458
0.3497476279735565
0.34974759817123413
0.3497472405433655
0.34974679350852966
0.349747896194458
0.3497462570667267
0.3497459292411804
0.34974756836891174
0.34974780678749084
0.3497464656829834
0.3497447371482849
0.3497459590435028
0.34974434971809387
0.3497445285320282
0.349744975566864
0.3497445285320282
0.34974363446235657
0.349744588136673
0.34974464774131775
0.34974268078804016
0.34974366426467896
0.34974250197410583
0.3497430086135864
0.3497413396835327
0.3497418463230133
0.3497416377067566
0.34974098205566406
0.3497407138347626
0.3497408628463745
0.3497408330440521
0.3497409224510193
0.3497399389743805
0.3497407138347626
0.3497393727302551
0.34973928332328796
0.34974029660224915
0.34973791241645813
0.34973838925361633
0.34973838925361633
0.3497372269630432
0.3497363030910492
0.34973621368408203
0.3497365713119507
0.349736750125885
0.34973618388175964
0.3497360646724701
0.3497357964515686
0.34973621368408203
0.3497360944747925
0.34973520040512085
0.349735289812088
0.3497350513935089
0.3497353196144104
0.34973469376564026
0.3497348129749298
0.3497350811958313
0.3497346043586731
0.34973421692848206
0.34973424673080444
0.3497348725795746
0.34973442554473877
0.34973397850990295
0.3497341573238373
0.3497350811958313
0.3497335910797119
0.3497331440448761
0.3497335612773895
0.34973305463790894
0.34973326325416565
0.34973400831222534
0.3497334420681
0.34973329305648804
0.34973302483558655
0.3497323989868164
0.34973230957984924
0.3497321307659149
0.34973230957984924
0.3497319519519806
0.3497321903705597
0.3497316539287567
0.3497310280799866
0.3497321903705597
0.3497317135334015
0.3497317433357239
0.34973159432411194
0.34973129630088806
0.3497309386730194
0.3497312068939209
0.3497312664985657
0.3497304916381836
0.34973013401031494
0.3497301936149597
0.34973013401031494
0.34973010420799255
0.3497307002544403
0.3497300148010254
0.34972918033599854
0.3497294485569
0.3497301936149597
0.34972935914993286
0.34972909092903137
0.3497290015220642
0.34972870349884033
0.34972915053367615
0.3497288227081299
0.34972912073135376
0.3497295081615448
0.3497289717197418
0.3497287631034851
0.34972888231277466
0.3497287333011627
0.3497280478477478
0.349727600812912
0.3497273623943329
0.34972837567329407
0.3497277796268463
0.3497268855571747
0.34972676634788513
0.349727064371109
0.3497271239757538
0.34972715377807617
0.34972667694091797
0.3497267961502075
0.349726140499115
0.3497263193130493
0.3497268557548523
0.3497260510921478
0.34972620010375977
0.34972575306892395
0.34972551465034485
0.349725604057312
0.3497254252433777
0.34972527623176575
0.3497248589992523
0.34972521662712097
0.3497241735458374
0.3497249484062195
0.3497244715690613
0.3497251570224762
0.34972354769706726
0.34972333908081055
0.3497234582901001
0.34972402453422546
0.3497235178947449
0.3497235178947449
0.34972330927848816
0.34972381591796875
0.34972330927848816
0.34972330927848816
0.3497229814529419
0.3497229814529419
0.3497231602668762
0.34972336888313293
0.3497229516506195
0.3497227132320404
0.3497227430343628
0.34972259402275085
0.34972259402275085
0.34972259402275085
0.3497229218482971
0.34972241520881653
0.34972241520881653
0.3497224450111389
0.3497219979763031
0.3497219681739807
0.3497219383716583
0.3497219681739807
0.3497218191623688
0.3497220277786255
0.3497219681739807
0.3497215807437897
0.3497219979763031
0.3497215211391449
0.3497215807437897
0.3497214615345001
0.3497215807437897
0.34972140192985535
0.349721759557724
0.3497214615345001
0.34972140192985535
0.3497210443019867
0.3497212529182434
0.3497212827205658
0.34972083568573
0.34972110390663147
0.3497208058834076
0.34972089529037476
0.34972164034843445
0.34972071647644043
0.3497205972671509
0.34972071647644043
0.349720299243927
0.34972018003463745
0.34972018003463745
0.3497203290462494
0.3497200012207031
0.3497201204299927
0.34972065687179565
0.3497198820114136
0.3497197926044464
0.34972044825553894
0.3497197926044464
0.3497200608253479
0.3497196137905121
0.3497195243835449
0.34971970319747925
0.34971949458122253
0.34972015023231506
0.349719375371933
0.34971946477890015
0.34971949458122253
0.34971919655799866
0.3497190773487091
0.34971916675567627
0.34971919655799866
0.34971883893013
0.34971877932548523
0.34971883893013
0.34971874952316284
0.34971901774406433
0.34971848130226135
0.34971892833709717
0.34971845149993896
0.34971848130226135
0.34971848130226135
0.3497188091278076
0.34971898794174194
0.34971848130226135
0.3497180640697479
0.3497179448604584
0.3497181236743927
0.34971845149993896
0.3497181534767151
0.3497178852558136
0.3497177064418793
0.3497178554534912
0.3497176170349121
0.3497178256511688
0.34971755743026733
0.3497171700000763
0.34971731901168823
0.3497171700000763
0.3497171103954315
0.3497171401977539
0.34971702098846436
0.34971708059310913
0.3497169613838196
0.34971684217453003
0.34971699118614197
0.34971675276756287
0.3497169613838196
0.34971675276756287
0.3497167229652405
0.3497166633605957
0.34971684217453003
0.34971684217453003
0.34971678256988525
0.34971654415130615
0.3497166633605957
0.34971654415130615
0.3497166931629181
0.34971651434898376
0.34971654415130615
0.3497164249420166
0.349716454744339
0.3497164249420166
0.3497163951396942
0.3497163951396942
0.34971627593040466
0.3497161865234375
0.34971627593040466
0.3497162163257599
0.34971609711647034
0.34971651434898376
0.3497161865234375
0.34971609711647034
0.3497161567211151
0.34971603751182556
0.3497159481048584
0.34971603751182556
0.3497160077095032
0.34971582889556885
0.34971585869789124
0.34971579909324646
0.3497157394886017
0.3497157692909241
0.34971582889556885
0.3497156500816345
0.34971562027931213
0.3497159481048584
0.34971556067466736
0.349715918302536
0.34971559047698975
0.34971556067466736
0.3497154116630554
0.3497154712677002
0.3497155010700226
0.34971535205841064
0.3497154116630554
0.3497155010700226
0.34971532225608826
0.34971535205841064
0.34971514344215393
0.34971514344215393
0.34971529245376587
0.34971532225608826
0.34971505403518677
0.3497152328491211
0.3497152328491211
0.3497149348258972
0.34971508383750916
0.34971487522125244
0.34971490502357483
0.34971484541893005
0.34971508383750916
0.34971490502357483
0.34971481561660767
0.34971481561660767
0.349714994430542
0.3497146964073181
0.3497145473957062
0.3497146666049957
0.3497146666049957
0.34971460700035095
0.34971463680267334
0.3497146666049957
0.349714457988739
0.3497146666049957
0.34971457719802856
0.34971433877944946
0.349714457988739
0.3497143089771271
0.3497142195701599
0.3497143089771271
0.3497142195701599
0.3497142493724823
0.34971463680267334
0.34971439838409424
0.34971415996551514
0.34971392154693604
0.3497139513492584
0.34971389174461365
0.3497139513492584
0.34971386194229126
0.34971392154693604
0.3497139811515808
0.34971386194229126
0.3497137129306793
0.3497138023376465
0.3497137725353241
0.34971386194229126
0.34971386194229126
0.3497137427330017
0.3497137725353241
0.34971365332603455
0.3497137129306793
0.3497138023376465
0.3497137129306793
0.34971365332603455
0.34971362352371216
0.3497137129306793
0.34971368312835693
0.3497137129306793
0.34971362352371216
0.34971362352371216
0.349713534116745
0.3497134745121002
0.3497134745121002
0.349713534116745
0.349713534116745
0.3497134745121002
0.3497135043144226
0.3497135043144226
0.3497135043144226
0.34971341490745544
0.34971386194229126
0.34971338510513306
0.34971338510513306
0.3497132956981659
0.3497132658958435
0.34971344470977783
0.34971341490745544
0.3497133255004883
0.3497132956981659
0.34971338510513306
0.3497133255004883
0.3497132360935211
0.34971317648887634
0.34971317648887634
0.34971320629119873
0.3497132360935211
0.3497132360935211
0.34971317648887634
0.34971317648887634
0.3497132360935211
0.3497130870819092
0.3497132360935211
0.34971317648887634
0.3497130274772644
0.3497130870819092
0.349712997674942
0.3497130274772644
0.349712997674942
0.34971317648887634
0.349712997674942
0.34971296787261963
0.34971296787261963
0.34971293807029724
0.34971287846565247
0.34971287846565247
0.3497130572795868
0.349712997674942
0.3497128486633301
0.3497128486633301
0.3497128188610077
0.3497128188610077
0.3497128188610077
0.3497128486633301
0.34971269965171814
0.3497127294540405
0.3497127294540405
0.3497127890586853
0.34971269965171814
0.34971264004707336
0.34971269965171814
0.34971269965171814
0.34971264004707336
0.349712610244751
0.34971264004707336
0.3497125804424286
0.349712610244751
0.3497125506401062
0.349712610244751
0.3497124910354614
0.3497125804424286
0.3497125208377838
0.3497125506401062
0.3497125208377838
0.34971240162849426
0.3497123420238495
0.3497123420238495
0.3497123122215271
0.3497122824192047
0.3497123420238495
0.3497123122215271
0.3497123420238495
0.3497123420238495
0.3497123718261719
0.3497122526168823
0.3497122526168823
0.3497123122215271
0.3497122824192047
0.3497122824192047
0.3497122526168823
0.3497122824192047
0.3497123122215271
0.3497123122215271
0.3497122824192047
0.34971219301223755
0.34971216320991516
0.34971219301223755
0.34971219301223755
0.34971219301223755
0.34971216320991516
0.34971216320991516
0.34971219301223755
0.3497122526168823
0.3497121334075928
0.34971219301223755
0.34971216320991516
0.34971216320991516
0.34971216320991516
0.34971216320991516
0.3497121334075928
0.3497121036052704
0.34971216320991516
0.3497121334075928
0.3497121036052704
0.3497121036052704
0.349712073802948
0.3497121036052704
0.3497121334075928
0.349712073802948
0.349712073802948
0.349712073802948
0.349712073802948
0.3497121036052704
0.3497120440006256
0.3497120440006256
0.349712073802948
0.3497120141983032
0.3497120440006256
0.3497120440006256
0.3497120141983032
0.349712073802948
0.3497120440006256
0.3497120141983032
0.3497120141983032
0.3497120440006256
0.3497120141983032
0.3497120141983032
0.34971195459365845
0.34971192479133606
0.3497120141983032
0.34971189498901367
0.34971195459365845
0.34971189498901367
0.34971195459365845
0.34971189498901367
0.34971189498901367
0.34971189498901367
0.3497118651866913
0.34971192479133606
0.34971189498901367
0.34971189498901367
0.34971192479133606
0.34971189498901367
0.34971189498901367
0.3497118651866913
0.3497118353843689
0.3497118353843689
0.3497118353843689
0.3497118353843689
0.3497118353843689
0.3497118353843689
0.3497118353843689
0.3497118353843689
0.3497118353843689
0.3497117757797241
0.3497118055820465
0.3497117757797241
0.3497117757797241
0.3497118055820465
0.3497118651866913
0.3497118055820465
0.34971171617507935
0.3497117757797241
0.3497117757797241
0.3497117757797241
0.34971168637275696
0.34971165657043457
0.34971171617507935
0.34971171617507935
0.34971168637275696
0.34971168637275696
0.34971171617507935
0.34971168637275696
0.34971168637275696
0.34971168637275696
0.34971165657043457
0.3497117757797241
0.3497116267681122
0.34971168637275696
0.3497116267681122
0.3497116267681122
0.3497116267681122
0.3497115969657898
0.3497115969657898
0.3497116267681122
0.3497116267681122
