0.7801458239555359
0.7930454015731812
0.8048233389854431
0.8093101382255554
0.8137969970703125
0.8143578171730042
0.8188446164131165
0.8182837963104248
0.8222097754478455
0.8188446164131165
0.8255748748779297
0.8295008540153503
0.8317442536354065
0.8311833739280701
0.8306225538253784
0.8339876532554626
0.8345485329627991
0.838474452495575
0.8373527526855469
0.8362310528755188
0.838474452495575
0.842961311340332
0.8412787318229675
0.8390353322029114
0.8395962119102478
0.842961311340332
0.8463264107704163
0.8446438312530518
0.8401570320129395
0.8463264107704163
0.8480089902877808
0.8524957895278931
0.8446438312530518
0.8485698103904724
0.8564217686653137
0.8586651682853699
0.8575434684753418
0.8564217686653137
0.8575434684753418
0.8586651682853699
0.8581043481826782
0.859786868095398
0.8637128472328186
0.8681996464729309
0.8614694476127625
0.8676388263702393
0.8676388263702393
0.8665171265602112
0.8637128472328186
0.8659562468528748
0.8642736673355103
0.8676388263702393
0.8670779466629028
0.8665171265602112
0.8743690252304077
0.8704430460929871
0.8676388263702393
0.8760516047477722
0.8754907250404358
0.8754907250404358
0.8760516047477722
0.8805384039878845
0.881099283695221
0.8816601037979126
0.8799775838851929
0.8738082051277161
0.8788558840751648
0.8782950043678284
0.8839035630226135
0.8782950043678284
0.8816601037979126
0.8839035630226135
0.8799775838851929
0.8855860829353333
0.8861469626426697
0.8839035630226135
0.8900728821754456
0.8855860829353333
0.8855860829353333
0.8895120620727539
0.8872686624526978
0.8883903622627258
0.8883903622627258
0.8794167041778564
0.8917554616928101
0.8900728821754456
0.8883903622627258
0.8951205611228943
0.8917554616928101
0.8917554616928101
0.8962422609329224
0.8872686624526978
0.8928771615028381
0.8923163414001465
0.8900728821754456
0.8945597410202026
0.8934380412101746
0.8928771615028381
0.8951205611228943
0.8984857201576233
0.8979248404502869
0.8996074199676514
0.900168240070343
0.9029725193977356
0.8968031406402588
0.8984857201576233
0.9057767987251282
0.8996074199676514
0.9007291197776794
0.8979248404502869
0.9057767987251282
0.911946177482605
0.9113852977752686
0.9113852977752686
0.9130678772926331
0.9029725193977356
0.9130678772926331
0.911946177482605
0.9102635979652405
0.9125069975852966
0.9147503972053528
0.9175546765327454
0.9136286973953247
0.9130678772926331
0.9125069975852966
0.9125069975852966
0.9147503972053528
0.9164329767227173
0.9158720970153809
0.911946177482605
0.9147503972053528
0.9136286973953247
0.9147503972053528
0.911946177482605
0.9153112769126892
0.9130678772926331
0.9164329767227173
0.9169938564300537
0.9181155562400818
0.9158720970153809
0.9231632351875305
0.9181155562400818
0.9192372560501099
0.9220414757728577
0.9153112769126892
0.9209197759628296
0.9242849349975586
0.9197980761528015
0.9141895771026611
0.9203589558601379
0.921480655670166
0.9203589558601379
0.9169938564300537
0.9164329767227173
0.9181155562400818
0.9242849349975586
0.9231632351875305
0.9276500344276428
0.9169938564300537
0.9254066348075867
0.9254066348075867
0.9231632351875305
0.9197980761528015
0.9220414757728577
0.9282108545303345
0.9231632351875305
0.9242849349975586
0.9270891547203064
0.9265283346176147
0.931015133857727
0.9265283346176147
0.9287717342376709
0.9276500344276428
0.9270891547203064
0.9270891547203064
0.9293326139450073
0.9276500344276428
0.9282108545303345
0.9282108545303345
0.9282108545303345
0.9209197759628296
0.9332585334777832
0.931015133857727
0.9242849349975586
0.9355019927024841
0.9248457551002502
0.9321368336677551
0.9366236925125122
0.9293326139450073
0.9276500344276428
0.9282108545303345
0.9332585334777832
0.9315760135650635
0.9349411129951477
0.9377453923225403
0.9366236925125122
0.9355019927024841
0.9349411129951477
0.9282108545303345
0.9293326139450073
0.9282108545303345
0.9326977133750916
0.929893434047699
0.9399887919425964
0.9371845126152039
0.9282108545303345
0.9360628128051758
0.9383062124252319
0.9355019927024841
0.9360628128051758
0.9399887919425964
0.9360628128051758
0.9383062124252319
0.93942791223526
0.9399887919425964
0.942793071269989
0.9371845126152039
0.942793071269989
0.9416713118553162
0.9399887919425964
0.9433538913726807
0.9377453923225403
0.9411104917526245
0.9388670921325684
0.9399887919425964
0.9422321915626526
0.9411104917526245
0.942793071269989
0.9416713118553162
0.9422321915626526
0.9388670921325684
0.9422321915626526
0.9377453923225403
0.9433538913726807
0.9416713118553162
0.9450364708900452
0.9422321915626526
0.9422321915626526
0.942793071269989
0.942793071269989
0.9450364708900452
0.942793071269989
0.9405496120452881
0.9422321915626526
0.9405496120452881
0.9422321915626526
0.9399887919425964
0.9461581707000732
0.9450364708900452
0.9450364708900452
0.9439147710800171
0.9455972909927368
0.9461581707000732
0.9433538913726807
0.9439147710800171
0.9450364708900452
0.9450364708900452
0.9472798705101013
0.9484015703201294
0.9422321915626526
0.9433538913726807
0.9467189908027649
0.9467189908027649
0.9455972909927368
0.9439147710800171
0.942793071269989
0.9455972909927368
0.9467189908027649
0.9461581707000732
0.9461581707000732
0.9484015703201294
0.9439147710800171
0.9489624500274658
0.9455972909927368
0.9500841498374939
0.9467189908027649
0.9495232701301575
0.9467189908027649
0.9467189908027649
0.9472798705101013
0.9517666697502136
0.9444755911827087
0.9467189908027649
0.9461581707000732
0.95232754945755
0.9461581707000732
0.9472798705101013
0.9472798705101013
0.9472798705101013
0.9500841498374939
0.9472798705101013
0.9484015703201294
0.9495232701301575
0.947840690612793
0.9489624500274658
0.9439147710800171
0.9484015703201294
0.9472798705101013
0.9472798705101013
0.951205849647522
0.9484015703201294
0.9489624500274658
0.9484015703201294
0.9495232701301575
0.9489624500274658
0.951205849647522
0.9506449699401855
0.9495232701301575
0.95232754945755
0.9506449699401855
0.95232754945755
0.9528883695602417
0.951205849647522
0.9506449699401855
0.951205849647522
0.95232754945755
0.9540100693702698
0.9495232701301575
0.9534492492675781
0.9517666697502136
0.9528883695602417
0.95232754945755
0.9534492492675781
0.9500841498374939
0.9506449699401855
0.951205849647522
0.95232754945755
0.9528883695602417
0.9534492492675781
0.9534492492675781
0.9500841498374939
0.9534492492675781
0.9534492492675781
0.9528883695602417
0.9534492492675781
0.9534492492675781
0.95232754945755
0.9517666697502136
0.951205849647522
0.9528883695602417
0.9528883695602417
0.9540100693702698
0.9528883695602417
0.9534492492675781
0.9534492492675781
0.9528883695602417
0.95232754945755
0.9545709490776062
0.9540100693702698
0.9534492492675781
0.9534492492675781
0.9568143486976624
0.9540100693702698
0.9556926488876343
0.951205849647522
0.9551318287849426
0.9528883695602417
0.9562535285949707
0.9534492492675781
0.9528883695602417
0.9528883695602417
0.9540100693702698
0.9551318287849426
0.9562535285949707
0.9551318287849426
0.9528883695602417
0.9551318287849426
0.9545709490776062
0.9556926488876343
0.9573752284049988
0.9545709490776062
0.9534492492675781
0.9551318287849426
0.9551318287849426
0.9568143486976624
0.9562535285949707
0.9545709490776062
0.9584969282150269
0.9556926488876343
0.9545709490776062
0.9540100693702698
0.9562535285949707
0.9551318287849426
0.9556926488876343
0.9545709490776062
0.9556926488876343
0.9556926488876343
0.9551318287849426
0.9579360485076904
0.9556926488876343
0.9540100693702698
0.9562535285949707
0.9562535285949707
0.9551318287849426
0.9528883695602417
0.9573752284049988
0.9556926488876343
0.9568143486976624
0.9551318287849426
0.9562535285949707
0.9568143486976624
0.9568143486976624
0.9540100693702698
0.9545709490776062
0.9573752284049988
0.9573752284049988
0.9562535285949707
0.9545709490776062
0.9562535285949707
0.9562535285949707
0.9579360485076904
0.9568143486976624
0.9562535285949707
0.9579360485076904
0.9579360485076904
0.9573752284049988
0.9573752284049988
0.9579360485076904
0.9579360485076904
0.9579360485076904
0.9568143486976624
0.9568143486976624
0.9568143486976624
0.9573752284049988
0.9573752284049988
0.9590577483177185
0.9573752284049988
0.9573752284049988
0.9579360485076904
0.9568143486976624
0.9584969282150269
0.9579360485076904
0.9579360485076904
0.9579360485076904
0.9573752284049988
0.9568143486976624
0.9573752284049988
0.9579360485076904
0.9584969282150269
0.9584969282150269
0.9579360485076904
0.9584969282150269
0.9573752284049988
0.9590577483177185
0.9590577483177185
0.9584969282150269
0.9573752284049988
0.9584969282150269
0.9579360485076904
0.9584969282150269
0.9568143486976624
0.9584969282150269
0.9584969282150269
0.9584969282150269
0.9579360485076904
0.9579360485076904
0.9590577483177185
0.9584969282150269
0.9590577483177185
0.9584969282150269
0.9584969282150269
0.9596186280250549
0.9584969282150269
0.9596186280250549
0.9584969282150269
0.9584969282150269
0.9579360485076904
0.9579360485076904
0.9596186280250549
0.9584969282150269
0.9590577483177185
0.9590577483177185
0.9590577483177185
0.9596186280250549
0.9596186280250549
0.9584969282150269
0.9596186280250549
0.9590577483177185
0.960740327835083
0.9596186280250549
0.9596186280250549
0.9579360485076904
0.9584969282150269
0.9584969282150269
0.9590577483177185
0.9596186280250549
0.9579360485076904
0.9590577483177185
0.9584969282150269
0.9596186280250549
0.9590577483177185
0.9596186280250549
0.9590577483177185
0.9584969282150269
0.9601794481277466
0.9596186280250549
0.9584969282150269
0.9590577483177185
0.9596186280250549
0.9590577483177185
0.9601794481277466
0.960740327835083
0.9601794481277466
0.9590577483177185
0.9601794481277466
0.960740327835083
0.9601794481277466
0.9596186280250549
0.960740327835083
0.9596186280250549
0.9601794481277466
0.9596186280250549
0.960740327835083
0.9601794481277466
0.9601794481277466
0.9601794481277466
0.9601794481277466
0.9596186280250549
0.9601794481277466
0.9601794481277466
0.960740327835083
0.9613012075424194
0.960740327835083
0.960740327835083
0.9613012075424194
0.9601794481277466
0.960740327835083
0.9601794481277466
0.960740327835083
0.9601794481277466
0.9596186280250549
0.960740327835083
0.960740327835083
0.9601794481277466
0.960740327835083
0.960740327835083
0.960740327835083
0.9601794481277466
0.9601794481277466
0.9601794481277466
0.960740327835083
0.9601794481277466
0.960740327835083
0.960740327835083
0.9601794481277466
0.960740327835083
0.960740327835083
0.9601794481277466
0.960740327835083
0.9601794481277466
0.9613012075424194
0.9601794481277466
0.9601794481277466
0.960740327835083
0.9601794481277466
0.9601794481277466
0.960740327835083
0.960740327835083
0.9601794481277466
0.960740327835083
0.960740327835083
0.9613012075424194
0.960740327835083
0.960740327835083
0.960740327835083
0.9601794481277466
0.9601794481277466
0.960740327835083
0.9601794481277466
0.9613012075424194
0.960740327835083
0.9601794481277466
0.9601794481277466
0.9601794481277466
0.9601794481277466
0.9613012075424194
0.9601794481277466
0.9601794481277466
0.9613012075424194
0.960740327835083
0.9601794481277466
0.9601794481277466
0.960740327835083
0.9601794481277466
0.9601794481277466
0.960740327835083
0.960740327835083
0.9601794481277466
0.960740327835083
0.9613012075424194
0.9601794481277466
0.9601794481277466
0.9601794481277466
0.960740327835083
0.960740327835083
0.960740327835083
0.960740327835083
0.9618620276451111
0.9613012075424194
0.960740327835083
0.9613012075424194
0.960740327835083
0.960740327835083
0.960740327835083
0.960740327835083
0.9613012075424194
0.9601794481277466
0.9601794481277466
0.9613012075424194
0.9613012075424194
0.9613012075424194
0.960740327835083
0.9613012075424194
0.9601794481277466
0.960740327835083
0.9613012075424194
0.9613012075424194
0.960740327835083
0.9601794481277466
0.9613012075424194
0.960740327835083
0.9601794481277466
0.9613012075424194
0.960740327835083
0.9618620276451111
0.960740327835083
0.960740327835083
0.9613012075424194
0.960740327835083
0.960740327835083
0.9613012075424194
0.960740327835083
0.960740327835083
0.9601794481277466
0.9613012075424194
0.9613012075424194
0.9613012075424194
0.9613012075424194
0.9618620276451111
0.960740327835083
0.9618620276451111
0.960740327835083
0.9613012075424194
0.9613012075424194
0.9613012075424194
0.9613012075424194
0.960740327835083
0.9613012075424194
0.9618620276451111
0.960740327835083
0.9613012075424194
0.960740327835083
0.960740327835083
0.9601794481277466
0.9613012075424194
0.960740327835083
0.960740327835083
0.9601794481277466
0.9613012075424194
0.9613012075424194
0.9613012075424194
0.9613012075424194
0.960740327835083
0.9613012075424194
0.960740327835083
0.960740327835083
0.9613012075424194
0.9613012075424194
0.960740327835083
0.960740327835083
0.9618620276451111
0.960740327835083
0.9601794481277466
0.960740327835083
0.9618620276451111
0.9613012075424194
0.9613012075424194
0.9618620276451111
0.9613012075424194
0.960740327835083
0.960740327835083
0.9613012075424194
0.9618620276451111
0.9613012075424194
0.9618620276451111
0.960740327835083
0.9613012075424194
0.9613012075424194
0.9613012075424194
0.9613012075424194
0.9613012075424194
0.960740327835083
0.960740327835083
0.9618620276451111
0.9613012075424194
0.960740327835083
0.9613012075424194
0.9613012075424194
0.9613012075424194
0.960740327835083
0.9613012075424194
0.960740327835083
0.960740327835083
0.9618620276451111
0.9613012075424194
0.9613012075424194
0.9618620276451111
0.9613012075424194
0.9618620276451111
0.9618620276451111
0.9613012075424194
0.9613012075424194
0.9613012075424194
0.9613012075424194
0.9613012075424194
0.9618620276451111
0.9613012075424194
0.9613012075424194
0.9618620276451111
0.9618620276451111
0.9613012075424194
0.9618620276451111
0.9613012075424194
0.9613012075424194
0.9613012075424194
0.9613012075424194
0.9613012075424194
0.9613012075424194
0.9613012075424194
0.9613012075424194
0.9613012075424194
0.9613012075424194
0.9618620276451111
0.9618620276451111
0.9613012075424194
0.9613012075424194
0.9613012075424194
0.9613012075424194
0.9618620276451111
0.9613012075424194
0.9618620276451111
0.9613012075424194
0.9613012075424194
0.9613012075424194
0.9618620276451111
0.9613012075424194
0.9618620276451111
0.9618620276451111
0.9618620276451111
0.9618620276451111
0.9618620276451111
0.9618620276451111
0.9618620276451111
0.9618620276451111
0.9618620276451111
0.9618620276451111
0.9618620276451111
0.9613012075424194
0.9618620276451111
0.9618620276451111
0.9618620276451111
0.9618620276451111
0.9613012075424194
0.9618620276451111
0.9613012075424194
0.9613012075424194
0.9618620276451111
0.960740327835083
0.9618620276451111
0.9618620276451111
0.9618620276451111
0.9618620276451111
0.9618620276451111
0.960740327835083
0.9613012075424194
0.9613012075424194
0.9618620276451111
0.9618620276451111
0.9613012075424194
0.9618620276451111
0.9613012075424194
0.9618620276451111
0.9613012075424194
0.9624229073524475
0.9613012075424194
0.9618620276451111
0.9618620276451111
0.9618620276451111
0.9613012075424194
0.9613012075424194
0.9618620276451111
0.9618620276451111
0.9624229073524475
0.9618620276451111
0.9613012075424194
0.9613012075424194
0.9618620276451111
0.9613012075424194
0.9613012075424194
0.9618620276451111
0.9618620276451111
0.9618620276451111
0.9613012075424194
0.9618620276451111
0.9613012075424194
0.9613012075424194
0.9613012075424194
0.9618620276451111
0.9613012075424194
0.9618620276451111
0.9618620276451111
0.9618620276451111
0.9618620276451111
0.9618620276451111
0.9618620276451111
0.9613012075424194
0.9613012075424194
0.9618620276451111
0.9618620276451111
0.9613012075424194
0.9618620276451111
0.9618620276451111
0.9613012075424194
0.9613012075424194
0.9618620276451111
0.9618620276451111
0.9618620276451111
0.9613012075424194
0.9618620276451111
0.9618620276451111
0.9618620276451111
0.9613012075424194
0.9618620276451111
0.9613012075424194
0.9618620276451111
0.9618620276451111
0.9618620276451111
0.9618620276451111
0.9618620276451111
0.9618620276451111
0.9613012075424194
0.9613012075424194
0.9618620276451111
0.9613012075424194
0.9613012075424194
0.9613012075424194
0.9618620276451111
0.9618620276451111
0.9618620276451111
0.9613012075424194
0.9618620276451111
0.9618620276451111
0.9618620276451111
0.9613012075424194
0.9618620276451111
0.9618620276451111
0.9618620276451111
0.9613012075424194
0.9624229073524475
0.9613012075424194
0.9618620276451111
0.9613012075424194
0.9618620276451111
0.9613012075424194
0.9624229073524475
0.9624229073524475
0.9618620276451111
0.9618620276451111
0.9618620276451111
0.9618620276451111
0.9613012075424194
0.9618620276451111
0.9618620276451111
0.9618620276451111
0.9613012075424194
0.9618620276451111
0.9613012075424194
0.9613012075424194
0.9613012075424194
0.9613012075424194
0.9618620276451111
0.9618620276451111
0.9613012075424194
0.9618620276451111
0.9618620276451111
0.9618620276451111
0.9618620276451111
0.9613012075424194
0.9613012075424194
0.9618620276451111
0.9613012075424194
0.9618620276451111
0.9618620276451111
0.9613012075424194
0.9618620276451111
0.9613012075424194
0.9618620276451111
0.9618620276451111
0.9618620276451111
0.9613012075424194
0.9613012075424194
0.9613012075424194
0.9613012075424194
0.9618620276451111
0.9613012075424194
0.9613012075424194
0.9613012075424194
0.9613012075424194
0.9613012075424194
0.9613012075424194
0.9613012075424194
0.9613012075424194
0.9618620276451111
0.9618620276451111
0.9618620276451111
0.9618620276451111
0.9618620276451111
0.9613012075424194
0.9613012075424194
0.9618620276451111
0.9613012075424194
0.9613012075424194
0.9618620276451111
0.9613012075424194
0.9613012075424194
0.9618620276451111
0.9618620276451111
0.9618620276451111
0.9618620276451111
0.9613012075424194
0.9618620276451111
0.9613012075424194
0.9618620276451111
0.9613012075424194
0.9618620276451111
0.9618620276451111
0.9613012075424194
0.9613012075424194
0.9618620276451111
0.9618620276451111
0.9613012075424194
0.9618620276451111
0.9624229073524475
0.9618620276451111
0.9613012075424194
0.9613012075424194
0.9624229073524475
0.9618620276451111
0.9618620276451111
0.9613012075424194
0.9613012075424194
0.9618620276451111
0.9618620276451111
0.9618620276451111
0.9613012075424194
0.9613012075424194
0.9618620276451111
0.9613012075424194
0.9624229073524475
0.9613012075424194
0.9613012075424194
0.9613012075424194
0.9618620276451111
0.9618620276451111
0.9624229073524475
0.9613012075424194
0.9613012075424194
0.9618620276451111
0.9618620276451111
0.9618620276451111
0.9613012075424194
0.9618620276451111
0.9613012075424194
0.9618620276451111
0.9613012075424194
0.9618620276451111
0.9613012075424194
0.9613012075424194
0.9613012075424194
0.9613012075424194
0.9618620276451111
0.9613012075424194
0.9613012075424194
0.9613012075424194
0.9613012075424194
0.9613012075424194
0.9613012075424194
0.9618620276451111
0.9613012075424194
0.9613012075424194
0.9613012075424194
0.9618620276451111
0.9613012075424194
0.9613012075424194
0.9613012075424194
0.9613012075424194
0.9613012075424194
0.9618620276451111
0.9613012075424194
0.9613012075424194
0.9618620276451111
0.9613012075424194
0.9618620276451111
0.9624229073524475
0.9618620276451111
0.9613012075424194
0.9618620276451111
0.9618620276451111
0.9618620276451111
0.9613012075424194
0.9613012075424194
0.9613012075424194
0.9618620276451111
0.9618620276451111
0.9613012075424194
0.9613012075424194
0.9613012075424194
0.9613012075424194
0.9618620276451111
0.9613012075424194
0.9613012075424194
0.9618620276451111
0.9624229073524475
0.9613012075424194
0.9613012075424194
0.9613012075424194
0.9613012075424194
0.9618620276451111
0.9613012075424194
0.9613012075424194
0.9613012075424194
0.9613012075424194
0.9613012075424194
0.9618620276451111
0.9618620276451111
0.9613012075424194
0.9618620276451111
0.9618620276451111
0.9613012075424194
0.9613012075424194
0.9613012075424194
0.9613012075424194
0.9613012075424194
0.9618620276451111
0.9613012075424194
0.9618620276451111
0.9618620276451111
0.9618620276451111
0.9613012075424194
0.9613012075424194
0.9613012075424194
0.9613012075424194
0.9618620276451111
0.9618620276451111
0.9613012075424194
0.9613012075424194
0.9613012075424194
0.9613012075424194
0.9613012075424194
0.9618620276451111
0.9613012075424194
0.9613012075424194
0.9613012075424194
0.9613012075424194
0.9624229073524475
0.9613012075424194
0.9613012075424194
0.9613012075424194
0.9624229073524475
0.9618620276451111
0.9613012075424194
0.9618620276451111
0.9624229073524475
0.9613012075424194
0.9613012075424194
0.9613012075424194
0.9613012075424194
0.9618620276451111
0.9613012075424194
0.9613012075424194
0.9613012075424194
0.9613012075424194
0.9613012075424194
0.9613012075424194
0.9613012075424194
0.9613012075424194
0.9618620276451111
0.9613012075424194
0.9613012075424194
0.9618620276451111
0.9613012075424194
0.9613012075424194
0.9613012075424194
0.9618620276451111
0.9618620276451111
0.9613012075424194
0.9613012075424194
0.9613012075424194
0.9613012075424194
0.9613012075424194
0.9613012075424194
0.9613012075424194
0.9624229073524475
0.9618620276451111
0.9613012075424194
0.9618620276451111
0.9618620276451111
0.9613012075424194
0.9613012075424194
0.9624229073524475
0.9618620276451111
0.9618620276451111
0.9624229073524475
0.9624229073524475
0.9613012075424194
0.9613012075424194
0.9613012075424194
0.9618620276451111
0.9613012075424194
0.9613012075424194
0.9613012075424194
0.9618620276451111
0.9613012075424194
0.9613012075424194
0.9613012075424194
0.9618620276451111
0.9613012075424194
0.9613012075424194
0.9613012075424194
0.9613012075424194
0.9613012075424194
0.9618620276451111
0.9613012075424194
0.9613012075424194
0.9618620276451111
0.9618620276451111
0.9618620276451111
0.9618620276451111
0.9613012075424194
0.9613012075424194
0.9613012075424194
0.9618620276451111
0.9618620276451111
0.9613012075424194
0.9613012075424194
0.9618620276451111
0.9618620276451111
0.9613012075424194
0.9618620276451111
0.9618620276451111
0.9613012075424194
0.9613012075424194
0.9618620276451111
0.9618620276451111
0.9618620276451111
0.9613012075424194
0.9613012075424194
0.9613012075424194
0.9618620276451111
0.9618620276451111
0.9624229073524475
0.9613012075424194
0.9613012075424194
0.9618620276451111
0.9613012075424194
0.9613012075424194
0.9618620276451111
0.9613012075424194
0.9613012075424194
0.9613012075424194
0.9613012075424194
0.9618620276451111
0.9618620276451111
0.9624229073524475
0.9618620276451111
0.9613012075424194
0.9613012075424194
0.9618620276451111
0.9618620276451111
0.9618620276451111
0.9613012075424194
0.9613012075424194
0.9618620276451111
0.9618620276451111
0.9618620276451111
0.9618620276451111
0.9613012075424194
0.9613012075424194
0.9618620276451111
0.9618620276451111
0.9618620276451111
0.9613012075424194
0.9618620276451111
0.9618620276451111
0.9618620276451111
0.9613012075424194
0.9618620276451111
0.9618620276451111
0.9618620276451111
0.9618620276451111
0.9613012075424194
0.9618620276451111
0.9618620276451111
0.9618620276451111
0.9618620276451111
0.9618620276451111
0.9613012075424194
0.9613012075424194
0.9618620276451111
0.9613012075424194
0.9618620276451111
0.9618620276451111
0.9618620276451111
0.9618620276451111
0.9618620276451111
0.9618620276451111
0.9618620276451111
0.9618620276451111
0.9618620276451111
0.9618620276451111
0.9618620276451111
0.9618620276451111
0.9618620276451111
0.9618620276451111
0.9618620276451111
0.9618620276451111
0.9618620276451111
0.9618620276451111
0.9618620276451111
0.9618620276451111
0.9618620276451111
0.9618620276451111
0.9618620276451111
0.9618620276451111
0.9618620276451111
0.9618620276451111
0.9618620276451111
0.9618620276451111
0.9618620276451111
0.9618620276451111
0.9618620276451111
0.9618620276451111
0.9618620276451111
0.9618620276451111
0.9618620276451111
0.9618620276451111
0.9618620276451111
0.9618620276451111
0.9618620276451111
0.9618620276451111
0.9618620276451111
0.9618620276451111
0.9618620276451111
0.9618620276451111
0.9618620276451111
0.9618620276451111
0.9613012075424194
0.9618620276451111
0.9618620276451111
0.9613012075424194
0.9618620276451111
0.9618620276451111
0.9618620276451111
0.9618620276451111
0.9618620276451111
0.9618620276451111
0.9618620276451111
0.9618620276451111
0.9618620276451111
0.9618620276451111
0.9618620276451111
0.9618620276451111
0.9618620276451111
0.9618620276451111
0.9618620276451111
0.9618620276451111
0.9618620276451111
0.9618620276451111
0.9618620276451111
0.9618620276451111
0.9618620276451111
0.9618620276451111
0.9618620276451111
0.9618620276451111
0.9618620276451111
0.9618620276451111
0.9618620276451111
0.9618620276451111
0.9618620276451111
0.9618620276451111
0.9618620276451111
0.9618620276451111
0.9618620276451111
0.9618620276451111
0.9618620276451111
0.9618620276451111
0.9618620276451111
0.9618620276451111
0.9618620276451111
0.9618620276451111
0.9618620276451111
0.9618620276451111
0.9618620276451111
0.9618620276451111
0.9618620276451111
0.9618620276451111
0.9618620276451111
0.9618620276451111
0.9618620276451111
0.9618620276451111
0.9618620276451111
0.9618620276451111
0.9618620276451111
0.9618620276451111
0.9618620276451111
0.9618620276451111
0.9618620276451111
0.9618620276451111
0.9618620276451111
0.9618620276451111
0.9618620276451111
0.9618620276451111
0.9618620276451111
0.9618620276451111
0.9618620276451111
0.9618620276451111
0.9618620276451111
0.9618620276451111
0.9618620276451111
0.9618620276451111
0.9618620276451111
0.9618620276451111
0.9618620276451111
0.9618620276451111
0.9618620276451111
0.9618620276451111
0.9618620276451111
0.9618620276451111
0.9618620276451111
0.9618620276451111
0.9618620276451111
0.9618620276451111
0.9618620276451111
0.9618620276451111
0.9618620276451111
0.9618620276451111
0.9618620276451111
0.9618620276451111
0.9618620276451111
0.9618620276451111
0.9618620276451111
0.9618620276451111
0.9618620276451111
0.9618620276451111
0.9618620276451111
0.9618620276451111
0.9618620276451111
0.9618620276451111
0.9618620276451111
0.9618620276451111
0.9618620276451111
0.9618620276451111
0.9618620276451111
0.9618620276451111
0.9618620276451111
0.9618620276451111
0.9618620276451111
0.9618620276451111
0.9618620276451111
0.9618620276451111
0.9618620276451111
0.9618620276451111
0.9618620276451111
0.9618620276451111
0.9618620276451111
0.9618620276451111
0.9618620276451111
0.9618620276451111
0.9618620276451111
0.9618620276451111
0.9618620276451111
0.9618620276451111
0.9618620276451111
0.9618620276451111
0.9618620276451111
0.9618620276451111
0.9618620276451111
0.9618620276451111
0.9618620276451111
0.9618620276451111
0.9618620276451111
0.9618620276451111
0.9618620276451111
0.9618620276451111
0.9618620276451111
0.9618620276451111
0.9618620276451111
0.9618620276451111
0.9618620276451111
0.9618620276451111
0.9618620276451111
0.9618620276451111
0.9618620276451111
0.9618620276451111
0.9618620276451111
0.9618620276451111
0.9618620276451111
0.9618620276451111
0.9618620276451111
0.9618620276451111
0.9618620276451111
0.9618620276451111
0.9618620276451111
0.9618620276451111
0.9618620276451111
0.9618620276451111
0.9618620276451111
0.9618620276451111
0.9618620276451111
0.9618620276451111
0.9618620276451111
0.9618620276451111
0.9618620276451111
0.9618620276451111
0.9618620276451111
0.9618620276451111
0.9618620276451111
0.9618620276451111
0.9618620276451111
0.9618620276451111
0.9618620276451111
0.9618620276451111
0.9618620276451111
0.9618620276451111
0.9618620276451111
0.9618620276451111
0.9618620276451111
0.9618620276451111
0.9618620276451111
0.9618620276451111
0.9618620276451111
0.9618620276451111
0.9618620276451111
0.9618620276451111
0.9618620276451111
0.9618620276451111
0.9618620276451111
0.9618620276451111
0.9618620276451111
0.9618620276451111
0.9618620276451111
0.9618620276451111
0.9618620276451111
0.9618620276451111
0.9618620276451111
0.9618620276451111
0.9618620276451111
0.9618620276451111
0.9618620276451111
0.9618620276451111
0.9618620276451111
0.9618620276451111
0.9618620276451111
0.9618620276451111
0.9618620276451111
0.9618620276451111
0.9618620276451111
0.9618620276451111
0.9618620276451111
0.9618620276451111
0.9618620276451111
0.9618620276451111
0.9618620276451111
0.9618620276451111
0.9618620276451111
0.9618620276451111
0.9618620276451111
0.9618620276451111
0.9618620276451111
0.9618620276451111
0.9618620276451111
0.9618620276451111
0.9618620276451111
0.9618620276451111
0.9618620276451111
0.9618620276451111
0.9618620276451111
0.9618620276451111
0.9618620276451111
0.9618620276451111
0.9618620276451111
0.9618620276451111
0.9618620276451111
0.9618620276451111
0.9618620276451111
0.9618620276451111
0.9618620276451111
0.9618620276451111
0.9618620276451111
0.9618620276451111
0.9618620276451111
0.9618620276451111
0.9618620276451111
0.9618620276451111
0.9618620276451111
