0.540881335735321
0.4068633019924164
0.3924281597137451
0.3877825140953064
0.3803664743900299
0.3728441596031189
0.36361056566238403
0.3601456880569458
0.35557445883750916
0.3516384959220886
0.3454219102859497
0.33968114852905273
0.33651652932167053
0.33045694231987
0.32779204845428467
0.3297554850578308
0.314948171377182
0.31227800250053406
0.30948853492736816
0.3076750338077545
0.298322856426239
0.29731109738349915
0.2947026193141937
0.29073745012283325
0.28054967522621155
0.2756015360355377
0.27066126465797424
0.26917797327041626
0.27396440505981445
0.26990100741386414
0.25004416704177856
0.2619067132472992
0.25472232699394226
0.2441788911819458
0.237834170460701
0.23083247244358063
0.2270103394985199
0.22524064779281616
0.22989492118358612
0.21113231778144836
0.20312921702861786
0.1995093673467636
0.19441713392734528
0.20088358223438263
0.1953292191028595
0.1861514449119568
0.18485301733016968
0.17551304399967194
0.1712503731250763
0.1773601919412613
0.16309776902198792
0.16274388134479523
0.15535028278827667
0.15584078431129456
0.15350891649723053
0.149199441075325
0.17741160094738007
0.16749410331249237
0.145926833152771
0.14039595425128937
0.1351250559091568
0.1322774738073349
0.12860587239265442
0.12965993583202362
0.11952588707208633
0.12064216285943985
0.12116997689008713
0.12560491263866425
0.12277007848024368
0.13051928579807281
0.11367791891098022
0.11173529177904129
0.11201023310422897
0.10522802174091339
0.1186922937631607
0.11256907880306244
0.10783706605434418
0.10282936692237854
0.09985396265983582
0.10133448988199234
0.09906841069459915
0.09299271553754807
0.09513916075229645
0.11958600580692291
0.10065004229545593
0.10164467990398407
0.09528303891420364
0.08839879184961319
0.08675012737512589
0.08605960756540298
0.09136218577623367
0.09386823326349258
0.11838550120592117
0.09258528053760529
0.08379314839839935
0.07965042442083359
0.08469478785991669
0.06683666259050369
0.06570588797330856
0.06778799742460251
0.07843577861785889
0.09515227377414703
0.09942485392093658
0.0828201100230217
0.07025044411420822
0.053991738706827164
0.048358004540205
0.04881231486797333
0.04678463563323021
0.04636847600340843
0.04389464855194092
0.04546057805418968
0.044960495084524155
0.04354996234178543
0.04486865922808647
0.047640588134527206
0.04431023821234703
0.04850567877292633
0.045667581260204315
0.04291081801056862
0.04458312690258026
0.045287758111953735
0.043409157544374466
0.04107826203107834
0.04217143729329109
0.04524507373571396
0.04330870136618614
0.04267597943544388
0.04003123193979263
0.04316946864128113
0.04046200215816498
0.03924037516117096
0.03734968602657318
0.034846674650907516
0.036621298640966415
0.03768659755587578
0.036238063126802444
0.038528040051460266
0.03582622855901718
0.03617517277598381
0.036361873149871826
0.03775004297494888
0.03916458413004875
0.03475264459848404
0.03539807349443436
0.04127783700823784
0.04919422045350075
0.04021189734339714
0.033867765218019485
0.03421814739704132
0.03349219635128975
0.032285746186971664
0.034638263285160065
0.03317221254110336
0.035141538828611374
0.03480326011776924
0.03519117832183838
0.03137151896953583
0.03351210430264473
0.031063023954629898
0.029710782691836357
0.032054003328084946
0.029425885528326035
0.03439527377486229
0.032569143921136856
0.037532705813646317
0.03168283775448799
0.033274926245212555
0.03809107467532158
0.03430312126874924
0.03196554630994797
0.028616465628147125
0.028174905106425285
0.027128499001264572
0.0280926451086998
0.03015442192554474
0.031348858028650284
0.037905361503362656
0.03613390028476715
0.028042098507285118
0.03974376991391182
0.029080187901854515
0.03105449676513672
0.028412478044629097
0.02498033456504345
0.025676200166344643
0.031926628202199936
0.03500336781144142
0.029544120654463768
0.03672132268548012
0.03989499434828758
0.04973846301436424
0.03833591565489769
0.032533660531044006
0.028566502034664154
0.0258060060441494
0.026193004101514816
0.025370612740516663
0.02331314980983734
0.02822299301624298
0.024004139006137848
0.02732633240520954
0.02920808270573616
0.021641947329044342
0.02383606508374214
0.02264467254281044
0.018306858837604523
0.018731821328401566
0.018337147310376167
0.017022881656885147
0.017236318439245224
0.017321858555078506
0.0168765839189291
0.01687324419617653
0.01704740896821022
0.01680745929479599
0.015849564224481583
0.01642526499927044
0.0175300482660532
0.016856059432029724
0.015750451013445854
0.015932932496070862
0.015861015766859055
0.016213176771998405
0.01618354208767414
0.015624686144292355
0.016380198299884796
0.016979524865746498
0.01693151146173477
0.016858486458659172
0.01553507149219513
0.015230431221425533
0.01611972041428089
0.016169466078281403
0.015788529068231583
0.016661973670125008
0.01566658727824688
0.017414966598153114
0.01591370813548565
0.019634956493973732
0.0182991661131382
0.016441218554973602
0.015969105064868927
0.01499039214104414
0.015487171709537506
0.017265504226088524
0.01493847742676735
0.01403208076953888
0.015949014574289322
0.01691902056336403
0.016477501019835472
0.01570608839392662
0.014544567093253136
0.01428958959877491
0.015300363302230835
0.01375515479594469
0.013873407617211342
0.01436530239880085
0.01626763492822647
0.016351941972970963
0.014980540610849857
0.015472807921469212
0.0149123789742589
0.015102414414286613
0.017728591337800026
0.01613651216030121
0.013555075041949749
0.014098926447331905
0.016132768243551254
0.015199675224721432
0.01790228858590126
0.01588580198585987
0.015911156311631203
0.01405725535005331
0.013637940399348736
0.014687453396618366
0.013776417821645737
0.014752492308616638
0.01552113238722086
0.013989588245749474
0.014054439961910248
0.014423929154872894
0.014674562960863113
0.012524386867880821
0.013914958573877811
0.014021512120962143
0.014319299720227718
0.015255833975970745
0.013877694495022297
0.01368668768554926
0.011646299622952938
0.013220171444118023
0.012757261283695698
0.014251952059566975
0.011620400473475456
0.013711214065551758
0.013464082032442093
0.014415442943572998
0.012711550109088421
0.021858414635062218
0.014701337553560734
0.013255053199827671
0.013731031678617
0.014493150636553764
0.012425375171005726
0.010620644316077232
0.010191733948886395
0.009305722080171108
0.0102396160364151
0.010586894117295742
0.009417560882866383
0.009803304448723793
0.009814376011490822
0.00923056062310934
0.010491563007235527
0.00922099407762289
0.009640040807425976
0.009622928686439991
0.009721891954541206
0.009382682852447033
0.009563700295984745
0.010020033456385136
0.009569274261593819
0.009635168127715588
0.009212251752614975
0.009329359047114849
0.00920376181602478
0.009287240915000439
0.008898835629224777
0.010203161276876926
0.010380112566053867
0.009357508271932602
0.009208494797348976
0.009072616696357727
0.008758937940001488
0.008934635668992996
0.008778070099651814
0.008857819251716137
0.00862974114716053
0.009362696669995785
0.008879904635250568
0.008672235533595085
0.009206180460751057
0.00881519727408886
0.00892189983278513
0.008835827931761742
0.009437361732125282
0.009230853989720345
0.009174455888569355
0.00871793832629919
0.008678372018039227
0.009715606458485126
0.009357606060802937
0.009326361119747162
0.010058385320007801
0.009635581634938717
0.00860975868999958
0.00803727563470602
0.00862931553274393
0.008365966379642487
0.008444295264780521
0.008376941084861755
0.00896278116852045
0.00945443008095026
0.008734173141419888
0.00890262983739376
0.008480467833578587
0.008689898066222668
0.009124447591602802
0.008830267935991287
0.008433091454207897
0.009233278222382069
0.008006597869098186
0.009541152976453304
0.009583685547113419
0.009051244705915451
0.010299067944288254
0.007791378069669008
0.00845575612038374
0.008160590194165707
0.008242908865213394
0.00828800443559885
0.007282007951289415
0.00766558526083827
0.008050074800848961
0.007545162457972765
0.007721011061221361
0.008058491162955761
0.0076184263452887535
0.007904529571533203
0.00814511626958847
0.00793379545211792
0.007732874248176813
0.008210094645619392
0.008028427138924599
0.007474909536540508
0.008217092603445053
0.008158845826983452
0.007585430983453989
0.0073392195627093315
0.007158034481108189
0.00827807653695345
0.007560455705970526
0.008328440599143505
0.007952125743031502
0.006631023250520229
0.0066492268815636635
0.006698907352983952
0.006324832793325186
0.006311899516731501
0.006467887666076422
0.006540615111589432
0.006633507087826729
0.006450613494962454
0.006490811239928007
0.006505907047539949
0.006445512641221285
0.006341650616377592
0.006432306487113237
0.006255241110920906
0.006299666594713926
0.006382513325661421
0.006455423776060343
0.006437959615141153
0.006290762685239315
0.006499509792774916
0.006559197790920734
0.006174586713314056
0.00625990703701973
0.0064779482781887054
0.0061523825861513615
0.006180827040225267
0.006078653037548065
0.005952341016381979
0.006262540351599455
0.006025073118507862
0.006201799027621746
0.006357781123369932
0.006247254088521004
0.006173661909997463
0.005869029089808464
0.006094903219491243
0.006172957830131054
0.006170991808176041
0.00608827592805028
0.006371129769831896
0.0060886782594025135
0.005933358799666166
0.005860108882188797
0.0057942611165344715
0.006557613145560026
0.006230000872164965
0.00627175671979785
0.005851042922586203
0.005882913712412119
0.005825577769428492
0.005906122270971537
0.00595061806961894
0.005894235335290432
0.00592170562595129
0.005993432365357876
0.00622402923181653
0.006148902699351311
0.00626656599342823
0.005872752983123064
0.005895446054637432
0.006614464335143566
0.00592943886294961
0.005646614357829094
0.006013007834553719
0.005751581396907568
0.005610674154013395
0.005598720628768206
0.005402036942541599
0.005619098898023367
0.005926129408180714
0.005756467115134001
0.005935200490057468
0.006659676320850849
0.005807061213999987
0.005630227271467447
0.005643480457365513
0.005542467348277569
0.005473002325743437
0.005510995164513588
0.005696237552911043
0.005779486149549484
0.005638220813125372
0.005603913217782974
0.005473058205097914
0.00556521350517869
0.005658396519720554
0.00558622507378459
0.0059312558732926846
0.005673357285559177
0.0054929908365011215
0.005407066084444523
0.00544147239997983
0.005610200110822916
0.005367009900510311
0.0056161112152040005
0.005592246539890766
0.005635799840092659
0.005426826886832714
0.005460004787892103
0.005156895145773888
0.005059112794697285
0.005062368232756853
0.004986722022294998
0.004941357299685478
0.004966971930116415
0.004887612536549568
0.0049621351063251495
0.0050142062827944756
0.004935458768159151
0.005038401111960411
0.004966520704329014
0.004968153778463602
0.004961489699780941
0.004945661872625351
0.004908956121653318
0.00498173525556922
0.005146666429936886
0.004904618486762047
0.004863034468144178
0.004887185525149107
0.004883432760834694
0.004945361986756325
0.004820122383534908
0.0048018102534115314
0.004897065926343203
0.004942425526678562
0.004957530647516251
0.004845231305807829
0.004975334741175175
0.004863821901381016
0.004822705406695604
0.0049157398752868176
0.004827762022614479
0.004776717629283667
0.004828727338463068
0.004839950241148472
0.0047704544849693775
0.004759795963764191
0.0047275167889893055
0.004735867027193308
0.004748692270368338
0.0047818575985729694
0.004811011254787445
0.004692574497312307
0.004702200181782246
0.004768604412674904
0.00485557597130537
0.0049588377587497234
0.00479111447930336
0.004810976795852184
0.0048964545130729675
0.004895864985883236
0.004708445630967617
0.004820614121854305
0.004869191907346249
0.004807709250599146
0.004660607781261206
0.004684498067945242
0.004611366894096136
0.004759964998811483
0.00476977089419961
0.004808872472494841
0.004669397138059139
0.004665512591600418
0.004765759222209454
0.004590441007167101
0.004597070626914501
0.004637096077203751
0.004693404771387577
0.0047594718635082245
0.004668446723371744
0.004761829040944576
0.004647194407880306
0.004616093821823597
0.004620746709406376
0.004703042097389698
0.004662398248910904
0.004557270091027021
0.00462477607652545
0.004542803857475519
0.004602987784892321
0.004512579180300236
0.00452638091519475
0.004579647444188595
0.004649191163480282
0.004645668901503086
0.004520125687122345
0.004654738120734692
0.004529732279479504
0.004726817831397057
0.004518699366599321
0.004559775348752737
0.004542333539575338
0.0046561346389353275
0.004634489305317402
0.00464384350925684
0.004401235841214657
0.004495497792959213
0.0044724722392857075
0.004379028454422951
0.004306742921471596
0.004309026524424553
0.004266301169991493
0.004316734150052071
0.004326763562858105
0.004318729508668184
0.004306432791054249
0.00427264953032136
0.0042756469920277596
0.004303551744669676
0.004252793733030558
0.004260921850800514
0.004260859452188015
0.004312314558774233
0.004283392336219549
0.004260853864252567
0.004315962549299002
0.004219069145619869
0.004240000620484352
0.004214358516037464
0.004247793462127447
0.004275336395949125
0.004191833548247814
0.0042317272163927555
0.004237094894051552
0.004238772671669722
0.004281190223991871
0.004221250768750906
0.004233329091221094
0.00423408392816782
0.004299679771065712
0.004171558190137148
0.004211072809994221
0.004230649676173925
0.004226586315780878
0.004199260845780373
0.004234921187162399
0.004214033484458923
0.004255684558302164
0.004253333900123835
0.004179774317890406
0.004205125384032726
0.004177052993327379
0.004193370696157217
0.004238772206008434
0.004224767908453941
0.004169593099504709
0.004166975151747465
0.004174262285232544
0.004142387304455042
0.004187535960227251
0.0041638826951384544
0.004159571137279272
0.004210231360048056
0.004147964529693127
0.004133374430239201
0.004149632062762976
0.004195575602352619
0.0041770488023757935
0.00414601294323802
0.004192395135760307
0.004207005258649588
0.004120782949030399
0.004130637738853693
0.0041477736085653305
0.004126035142689943
0.0041325753554701805
0.004128641914576292
0.004124030005186796
0.004098826088011265
0.0040798005647957325
0.0041175889782607555
0.004129908513277769
0.00413279514759779
0.004133559763431549
0.004219187889248133
0.004148248117417097
0.0041287741623818874
0.0040923054330050945
0.004102264530956745
0.004100467544049025
0.004163210745900869
0.004208166617900133
0.004053361713886261
0.004094650968909264
0.004114531446248293
0.004130130168050528
0.004080093465745449
0.0040913852863013744
0.004096175543963909
0.004082893952727318
0.004027529153972864
0.004015921615064144
0.004047002177685499
0.004040035419166088
0.004020754247903824
0.004052448086440563
0.004015551880002022
0.004031721036881208
0.003964703064411879
0.003942926414310932
0.003962730057537556
0.003956539556384087
0.003968697041273117
0.003977581858634949
0.003948823548853397
0.004017028957605362
0.003923582378774881
0.0039533572271466255
0.003947251010686159
0.003949708305299282
0.003937187138944864
0.0039501916617155075
0.003941607195883989
0.003937622532248497
0.0039606173522770405
0.003938410896807909
0.003937094938009977
0.003930022474378347
0.003923778422176838
0.003930100705474615
0.003928573336452246
0.003920937888324261
0.003938198089599609
0.0039098383858799934
0.00392474140971899
0.003919193521142006
0.003909275867044926
0.003924843855202198
0.0038982073310762644
0.0039264848455786705
0.003927915822714567
0.003934029955416918
0.0039110914804041386
0.003916549030691385
0.003909382037818432
0.0038933272007852793
0.003894761437550187
0.0039388686418533325
0.00389833259396255
0.0038898896891623735
0.003879450261592865
0.003935738932341337
0.0039020993281155825
0.003881660755723715
0.0039005910512059927
0.0038702513556927443
0.0038859760388731956
0.0039043514989316463
0.003918846603482962
0.003929581493139267
0.003883310128003359
0.00388848758302629
0.0038873476441949606
0.003879663534462452
0.0038980229292064905
0.0038634513039141893
0.0038959921803325415
0.0038872731383889914
0.0038527213037014008
0.003872365690767765
0.0038713612593710423
0.0038789331447333097
0.003870338434353471
0.0039024753496050835
0.0039055258966982365
0.0038806067313998938
0.0038586400914937258
0.0038695100229233503
0.0038868216797709465
0.003864346072077751
0.0038751079700887203
0.003858322976157069
0.003858746262267232
0.0038612664211541414
0.003864159807562828
0.003865794511511922
0.0038465140387415886
0.0038350706454366446
0.0038543480914086103
0.003845901694148779
0.0038796018343418837
0.003861622419208288
0.0038482556119561195
0.0038518020883202553
0.003886210499331355
0.0038688424974679947
0.003817229298874736
0.003851191373541951
0.0038480395451188087
0.0038166893646121025
0.003883959259837866
0.0038465692196041346
0.003871843684464693
0.003819788806140423
0.0038312701508402824
0.0038154451176524162
0.003832112764939666
0.0038646752946078777
0.003803110448643565
0.0037869380321353674
0.0037901783362030983
0.003791971132159233
0.0037810488138347864
0.003791836556047201
0.0037803752347826958
0.003785111475735903
0.0037878372240811586
0.0037696787621825933
0.0037959658075124025
0.0037835962139070034
0.003780233906581998
0.0037753607612103224
0.003788782050833106
0.00377385294996202
0.0037847179919481277
0.003793058218434453
0.0037873846013098955
0.003790765069425106
0.0037956612650305033
0.003779413877055049
0.0037801095750182867
0.003775751916691661
0.003777374280616641
0.0037668852601200342
0.003773575648665428
0.0037714955396950245
0.0037777037359774113
0.003760688239708543
0.003768268972635269
0.003772198688238859
0.003761188592761755
0.003763390239328146
0.0037822844460606575
0.0037836336996406317
0.003777693258598447
0.0037682533729821444
0.0037640430964529514
0.0037477780133485794
0.003764346707612276
0.0037759749684482813
0.0037655916530638933
0.0037693080957978964
0.003764904337003827
0.003756046062335372
0.003763121087104082
0.0037648226134479046
0.0037460103631019592
0.003754839999601245
0.00376196950674057
0.003768708324059844
0.0037435477133840322
0.003779939142987132
0.0037634612526744604
0.003743983805179596
0.003766666864976287
0.0037433942779898643
0.003749985247850418
0.0037520339246839285
0.0037479689344763756
0.003745595458894968
0.0037342244759202003
0.0037417772691696882
0.003754581091925502
0.0037476900033652782
0.0037719488609582186
0.0037422985769808292
0.0037409267388284206
0.003731493605300784
0.0037466324865818024
0.0037346493918448687
0.0037360137794166803
0.003740065498277545
0.0037413882091641426
0.0037401311565190554
0.0037456878926604986
0.0037303778808563948
0.0037607690319418907
0.0037240057718008757
0.003739648498594761
0.0037331096827983856
0.003731336910277605
0.003741070395335555
0.003723734524101019
0.003732749493792653
0.003721371991559863
0.0037383122835308313
0.003724865848198533
0.003736923448741436
0.0037198392674326897
0.003729993710294366
0.003731321543455124
0.0037227023858577013
0.003722738241776824
0.0037173123564571142
0.003729562507942319
0.0037337623070925474
0.0037146087270230055
0.0037290414329618216
0.0037162858061492443
0.003703878028318286
0.0037136664614081383
0.0037049544043838978
0.00370625127106905
0.003701423527672887
0.0037052351981401443
0.003701344830915332
0.0037005238700658083
0.0036999057047069073
0.003703463589772582
0.003703146707266569
0.003699211636558175
0.0037027678918093443
0.003708739997819066
0.003701182547956705
0.0037065104115754366
0.0036982872989028692
0.0037007550708949566
0.0037074084393680096
0.003698563203215599
0.0037015178240835667
0.0036984209436923265
0.0036973082460463047
0.0036936961114406586
0.003702544141560793
0.0036977389827370644
0.0036941037978976965
0.003695607418194413
0.0037024617195129395
0.0036986570339649916
0.0037000870797783136
0.003693645354360342
0.0036883463617414236
0.0036927307955920696
0.0036979408469051123
0.0036892860662192106
0.0036853572819381952
0.0036921000573784113
0.003694650949910283
0.003688605036586523
0.0036911838687956333
0.003691414836794138
0.0036927079781889915
0.0036918562836945057
0.003688935888931155
0.0036914926022291183
0.0036870024632662535
0.0036856960505247116
0.003686372423544526
0.0036841826513409615
0.003682730719447136
0.00368503388017416
0.0036902467254549265
0.0036897980608046055
0.0036865309812128544
0.0036882676649838686
0.0036849621683359146
0.0036858366802334785
0.003681846894323826
0.003685715841129422
0.0036910229828208685
0.0036807165015488863
0.00367948180064559
0.0036831439938396215
0.003687439486384392
0.0036776899360120296
0.0036765176337212324
0.0036806974094361067
0.0036784717813134193
0.0036841577384620905
0.003678245237097144
0.003678839420899749
0.0036758051719516516
0.0036811239551752806
0.0036749467253684998
0.0036837165243923664
0.003677990287542343
0.0036784368567168713
0.0036774054169654846
0.0036785334814339876
0.0036810857709497213
0.0036777141503989697
0.0036815355997532606
0.0036740079522132874
0.0036735928151756525
0.0036747362464666367
0.003677606349810958
0.0036761309020221233
0.003669399069622159
0.0036742498632520437
0.003671536687761545
0.003678365610539913
0.003668870311230421
0.0036767669953405857
0.0036682828795164824
0.0036721837241202593
0.003674294101074338
0.0036696698516607285
0.0036744417157024145
0.003664087038487196
0.0036665680818259716
0.0036626560613512993
0.0036627391818910837
0.0036609668750315905
0.0036670647095888853
0.003661693772301078
0.0036601475439965725
0.003661544295027852
0.003665850730612874
0.0036597501020878553
0.0036598751321434975
0.0036634730640798807
0.0036650870461016893
0.003659978974610567
0.003663342446088791
0.0036596814170479774
0.00365771958604455
0.003661952679976821
0.0036585743073374033
0.003659518901258707
0.003659138921648264
0.0036574292462319136
0.0036571240052580833
0.003658019471913576
0.0036590108647942543
0.003658271161839366
0.0036560052540153265
0.0036592360120266676
0.003656587330624461
0.003659100504592061
0.003655438544228673
0.003657435765489936
0.0036551926750689745
0.003660031594336033
0.0036545954644680023
0.0036572597455233335
0.0036560953594744205
0.003655090695247054
0.0036556064151227474
0.0036576103884726763
0.0036575323902070522
0.0036555954720824957
0.0036544930189847946
0.0036547475028783083
0.003654257394373417
0.003655965905636549
0.0036518170963972807
0.0036561423912644386
0.003653973573818803
0.003653923748061061
0.0036632195115089417
0.003652784740552306
0.003654798958450556
0.0036524131428450346
0.003654404543340206
0.003657406894490123
0.003655437845736742
0.003651440842077136
0.003651874605566263
0.003653057152405381
0.0036531430669128895
0.0036530988290905952
0.0036537100095301867
0.003652717685326934
0.0036510091740638018
0.003650184953585267
0.0036496538668870926
0.0036509563215076923
0.0036485730670392513
0.0036513693630695343
0.0036485199816524982
0.0036503500305116177
0.00364935165271163
0.003650074591860175
0.0036497311666607857
0.0036475611850619316
0.0036484869197010994
0.003647893900051713
0.003650360507890582
0.0036524448078125715
0.003649812890216708
0.0036484901793301105
0.003647597972303629
0.0036508601624518633
0.0036483805160969496
0.003646531607955694
0.003648667596280575
0.0036460068076848984
0.0036524166353046894
0.003645737189799547
0.0036476561799645424
0.00364924524910748
0.003646905068308115
0.0036482347641140223
0.0036490722559392452
0.0036451732739806175
0.0036466578021645546
0.003649094607681036
0.0036462717689573765
0.003640670096501708
0.003641413291916251
0.0036406770814210176
0.0036405432038009167
0.003640923649072647
0.0036404652055352926
0.0036396977957338095
0.0036410000175237656
0.003640060778707266
0.003642366034910083
0.0036402903497219086
0.0036415038630366325
0.0036400994285941124
0.003640176262706518
0.003640634473413229
0.003639435628429055
0.003639514558017254
0.0036397490184754133
0.003638471942394972
0.0036413995549082756
0.0036398093216121197
0.003640450770035386
0.0036397501826286316
0.003638880793005228
0.0036387278232723475
0.0036390437744557858
0.0036385718267410994
0.0036389424931257963
0.003640047274529934
0.0036394449416548014
0.003638166468590498
0.003639570437371731
0.0036394025664776564
0.0036388011649250984
0.003638689639046788
0.003639906644821167
0.0036381310783326626
0.003637190442532301
0.00363943655975163
0.0036380738019943237
0.0036383934784680605
0.003638350870460272
0.0036385925486683846
0.0036385091952979565
0.00363774411380291
0.0036375042982399464
0.0036379853263497353
0.0036375185009092093
0.003638390451669693
0.003637404879555106
0.0036367755383253098
0.0036364574916660786
0.0036360113881528378
0.0036359247751533985
0.0036366069689393044
0.0036391019821166992
0.0036380868405103683
0.0036364845000207424
0.003636864246800542
0.0036373354960232973
0.003635386936366558
0.0036374032497406006
0.003637072630226612
0.0036375955678522587
0.003635481931269169
0.003636301029473543
0.003637355752289295
0.003636707318946719
0.0036365457344800234
0.003636506386101246
0.0036345981061458588
0.0036353205796331167
0.0036372935865074396
0.0036344188265502453
0.003633918007835746
0.003635328495875001
0.0036352123133838177
0.003634961321949959
0.0036361059173941612
0.0036346185952425003
0.003635168308392167
0.0036336956545710564
0.003635532921180129
0.0036344449035823345
0.0036353603936731815
0.0036343063693493605
0.0036343790125101805
0.003635777859017253
0.0036334251053631306
0.003633541287854314
0.0036331801675260067
0.003633481450378895
0.0036338074132800102
0.003633346641436219
0.0036338462959975004
0.003634158056229353
0.003632817417383194
0.0036325023975223303
0.003633058862760663
0.003632123814895749
0.003630443010479212
0.003630820894613862
0.0036304292734712362
0.0036297983024269342
0.0036305254325270653
0.003631301922723651
0.003630576189607382
0.0036299931816756725
0.0036304162349551916
0.0036304136738181114
0.003630520775914192
0.003631094703450799
0.0036301310174167156
0.0036307303234934807
0.003629891201853752
0.0036301598884165287
0.0036297920159995556
0.0036296111065894365
0.0036293284501880407
0.0036300134379416704
0.0036301587242633104
0.003630449529737234
0.0036301021464169025
0.0036294509191066027
0.0036301922518759966
0.003629670012742281
0.0036289009731262922
0.003631841391324997
0.003630475141108036
0.0036300080828368664
0.0036290851421654224
0.003629062557592988
0.0036295808386057615
0.0036286814138293266
0.0036291801370680332
0.003628931939601898
0.0036286215763539076
0.0036291389260441065
0.0036292322911322117
0.0036292148288339376
0.003628764534369111
0.0036282541695982218
0.003629004815593362
0.0036305799148976803
0.003628121456131339
0.003628523787483573
0.0036287130787968636
0.0036284755915403366
0.003628717502579093
0.003628235775977373
0.0036285766400396824
0.003629422979429364
0.0036277584731578827
0.0036292653530836105
0.003628009930253029
0.0036293582525104284
0.003629635088145733
0.003627943340688944
0.0036281365901231766
0.0036282334476709366
0.0036283405497670174
0.003627836937084794
0.0036279214546084404
0.0036281628999859095
0.0036284406669437885
0.0036280390340834856
0.003629396203905344
0.0036271882709115744
0.0036280073691159487
0.0036284064408391714
0.0036276180762797594
0.003627246245741844
0.0036278567276895046
0.0036276327446103096
0.0036272990982979536
0.0036268390249460936
0.0036270783748477697
0.0036275177262723446
0.0036274015437811613
0.0036279100459069014
0.0036282166838645935
0.003626881167292595
0.0036272555589675903
0.0036270415876060724
0.003627112600952387
0.003626593155786395
0.003626907942816615
0.003626594552770257
0.003626503050327301
0.0036271216813474894
0.0036267763935029507
0.00362680503167212
0.003626521211117506
0.003626396646723151
0.003627538913860917
0.003626937512308359
0.003627543803304434
0.003627806669101119
0.0036267826799303293
0.0036261416971683502
0.0036258078180253506
0.0036253202706575394
0.003625530283898115
0.003625252051278949
0.0036251507699489594
0.0036252604331821203
0.0036247328389436007
0.0036253018770366907
0.0036257216706871986
0.0036249838303774595
0.0036249400582164526
0.0036249232944101095
0.0036248094402253628
0.0036255421582609415
0.0036249912809580564
0.0036254236474633217
0.0036252413410693407
0.003625077661126852
0.0036248124670237303
0.0036249952390789986
0.0036251505371183157
0.003624942386522889
0.003624921664595604
0.0036251156125217676
0.0036244799848645926
0.003624642500653863
0.0036248776596039534
0.0036249379627406597
0.0036245593801140785
0.0036247740499675274
0.003624437842518091
0.0036247840616852045
0.0036248487886041403
0.003624499775469303
0.0036245170049369335
0.0036243388894945383
0.0036244522780179977
0.0036244227085262537
0.003624461591243744
0.0036246657837182283
0.003624672768637538
0.0036248178221285343
0.0036242485512048006
0.0036245700903236866
0.0036249198019504547
0.00362439570017159
0.0036244981456547976
0.0036242599599063396
0.003624711185693741
0.0036244799848645926
0.0036243125796318054
0.0036239728797227144
0.0036240876652300358
0.003623911878094077
0.0036242154892534018
0.0036241794005036354
0.003624189645051956
0.003624480217695236
0.0036243912763893604
0.0036240213084965944
0.0036242580972611904
0.003624730044975877
0.003623940981924534
0.003624249715358019
0.0036240241024643183
0.0036240925546735525
0.0036240092013031244
0.0036238974425941706
0.0036237870808690786
0.003624281147494912
0.003623644122853875
0.003623836673796177
0.003623897209763527
0.0036240634508430958
0.0036241160705685616
0.0036236559972167015
0.003623825963586569
0.0036235807929188013
0.003623874392360449
0.0036234729923307896
0.0036236958112567663
0.003623740514740348
0.0036235267762094736
0.003623966360464692
0.003623820375651121
0.003624060656875372
0.0036236727610230446
0.0036234783474355936
0.0036236359737813473
0.003623665077611804
0.0036237549502402544
0.003623333992436528
0.0036233628634363413
0.0036234206054359674
0.003623327938839793
0.0036234513390809298
0.003623377764597535
0.0036236101295799017
0.0036233002319931984
0.003623134223744273
0.0036239458713680506
0.0036228355020284653
0.0036231675185263157
0.0036230641417205334
0.0036230285186320543
0.0036226327065378428
0.0036231831181794405
0.0036234043072909117
0.00362339592538774
0.0036231132689863443
0.0036224916111677885
0.0036229188553988934
0.003623046912252903
0.0036228420212864876
0.003623394528403878
0.0036227728705853224
0.003622782416641712
0.003622727934271097
0.0036227183882147074
0.0036228804383426905
0.0036225635558366776
0.0036234520375728607
0.003622619900852442
0.003622716059908271
0.003622676245868206
0.003622746327891946
0.003622591495513916
0.0036226941738277674
0.003622518852353096
0.003622659482061863
0.003622324438765645
0.003622462274506688
0.0036223316565155983
0.0036226906813681126
0.0036228103563189507
0.0036224371287971735
0.003622551681473851
0.003622625255957246
0.003622450167313218
0.0036227835807949305
0.003622499294579029
0.003622390329837799
0.003622341202571988
0.003622676245868206
0.003622430609539151
0.0036222347989678383
0.003622539574280381
0.0036221626214683056
0.0036221814807504416
0.0036222063936293125
0.0036223188508301973
0.003622591495513916
0.00362243945710361
0.0036224371287971735
0.003622069489210844
0.003622066229581833
0.0036219987086951733
0.003622306976467371
0.00362217309884727
0.0036224243231117725
0.003622407792136073
0.0036220946349203587
0.0036223414354026318
0.0036221053451299667
0.0036218713503330946
0.003622300224378705
0.0036218820605427027
0.0036218599416315556
0.003621887182816863
0.0036222219932824373
0.0036221856717020273
0.0036218243185430765
0.0036221500486135483
0.00362228462472558
0.003621860407292843
0.0036219188477844
0.0036217928864061832
0.0036219495814293623
0.003621672047302127
0.003621815238147974
0.0036216662265360355
0.003621777519583702
0.003621647134423256
0.0036219952162355185
0.0036216757725924253
0.0036218438763171434
0.00362173723988235
0.0036217852029949427
0.003621896030381322
0.003622115124017
0.0036216469015926123
0.003621673909947276
0.003621641779318452
0.0036216110456734896
0.0036217160522937775
0.0036214347928762436
0.0036215963773429394
0.0036216932348906994
0.0036219654139131308
0.0036224520299583673
0.00362153397873044
