0.9183915257453918
0.869819700717926
0.8255280256271362
0.7859776616096497
0.7504279017448425
0.718508243560791
0.6900532245635986
0.6644879579544067
0.6419745683670044
0.6215087175369263
0.6035624742507935
0.5873837471008301
0.5733551979064941
0.5600845217704773
0.5485901236534119
0.5382571816444397
0.5287705063819885
0.5203565359115601
0.5125644207000732
0.505537748336792
0.4991466701030731
0.49321699142456055
0.4878915548324585
0.4827958643436432
0.4781305491924286
0.4738147556781769
0.46982303261756897
0.4660338759422302
0.4625478684902191
0.45922496914863586
0.45612993836402893
0.4532355070114136
0.4504811763763428
0.4479275047779083
0.44539788365364075
0.44309499859809875
0.4409814774990082
0.4388153553009033
0.4368465840816498
0.43497687578201294
0.43327194452285767
0.4315008521080017
0.4299212396144867
0.4284254014492035
0.4268757998943329
0.42551055550575256
0.4241512417793274
0.42286431789398193
0.4216315448284149
0.4205043911933899
0.41933077573776245
0.41825518012046814
0.4172323942184448
0.4163183271884918
0.4153050184249878
0.4144044518470764
0.41359642148017883
0.41271352767944336
0.4119608998298645
0.41111722588539124
0.4103856086730957
0.4096595048904419
0.40895912051200867
0.4083413779735565
0.4076593220233917
0.40712815523147583
0.40643948316574097
0.4058750569820404
0.40531331300735474
0.4048001170158386
0.4042685031890869
0.40378519892692566
0.40325674414634705
0.4028078615665436
0.402375727891922
0.4018627405166626
0.40150392055511475
0.40106889605522156
0.40061426162719727
0.4002731144428253
0.3998521566390991
0.39954066276550293
0.3991125822067261
0.3987962007522583
0.39843615889549255
0.39811593294143677
0.3978002071380615
0.3975137174129486
0.3971916139125824
0.3968830108642578
0.39658990502357483
0.3963157534599304
0.39603346586227417
0.3957415521144867
0.39551058411598206
0.39523670077323914
0.39498719573020935
0.3947505056858063
0.3946472406387329
0.39432111382484436
0.3940490186214447
0.393848180770874
0.3936464488506317
0.39343374967575073
0.3932269215583801
0.39304983615875244
0.39288026094436646
0.39272382855415344
0.3925069570541382
0.3923243284225464
0.3921918570995331
0.39200133085250854
0.39175766706466675
0.3916222155094147
0.39147698879241943
0.39131733775138855
0.3911427855491638
0.39100199937820435
0.3909311890602112
0.3906812369823456
0.3906075358390808
0.39045900106430054
0.3903334140777588
0.39016789197921753
0.39007654786109924
0.38993364572525024
0.3898060619831085
0.38972634077072144
0.3896377682685852
0.3894422650337219
0.38933858275413513
0.3892518877983093
0.38915765285491943
0.3890424072742462
0.38893747329711914
0.3889068365097046
0.3887230157852173
0.38867926597595215
0.3885768949985504
0.38846442103385925
0.3883623480796814
0.38831329345703125
0.3881972134113312
0.38817736506462097
0.3881233334541321
0.38798636198043823
0.3879769742488861
0.38782283663749695
0.3877861499786377
0.3876785933971405
0.38767552375793457
0.3875691890716553
0.38746535778045654
0.3874369263648987
0.3873685598373413
0.3872808814048767
0.3873003125190735
0.38716423511505127
0.3871185779571533
0.38706859946250916
0.38698890805244446
0.3869437873363495
0.38689398765563965
0.38684043288230896
0.38677775859832764
0.3867637515068054
0.3867277204990387
0.38662540912628174
0.38666823506355286
0.38662245869636536
0.3864805996417999
0.3864981532096863
0.3864264488220215
0.38651376962661743
0.38636916875839233
0.38634005188941956
0.38636013865470886
0.38632768392562866
0.38623544573783875
0.3861612379550934
0.3861094117164612
0.3860713541507721
0.38606053590774536
0.386038213968277
0.38602155447006226
0.38601037859916687
0.38592928647994995
0.3859443664550781
0.3859924077987671
0.3858071565628052
0.3858308792114258
0.38577163219451904
0.3857646882534027
0.3857351839542389
0.38568422198295593
0.38567787408828735
0.38570165634155273
0.38561779260635376
0.38563862442970276
0.38560566306114197
0.3855418860912323
0.385531485080719
0.3855643570423126
0.3855089247226715
0.3855139911174774
0.3854910731315613
0.3854532837867737
0.3854103088378906
0.3854089081287384
0.38538989424705505
0.3853796422481537
0.38541728258132935
0.3853793740272522
0.3853420913219452
0.3853227496147156
0.3852710425853729
0.38523322343826294
0.38526979088783264
0.3852911591529846
0.3852168917655945
0.3851665258407593
0.3852970600128174
0.38517099618911743
0.385166198015213
0.3851524293422699
0.3851412832736969
0.3850904703140259
0.38511180877685547
0.3850975036621094
0.38514143228530884
0.3850446343421936
0.38502418994903564
0.38503167033195496
0.38507401943206787
0.3850151002407074
0.38499340415000916
0.3850458264350891
0.38495710492134094
0.3849695026874542
0.3849724233150482
0.38493049144744873
0.3849960267543793
0.3849633038043976
0.3849867284297943
0.3848778307437897
0.3849579989910126
0.3849526643753052
0.3849024176597595
0.384956419467926
0.38493889570236206
0.38486576080322266
0.3848308026790619
0.3848482668399811
0.3848458528518677
0.38493233919143677
0.3848305344581604
0.3848901689052582
0.3847859799861908
0.38483089208602905
0.3848038911819458
0.3847803771495819
0.38479864597320557
0.3847801685333252
0.38479310274124146
0.38475650548934937
0.3848317563533783
0.38481834530830383
0.38476213812828064
0.3847188949584961
0.3847041130065918
0.3847092390060425
0.3846935033798218
0.3847527503967285
0.3846968114376068
0.3847677409648895
0.38468077778816223
0.3846389651298523
0.38462626934051514
0.38468775153160095
0.3846917152404785
0.38467979431152344
0.38469791412353516
0.38463541865348816
0.3846043646335602
0.3846113979816437
0.3846997320652008
0.3846516013145447
0.3846205770969391
0.38463518023490906
0.3846408426761627
0.3846254050731659
0.3845841586589813
0.3845871388912201
0.38463208079338074
0.38457566499710083
0.38462868332862854
0.38454461097717285
0.38457605242729187
0.3846256732940674
0.3845711648464203
0.38455188274383545
0.3845892548561096
0.38454243540763855
0.38454926013946533
0.38456371426582336
0.38462966680526733
0.3845828175544739
0.38454073667526245
0.3845875859260559
0.38447752594947815
0.38452211022377014
0.3845169246196747
0.3845677673816681
0.3846016824245453
0.3845289945602417
0.3844835162162781
0.38448578119277954
0.38449031114578247
0.38450154662132263
0.3844968378543854
0.38448160886764526
0.38448211550712585
0.38447335362434387
0.3844212293624878
0.3844950795173645
0.38454392552375793
0.38443639874458313
0.3844688832759857
0.384456604719162
0.38443508744239807
0.38442519307136536
0.3844393193721771
0.3844190835952759
0.38451069593429565
0.3844262957572937
0.3844173550605774
0.3844594657421112
0.38447004556655884
0.38441571593284607
0.3844227194786072
0.38441482186317444
0.3843746781349182
0.3844549357891083
0.3843994140625
0.38445407152175903
0.3844164311885834
0.3844060003757477
0.3843834400177002
0.38438302278518677
0.38442736864089966
0.3843654990196228
0.38439205288887024
0.3843912184238434
0.3844294548034668
0.3843613266944885
0.38433554768562317
0.38435110449790955
0.3843701481819153
0.3843671679496765
0.3843558728694916
0.38433486223220825
0.3844006657600403
0.38436055183410645
0.38432133197784424
0.38435250520706177
0.3843497037887573
0.38447338342666626
0.38432252407073975
0.3843284845352173
0.3844341039657593
0.384351521730423
0.3843895494937897
0.38439512252807617
0.38438794016838074
0.3843291103839874
0.3843095600605011
0.3843204081058502
0.3843936026096344
0.3843047320842743
0.3843306303024292
0.3843989670276642
0.3844301998615265
0.3843744993209839
0.38439857959747314
0.3844892382621765
0.3844088912010193
0.38433218002319336
0.38436487317085266
0.38429370522499084
0.3842649757862091
0.38434740900993347
0.38438883423805237
0.3842913508415222
0.38427096605300903
0.3843382000923157
0.38431304693222046
0.3843003511428833
0.38427144289016724
0.3842564523220062
0.38426604866981506
0.3842789828777313
0.38427799940109253
0.3842383623123169
0.3843487501144409
0.3843649625778198
0.38424789905548096
0.38438880443573
0.3842718005180359
0.38427749276161194
0.38425561785697937
0.3842816650867462
0.38431528210639954
0.38426655530929565
0.3842237591743469
0.3844645321369171
0.3842661380767822
0.38425347208976746
0.384255051612854
0.3842150568962097
0.38421744108200073
0.38423192501068115
0.38429316878318787
0.3842768967151642
0.3842748999595642
0.3842577040195465
0.38428112864494324
0.38423222303390503
0.3845270276069641
0.38426268100738525
0.3842333257198334
0.3842068016529083
0.3841986656188965
0.3842199444770813
0.38422536849975586
0.3842464089393616
0.3841914236545563
0.3842301368713379
0.3842203915119171
0.38432571291923523
0.3842046558856964
0.3842453956604004
0.3842059373855591
0.38418006896972656
0.3842291235923767
0.38422924280166626
0.38425567746162415
0.38424280285835266
0.38420459628105164
0.38427671790122986
0.3841809928417206
0.3842160701751709
0.38423240184783936
0.3842219114303589
0.3842015266418457
0.38433119654655457
0.38432326912879944
0.3842323422431946
0.384188175201416
0.38417088985443115
0.3841984272003174
0.3841714560985565
0.3842492401599884
0.3841607868671417
0.38422533869743347
0.3841693699359894
0.38417601585388184
0.38419008255004883
0.38425663113594055
0.38422974944114685
0.38417890667915344
0.384206622838974
0.38418132066726685
0.38419872522354126
0.3841574788093567
0.38420942425727844
0.38417693972587585
0.3842333257198334
0.3841783404350281
0.3841443657875061
0.38418322801589966
0.38417917490005493
0.38416588306427
0.38420775532722473
0.3842046558856964
0.3842049539089203
0.38413864374160767
0.3842235803604126
0.3843003809452057
0.3842798173427582
0.38415566086769104
0.3841797411441803
0.38416650891304016
0.38416051864624023
0.38415005803108215
0.3841506540775299
0.38417741656303406
0.3841780424118042
0.38427627086639404
0.38416430354118347
0.3842051923274994
0.3842640817165375
0.38413965702056885
0.3841527998447418
0.38416364789009094
0.38418179750442505
0.384158194065094
0.3841550052165985
0.3841499090194702
0.3841365873813629
0.38421133160591125
0.38417255878448486
0.384131520986557
0.3842083811759949
0.3841382563114166
0.38417235016822815
0.3841761648654938
0.3841172158718109
0.3842366635799408
0.3842122554779053
0.384134978055954
0.3841213583946228
0.38419970870018005
0.3841451406478882
0.3841400742530823
0.38414427638053894
0.38411903381347656
0.38411664962768555
0.384141206741333
0.3841215968132019
0.3842763900756836
0.38415589928627014
0.38410910964012146
0.38410040736198425
0.3841336667537689
0.3841593861579895
0.38412782549858093
0.3841169774532318
0.384103000164032
0.3841325640678406
0.38415777683258057
0.38418489694595337
0.3841264843940735
0.3841964602470398
0.3841739892959595
0.38414278626441956
0.3841414749622345
0.3841857314109802
0.38413283228874207
0.38422802090644836
0.3841598629951477
0.3841622769832611
0.3841046094894409
0.38419070839881897
0.3841297924518585
0.38414499163627625
0.3842636048793793
0.3841700255870819
0.38417959213256836
0.38410481810569763
0.38409948348999023
0.3841509521007538
0.38413286209106445
0.38423746824264526
0.3841169476509094
0.38412973284721375
0.38414615392684937
0.384105384349823
0.38410094380378723
0.38406985998153687
0.3840925395488739
0.3841143250465393
0.3841654360294342
0.384100079536438
0.3841204047203064
0.38411229848861694
0.3841087818145752
0.38412249088287354
0.3841758370399475
0.3840963840484619
0.38413670659065247
0.3841726779937744
0.38411572575569153
0.38409844040870667
0.38411954045295715
0.38414067029953003
0.38406988978385925
0.3841745853424072
0.3841632604598999
0.3841300308704376
0.3841603696346283
0.38407450914382935
0.3841748535633087
0.3841424286365509
0.38411736488342285
0.38408830761909485
0.38411155343055725
0.38409751653671265
0.38410070538520813
0.3840807378292084
0.38411176204681396
0.3841356635093689
0.38405779004096985
0.38408714532852173
0.3840700089931488
0.3841174840927124
0.38408416509628296
0.38406500220298767
0.38417142629623413
0.3841136395931244
0.38415035605430603
0.3840908110141754
0.3840921223163605
0.38410526514053345
0.3841142952442169
0.38408318161964417
0.38410279154777527
0.3841158151626587
0.3840518295764923
0.38406240940093994
0.3841194212436676
0.38411518931388855
0.3842014968395233
0.38408488035202026
0.3840760588645935
0.3840809762477875
0.3840591609477997
0.38406258821487427
0.384090781211853
0.384059876203537
0.38412368297576904
0.38410335779190063
0.384093314409256
0.38410699367523193
0.38408589363098145
0.3840855360031128
0.3840595483779907
0.38404953479766846
0.3841470777988434
0.3840983211994171
0.384118914604187
0.3841460645198822
0.3840695023536682
0.3840751051902771
0.3840906322002411
0.3841041624546051
0.3840659558773041
0.38410940766334534
0.3840727210044861
0.3840499818325043
0.38405275344848633
0.38411933183670044
0.3840755224227905
0.3841044306755066
0.384098082780838
0.38407260179519653
0.3840530812740326
0.3840808868408203
0.3840763568878174
0.3840852677822113
0.3840714991092682
0.384080171585083
0.38405099511146545
0.3840540051460266
0.3840506970882416
0.384063184261322
0.3840751349925995
0.38412877917289734
0.3840640187263489
0.384090781211853
0.3840714693069458
0.3840893507003784
0.3840811252593994
0.3840563893318176
0.38417279720306396
0.3841090500354767
0.3841528296470642
0.3840688169002533
0.38405072689056396
0.38407114148139954
0.3841889500617981
0.3841571807861328
0.38406237959861755
0.3840741813182831
0.3840711712837219
0.3840469419956207
0.3841111361980438
0.384075790643692
0.38404926657676697
0.38405710458755493
0.38419419527053833
0.3840443193912506
0.384042888879776
0.38409093022346497
0.384080708026886
0.38408613204956055
0.3840951919555664
0.3840523660182953
0.3840772211551666
0.38405483961105347
0.38403457403182983
0.38400882482528687
0.38403958082199097
0.38404005765914917
0.3840383291244507
0.38402074575424194
0.38400977849960327
0.38401737809181213
0.384046733379364
0.3840283751487732
0.3840615451335907
0.38400909304618835
0.3840438723564148
0.3840152323246002
0.3840312957763672
0.3840378522872925
0.3840046525001526
0.38402771949768066
0.38400352001190186
0.3840198814868927
0.38406631350517273
0.384022057056427
0.38403943181037903
0.3840135633945465
0.38401249051094055
0.3840274512767792
0.3840218186378479
0.3840384781360626
0.38400304317474365
0.38401639461517334
0.38402020931243896
0.38405293226242065
0.38402339816093445
0.3840422034263611
0.38402774930000305
0.38401931524276733
0.38400861620903015
0.3840125501155853
0.38408276438713074
0.3840075433254242
0.3840184807777405
0.38400042057037354
0.3840208351612091
0.38401371240615845
0.3840274214744568
0.38403797149658203
0.38402530550956726
0.38401782512664795
0.3840184807777405
0.3840191662311554
0.38402822613716125
0.384004682302475
0.3840242922306061
0.38401323556900024
0.3840002119541168
0.384077787399292
0.3839970827102661
0.3840464949607849
0.38401129841804504
0.3840440511703491
0.38403069972991943
0.38402390480041504
0.38401180505752563
0.38402047753334045
0.38400495052337646
0.3840849995613098
0.38402724266052246
0.38400164246559143
0.38403990864753723
0.38401588797569275
0.3840028643608093
0.38401055335998535
0.38400670886039734
0.3840183913707733
0.38401177525520325
0.3840055763721466
0.38404709100723267
0.38400715589523315
0.384051650762558
0.38402706384658813
0.3840164542198181
0.38400760293006897
0.38402724266052246
0.3840048313140869
0.3840058445930481
0.3840019404888153
0.3840171694755554
0.3840300142765045
0.3840177655220032
0.3839946985244751
0.38400813937187195
0.38402408361434937
0.3840034008026123
0.38405776023864746
0.3840048015117645
0.3840651512145996
0.3840060532093048
0.38400396704673767
0.3840615451335907
0.38409659266471863
0.38398849964141846
0.3840114176273346
0.3840276598930359
0.3840155303478241
0.38399630784988403
0.3840072453022003
0.38404932618141174
0.38402214646339417
0.384006530046463
0.38400620222091675
0.3840019404888153
0.3840183913707733
0.384016215801239
0.3840356469154358
0.38413330912590027
0.38401296734809875
0.38401415944099426
0.3839961886405945
0.3840084969997406
0.3839942514896393
0.38400450348854065
0.38403716683387756
0.38401129841804504
0.38402897119522095
0.3840327560901642
0.38405072689056396
0.3840281069278717
0.38402843475341797
0.38400617241859436
0.383988618850708
0.38404542207717896
0.3840292990207672
0.3840045630931854
0.3839869201183319
0.3839868903160095
0.3839816749095917
0.383983314037323
0.3839852511882782
0.3839964270591736
0.38398316502571106
0.3839898109436035
0.3839797079563141
0.38398420810699463
0.3839808702468872
0.38398075103759766
0.3839913010597229
0.3839828073978424
0.38397935032844543
0.38399550318717957
0.3839957118034363
0.3839772939682007
0.38399335741996765
0.3839833736419678
0.3839794993400574
0.3840044438838959
0.3839963972568512
0.3839910328388214
0.38398268818855286
0.38399168848991394
0.3839898109436035
0.3839823305606842
0.3839990794658661
0.38398465514183044
0.38401269912719727
0.38400766253471375
0.3839918375015259
0.3839908242225647
0.3839830458164215
0.3839777708053589
0.3839886784553528
0.3839862644672394
0.38398876786231995
0.38398733735084534
0.38398826122283936
0.38401755690574646
0.38399145007133484
0.38398313522338867
0.3839912414550781
0.38398292660713196
0.3839905261993408
0.3839907944202423
0.3839949071407318
0.38397589325904846
0.3839855492115021
0.38398709893226624
0.3839758038520813
0.3839767277240753
0.3839966654777527
0.38397401571273804
0.3839802145957947
0.3839939832687378
0.3839809000492096
0.3840126097202301
0.3839808702468872
0.3839854598045349
0.3839731514453888
0.38398152589797974
0.38399237394332886
0.38399073481559753
0.3839891850948334
0.3840140998363495
0.38400402665138245
0.3839779794216156
0.3840019404888153
0.3839850127696991
0.383984237909317
0.38399478793144226
0.3839876353740692
0.38400381803512573
0.3839818239212036
0.38399505615234375
0.3839772641658783
0.3839786946773529
0.3839801549911499
0.38398343324661255
0.3839917778968811
0.3839992582798004
0.3839949667453766
0.3839925229549408
0.3839815855026245
0.383985310792923
0.38398006558418274
0.3839936852455139
0.3840036690235138
0.3839825689792633
0.38397467136383057
0.3840055763721466
0.3839876651763916
0.3839800953865051
0.38398805260658264
0.38398024439811707
0.383985310792923
0.3839855194091797
0.38397350907325745
0.3839735686779022
0.38397690653800964
0.3839709460735321
0.3839717507362366
0.3839702904224396
0.3839716613292694
0.383968710899353
0.38396885991096497
0.38396981358528137
0.38397225737571716
0.3839702904224396
0.3839689791202545
0.38398075103759766
0.3839738368988037
0.38396820425987244
0.383975625038147
0.38398852944374084
0.3839760422706604
0.38397017121315
0.3839757740497589
0.3839666545391083
0.3839685618877411
0.3839755654335022
0.3839726746082306
0.38396820425987244
0.38397303223609924
0.3839768171310425
0.38397008180618286
0.3839723467826843
0.38397032022476196
0.3839733600616455
0.3839673101902008
0.3839704990386963
0.3839724063873291
0.38396701216697693
0.383967787027359
0.3839685618877411
0.3839712142944336
0.38397279381752014
0.38397225737571716
0.3839811384677887
0.383965402841568
0.38397011160850525
0.3839740455150604
0.38396507501602173
0.38396963477134705
0.38397106528282166
0.383973091840744
0.3839658796787262
0.38397127389907837
0.38397377729415894
0.3839755654335022
0.3839702904224396
0.38397282361984253
0.3839693069458008
0.38397902250289917
0.3839784562587738
0.383965402841568
0.38396960496902466
0.3839682340621948
0.38397151231765747
0.3839675486087799
0.38396915793418884
0.3839740753173828
0.38396739959716797
0.3839704096317291
0.3839711546897888
0.3839794993400574
0.38396966457366943
0.3839709758758545
0.38397395610809326
0.38398823142051697
0.3839694857597351
0.38396525382995605
0.3839702308177948
0.3839704096317291
0.3839694857597351
0.38398170471191406
0.3839777410030365
0.3839723467826843
0.3839711844921112
0.3839699625968933
0.3839660882949829
0.3839668929576874
0.38397157192230225
0.3839660882949829
0.3839721977710724
0.3839702308177948
0.38396385312080383
0.38397398591041565
0.38396918773651123
0.38397058844566345
0.38397207856178284
0.3839728534221649
0.38396862149238586
0.38397538661956787
0.38397613167762756
0.3839688003063202
0.3839612603187561
0.38396355509757996
0.3839641511440277
0.38396427035331726
0.3839705288410187
0.3839641511440277
0.38396161794662476
0.38396310806274414
0.3839688003063202
0.3839638829231262
0.3839624524116516
0.38396304845809937
0.3839639127254486
0.3839646279811859
0.3839675784111023
0.38396579027175903
0.383968710899353
0.3839663565158844
0.38396701216697693
0.38396579027175903
0.38396742939949036
0.38396480679512024
0.3839636743068695
0.3839619755744934
0.38396936655044556
0.3839651644229889
0.3839617073535919
0.383961021900177
0.38396355509757996
0.38396522402763367
0.3839648365974426
0.38396528363227844
0.3839648365974426
0.3839631676673889
0.38396531343460083
0.38396939635276794
0.38396453857421875
0.3839646577835083
0.38396456837654114
0.38396233320236206
0.3839634954929352
0.3839673101902008
0.38396430015563965
0.38396206498146057
0.3839658796787262
0.3839602470397949
0.383963942527771
0.383963018655777
0.38396599888801575
0.3839620351791382
0.38396111130714417
0.3839629888534546
0.3839712142944336
0.38396331667900085
0.38396406173706055
0.383963942527771
0.38397082686424255
0.3839668035507202
0.38396385312080383
0.3839646577835083
0.3839648962020874
0.383966326713562
0.38396719098091125
0.38396593928337097
0.3839638829231262
0.38396549224853516
0.38396409153938293
0.3839641511440277
0.3839647173881531
0.3839723467826843
0.3839660882949829
0.38396430015563965
0.3839665949344635
0.3839606046676636
0.3839625418186188
0.3839627206325531
0.38396456837654114
0.3839631676673889
0.3839639127254486
0.38396579027175903
0.38396209478378296
0.3839685022830963
0.38396185636520386
0.38396236300468445
0.3839620351791382
0.38396671414375305
0.38396334648132324
0.3839675486087799
0.3839666545391083
0.383969783782959
0.38396385312080383
0.3839655816555023
0.3839665949344635
0.3839622735977173
0.38396915793418884
0.3839637041091919
0.38396522402763367
0.38397568464279175
0.3839644193649292
0.38396361470222473
0.38396069407463074
0.38395926356315613
0.38395926356315613
0.38395997881889343
0.3839603364467621
0.3839586675167084
0.3839602470397949
0.3839632570743561
0.38396012783050537
0.3839593529701233
0.38396206498146057
0.38395971059799194
0.3839613199234009
0.38395971059799194
0.38395923376083374
0.38396069407463074
0.38395971059799194
0.38396450877189636
0.38395974040031433
0.3839617669582367
0.38396137952804565
0.38395997881889343
0.38395917415618896
0.38396087288856506
0.3839606046676636
0.3839588761329651
0.38395920395851135
0.38395950198173523
0.3839595913887024
0.38396090269088745
0.3839583992958069
0.3839610517024994
0.3839593529701233
0.3839595317840576
0.3839608430862427
0.3839617073535919
0.38396310806274414
0.38396334648132324
0.38395920395851135
0.3839603364467621
0.38396042585372925
0.3839625120162964
0.3839614987373352
0.38395968079566956
0.3839595913887024
0.3839609622955322
0.38396039605140686
0.38396185636520386
0.38395941257476807
0.38396111130714417
0.3839624226093292
0.38396087288856506
0.38396015763282776
0.3839608132839203
0.38396042585372925
0.38396087288856506
0.3839597702026367
0.38395923376083374
0.3839608430862427
0.38395950198173523
0.383960485458374
0.383960098028183
0.38395974040031433
0.38395926356315613
0.38396137952804565
0.3839610517024994
0.3839608430862427
0.38395947217941284
0.3839605152606964
0.38395944237709045
0.38396310806274414
0.38396063446998596
0.3839622437953949
0.3839605748653412
0.38396090269088745
0.38395947217941284
0.38396039605140686
0.3839610517024994
0.38395947217941284
0.3839589059352875
0.3839602470397949
0.38396185636520386
0.3839595317840576
0.3839631974697113
0.383960485458374
0.3839621841907501
0.38396069407463074
0.38396015763282776
0.38396018743515015
0.38396087288856506
0.38396015763282776
0.38395923376083374
0.3839593231678009
0.38395941257476807
0.38395923376083374
0.38395917415618896
0.3839608132839203
0.3839583694934845
0.38395956158638
0.3839625418186188
0.3839578330516815
0.38395941257476807
0.3839583694934845
0.38395851850509644
0.38395819067955017
0.38395851850509644
0.38395848870277405
0.3839578330516815
0.38395825028419495
0.38395956158638
0.38395804166793823
0.3839578926563263
0.3839579224586487
0.3839584290981293
0.3839593231678009
0.3839591145515442
0.38395795226097107
0.3839588463306427
0.3839591145515442
0.38395780324935913
0.3839585483074188
0.3839581310749054
0.3839584290981293
0.38395774364471436
0.3839595913887024
0.3839578628540039
0.38395825028419495
0.38395825028419495
0.3839592933654785
0.3839581608772278
0.38395756483078003
0.38395798206329346
0.3839585781097412
0.3839583098888397
0.3839587867259979
0.3839585781097412
0.3839576542377472
0.3839590549468994
0.3839588463306427
0.38395771384239197
0.3839585483074188
0.38395804166793823
0.38395750522613525
0.3839580714702606
0.3839576244354248
0.383958101272583
0.3839609622955322
0.3839593529701233
0.383958101272583
0.3839578330516815
0.38395825028419495
0.38395875692367554
0.3839580714702606
0.3839578926563263
0.3839583992958069
0.3839608430862427
0.38395851850509644
0.3839578330516815
0.3839581310749054
0.38395780324935913
0.3839585781097412
0.3839583992958069
0.383958637714386
0.38395875692367554
0.3839575946331024
0.38395819067955017
0.38395974040031433
0.3839583396911621
0.3839585781097412
0.3839578926563263
0.38395819067955017
0.3839584290981293
0.38395899534225464
0.38395896553993225
0.3839584290981293
0.3839579224586487
0.3839583396911621
0.38395795226097107
0.383958637714386
0.3839589059352875
0.3839584290981293
0.38395795226097107
0.38395819067955017
0.3839583098888397
0.383958101272583
0.38396161794662476
0.38395756483078003
0.38395798206329346
0.3839580714702606
0.3839578926563263
0.38395920395851135
0.3839590847492218
0.3839580714702606
0.3839585483074188
0.3839591145515442
0.3839590549468994
0.38395780324935913
0.3839575946331024
0.3839576840400696
0.38395780324935913
0.3839574158191681
0.38395729660987854
0.3839574456214905
0.38395774364471436
0.38395747542381287
0.38395729660987854
0.38395804166793823
0.3839576244354248
0.3839573562145233
0.3839574158191681
0.38395729660987854
0.38395729660987854
0.38395723700523376
0.3839580714702606
0.3839573562145233
0.38395723700523376
0.3839576542377472
0.3839573860168457
0.3839575946331024
0.3839572072029114
0.3839581608772278
0.38395795226097107
0.3839571475982666
0.38395726680755615
0.3839573562145233
0.3839573562145233
0.38395726680755615
0.38395771384239197
0.3839571475982666
0.3839572072029114
0.38395702838897705
0.3839574456214905
0.3839573860168457
0.38395756483078003
0.3839571475982666
0.3839574158191681
0.38395747542381287
0.38395699858665466
0.38395726680755615
0.3839573562145233
0.383957177400589
0.383957177400589
0.3839574158191681
0.3839572072029114
0.3839571475982666
0.3839574158191681
0.38395726680755615
0.3839576840400696
0.38395678997039795
0.3839571475982666
0.38395726680755615
0.38395705819129944
0.3839571475982666
0.38395726680755615
0.38395771384239197
0.38395723700523376
0.38395774364471436
0.3839578330516815
0.3839571475982666
0.383957177400589
0.38395726680755615
0.38395774364471436
0.383957177400589
0.3839573860168457
0.3839569687843323
0.3839574456214905
0.383958101272583
0.38395702838897705
0.3839569091796875
0.383957177400589
0.3839574158191681
0.3839571475982666
0.3839572072029114
0.38395729660987854
0.3839571475982666
0.3839574158191681
0.3839580714702606
0.3839571177959442
0.38395825028419495
0.3839571177959442
0.38395729660987854
0.3839574456214905
0.3839576542377472
0.38395699858665466
0.38395699858665466
0.38395750522613525
0.38395699858665466
0.3839571475982666
0.3839571475982666
0.3839574158191681
0.3839572072029114
0.3839576542377472
0.3839574456214905
0.3839572072029114
0.3839571177959442
0.3839576840400696
0.3839574158191681
0.38395723700523376
0.3839572072029114
0.38395795226097107
0.3839567005634308
0.3839569389820099
0.3839568793773651
0.3839567303657532
0.38395729660987854
0.3839574158191681
0.38395705819129944
0.3839571475982666
0.3839569091796875
0.3839573562145233
0.38395726680755615
0.38395676016807556
0.3839569687843323
0.38395702838897705
0.38395681977272034
0.3839569091796875
0.38395702838897705
0.3839571177959442
0.38395681977272034
0.38395681977272034
0.38395676016807556
0.3839567303657532
0.3839568793773651
0.3839571475982666
0.38395678997039795
0.3839571475982666
0.3839571475982666
0.38395676016807556
0.3839569389820099
0.38395702838897705
0.3839568793773651
0.3839569389820099
0.38395699858665466
0.3839567005634308
0.3839569687843323
0.3839571475982666
0.38395681977272034
0.3839571177959442
0.38395678997039795
0.38395681977272034
0.38395676016807556
0.38395676016807556
0.38395702838897705
0.3839576244354248
0.38395705819129944
0.3839568793773651
0.3839568793773651
0.38395681977272034
0.38395705819129944
0.38395705819129944
0.38395678997039795
0.3839567005634308
0.3839567005634308
0.3839569389820099
0.38395705819129944
0.3839569091796875
0.38395678997039795
0.38395681977272034
0.38395681977272034
0.38395678997039795
0.38395756483078003
0.3839569091796875
0.3839572072029114
0.38395676016807556
0.38395678997039795
0.38395678997039795
0.38395678997039795
0.38395681977272034
0.38395681977272034
0.3839569389820099
0.38395699858665466
0.38395705819129944
0.38395705819129944
0.3839569091796875
0.3839568793773651
0.38395678997039795
0.3839569687843323
0.3839573860168457
0.38395723700523376
0.3839569389820099
0.38395699858665466
0.3839567303657532
0.3839568793773651
0.3839568793773651
0.38395681977272034
0.3839569389820099
0.38395699858665466
0.3839569091796875
0.3839568793773651
0.3839569091796875
0.38395676016807556
0.38395702838897705
0.3839571475982666
0.3839569389820099
0.38395681977272034
0.3839567303657532
0.3839569389820099
0.3839567303657532
0.3839569091796875
0.3839568793773651
0.383956640958786
0.383956640958786
0.3839567005634308
0.3839568793773651
0.3839566707611084
0.3839567005634308
0.3839567005634308
0.3839566707611084
0.383956640958786
0.383956640958786
0.38395658135414124
0.38395658135414124
0.38395681977272034
0.3839567303657532
0.3839567303657532
0.3839567005634308
0.38395676016807556
0.3839566707611084
0.383956640958786
0.38395676016807556
0.38395655155181885
0.383956640958786
0.3839567303657532
0.3839566707611084
0.38395681977272034
0.3839567005634308
0.38395658135414124
0.38395655155181885
0.3839567005634308
0.3839566707611084
0.3839567303657532
0.3839566707611084
0.38395658135414124
0.383956640958786
0.38395676016807556
0.383956640958786
0.3839567005634308
0.3839567303657532
0.3839566707611084
0.3839566707611084
0.38395658135414124
0.38395676016807556
0.38395678997039795
0.38395676016807556
0.383956640958786
0.3839567005634308
0.38395658135414124
0.3839566707611084
0.3839566707611084
0.3839567005634308
0.3839567005634308
0.38395678997039795
0.383956640958786
0.38395655155181885
0.383956640958786
0.3839567005634308
0.38395658135414124
0.383956640958786
0.3839567005634308
0.383956640958786
0.383956640958786
0.3839567303657532
0.383956640958786
0.3839566707611084
0.383956640958786
0.38395658135414124
0.3839566707611084
0.38395678997039795
0.38395658135414124
0.38395676016807556
0.38395658135414124
0.3839567005634308
0.3839569389820099
0.3839566707611084
0.38395658135414124
0.38395658135414124
0.3839566707611084
0.38395676016807556
0.38395655155181885
0.38395658135414124
0.383956640958786
0.38395678997039795
0.38395658135414124
0.383956640958786
0.383956640958786
0.3839567005634308
0.38395705819129944
0.3839567005634308
0.3839566707611084
0.38395655155181885
0.38395655155181885
0.383956640958786
0.3839567303657532
0.3839567303657532
0.3839567005634308
0.3839567303657532
0.3839566707611084
0.3839567303657532
0.3839569091796875
0.38395652174949646
0.38395652174949646
0.38395655155181885
0.38395652174949646
0.38395655155181885
0.38395655155181885
0.38395652174949646
0.38395652174949646
0.38395652174949646
0.3839564919471741
0.38395655155181885
0.38395652174949646
0.3839566707611084
0.3839564621448517
0.38395655155181885
0.38395655155181885
0.38395652174949646
0.383956640958786
0.38395658135414124
0.3839564919471741
0.38395652174949646
0.383956640958786
0.3839564919471741
0.38395652174949646
0.38395658135414124
0.38395652174949646
0.38395652174949646
0.383956640958786
0.383956640958786
0.38395652174949646
0.38395652174949646
0.3839566707611084
0.3839564919471741
0.38395652174949646
0.38395658135414124
0.38395655155181885
0.3839564919471741
0.38395652174949646
0.38395655155181885
0.38395652174949646
0.38395652174949646
0.3839564919471741
0.38395652174949646
0.3839567005634308
0.38395655155181885
0.38395655155181885
0.38395652174949646
0.3839564919471741
0.38395655155181885
0.3839564919471741
0.38395652174949646
0.38395655155181885
0.38395655155181885
0.38395658135414124
0.38395655155181885
0.3839564621448517
0.38395655155181885
0.38395658135414124
0.3839564621448517
0.38395652174949646
0.3839564919471741
0.38395655155181885
0.38395658135414124
0.38395652174949646
0.38395655155181885
0.38395652174949646
0.38395658135414124
0.3839564621448517
0.38395655155181885
0.38395658135414124
0.38395658135414124
0.3839566707611084
0.3839564919471741
0.38395652174949646
0.3839564621448517
0.3839564919471741
0.3839564621448517
0.3839564919471741
0.38395652174949646
0.3839564621448517
0.3839564919471741
0.38395652174949646
0.38395655155181885
0.383956640958786
0.38395652174949646
0.3839564919471741
0.38395652174949646
