0.36448598
0.35825545
0.35514018
0.3613707
0.3613707
0.3707165
0.38317755
0.39875388
0.40809968
0.42056075
0.45794392
0.47352022
0.53271025
0.5794392
0.60436136
0.6510903
0.69470406
0.7133956
0.741433
0.7663551
0.78193146
0.79750776
0.8037383
0.81308407
0.8099688
0.81308407
0.8099688
0.8193146
0.82554513
0.82554513
0.70716506
0.8286604
0.83489096
0.69158876
0.8380062
0.84423673
0.8535825
0.847352
0.8535825
0.77881616
0.8535825
0.85046726
0.85046726
0.85981303
0.85046726
0.8380062
0.8535825
0.8535825
0.85046726
0.85046726
0.8535825
0.85046726
0.847352
0.847352
0.8535825
0.8535825
0.847352
0.847352
0.8535825
0.8535825
0.8722741
0.85046726
0.85046726
0.85046726
0.85046726
0.85046726
0.85046726
0.847352
0.8535825
0.84423673
0.847352
0.847352
0.85046726
0.847352
0.847352
0.847352
0.847352
0.85046726
0.85046726
0.85046726
0.85046726
0.8535825
0.85046726
0.85046726
0.85046726
0.85046726
0.85046726
0.85046726
0.85046726
0.85046726
0.8535825
0.8566978
0.8566978
0.8535825
0.8535825
0.85046726
0.85046726
0.85046726
0.85046726
0.8535825
0.8535825
0.85046726
0.8566978
0.85046726
0.8535825
0.8535825
0.8566978
0.85981303
0.85981303
0.8535825
0.8566978
0.83177567
0.8566978
0.86292833
0.86292833
0.85981303
0.86292833
0.8535825
0.847352
0.847352
0.84423673
0.84423673
0.84423673
0.847352
0.847352
0.84423673
0.847352
0.8535825
0.85046726
0.8566978
0.8535825
0.8411215
0.84423673
0.847352
0.847352
0.8535825
0.84423673
0.8535825
0.8535825
0.8535825
0.80685353
0.8535825
0.6479751
0.8566978
0.85046726
0.8535825
0.8566978
0.576324
0.8286604
0.8535825
0.8535825
0.85981303
0.83177567
0.85981303
0.8566978
0.86292833
0.86604357
0.8722741
0.8722741
0.86604357
0.8722741
0.8722741
0.8722741
0.7694704
0.86604357
0.800623
0.85981303
0.85981303
0.85981303
0.86604357
0.85981303
0.8566978
0.8566978
0.8566978
0.85981303
0.8411215
0.8535825
0.8535825
0.8535825
0.8535825
0.8535825
0.86292833
0.86292833
0.85981303
0.80685353
0.8535825
0.8535825
0.8535825
0.8535825
0.8566978
0.86292833
0.8566978
0.85981303
0.86292833
0.86292833
0.85981303
0.8566978
0.85046726
0.85046726
0.8566978
0.847352
0.847352
0.85046726
0.85046726
0.8535825
0.8535825
0.8535825
0.8535825
0.8535825
0.86292833
0.847352
0.847352
0.85046726
0.8411215
0.8566978
0.8535825
0.8535825
0.847352
0.85046726
0.85981303
0.86292833
0.86604357
0.86292833
0.8566978
0.8566978
0.8535825
0.7663551
0.85981303
0.8535825
0.8566978
0.8535825
0.85046726
0.85981303
0.86604357
0.86915886
0.8722741
0.86915886
0.85981303
0.85981303
0.86292833
0.8535825
0.8566978
0.8566978
0.8566978
0.8566978
0.8535825
0.8535825
0.85046726
0.85981303
0.85981303
0.85981303
0.8566978
0.85981303
0.8099688
0.85981303
0.86292833
0.6697819
0.85981303
0.86292833
0.8411215
0.86292833
0.86604357
0.86604357
0.85981303
0.86292833
0.86604357
0.86604357
0.7912772
0.81619936
0.8566978
0.8566978
0.8566978
0.8566978
0.85981303
0.86604357
0.86604357
0.86604357
0.85981303
0.86292833
0.86604357
0.86292833
0.8535825
0.85981303
0.86292833
0.85981303
0.8566978
0.8566978
0.85981303
0.85981303
0.8566978
0.85046726
0.85981303
0.85046726
0.8566978
0.85046726
0.847352
0.8535825
0.85046726
0.8535825
0.8566978
0.8566978
0.8566978
0.8535825
0.86292833
0.86604357
0.86604357
0.86292833
0.86604357
0.86292833
0.85981303
0.85981303
0.86292833
0.86604357
0.86292833
0.86292833
0.8566978
0.8535825
0.8535825
0.8411215
0.85981303
0.8535825
0.85981303
0.85981303
0.8535825
0.8566978
0.85981303
0.8566978
0.8566978
0.8193146
0.8535825
0.8193146
0.847352
0.84423673
0.847352
0.85046726
0.8535825
0.85046726
0.8566978
0.85981303
0.85981303
0.86292833
0.86292833
0.86604357
0.86604357
0.86915886
0.86604357
0.8722741
0.8722741
0.8722741
0.8535825
0.86292833
0.85981303
0.85981303
0.86292833
0.78193146
0.8566978
0.86604357
0.86292833
0.8566978
0.8566978
0.8566978
0.8535825
0.8566978
0.8566978
0.8535825
0.85046726
0.8566978
0.8566978
0.8566978
0.8535825
0.8535825
0.80685353
0.85981303
0.85981303
0.85981303
0.86604357
0.85981303
0.86292833
0.8566978
0.85981303
0.8566978
0.86604357
0.86292833
0.8566978
0.8566978
0.86292833
0.8566978
0.8566978
0.86604357
0.85981303
0.78193146
0.85981303
0.85981303
0.85981303
0.86292833
0.86604357
0.86915886
0.8566978
0.8566978
0.85046726
0.85046726
0.847352
0.84423673
0.86604357
0.8566978
0.8566978
0.86915886
0.86915886
0.86292833
0.86915886
0.8193146
0.86292833
0.85981303
0.86604357
0.85981303
0.86292833
0.86915886
0.86604357
0.86604357
0.86915886
0.86604357
0.86604357
0.86604357
0.86915886
0.86915886
0.85981303
0.86292833
0.85981303
0.85981303
0.85981303
0.8566978
0.86292833
0.85981303
0.86604357
0.86604357
0.86604357
0.86292833
0.85981303
0.8566978
0.86604357
0.86915886
0.8753894
0.7850467
0.7570093
0.86604357
0.76012456
0.86915886
0.86292833
0.86292833
0.86604357
0.86604357
0.86915886
0.8722741
0.86292833
0.86292833
0.86292833
0.85981303
0.86292833
0.86292833
0.60436136
0.8380062
0.86915886
0.86292833
0.8286604
0.86292833
0.8566978
0.86292833
0.86292833
0.8535825
0.8566978
0.86292833
0.86292833
0.86292833
0.86604357
0.85981303
0.8566978
0.86292833
0.86604357
0.86604357
0.86604357
0.8224299
0.86915886
0.86915886
0.86604357
0.8722741
0.8722741
0.8753894
0.86604357
0.86915886
0.86604357
0.86604357
0.86604357
0.86292833
0.86604357
0.86604357
0.86915886
0.86604357
0.86604357
0.86915886
0.86604357
0.8722741
0.8722741
0.8722741
0.8722741
0.8722741
0.86915886
0.86292833
0.85981303
0.85981303
0.86604357
0.85981303
0.85981303
0.8566978
0.8535825
0.8566978
0.8535825
0.8566978
0.8566978
0.8566978
0.86292833
0.86292833
0.85981303
0.86292833
0.85981303
0.86292833
0.86292833
0.86604357
0.86604357
0.86292833
0.8566978
0.8535825
0.8535825
0.85981303
0.85981303
0.86292833
0.8722741
0.86915886
0.86604357
0.86604357
0.86292833
0.86604357
0.86604357
0.86915886
0.8722741
0.8722741
0.8722741
0.86915886
0.8753894
0.8753894
0.8753894
0.8722741
0.86604357
0.86292833
0.86292833
0.86292833
0.86915886
0.86915886
0.86915886
0.8722741
0.86915886
0.86292833
0.86292833
0.86292833
0.86292833
0.86915886
0.86915886
0.86292833
0.86292833
0.86292833
0.86604357
0.86915886
0.86915886
0.86292833
0.86915886
0.86604357
0.86604357
0.86604357
0.8566978
0.86604357
0.86915886
0.86292833
0.78193146
0.6074766
0.86604357
0.86604357
0.86604357
0.86292833
0.86915886
0.86915886
0.86604357
