17.099016189575195
3.6289758682250977
1.7101935148239136
0.9704755544662476
0.7073320150375366
0.7840067744255066
1.1344131231307983
0.9390330910682678
1.1050916910171509
0.817599356174469
0.8994707465171814
0.6502470970153809
0.5946354269981384
0.5862749218940735
0.7497226595878601
0.6259168386459351
0.596821665763855
1.3432188034057617
0.7923041582107544
0.5290920734405518
0.5573787689208984
0.650547981262207
0.5707480311393738
0.518610954284668
0.5706690549850464
0.9464792013168335
0.6735625863075256
0.562629222869873
0.5293828845024109
0.572910487651825
0.48442021012306213
0.461498886346817
0.48844847083091736
0.5375159978866577
0.7847504615783691
0.5785450339317322
0.5867993831634521
0.6136699318885803
0.4974484145641327
0.8641766309738159
1.1388753652572632
0.861382782459259
0.47359150648117065
0.5518946647644043
0.601865828037262
0.5337587594985962
0.4583486020565033
0.6175407767295837
0.5207070708274841
0.46016228199005127
0.48139896988868713
0.5060005187988281
1.032483458518982
0.7288593053817749
1.028978943824768
1.2651480436325073
1.237215518951416
1.0668166875839233
1.3713929653167725
0.8434114456176758
0.6775072813034058
0.5969972610473633
0.5020847320556641
0.5166797041893005
0.4218103587627411
0.4529542028903961
0.5739389657974243
0.4152498245239258
0.5395296812057495
0.5244396328926086
1.395487904548645
1.0497108697891235
0.7914212346076965
0.635854959487915
0.5708799362182617
0.539315938949585
0.5316469073295593
0.8220632076263428
0.8112717866897583
0.5393896698951721
0.6311822533607483
0.5362670421600342
0.5539205074310303
0.40654927492141724
0.3970167636871338
0.4246174991130829
0.4165304899215698
0.721939742565155
0.8055944442749023
1.028191089630127
0.7098373174667358
0.9153509736061096
0.5647712349891663
0.8809996843338013
0.7988836169242859
0.7151311635971069
0.4781445562839508
0.4411105215549469
0.4446626901626587
0.4806109666824341
0.44580620527267456
0.5526301860809326
0.4718267023563385
0.45887085795402527
0.3867880702018738
0.40370962023735046
0.4764624834060669
0.4196646511554718
0.42012861371040344
0.43987560272216797
0.40499356389045715
0.7197359800338745
0.6683385968208313
0.6626564860343933
0.4093732535839081
0.3917461633682251
0.46158355474472046
0.3874683678150177
0.7353290915489197
0.8973353505134583
0.6333054900169373
0.7345935106277466
0.4537826478481293
0.4480716288089752
0.4341045022010803
0.4408324062824249
0.7591773867607117
0.4433665871620178
0.46682101488113403
0.3869236409664154
0.37587234377861023
0.37751415371894836
0.3825988471508026
0.4263530969619751
0.5801407098770142
0.42086294293403625
0.4035016596317291
0.4003106653690338
0.4213080406188965
0.7333107590675354
1.3343231678009033
0.4209568500518799
0.4490835964679718
0.4783742129802704
0.4355008602142334
0.49819880723953247
0.38033217191696167
0.3689078390598297
0.3754611611366272
0.505136251449585
0.39684104919433594
0.3694181740283966
0.429592490196228
0.3987804055213928
0.3902062773704529
0.3971021771430969
0.7030943632125854
0.5652556419372559
0.4215925931930542
0.39795228838920593
0.5982733368873596
0.381675660610199
0.40198346972465515
0.3687770664691925
0.3636764883995056
0.3825424015522003
0.8677591681480408
0.5887793898582458
0.4311125576496124
0.38084450364112854
0.36150845885276794
0.36291295289993286
0.39339882135391235
0.37288951873779297
0.37429895997047424
0.3890058398246765
0.39028266072273254
0.4334622621536255
0.3564440608024597
0.40903669595718384
0.37977588176727295
0.4350477457046509
0.3748539388179779
0.4412665367126465
0.6778739094734192
0.6273249387741089
0.548123300075531
0.5185774564743042
0.4141208827495575
0.8379872441291809
0.458401083946228
0.44261327385902405
0.38667595386505127
0.3645487129688263
0.42078956961631775
0.6869437098503113
0.4881753921508789
0.35668250918388367
0.36068040132522583
0.4070611298084259
0.38462841510772705
0.4126114547252655
0.6307696104049683
0.4114513397216797
0.4222300052642822
0.36626502871513367
0.3558821678161621
0.3504510819911957
0.45358070731163025
0.8044277429580688
0.7231938242912292
0.4022408425807953
0.6651147603988647
0.4538208544254303
0.44309157133102417
0.3876304030418396
0.36684539914131165
0.4404357671737671
0.6515949964523315
0.438326358795166
1.241225242614746
0.5535610318183899
0.6091978549957275
0.41689616441726685
0.37243416905403137
0.38674795627593994
0.4487440288066864
0.3685241639614105
1.4750772714614868
0.6860336065292358
0.7152441143989563
0.6645146012306213
0.8075849413871765
0.4526958167552948
0.4553419351577759
0.3958398401737213
0.416375994682312
0.3946306109428406
0.3644293546676636
0.35297083854675293
0.3945964574813843
0.43396642804145813
0.3961155116558075
0.5406699776649475
0.42661231756210327
0.3679092824459076
0.36702805757522583
0.358388751745224
0.3605259358882904
0.5648515820503235
0.41236016154289246
0.9904840588569641
0.938544750213623
0.9371898770332336
0.4772326648235321
0.5947453379631042
0.41326257586479187
0.3582417964935303
0.3757387101650238
0.35187751054763794
0.35527732968330383
0.3604111671447754
0.37215933203697205
0.3801884055137634
0.6216314435005188
0.5998827219009399
0.6438420414924622
0.7266893982887268
0.7319447994232178
0.5254561305046082
0.41031140089035034
0.3823016285896301
0.35083240270614624
0.3784126937389374
0.42441874742507935
0.37431424856185913
0.36454784870147705
0.35708510875701904
0.3440825343132019
0.34627512097358704
0.35613155364990234
0.3664394021034241
0.48089438676834106
0.42003896832466125
0.37604162096977234
0.40348726511001587
0.4450482130050659
0.5928532481193542
0.6942779421806335
0.45417943596839905
0.35978376865386963
0.34834662079811096
0.5903328061103821
0.40592867136001587
0.40064066648483276
0.5164607167243958
0.4842538833618164
0.4625699520111084
0.42153385281562805
0.351792573928833
0.3676890730857849
0.38321545720100403
0.34289342164993286
0.38696983456611633
0.37611955404281616
0.4478027820587158
0.44755783677101135
0.5525150895118713
0.5639823079109192
0.3889694809913635
0.3641092777252197
0.4251720905303955
0.36750826239585876
0.3624839186668396
0.45062917470932007
0.4516887366771698
0.3638853430747986
0.45969122648239136
0.5764491558074951
0.4811367988586426
0.4459333121776581
0.5317139625549316
0.4834173023700714
0.4584425091743469
0.5591527819633484
0.4049747884273529
0.4248933494091034
0.5497137904167175
0.389648973941803
0.65284663438797
0.5756600499153137
0.3465493619441986
0.40599963068962097
0.3375042676925659
0.3504783511161804
0.39448896050453186
0.3460051119327545
0.342785120010376
0.6320654153823853
0.4251280725002289
0.44809868931770325
0.49961838126182556
0.616461455821991
0.6207042336463928
0.751017689704895
0.4735665023326874
0.35719943046569824
0.37231171131134033
0.3547835946083069
0.38537368178367615
0.38205572962760925
0.3503706157207489
0.36972078680992126
0.3905358612537384
0.7667391300201416
0.6425948143005371
0.42673689126968384
0.3813263475894928
0.40134769678115845
0.36291074752807617
0.6247372031211853
0.5711461901664734
0.3630111813545227
0.3696203827857971
0.38325873017311096
0.38680601119995117
0.6370238661766052
0.9180734157562256
0.5722814202308655
0.42970603704452515
0.3683425188064575
0.37147489190101624
0.6418958902359009
0.5281584858894348
0.3505328893661499
0.411977618932724
0.4141710102558136
0.3543863892555237
0.37620508670806885
0.36566656827926636
0.4800856113433838
0.4588549733161926
0.3597341477870941
0.4156981408596039
0.351575642824173
0.3555821478366852
0.3273780941963196
0.3298487365245819
0.3415471613407135
0.3528573215007782
0.3434836268424988
0.3199700713157654
0.488402783870697
0.4375135898590088
0.37481608986854553
0.3633768558502197
0.4058036804199219
0.32764437794685364
0.3547246754169464
0.3323994278907776
0.371745765209198
0.3476535975933075
0.336840957403183
0.33899161219596863
0.3441048860549927
0.32502081990242004
0.8028305172920227
0.5468716025352478
0.40691491961479187
0.3766920566558838
0.7308207750320435
0.3518127202987671
0.3785593509674072
0.41046127676963806
0.613310694694519
0.35271239280700684
0.38062095642089844
0.3570934534072876
0.3657447099685669
0.3329217731952667
0.3212939202785492
0.3586726486682892
0.3185695707798004
0.6016148924827576
0.3812694847583771
0.34258487820625305
0.3204098045825958
0.3309779167175293
0.3260005712509155
0.33800652623176575
0.35895615816116333
0.43155211210250854
0.37265944480895996
0.4251750409603119
0.42131879925727844
0.4235696792602539
0.4229012429714203
0.3162772059440613
0.335747092962265
0.3425493538379669
0.3334387540817261
0.34856143593788147
0.32698681950569153
0.3303040862083435
0.334913432598114
0.8601437211036682
0.4972867965698242
0.3532865643501282
0.32898449897766113
0.3619948625564575
0.3203624188899994
0.3211067020893097
0.35102003812789917
0.3376944363117218
0.5490031242370605
0.35434722900390625
0.3198569715023041
0.35053950548171997
0.31158649921417236
0.33540159463882446
0.31863105297088623
0.36550813913345337
0.3742488622665405
0.3286373019218445
0.3357087969779968
0.5924402475357056
0.4597357213497162
0.46441036462783813
0.32732707262039185
0.3783533573150635
0.3339077830314636
0.3292348384857178
0.3218550980091095
0.47730129957199097
0.42688441276550293
0.4454014003276825
0.34478870034217834
0.43574652075767517
0.39626744389533997
0.321961909532547
0.3095063269138336
0.3158228397369385
0.33351728320121765
0.34027671813964844
0.33329808712005615
0.3099977970123291
0.3142167329788208
0.3319435119628906
0.33063384890556335
0.3187677264213562
0.32435742020606995
0.3130459487438202
0.3506971597671509
0.3205842971801758
0.43858978152275085
0.3866485059261322
0.30687227845191956
0.31407204270362854
0.33297765254974365
0.34356027841567993
0.3401165008544922
0.3841748535633087
0.3139783442020416
0.3167548179626465
0.31327730417251587
0.3127705454826355
0.34183254837989807
0.35706382989883423
0.41260987520217896
0.42131680250167847
0.4488421678543091
0.3735935389995575
0.36160504817962646
0.4065024256706238
0.3391436040401459
0.32648608088493347
0.33247673511505127
0.3175767660140991
0.3046344518661499
0.3275519013404846
0.31020328402519226
0.3056195378303528
0.3077784478664398
0.5948776006698608
0.4573552906513214
0.32477623224258423
0.3925090432167053
0.3669551610946655
0.36019107699394226
0.397949755191803
0.3392193913459778
0.31167522072792053
0.30823570489883423
0.32246583700180054
1.1942700147628784
1.2257345914840698
0.39106664061546326
0.5589938163757324
0.4959512948989868
0.36931368708610535
0.33984556794166565
0.43560177087783813
0.3604789972305298
0.38403743505477905
0.3929150104522705
0.3782956898212433
0.3599514961242676
0.3588983416557312
0.33070626854896545
0.3267802894115448
0.3442228436470032
0.31219223141670227
0.31096795201301575
0.43214887380599976
0.3906669616699219
0.37434494495391846
0.3000551760196686
0.3055444359779358
0.324685275554657
0.33173421025276184
0.311941921710968
0.30192890763282776
0.3015284240245819
0.3177510201931
0.3086130619049072
0.2955176532268524
0.3049432337284088
0.5344950556755066
0.332240492105484
0.31850922107696533
0.3070010244846344
0.3005445599555969
0.34311234951019287
0.6259341835975647
0.4795779287815094
0.6584575772285461
0.40342283248901367
0.3180600106716156
0.2993445098400116
0.3275454640388489
0.37040525674819946
0.4391438961029053
0.3036786615848541
0.29967132210731506
0.47600656747817993
0.3634709119796753
0.3098326623439789
0.31713229417800903
0.30867865681648254
0.2962949872016907
0.362162709236145
0.3174993395805359
0.3192856013774872
0.3654286861419678
0.385468453168869
0.34822481870651245
0.29858994483947754
0.33682745695114136
0.29905542731285095
0.3854367136955261
0.8310540914535522
0.4919379949569702
0.44187498092651367
0.3083551824092865
0.31137576699256897
0.6861110925674438
0.47036808729171753
0.3602401912212372
0.4129895865917206
0.34929484128952026
0.34885427355766296
0.30504295229911804
0.3090845048427582
0.3089548945426941
0.3470471501350403
0.4655868113040924
0.331431120634079
0.2993584871292114
0.30050763487815857
0.31404396891593933
0.3064618408679962
0.29120782017707825
0.321203351020813
0.3429388403892517
0.30878207087516785
0.2928711175918579
0.3400764763355255
0.3200198709964752
0.5246075391769409
0.505105197429657
0.4767270088195801
0.3497040271759033
0.3370085656642914
0.3366708755493164
0.2897869944572449
0.2884451448917389
0.415157675743103
0.33964765071868896
0.401919960975647
0.3717791438102722
0.3293384909629822
0.3207341730594635
0.30821457505226135
0.2963404357433319
0.30195674300193787
0.33272862434387207
0.29531481862068176
0.3036026656627655
0.28687700629234314
0.4178696274757385
0.3061327636241913
0.2905164957046509
0.3839520514011383
0.31715378165245056
0.29151347279548645
0.30094295740127563
0.30504360795021057
0.3607592284679413
0.2947181761264801
0.29130205512046814
0.3318217992782593
0.4336836040019989
0.5600274205207825
0.42658907175064087
0.3955724537372589
0.38971978425979614
0.31516706943511963
0.38840702176094055
0.3219272494316101
0.317228227853775
0.4238046407699585
0.4447450637817383
0.32536065578460693
0.29468482732772827
0.3053267300128937
0.3086932897567749
0.29234883189201355
0.38846418261528015
0.29284700751304626
0.31626999378204346
0.292476087808609
0.2958625257015228
0.2992511987686157
0.2878161370754242
0.2862449586391449
0.3103015720844269
0.30453744530677795
0.3061659038066864
0.31467583775520325
0.30651718378067017
0.3190793991088867
0.2928793430328369
0.31233882904052734
0.3088219463825226
0.5376514196395874
0.38276562094688416
0.38719311356544495
0.3710147738456726
0.3106386065483093
0.29392769932746887
0.28219059109687805
0.3367740213871002
0.4016754925251007
0.35049760341644287
0.35325339436531067
0.3812163174152374
0.3263137936592102
0.3568452000617981
0.323098361492157
0.37662214040756226
0.3194505572319031
0.30308493971824646
0.38157641887664795
0.2946009039878845
0.29035744071006775
0.2827286422252655
0.3219949007034302
0.3162989616394043
0.3339460790157318
0.2898559272289276
0.3092662990093231
0.30509132146835327
0.2869991362094879
0.3590746521949768
0.3168093264102936
0.29887014627456665
0.28143244981765747
0.28243353962898254
0.311740905046463
0.2910989224910736
0.28750768303871155
0.280962735414505
0.33940303325653076
0.2841189205646515
0.2786775529384613
0.2930101752281189
0.31410521268844604
0.283683717250824
0.3165903687477112
0.3543514907360077
0.325961172580719
0.31223800778388977
0.2875710725784302
0.6419409513473511
0.40699177980422974
0.3792918920516968
0.353781133890152
0.346405029296875
0.36076855659484863
0.3145931661128998
0.30839869379997253
0.30109670758247375
0.30030593276023865
0.391436368227005
0.39462801814079285
0.35880792140960693
0.3043119013309479
0.49691876769065857
0.344754695892334
0.3487139642238617
0.5614200830459595
0.33995553851127625
0.2915384769439697
0.3139575123786926
0.2995869815349579
0.28642764687538147
0.29924485087394714
0.3288256824016571
0.2857450544834137
0.2836100459098816
0.27744656801223755
0.27737724781036377
0.31930360198020935
0.3022744357585907
0.2889051139354706
0.29105326533317566
0.28640124201774597
0.28115391731262207
0.2821921408176422
0.2820888161659241
0.29471680521965027
0.2796768248081207
0.27583280205726624
0.27886128425598145
0.5245289206504822
0.4597320556640625
0.37962573766708374
0.2911717891693115
0.3043876886367798
0.48132357001304626
0.4649413824081421
0.4610494375228882
0.4370196461677551
0.30472418665885925
0.27560627460479736
0.27618542313575745
0.27631857991218567
0.2850988209247589
0.2772969901561737
0.2773357629776001
0.3023799955844879
0.31676265597343445
0.33521610498428345
0.3450157642364502
0.31420135498046875
0.364507257938385
0.41658836603164673
0.34398800134658813
0.3118669390678406
0.3029918670654297
0.3624669313430786
0.3075482249259949
0.3208574950695038
0.29720064997673035
0.33791330456733704
0.34242600202560425
0.2878926396369934
0.2978169918060303
0.3389868438243866
0.30021998286247253
0.27758723497390747
0.2703615427017212
0.2742595374584198
0.27074742317199707
0.2891917824745178
0.2836332321166992
0.2695041298866272
0.3021722733974457
0.2736418545246124
0.2786780893802643
0.2765294015407562
0.26930558681488037
0.26846811175346375
0.28017082810401917
0.27600350975990295
0.27928483486175537
0.29476046562194824
0.2816157639026642
0.27502351999282837
0.2838268578052521
0.28392958641052246
0.31409502029418945
0.27847781777381897
0.31945541501045227
0.29500812292099
0.2835913896560669
0.31074753403663635
0.2705698013305664
0.2752310633659363
0.26859769225120544
0.2754294276237488
0.26477596163749695
0.27844566106796265
0.2747737169265747
0.26777732372283936
0.26594504714012146
0.2804989516735077
0.2820171117782593
0.2678889036178589
0.27264946699142456
0.3732910752296448
0.3239838182926178
0.3187427520751953
0.30902767181396484
0.28673771023750305
0.28414207696914673
0.3184537887573242
0.2785452604293823
0.2671743631362915
0.2760778069496155
0.2792603373527527
0.2898986041545868
0.28419947624206543
0.275777131319046
0.26857995986938477
0.2647849917411804
0.2673323452472687
0.29431575536727905
0.4963879883289337
0.33233216404914856
0.32037606835365295
0.2865028381347656
0.2757954001426697
0.28362324833869934
0.2710905075073242
0.27287817001342773
0.27249518036842346
0.26706573367118835
0.29390859603881836
0.2737569808959961
0.2627011835575104
0.2820953130722046
0.2677472233772278
0.2619090974330902
0.29720303416252136
0.29161325097084045
0.28655996918678284
0.28237321972846985
0.2744467258453369
0.29129910469055176
0.26960501074790955
0.30548959970474243
0.277630478143692
0.2770015597343445
0.27351319789886475
0.27370235323905945
0.26715949177742004
0.2738822400569916
0.27130866050720215
0.28771737217903137
0.2848401665687561
0.26312023401260376
0.26250189542770386
0.2605237066745758
0.2615106701850891
0.2591676712036133
0.26053741574287415
0.25940290093421936
0.27993446588516235
0.26279178261756897
0.2688845694065094
0.2636120021343231
0.2612305283546448
0.27408334612846375
0.264299601316452
0.2604254484176636
0.2576861083507538
0.2585412859916687
0.2650044560432434
0.2586943805217743
0.2617396116256714
0.27211883664131165
0.2811546325683594
0.27420368790626526
0.27219483256340027
0.2696486711502075
0.26002204418182373
0.2603728771209717
0.25870460271835327
0.2602081596851349
0.2592059075832367
0.2599911689758301
0.2604731321334839
0.2576536238193512
0.2731128931045532
0.2810521721839905
0.2666555941104889
0.27779698371887207
0.27820757031440735
0.2691539227962494
0.27492809295654297
0.3681413531303406
0.2918983995914459
0.27157285809516907
0.2664822041988373
0.26455774903297424
0.26430192589759827
0.26587602496147156
0.2630499005317688
0.26373928785324097
0.26175162196159363
0.25874313712120056
0.25963979959487915
0.2623637318611145
0.2701990604400635
0.2584923207759857
0.2569834887981415
0.28683772683143616
0.2652043402194977
0.2609775960445404
0.26345929503440857
0.31611335277557373
0.27829796075820923
0.2721836268901825
0.26007336378097534
0.26582643389701843
0.2663419842720032
0.28856709599494934
0.270648717880249
0.2701515257358551
0.2656310796737671
0.2621825337409973
0.2691341042518616
0.2601306140422821
0.26041510701179504
0.259468138217926
0.2712990343570709
0.2575410306453705
0.2570635676383972
0.25749051570892334
0.30858391523361206
0.32113462686538696
0.32721686363220215
0.30774226784706116
0.288412481546402
0.28518497943878174
0.2983454167842865
0.277770459651947
0.27340129017829895
0.28531113266944885
0.2791707515716553
0.26963579654693604
0.2642483115196228
0.2658292055130005
0.26389768719673157
0.2600262761116028
0.25942882895469666
0.2605215609073639
0.26528388261795044
0.27167344093322754
0.2629876732826233
0.25679346919059753
0.27272528409957886
0.26804348826408386
0.3019893169403076
0.26107579469680786
0.25770333409309387
0.2588209807872772
0.2565068304538727
0.256255567073822
0.25462228059768677
0.2563022971153259
0.2546437680721283
0.25613170862197876
0.28148335218429565
0.2589345872402191
0.2715087831020355
0.2556109130382538
0.25381597876548767
0.2546128034591675
0.2535568177700043
0.2539689838886261
0.2526617646217346
0.25352048873901367
0.26128777861595154
0.2519179582595825
0.25463417172431946
0.25469157099723816
0.2523252069950104
0.2631525993347168
0.2592998743057251
0.25874093174934387
0.2553744316101074
0.26413702964782715
0.2533871531486511
0.2545472979545593
0.2530360817909241
0.2541470229625702
0.25189918279647827
0.2639036774635315
0.3359748423099518
0.25574296712875366
0.26411110162734985
0.26272523403167725
0.25895074009895325
0.2560833990573883
0.25768813490867615
0.2534770667552948
0.26019033789634705
0.25869429111480713
0.28697454929351807
0.2623854875564575
0.2581096887588501
0.2645091712474823
0.2581638693809509
0.2551809549331665
0.2531249523162842
0.2522173821926117
0.2640111744403839
0.2549551725387573
0.254010409116745
0.2581757605075836
0.24982847273349762
0.26613712310791016
0.2542839050292969
0.25488191843032837
0.2546922266483307
0.25107842683792114
0.2515311539173126
0.2686610221862793
0.25575366616249084
0.25396302342414856
0.2555308938026428
0.25047722458839417
0.25167298316955566
0.2839801013469696
0.26158007979393005
0.25720125436782837
0.25328826904296875
0.2538091242313385
0.2582169473171234
0.25575074553489685
0.2525346577167511
0.2506248652935028
0.2506188750267029
0.2508160471916199
0.25073614716529846
0.25086724758148193
0.2528868019580841
0.25124937295913696
0.25254905223846436
0.2529778778553009
0.25034070014953613
0.2510020136833191
0.2506122887134552
0.2676270306110382
0.25556662678718567
0.25590282678604126
0.2581961750984192
0.2533758878707886
0.2519504427909851
0.24993152916431427
0.25319361686706543
0.2504221796989441
0.2529663145542145
0.2653456926345825
0.2558865547180176
0.2564065158367157
0.25460684299468994
0.25619277358055115
0.2581252157688141
0.25538912415504456
0.2552426755428314
0.25246599316596985
0.250485897064209
0.25068199634552
0.25032204389572144
0.2519286572933197
0.25796079635620117
0.25683870911598206
0.24931859970092773
0.25204023718833923
0.24868646264076233
0.2501591742038727
0.2539273798465729
0.251838743686676
0.25073620676994324
0.25122392177581787
0.24992862343788147
0.24779394268989563
0.25005391240119934
0.2506035566329956
0.24909546971321106
0.24915264546871185
0.2520814836025238
0.2515656650066376
0.2532910108566284
0.2509968876838684
0.25032228231430054
0.25201648473739624
0.24905815720558167
0.250846266746521
0.25458648800849915
0.2502000033855438
0.2729980945587158
0.2592451274394989
0.25005242228507996
0.25101238489151
0.2504090666770935
0.2500438392162323
0.25015878677368164
0.25850000977516174
0.256574422121048
0.2561664879322052
0.25409021973609924
0.24937178194522858
0.25038066506385803
0.24866677820682526
0.24851122498512268
0.25185176730155945
0.2525217533111572
0.24805063009262085
0.24819597601890564
0.24863804876804352
0.24866580963134766
0.24987538158893585
0.24657663702964783
0.2519427239894867
0.2527097463607788
0.255191445350647
0.2504808306694031
0.2539101243019104
0.25045832991600037
0.25575748085975647
0.2532806992530823
0.25159895420074463
0.2525080144405365
0.24887828528881073
0.24907444417476654
0.24902017414569855
0.24827426671981812
0.24825425446033478
0.24768801033496857
0.2561154365539551
0.252839595079422
0.2490742802619934
0.2495296448469162
0.24746276438236237
0.2491024136543274
0.24865290522575378
0.2488223910331726
0.24732595682144165
0.2677014470100403
0.2569376528263092
0.2513757348060608
0.2497965693473816
0.24891729652881622
0.2487831711769104
0.2480255365371704
0.24773386120796204
