35.025230407714844
6.310909748077393
3.205596923828125
2.08188533782959
0.7873587012290955
0.6965020895004272
0.8122397661209106
0.6462208032608032
0.7425695657730103
0.7016488313674927
0.7000853419303894
0.6707633137702942
0.806053102016449
0.90854412317276
0.9936226010322571
0.7632670998573303
0.5982610583305359
0.6117935180664062
0.7870609164237976
0.5903968811035156
0.7534228563308716
0.6452273726463318
0.7667221426963806
2.036099672317505
0.5509288907051086
0.7888418436050415
0.6016087532043457
0.6904566884040833
0.5241081714630127
0.9572311639785767
0.720758855342865
0.5669113993644714
0.4823639392852783
0.5997884273529053
1.1350905895233154
0.622451663017273
0.7674326300621033
1.3996798992156982
0.9138771891593933
0.7102257609367371
1.0694892406463623
1.0465294122695923
1.1295063495635986
0.8403764963150024
0.7018350958824158
1.7481855154037476
1.6732043027877808
0.4972724914550781
0.5283030271530151
0.4436565041542053
0.5230122208595276
0.44886842370033264
0.4983232915401459
0.6068768501281738
0.4210374653339386
0.4178084135055542
0.41229167580604553
0.4714069664478302
0.443521648645401
0.45387908816337585
0.4883357286453247
0.5231377482414246
0.44472676515579224
0.48905739188194275
0.5279775857925415
0.4037291705608368
0.4024225175380707
0.4451464116573334
0.4521917402744293
0.42373985052108765
0.44840389490127563
0.43070855736732483
0.4208752512931824
0.48753246665000916
0.44193336367607117
0.44171789288520813
0.41197898983955383
0.41710835695266724
0.49006587266921997
0.4811594784259796
0.7034062743186951
0.4380670487880707
0.4252207279205322
1.196930170059204
0.7035234570503235
0.5329952836036682
0.4540712237358093
0.6134651899337769
0.4853821396827698
0.38826513290405273
2.9730467796325684
1.0881623029708862
0.5373980402946472
0.5064024329185486
0.4286155700683594
0.4833064675331116
0.497396320104599
0.41996124386787415
0.41099226474761963
0.4157154858112335
1.2134758234024048
0.6324478387832642
0.5283529162406921
0.6243842840194702
0.4206494390964508
0.3956504166126251
0.4781387150287628
0.4937058091163635
0.4355822503566742
0.40020912885665894
0.5140892267227173
0.5483203530311584
0.4355509579181671
0.44708728790283203
0.4059702455997467
0.3966626822948456
0.3879510760307312
0.40526431798934937
0.4034374952316284
0.5939542651176453
0.8456473350524902
0.4710945785045624
0.5961948037147522
0.4005080759525299
0.5786550641059875
0.4935707151889801
0.6055005788803101
0.4614790081977844
0.40607744455337524
0.5590487122535706
1.1241052150726318
0.564936101436615
0.5929088592529297
1.1998114585876465
0.5975489020347595
0.7739481925964355
0.6079794764518738
0.7362508773803711
0.6244352459907532
0.6863817572593689
0.9247575998306274
0.9238089919090271
1.9474395513534546
1.1341279745101929
0.4651764929294586
0.37878209352493286
0.6443920731544495
0.5115150213241577
0.4606151282787323
0.3903133273124695
0.3906974792480469
0.3858166038990021
0.43406158685684204
0.7785253524780273
1.2748197317123413
0.7114077210426331
0.5314544439315796
1.1012828350067139
0.502538800239563
0.3749832212924957
0.37668028473854065
0.4958919584751129
0.45012158155441284
0.4509219825267792
0.6500386595726013
0.449738085269928
0.4483891725540161
0.5666073560714722
0.5137829184532166
0.45654866099357605
0.3840315043926239
0.38552719354629517
0.47380128502845764
0.5156412720680237
0.3958403766155243
0.39201176166534424
0.7500003576278687
0.5457530617713928
0.4310024678707123
0.42928725481033325
0.941895604133606
0.8666009902954102
0.9085619449615479
1.024020791053772
0.708949625492096
0.6036550402641296
0.4209756851196289
0.48758989572525024
0.4391655921936035
0.41899028420448303
0.5638282299041748
0.5517719388008118
0.4087058901786804
0.8192268013954163
0.47994449734687805
0.4253324568271637
0.4582415521144867
0.3889298737049103
0.37788674235343933
0.387351930141449
0.3891335427761078
0.39684662222862244
0.5475896000862122
0.5302742719650269
0.44641783833503723
0.444679319858551
0.6453282833099365
0.47479546070098877
0.41041818261146545
0.3997722268104553
0.3830881416797638
0.3798229694366455
0.4481598436832428
0.425875186920166
0.4589298665523529
0.9001578092575073
0.45942026376724243
0.4706924855709076
0.4888543486595154
0.5790276527404785
0.49596554040908813
0.4950195848941803
0.3760134279727936
0.48094746470451355
0.5179451107978821
0.41711512207984924
0.4738944470882416
0.4188748598098755
0.4118438959121704
0.3905535638332367
0.4209989309310913
0.45060500502586365
0.908828616142273
0.6010194420814514
0.5639532804489136
0.4751669764518738
0.3907705843448639
0.3731713891029358
0.3815152645111084
0.44019266963005066
0.39626556634902954
0.40150874853134155
0.4572662115097046
0.43934839963912964
0.5266436338424683
0.4247198700904846
0.5022984743118286
0.43891140818595886
0.6463531255722046
0.5113474726676941
0.3836759328842163
0.39046910405158997
0.437304824590683
0.43546241521835327
0.522748589515686
0.795661985874176
0.8277105093002319
0.6820234060287476
0.4316682517528534
0.372769296169281
0.8557416200637817
0.5023527145385742
0.6270403265953064
0.5896300673484802
0.40651777386665344
0.39893847703933716
0.8296048641204834
0.5946418046951294
0.4078386723995209
0.3892631530761719
0.39491885900497437
0.9087861776351929
0.8276398777961731
0.4332255423069
0.3733360767364502
0.36999884247779846
0.3716467618942261
0.5697336196899414
0.510132372379303
0.40133029222488403
0.3762722313404083
0.49751558899879456
0.42765551805496216
0.38297227025032043
0.4776826798915863
0.3951275646686554
0.3771995007991791
0.9831219911575317
0.5911471843719482
0.4304406940937042
0.3708723485469818
0.36796653270721436
0.37927988171577454
0.40265029668807983
0.39232680201530457
0.4664498567581177
0.7408655285835266
0.7464300990104675
0.5524581074714661
0.46390023827552795
0.46622294187545776
0.4148310124874115
0.40149053931236267
0.5092177987098694
0.36916929483413696
0.4122319221496582
0.3758156895637512
0.6071064472198486
0.5318379402160645
0.47619715332984924
0.5911309719085693
0.5538803339004517
0.5834252834320068
0.5133532285690308
0.47176334261894226
0.46429386734962463
0.4109627902507782
0.417479932308197
0.5059873461723328
0.5273646712303162
0.616775393486023
0.4810304343700409
0.44636353850364685
0.42463889718055725
0.6954739093780518
0.4369906187057495
0.39597073197364807
0.37321045994758606
0.3775382936000824
0.3918423652648926
0.3711915612220764
0.49474459886550903
0.4332711398601532
0.3792300224304199
0.36800894141197205
0.4078559875488281
0.38150671124458313
0.3896872401237488
0.4432007968425751
0.4332759380340576
0.4317739009857178
0.4042879045009613
0.3802730441093445
0.37309762835502625
0.4326629638671875
0.40267065167427063
0.40325063467025757
0.38797956705093384
0.3848075866699219
0.36643898487091064
0.39892569184303284
0.36903703212738037
0.470363974571228
0.4145491123199463
0.4169130325317383
0.38676369190216064
0.4860268831253052
0.36195218563079834
0.3659343421459198
0.3673657476902008
0.3720210790634155
0.40373292565345764
0.4114089906215668
0.5382373929023743
0.3774290382862091
0.5517629384994507
0.395405650138855
0.3895623981952667
0.38692420721054077
0.3706347346305847
0.7997244596481323
0.48773616552352905
0.4801304042339325
0.40113598108291626
0.4082179069519043
0.5894518494606018
0.4295303523540497
0.3747626841068268
0.4184841215610504
0.37227940559387207
0.35931211709976196
0.3913803696632385
0.7094848155975342
0.8502851128578186
0.6736975908279419
0.5702501535415649
0.37201178073883057
0.3974141776561737
0.38391777873039246
0.3708736300468445
0.4068470299243927
0.3599592447280884
0.37843871116638184
0.36567777395248413
0.36616331338882446
0.4222327470779419
0.37121886014938354
0.4052542746067047
0.40988144278526306
0.6629868745803833
0.39220312237739563
0.3687213063240051
0.39189109206199646
0.37208226323127747
0.3579147756099701
0.3729223906993866
0.3760952949523926
0.43148404359817505
0.3586387634277344
0.6163876056671143
0.60289067029953
0.71748948097229
0.4256983995437622
0.38996464014053345
0.41060394048690796
0.7182119488716125
0.6905041337013245
0.8574237823486328
0.5641887187957764
0.4186910092830658
0.7785058617591858
0.7274393439292908
0.6223210096359253
0.5794134736061096
0.5194636583328247
0.5260322093963623
0.6235235929489136
0.43577855825424194
0.47774893045425415
0.41309648752212524
0.3823970556259155
0.3808470368385315
0.3972471058368683
0.3769237697124481
0.37205153703689575
0.6483479142189026
0.5032941699028015
0.4087081253528595
0.3802318274974823
0.42764681577682495
0.4149584472179413
0.39405879378318787
0.3945944309234619
0.6118039488792419
0.4863215684890747
0.3740648925304413
0.3663575351238251
0.3703075051307678
0.38316652178764343
0.38242021203041077
1.1191167831420898
0.7246385812759399
0.49040135741233826
0.4173774719238281
0.5641222596168518
0.4599205255508423
0.4233185350894928
0.37458720803260803
0.5434179306030273
0.46807861328125
0.37434664368629456
0.46064478158950806
0.47805091738700867
0.378307968378067
0.3651857376098633
0.3605494201183319
0.7360217571258545
0.4296211302280426
1.5300462245941162
0.7228974103927612
0.4028088450431824
0.4237653911113739
0.42949190735816956
0.48988646268844604
0.4246087074279785
0.8833878636360168
0.46544507145881653
0.3969963490962982
0.621910810470581
0.4490848481655121
0.36795005202293396
0.41212528944015503
0.37127256393432617
0.587622880935669
0.4822326898574829
0.36936837434768677
0.435408353805542
0.8990471959114075
0.5161391496658325
0.46956560015678406
0.40187737345695496
0.391854852437973
0.5092230439186096
0.38348132371902466
0.43650808930397034
0.38054990768432617
0.36632952094078064
0.3869335353374481
0.5231454968452454
0.3681032061576843
0.37242284417152405
0.359286904335022
0.3621470332145691
0.3906562924385071
0.36519041657447815
0.36704114079475403
0.36882272362709045
0.36272162199020386
0.5158674120903015
0.48807966709136963
0.42703574895858765
0.3947681486606598
0.5055332183837891
0.41251999139785767
0.4629702568054199
0.4862116575241089
0.3916185200214386
0.36332374811172485
0.4314146339893341
0.4763537645339966
0.4518435597419739
0.39329203963279724
0.7349738478660583
0.3635028898715973
0.36918675899505615
0.3756697177886963
0.4305160343647003
0.4030091464519501
0.3808290362358093
0.36462515592575073
0.5522619485855103
0.4579673111438751
0.36400121450424194
0.3567817211151123
0.35931721329689026
0.3608563542366028
0.3570552468299866
0.35811734199523926
0.43019336462020874
0.35782110691070557
0.3679424226284027
0.46966201066970825
0.3690357506275177
0.3663201630115509
0.3747086226940155
0.36251941323280334
0.3653313219547272
0.3661854565143585
0.3635786771774292
0.35721874237060547
0.36614301800727844
0.3636057376861572
0.3698159456253052
0.4920218884944916
0.398623526096344
0.392729252576828
0.3994242250919342
0.4002019166946411
0.37080278992652893
0.3599199056625366
0.5005772709846497
0.3637644946575165
0.3618045747280121
0.6275147199630737
0.40336930751800537
0.39880698919296265
0.37123748660087585
0.3613416850566864
0.6327024698257446
0.44205111265182495
0.5266329050064087
0.3591126799583435
0.363351047039032
0.3648982644081116
0.3693050146102905
0.3637448251247406
0.38666728138923645
0.37209242582321167
0.42478999495506287
0.4821607768535614
0.3578553795814514
0.3567834794521332
0.3818615972995758
0.42382365465164185
0.4006945788860321
0.6358224153518677
0.8109078407287598
0.7284189462661743
0.3613084554672241
0.3616918921470642
0.3744193911552429
0.4138094186782837
0.43196266889572144
0.36398935317993164
0.36107322573661804
0.36863207817077637
0.38112422823905945
0.3604467511177063
0.39418691396713257
0.39982715249061584
0.40370842814445496
0.3562777042388916
0.3850913643836975
0.7632632851600647
0.4314844608306885
0.4015437364578247
0.4229443073272705
0.39385780692100525
0.47196879982948303
0.4051476716995239
0.3734411895275116
0.37621062994003296
0.356319785118103
0.3664710223674774
0.36277925968170166
0.41426151990890503
0.35515543818473816
0.3640884459018707
0.3961227536201477
0.36686429381370544
0.39832526445388794
0.4103059470653534
0.8309369087219238
0.5785146355628967
1.2197052240371704
0.5937801003456116
0.40019968152046204
0.39297041296958923
0.3917742967605591
0.36714601516723633
0.46295166015625
0.5265068411827087
0.376118928194046
0.3836202323436737
0.3905729353427887
0.3747393786907196
0.5775412321090698
0.3975454568862915
0.41109564900398254
0.4194202721118927
0.6547937393188477
0.5257251858711243
0.6878849864006042
0.5047994256019592
0.4613335132598877
0.40251055359840393
0.3786657750606537
0.3630984127521515
0.3768917918205261
0.4485246539115906
0.37089791893959045
0.3570850193500519
0.39290112257003784
0.4023721218109131
0.3875408470630646
0.36117807030677795
0.36520543694496155
0.3731900453567505
0.6068599820137024
0.43448740243911743
0.3917687237262726
0.39072567224502563
0.45035046339035034
0.3904959559440613
0.38492268323898315
0.39370453357696533
0.3542553782463074
0.3777792751789093
0.4335912764072418
0.37452542781829834
0.3542761504650116
0.3594679534435272
0.35423198342323303
0.3575666546821594
0.602400004863739
0.41255006194114685
0.6868341565132141
0.5288657546043396
0.4098757803440094
0.4383944571018219
0.3769533932209015
0.39010754227638245
0.4309149980545044
0.40687379240989685
0.37951573729515076
0.36078929901123047
0.35307732224464417
0.36010414361953735
0.36901089549064636
0.3870994448661804
0.4203697144985199
0.37032297253608704
0.35417237877845764
0.37158361077308655
0.3954331576824188
0.4627101421356201
0.38714107871055603
0.5502001047134399
0.4528214931488037
0.36839765310287476
0.37082570791244507
0.39573171734809875
0.3972557485103607
0.3765725791454315
0.3946472704410553
0.4231581687927246
0.38482093811035156
0.3786099851131439
0.8252285718917847
0.46720775961875916
0.36246538162231445
0.3546036183834076
0.3927823007106781
0.36082738637924194
0.37529364228248596
0.3865653872489929
0.3622893691062927
1.5408793687820435
0.8886501789093018
0.5394245982170105
0.36198973655700684
0.354388028383255
0.3579345941543579
0.49610525369644165
0.4068409502506256
0.4215608835220337
0.49229297041893005
0.36560454964637756
0.3713305592536926
0.356880247592926
0.35650965571403503
0.5949962139129639
0.48028042912483215
0.5841894149780273
0.44133803248405457
0.35778987407684326
0.36024120450019836
0.3731853663921356
0.3837292492389679
0.3539744019508362
0.3617798686027527
0.35243159532546997
0.3540884554386139
0.35691437125205994
0.40701502561569214
0.3724859952926636
0.44406580924987793
0.36183443665504456
0.35915446281433105
0.3522912263870239
0.3700694441795349
0.35811617970466614
0.35156068205833435
0.3500364422798157
0.3581477105617523
0.357919842004776
0.4520358741283417
0.46224409341812134
0.5024237036705017
0.43346354365348816
0.4434677064418793
0.4691321849822998
0.6911301612854004
0.4556209146976471
0.42284151911735535
0.3725024163722992
0.36356645822525024
0.4018348753452301
0.4083808660507202
0.4548805356025696
0.36982062458992004
0.35389503836631775
0.410793274641037
0.35542771220207214
0.35589680075645447
0.35403937101364136
0.34691277146339417
0.34861040115356445
0.3632888197898865
0.35001975297927856
0.388212114572525
0.3558056354522705
0.35373127460479736
0.3452032506465912
0.3962828516960144
0.3728693425655365
0.35781049728393555
0.34240683913230896
0.3516802191734314
0.34748175740242004
0.3413419723510742
0.3502316474914551
0.34501513838768005
0.3511287569999695
0.36745500564575195
0.3486115038394928
0.3446706235408783
0.3449900448322296
0.3449810743331909
0.3714338541030884
0.3493106961250305
0.4041435122489929
0.4034336805343628
0.35566481947898865
0.3735378086566925
0.41856735944747925
0.5177637338638306
0.43902429938316345
0.40484195947647095
0.37102392315864563
0.3782176673412323
0.3833687901496887
0.3653342127799988
0.6279721260070801
0.4655916690826416
0.39443230628967285
0.3922504484653473
0.4370092451572418
0.37588366866111755
0.35458117723464966
0.37094026803970337
0.3484165072441101
0.3476429283618927
0.352934867143631
0.34617143869400024
0.3411465883255005
0.3424748480319977
0.4259350299835205
0.4795597493648529
0.3829716742038727
0.359291136264801
0.34273311495780945
0.37062907218933105
0.34233954548835754
0.3823821246623993
0.365577757358551
0.3718986213207245
0.34577676653862
0.35527682304382324
0.34026822447776794
0.36972934007644653
0.34281399846076965
0.4255876839160919
0.36863651871681213
0.36040252447128296
0.36702650785446167
0.3544815182685852
0.3513103127479553
0.3553368151187897
0.3485569357872009
0.3590199947357178
0.3498590588569641
0.3451439440250397
0.35867539048194885
0.3725879192352295
0.36544880270957947
0.37098637223243713
0.5321328043937683
0.43177634477615356
0.3639284074306488
0.3533375859260559
0.37094607949256897
0.3516256809234619
0.3474544286727905
0.3674563765525818
0.3545683026313782
0.346242755651474
0.34776195883750916
0.34702494740486145
0.3372249901294708
0.331435889005661
0.33124077320098877
0.3838788866996765
0.3359779417514801
0.3923789858818054
0.3841318190097809
0.3340948224067688
0.3388170301914215
0.32541102170944214
0.3317703902721405
0.3268272578716278
0.33227217197418213
0.3391427993774414
0.3313724398612976
0.33119046688079834
0.38891303539276123
0.3766453266143799
0.4144544303417206
0.37401291728019714
0.3538029193878174
0.3799109160900116
0.3782431483268738
0.35458993911743164
0.34630030393600464
0.3448199927806854
0.3637467622756958
0.34676581621170044
0.3494760990142822
0.3459078073501587
0.3433847725391388
0.34372633695602417
0.3477475643157959
0.3866043984889984
0.35032930970191956
0.33124712109565735
0.34759804606437683
0.332703560590744
0.32458093762397766
0.33360984921455383
0.3375481963157654
0.3628333806991577
0.34080618619918823
0.49955278635025024
0.34682387113571167
0.33836981654167175
0.3469189703464508
0.3495417535305023
0.3417228162288666
0.34318235516548157
0.35690513253211975
0.36248359084129333
0.35847827792167664
0.34732818603515625
0.342229962348938
0.3456040620803833
0.3344570994377136
0.3504771888256073
0.3865944445133209
0.3453390896320343
0.34750130772590637
0.3795984983444214
0.3914513885974884
0.36848294734954834
0.34122636914253235
0.35178452730178833
0.3372122645378113
0.33121824264526367
0.3299104571342468
0.39608263969421387
0.3632993996143341
0.3341941833496094
0.32838860154151917
0.3376615345478058
0.3243280053138733
0.3254619538784027
0.3484555780887604
0.34665635228157043
0.3296574056148529
0.3287929594516754
0.3359847366809845
0.32520103454589844
0.3299606740474701
0.3351752460002899
0.33537957072257996
0.3193918764591217
0.32044461369514465
0.45382267236709595
0.34646546840667725
0.3441106379032135
0.33913281559944153
0.3836342394351959
0.3474423587322235
0.3342326581478119
0.34701159596443176
0.3264731168746948
0.3207888603210449
0.3530695140361786
0.3400474190711975
0.3595007359981537
0.34372201561927795
0.5421865582466125
0.873728334903717
0.4312724173069
0.3557822108268738
0.4061475694179535
0.44499510526657104
0.3776707649230957
0.3441269099712372
0.35732513666152954
0.3418004810810089
0.33991628885269165
0.3436804413795471
0.3476105332374573
0.3418477475643158
0.3301597237586975
0.4113946259021759
0.3666081130504608
0.34012192487716675
0.3321518898010254
0.32730183005332947
0.3269082009792328
0.35733991861343384
0.3345421254634857
0.3289167284965515
0.3344780504703522
0.3248324394226074
0.3440532088279724
0.32509946823120117
0.32825884222984314
0.3389865756034851
0.32963696122169495
0.3365115225315094
0.331254780292511
0.3360098600387573
0.32416868209838867
0.3743259608745575
0.3526783287525177
0.3327052593231201
0.3382902145385742
0.3393371105194092
0.3515220582485199
0.3597274422645569
0.37113603949546814
0.42373475432395935
0.4923543930053711
0.4092971086502075
0.3835853636264801
0.3506458103656769
0.3356524407863617
0.32815441489219666
0.32603996992111206
0.3158239722251892
0.31680864095687866
0.3144741952419281
0.3150647282600403
0.32143208384513855
0.31579267978668213
0.31594914197921753
0.3132917582988739
0.3305512070655823
0.3224691152572632
0.3166784942150116
0.31587567925453186
0.31429553031921387
0.34053835272789
0.3245108425617218
0.3308679163455963
0.3409285843372345
0.37886741757392883
0.373483806848526
0.3411566913127899
0.31944987177848816
0.32251065969467163
0.3378722667694092
0.3301009237766266
0.3324902355670929
0.32406216859817505
0.31504708528518677
0.3230034410953522
0.3413330912590027
0.32980647683143616
0.3217720091342926
0.33812692761421204
0.3110467195510864
0.31458476185798645
0.31359997391700745
0.41683050990104675
0.42220404744148254
0.3810780942440033
0.32301610708236694
0.450337678194046
0.34913042187690735
0.32196953892707825
0.31678149104118347
0.3123401701450348
0.37113818526268005
0.31432604789733887
0.32940709590911865
0.3195381164550781
0.3225489854812622
0.41733500361442566
0.3515254855155945
0.34075605869293213
0.3223629891872406
0.31628963351249695
0.45909348130226135
0.39402830600738525
0.3401778042316437
0.32087618112564087
0.32077935338020325
0.365312784910202
0.34067657589912415
0.33675703406333923
0.3244185745716095
0.3164975643157959
0.30837762355804443
0.3075217008590698
0.31230658292770386
0.3079684376716614
0.30646809935569763
0.31083598732948303
0.3079332113265991
0.31830307841300964
0.3110562264919281
0.3163279592990875
0.30586084723472595
0.3065727949142456
0.35335859656333923
0.31586018204689026
0.3109370470046997
0.3126221299171448
0.3091655671596527
0.3038640320301056
0.30589890480041504
0.3045535087585449
0.30635541677474976
0.3088842034339905
0.3132869303226471
0.31017005443573
0.30674490332603455
0.4261639416217804
0.36077699065208435
0.3341212272644043
0.32638996839523315
0.31013283133506775
0.3109854757785797
0.309161901473999
0.3049408793449402
0.30864396691322327
0.3053196370601654
0.3039461076259613
0.30420151352882385
0.30455654859542847
0.3248148560523987
0.32685232162475586
0.3174567222595215
0.31140264868736267
0.3056105971336365
0.3072676360607147
0.30569347739219666
0.30247315764427185
0.30274760723114014
0.3051047623157501
0.30470314621925354
0.30358174443244934
0.3041630983352661
0.30824175477027893
0.3049466907978058
0.31222036480903625
0.3056165874004364
0.3024711608886719
0.3037652373313904
0.3167577385902405
0.31451675295829773
0.30368784070014954
0.3334128260612488
0.3171863257884979
0.313260018825531
0.3068501949310303
0.3132452964782715
0.3265262544155121
0.31461724638938904
0.30955126881599426
0.31014201045036316
0.33788517117500305
0.3145093023777008
0.30438706278800964
0.30308353900909424
0.3026515245437622
0.34739288687705994
0.326684832572937
0.3205753564834595
0.3183431029319763
0.3145628571510315
0.3115624189376831
0.3040212392807007
0.31087517738342285
0.3082086145877838
0.3039783239364624
0.3077821135520935
0.3138394355773926
0.310583233833313
0.301849901676178
0.3075367212295532
0.30962973833084106
0.30359551310539246
0.3032531440258026
0.314553827047348
0.30118227005004883
0.31138402223587036
0.3015557527542114
0.32725977897644043
0.3100741505622864
0.30611294507980347
0.3151378333568573
0.31028738617897034
0.31810444593429565
0.2995007336139679
0.3049766719341278
0.3019983172416687
0.3009849488735199
0.3173045516014099
0.31313619017601013
0.3319151699542999
0.30610814690589905
0.304729700088501
0.303253710269928
0.3116222321987152
0.3066035807132721
0.3062324523925781
0.3028194010257721
0.3014709949493408
0.3005707263946533
0.3007355332374573
0.30263179540634155
0.29893335700035095
0.29903435707092285
0.29811424016952515
0.2969679534435272
0.29662081599235535
0.2959767282009125
0.3009945750236511
0.2980104386806488
0.2978247404098511
0.3046211004257202
0.3011399209499359
0.31248632073402405
0.3023943603038788
0.300932377576828
0.29877811670303345
0.298002153635025
0.2975956201553345
0.29534029960632324
0.31054142117500305
0.30719494819641113
0.30803602933883667
0.3139062821865082
0.297407865524292
0.29522305727005005
0.2947448194026947
0.2937103807926178
0.2992643117904663
0.29609572887420654
0.30208373069763184
0.2973710894584656
0.29794299602508545
0.3010444939136505
0.29536086320877075
0.29416424036026
0.2951611280441284
0.2929638922214508
0.30431488156318665
0.3298620879650116
0.31151270866394043
0.30730363726615906
0.30326443910598755
0.33949050307273865
0.325700044631958
0.3067965507507324
0.30384528636932373
0.29986611008644104
0.3003397285938263
0.32156771421432495
0.30133339762687683
0.3034662902355194
0.30695652961730957
0.3020450174808502
0.2968622148036957
0.29785528779029846
0.2958090603351593
0.29700663685798645
0.29607313871383667
0.2962884306907654
0.29459068179130554
0.29695332050323486
0.29579973220825195
0.29564592242240906
0.2956700623035431
0.2969083786010742
0.29727670550346375
0.30050840973854065
0.29561126232147217
0.3078044652938843
0.3091677725315094
0.3038704991340637
0.3007022440433502
0.29492872953414917
0.2974042594432831
0.2932127118110657
0.29629120230674744
0.29316726326942444
0.29646924138069153
0.2933884263038635
0.29209187626838684
0.29665079712867737
0.293893963098526
0.29486703872680664
0.2929980158805847
0.293083131313324
0.29489174485206604
0.2945132553577423
0.29197192192077637
0.29327088594436646
0.29243573546409607
0.3021365702152252
0.3029816150665283
0.3008207380771637
0.3005731999874115
0.3029755651950836
0.3010895848274231
0.29495444893836975
0.2926860451698303
0.2923125624656677
0.29607993364334106
0.29851165413856506
0.29406508803367615
0.2949778139591217
0.2931406497955322
0.2919880151748657
0.2922205328941345
0.29304447770118713
0.2968636155128479
0.2971780300140381
0.2924438714981079
0.2917442321777344
0.29192405939102173
0.2916196286678314
0.2913466691970825
0.2916286587715149
0.29223936796188354
0.30658939480781555
0.3098420202732086
0.2997218072414398
0.29512616991996765
0.2920758128166199
0.29390382766723633
0.2963317930698395
0.29476335644721985
0.3038387894630432
0.2957468330860138
0.29714643955230713
0.29502376914024353
0.29186558723449707
0.2915092706680298
0.29368191957473755
0.2942538261413574
0.2935516834259033
0.29164788126945496
0.30092477798461914
0.3097025454044342
0.3008060157299042
0.29426759481430054
0.29272228479385376
0.2924136221408844
0.3357403874397278
0.33400097489356995
0.311673104763031
0.31332695484161377
0.3087136447429657
0.3028498888015747
0.30541545152664185
0.31156036257743835
0.30945029854774475
0.3004424273967743
0.29967552423477173
0.2994880676269531
0.29595425724983215
0.2970882058143616
0.2983253598213196
0.2970584034919739
0.29531359672546387
0.29499053955078125
0.29397693276405334
0.29438433051109314
0.29550838470458984
0.2952645421028137
0.29358336329460144
0.2958658039569855
0.29513323307037354
0.2945571839809418
0.29240483045578003
0.29285097122192383
0.2923924922943115
0.29429036378860474
0.2916847765445709
0.29776817560195923
0.29873403906822205
0.2948682904243469
0.29371050000190735
0.2941395044326782
0.2937062680721283
0.29303207993507385
0.29340365529060364
0.29730191826820374
0.2932094931602478
0.29499295353889465
0.29381638765335083
0.29444611072540283
0.2957552373409271
0.2962203621864319
0.2926897406578064
0.2942678928375244
0.29192253947257996
0.29325932264328003
0.2939954996109009
0.29374295473098755
0.29386797547340393
0.2954162657260895
0.29191267490386963
0.29273396730422974
0.29281386733055115
0.29213982820510864
0.29164832830429077
0.2941940426826477
0.297648549079895
0.295421838760376
0.2915336489677429
0.2914927899837494
0.3002859055995941
0.29504865407943726
0.29277679324150085
0.2923243045806885
0.2938847243785858
0.29450511932373047
0.2941338121891022
0.2927602231502533
0.29284119606018066
0.2926117479801178
0.2924916744232178
0.29409974813461304
0.2919977009296417
0.29106250405311584
0.29123905301094055
0.2903219759464264
0.29122841358184814
0.2907773554325104
0.2904447317123413
0.29065629839897156
0.2926821708679199
0.2918117940425873
0.2904616892337799
0.29035356640815735
0.29097723960876465
0.29159510135650635
0.2901786267757416
0.2936335504055023
0.298983633518219
0.2997075915336609
0.2945115864276886
0.29195737838745117
0.29243239760398865
0.2921489179134369
0.2905735969543457
0.2908731997013092
0.2906098961830139
0.29139891266822815
0.29164478182792664
0.2905920743942261
0.2904972434043884
0.2909746468067169
0.2912607192993164
0.2910707890987396
0.29101040959358215
0.29464593529701233
0.29481032490730286
0.29120558500289917
0.29086026549339294
0.2905241549015045
0.29053300619125366
0.29005101323127747
0.2918998897075653
0.2919022738933563
0.2925805151462555
0.29086369276046753
0.2914107143878937
0.2907319962978363
0.29090771079063416
0.2921862304210663
0.2920159697532654
0.29208144545555115
0.2918795645236969
0.2916513979434967
0.2909645736217499
0.2902115285396576
0.29057183861732483
0.2920213043689728
0.2929006516933441
0.2901577651500702
0.28977689146995544
0.2944614589214325
0.29228898882865906
0.2906568646430969
0.29065293073654175
0.30415984988212585
0.2973228394985199
0.2900397777557373
0.28993284702301025
0.28960296511650085
0.2906917929649353
0.2947743535041809
0.2926928699016571
0.2898932695388794
0.2907574474811554
0.2904246747493744
0.29008781909942627
0.29081258177757263
0.2900002598762512
