5.010315418243408
4.053989887237549
3.2440593242645264
2.5626413822174072
1.998522400856018
1.5109202861785889
0.7785211205482483
0.6891651749610901
0.6866922974586487
0.6839300394058228
0.6830248236656189
0.6828294396400452
0.6824827790260315
0.6825162172317505
0.6825119256973267
0.6825371980667114
0.6824945211410522
0.6825281381607056
0.6824605464935303
0.6824617385864258
0.6824188828468323
0.6823838949203491
0.6824286580085754
0.6823907494544983
0.6823847889900208
0.6823410987854004
0.6823285818099976
0.6823167204856873
0.6823685765266418
0.6824228167533875
0.6823334693908691
0.6822929382324219
0.6822684407234192
0.6821902990341187
0.6821263432502747
0.6821670532226562
0.6821523904800415
0.6820418834686279
0.6820232272148132
0.6820656657218933
0.6820647120475769
0.6820096373558044
0.6818760633468628
0.6818878054618835
0.6820119023323059
0.6818817853927612
0.6818720698356628
0.6817127466201782
0.6816632151603699
0.6816063523292542
0.6817905902862549
0.6816245913505554
0.6817874908447266
0.6817610263824463
0.6817302107810974
0.6816824078559875
0.6816686391830444
0.6815006136894226
0.6814959049224854
0.681455135345459
0.6815811395645142
0.6815482378005981
0.6814386248588562
0.6813052892684937
0.6812490820884705
0.6812825202941895
0.6812474131584167
0.6811144351959229
0.6810343861579895
0.6810935139656067
0.6810329556465149
0.681002676486969
0.6809841394424438
0.6810219883918762
0.6810489892959595
0.6809842586517334
0.6808851957321167
0.6808070540428162
0.6808160543441772
0.6807011961936951
0.6806589961051941
0.680612325668335
0.6806111931800842
0.6804654598236084
0.6805334687232971
0.6804968118667603
0.6804818511009216
0.680496335029602
0.6804765462875366
0.6805156469345093
0.6804320216178894
0.6802918910980225
0.6802364587783813
0.6802571415901184
0.6801555156707764
0.6801950931549072
0.6801198124885559
0.6800583600997925
0.6801271438598633
0.6802334189414978
0.6800373196601868
0.6800097227096558
0.6799709796905518
0.6799837946891785
0.6798232197761536
0.6796739101409912
0.6798333525657654
0.679602861404419
0.679618775844574
0.6796609163284302
0.6796680092811584
0.6795544624328613
0.6795080304145813
0.6794490814208984
0.6794144511222839
0.679365873336792
0.6793442368507385
0.6793293356895447
0.6792479753494263
0.6792413592338562
0.6792250275611877
0.6792763471603394
0.6791614294052124
0.6792225241661072
0.6791858673095703
0.6790928840637207
0.6790643334388733
0.6790632009506226
0.6791026592254639
0.6791788339614868
0.6791683435440063
0.6791101098060608
0.6789984703063965
0.6790799498558044
0.6788246631622314
0.6788699626922607
0.678870677947998
0.6788079738616943
0.6787936091423035
0.6787762641906738
0.6787588596343994
0.6787073612213135
0.6786063313484192
0.6786097884178162
0.6785809993743896
0.6785423159599304
0.6785383820533752
0.6785023212432861
0.6785608530044556
0.6785433888435364
0.6785309910774231
0.6785051822662354
0.678476870059967
0.6784396171569824
0.678364098072052
0.6783453822135925
0.6783413290977478
0.6782876253128052
0.678192675113678
0.6781348586082458
0.6780706644058228
0.6780586242675781
0.6779624223709106
0.6779261231422424
0.6779800057411194
0.677894115447998
0.6778919696807861
0.6778460741043091
0.6778652667999268
0.6778489947319031
0.6777756214141846
0.6776828169822693
0.6775665879249573
0.6775763630867004
0.6775060296058655
0.6774800419807434
0.6775386929512024
0.677653968334198
0.6777184009552002
0.6777099370956421
0.6778272390365601
0.6777170896530151
0.6776309013366699
0.6776311993598938
0.6773163676261902
0.6771671175956726
0.6771776080131531
0.6771719455718994
0.6772500872612
0.6771987080574036
0.6771039366722107
0.6770198941230774
0.6769746541976929
0.6770089864730835
0.6769738793373108
0.6769030690193176
0.676882266998291
0.6767813563346863
0.6767542362213135
0.6768575310707092
0.6766359806060791
0.6766726970672607
0.6765695810317993
0.6765691637992859
0.6764843463897705
0.6764397621154785
0.6763883829116821
0.6763407588005066
0.6762799620628357
0.6762313842773438
0.6762452721595764
0.6762182712554932
0.6761143207550049
0.6759741306304932
0.6760819554328918
0.6759681701660156
0.675873875617981
0.6759596467018127
0.6757274270057678
0.6757922768592834
0.6758219599723816
0.6757215857505798
0.6756661534309387
0.6755938529968262
0.6755677461624146
0.6755268573760986
0.675510048866272
0.6755027174949646
0.6751742362976074
0.6751963496208191
0.6751775741577148
0.6753841042518616
0.6751103401184082
0.675045907497406
0.6750273704528809
0.674877941608429
0.6748836636543274
0.6748732328414917
0.6748149394989014
0.6749638319015503
0.6749609112739563
0.6747643947601318
0.6745813488960266
0.6746622920036316
0.6746388077735901
0.6748335361480713
0.6750938892364502
0.6754388213157654
0.6751049757003784
0.6744162440299988
0.6738107204437256
0.6742639541625977
0.6740869283676147
0.6730852127075195
0.6728352904319763
0.6730314493179321
0.6732134222984314
0.6724002361297607
0.6721986532211304
0.6714414358139038
0.6710826754570007
0.670444667339325
0.6713932156562805
0.6700760722160339
0.669806957244873
0.669291079044342
0.6691285371780396
0.6689494252204895
0.668126106262207
0.6684437394142151
0.6685088872909546
0.6677150130271912
0.6676153540611267
0.6666984558105469
0.6663188338279724
0.665888249874115
0.6661610007286072
0.6649832129478455
0.6649110317230225
0.6653878092765808
0.6654537916183472
0.6635226011276245
0.6626074910163879
0.6618403196334839
0.661261796951294
0.6605954170227051
0.6610196828842163
0.6595834493637085
0.6587207317352295
0.6581189036369324
0.6587257981300354
0.6586318612098694
0.6562203168869019
0.6553083062171936
0.6545392870903015
0.6557250022888184
0.6555308103561401
0.6526554822921753
0.6520966291427612
0.6510654091835022
0.6502012014389038
0.6494027972221375
0.6488857865333557
0.6496005654335022
0.6470265984535217
0.6464435458183289
0.645682156085968
0.6436724066734314
0.6433175802230835
0.6430536508560181
0.6407074928283691
0.6346560120582581
0.6518339514732361
0.6314930319786072
0.640982985496521
0.6436144709587097
0.6387210488319397
0.6313713192939758
0.6257930397987366
0.6229057908058167
0.6212977170944214
0.620191216468811
0.6185240149497986
0.6176323294639587
0.6149618625640869
0.6112739443778992
0.5960634350776672
0.5996860265731812
0.5896463394165039
0.6000221967697144
0.6021825075149536
0.6023613810539246
0.6005885601043701
0.5943586230278015
0.5461417436599731
0.5388801693916321
0.5597469806671143
0.5916544795036316
0.5628135800361633
0.5322847962379456
0.512295126914978
0.5859572291374207
0.6246611475944519
0.6200977563858032
0.6094695329666138
0.5952993035316467
0.5449453592300415
0.5149058699607849
0.516250491142273
0.5046169757843018
0.49646979570388794
0.49223390221595764
0.48900681734085083
0.48662269115448
0.4870510995388031
0.4845258295536041
0.49602431058883667
0.4791852533817291
0.4797641932964325
0.4633365869522095
0.4607961177825928
0.45670801401138306
0.5060023665428162
0.4608456492424011
0.4502207040786743
0.45104965567588806
0.44573989510536194
0.44103261828422546
0.4361778497695923
0.4325207471847534
0.42876869440078735
0.4374965727329254
0.49754205346107483
0.5286733508110046
0.4516795575618744
0.4317517578601837
0.43062081933021545
0.41243070363998413
0.4127601683139801
0.4139108955860138
0.40952351689338684
0.4042777121067047
0.40474554896354675
0.4036525785923004
0.40147989988327026
0.43394461274147034
0.4157620370388031
0.3996177613735199
0.40101301670074463
0.39897650480270386
0.5220341682434082
0.4218105971813202
0.4049203097820282
0.3999825716018677
0.41226068139076233
0.40329697728157043
0.39836835861206055
0.3988833725452423
0.4003276824951172
0.3963943123817444
0.3962136507034302
0.4117211699485779
0.394010066986084
0.391011506319046
0.41492459177970886
0.40082281827926636
0.3968254625797272
0.40580621361732483
0.41273489594459534
0.38952845335006714
0.3932564854621887
0.39003899693489075
0.40255409479141235
0.4264461100101471
0.398725301027298
0.3940889239311218
0.3988019526004791
0.3905734121799469
0.3933863639831543
0.38727840781211853
0.39220649003982544
0.3920927047729492
0.3861849308013916
0.3958190977573395
0.3859216868877411
0.39297306537628174
0.3861682415008545
0.389374315738678
0.397859126329422
0.3944966793060303
0.3969856798648834
0.3991866409778595
0.386823445558548
0.39338356256484985
0.3908189833164215
0.3844943940639496
0.3823651373386383
0.3851843774318695
0.3947572708129883
0.3860018849372864
0.3843108117580414
0.3820458948612213
0.3807693123817444
0.38125675916671753
0.38100162148475647
0.3817739188671112
0.39703303575515747
0.3855510950088501
0.38662418723106384
0.3809722363948822
0.3815244734287262
0.4016888439655304
0.4009677469730377
0.38768067955970764
0.3976971507072449
0.38322916626930237
0.37956610321998596
0.4149776101112366
0.4541265070438385
0.38586992025375366
0.3818226754665375
0.38290998339653015
0.39734551310539246
0.3993809223175049
0.3781778812408447
0.3851810693740845
0.3800443410873413
0.3808908760547638
0.38382551074028015
0.3815256357192993
0.37643006443977356
0.37720730900764465
0.3791862428188324
0.39858052134513855
0.3815747797489166
0.3778621256351471
0.38498565554618835
0.4110633134841919
0.3813839852809906
0.377490371465683
0.37735727429389954
0.4096720218658447
0.3862130343914032
0.378549724817276
0.37929069995880127
0.3827994167804718
0.3760974109172821
0.37434983253479004
0.377282053232193
0.3791007101535797
0.3812323212623596
0.38164156675338745
0.3784227967262268
0.3764822483062744
0.3777344226837158
0.3846709430217743
0.3750818371772766
0.3742213249206543
0.3759746253490448
0.37475281953811646
0.3732605576515198
0.37621647119522095
0.39395347237586975
0.37248191237449646
0.374845415353775
0.3820694088935852
0.37554842233657837
0.37312063574790955
0.37180447578430176
0.37203171849250793
0.3714542090892792
0.3892335295677185
0.37228649854660034
0.3811100423336029
0.3831057548522949
0.3848923146724701
0.37600937485694885
0.3825855255126953
0.3727630078792572
0.385051965713501
0.3762292265892029
0.36799156665802
0.37112554907798767
0.37463241815567017
0.36897632479667664
0.37012213468551636
0.3705665171146393
0.3688575029373169
0.37128162384033203
0.39963048696517944
0.3708080053329468
0.3714790642261505
0.38668665289878845
0.37421050667762756
0.37129926681518555
0.3944549560546875
0.4431959390640259
0.38770791888237
0.3829927444458008
0.36991626024246216
0.36864349246025085
0.3755267560482025
0.3712063133716583
0.36867064237594604
0.37360963225364685
0.3680185377597809
0.3689878582954407
0.3735635280609131
0.3670015037059784
0.36832648515701294
0.37074509263038635
0.367217481136322
0.36785024404525757
0.3663794696331024
0.3813447952270508
0.39196890592575073
0.376491904258728
0.3703724145889282
0.36858588457107544
0.36856234073638916
0.36768463253974915
0.366502046585083
0.36685773730278015
0.3657255172729492
0.3921894431114197
0.4009369909763336
0.36574408411979675
0.3768036365509033
0.36755305528640747
0.36737361550331116
0.36581677198410034
0.36984241008758545
0.36717233061790466
0.36644822359085083
0.36485719680786133
0.3748108446598053
0.36923325061798096
0.37319788336753845
0.3656028211116791
0.3769035339355469
0.3713572025299072
0.3659117519855499
0.37184613943099976
0.4463905096054077
0.3762734532356262
0.385684996843338
0.3676426410675049
0.3683133125305176
0.36424708366394043
0.36353689432144165
0.38220810890197754
0.36732587218284607
0.3714876174926758
0.36790019273757935
0.3673131465911865
0.36666250228881836
0.36773452162742615
0.37953251600265503
0.37002870440483093
0.3676755428314209
0.3654223084449768
0.36497077345848083
0.3655029833316803
0.3630157709121704
0.3700668513774872
0.3656354546546936
0.3610287606716156
0.3779394030570984
0.3661935031414032
0.3625950217247009
0.36177483201026917
0.3624907433986664
0.37593555450439453
0.3733741044998169
0.3639141917228699
0.3645446300506592
0.3616946339607239
0.36237961053848267
0.3635440468788147
0.3611862063407898
0.3604113459587097
0.3626644015312195
0.36578160524368286
0.3610461354255676
0.3710553050041199
0.36432331800460815
0.36390233039855957
0.36938953399658203
0.36240899562835693
0.36265429854393005
0.374696284532547
0.36779674887657166
0.3672294318675995
0.4147398769855499
0.36711087822914124
0.36334869265556335
0.36259981989860535
0.362138569355011
0.3616679906845093
0.3618689477443695
0.36136671900749207
0.36346450448036194
0.36073926091194153
0.3635684847831726
0.36261051893234253
0.3739069998264313
0.3643386960029602
0.36393246054649353
0.36129671335220337
0.3628939688205719
0.36165159940719604
0.36392828822135925
0.3599424362182617
0.3627638816833496
0.3601526618003845
0.36126869916915894
0.3627791702747345
0.3589203953742981
0.36004114151000977
0.3593924641609192
0.36498576402664185
0.38477450609207153
0.3655908405780792
0.36390504240989685
0.3870288133621216
0.383610337972641
0.3671601414680481
0.36601555347442627
0.3673328757286072
0.363312691450119
0.35862109065055847
0.366193026304245
0.39120304584503174
0.3769008219242096
0.3597068786621094
0.3641168177127838
0.35874781012535095
0.360088586807251
0.3591151833534241
0.36154142022132874
0.35964536666870117
0.3958646059036255
0.3601929545402527
0.36149531602859497
0.3636285066604614
0.3690996468067169
0.3578323721885681
0.3676307201385498
0.3621184825897217
0.35874655842781067
0.3596627414226532
0.3605089485645294
0.35828858613967896
0.35749977827072144
0.3604452610015869
0.35947108268737793
0.38724207878112793
0.3730478286743164
0.36132603883743286
0.36596184968948364
0.3588997423648834
0.36102738976478577
0.374185174703598
0.4605169892311096
0.36225733160972595
0.38524749875068665
0.39359793066978455
0.36863261461257935
0.36066025495529175
0.359958291053772
0.3587106168270111
0.37783291935920715
0.359911173582077
0.3581826686859131
0.37266460061073303
0.36382415890693665
0.3610360324382782
0.35815876722335815
0.35908785462379456
0.373077929019928
0.35929781198501587
0.3810329735279083
0.3667827546596527
0.3614346385002136
0.37848880887031555
0.3606683611869812
0.3604063093662262
0.37741023302078247
0.3597012460231781
0.37394189834594727
0.3591131567955017
0.3598186671733856
0.35956108570098877
0.37492454051971436
0.36217451095581055
0.35810932517051697
0.3586830496788025
0.36543330550193787
0.3851017355918884
0.3818381726741791
0.36044764518737793
0.35774412751197815
0.3558146357536316
0.3572540581226349
0.358528196811676
0.35827526450157166
0.36080020666122437
0.35823854804039
0.35479310154914856
0.36664921045303345
0.35367295145988464
0.3567286431789398
0.364149808883667
0.35721853375434875
0.37682923674583435
0.357095330953598
0.36245086789131165
0.3568750023841858
0.3566776216030121
0.3551671504974365
0.35506996512413025
0.3571509122848511
0.3599264919757843
0.35726192593574524
0.3569086492061615
0.3613866865634918
0.37365269660949707
0.35830605030059814
0.3594842255115509
0.3607155382633209
0.35921695828437805
0.3543475568294525
0.3542955815792084
0.35544508695602417
0.3582115173339844
0.35789060592651367
0.35782137513160706
0.35764238238334656
0.3532473146915436
0.35724112391471863
0.3621082007884979
0.35570773482322693
0.3536621630191803
0.3619343936443329
0.35507652163505554
0.3551424741744995
0.3534494936466217
0.35500577092170715
0.35712116956710815
0.3663959205150604
0.3526974618434906
0.3570452928543091
0.3547806441783905
0.3538908362388611
0.35615038871765137
0.3534475266933441
0.36006662249565125
0.3536522388458252
0.3538624048233032
0.3617692291736603
0.3609800338745117
0.37535566091537476
0.5275418758392334
0.40183910727500916
0.37449222803115845
0.3582775294780731
0.35757508873939514
0.35701674222946167
0.3576349914073944
0.3554627001285553
0.3568496108055115
0.3543741703033447
0.3670578598976135
0.3655550479888916
0.35354167222976685
0.3570875823497772
0.36266592144966125
0.355149507522583
0.3549022376537323
0.35441187024116516
0.35625943541526794
0.3542160093784332
0.3534993827342987
0.3642866909503937
0.3573249876499176
0.36999914050102234
0.3521174192428589
0.3535628914833069
0.35622262954711914
0.3549138903617859
0.35594210028648376
0.3616105020046234
0.3570597767829895
0.35306090116500854
0.3667316734790802
0.3584924042224884
0.3539084196090698
0.35903048515319824
0.36899182200431824
0.39944663643836975
0.3720317780971527
0.35861676931381226
0.35839909315109253
0.3589719533920288
0.35309427976608276
0.3525644838809967
0.3524983525276184
0.3599042296409607
0.3516882658004761
0.3515286445617676
0.35232412815093994
0.35160815715789795
0.3529784679412842
0.3533678948879242
0.3530399799346924
0.3507780134677887
0.36316460371017456
0.35187822580337524
0.3551522493362427
0.3617401719093323
0.36778125166893005
0.35273271799087524
0.3648734390735626
0.3562659025192261
0.355020672082901
0.3572356700897217
0.3532696068286896
0.36377668380737305
0.3514971137046814
0.3514677882194519
0.35730305314064026
0.3694820702075958
0.3565242886543274
0.363119900226593
0.35618239641189575
0.3632966876029968
0.35588833689689636
0.352448433637619
0.35088685154914856
0.35263532400131226
0.3514523506164551
0.3529807925224304
0.3709818422794342
0.3753759562969208
0.3778277635574341
0.3647579252719879
0.38202568888664246
0.36766350269317627
0.3547542095184326
0.35231733322143555
0.3685847520828247
0.3516243100166321
0.36148905754089355
0.3572356402873993
0.35326215624809265
0.3557993471622467
0.3527592122554779
0.3643251955509186
0.35391032695770264
0.36094149947166443
0.35153108835220337
0.35292792320251465
0.3537784814834595
0.35025420784950256
0.35012829303741455
0.3540005683898926
0.3524891138076782
0.35159412026405334
0.35033857822418213
0.36112165451049805
0.3643077313899994
0.35328400135040283
0.3532044589519501
0.3534831404685974
0.35007649660110474
0.34970709681510925
0.3505426347255707
0.35240522027015686
0.3527056872844696
0.36545178294181824
0.35111644864082336
0.35190528631210327
0.35204851627349854
0.3759719133377075
0.3596337139606476
0.3521808981895447
0.35086143016815186
0.35402148962020874
0.3502873182296753
0.3523944914340973
0.35397088527679443
0.35071420669555664
0.35395240783691406
0.3660629093647003
0.35259565711021423
0.35503754019737244
0.3504161536693573
0.3504366874694824
0.3506630063056946
0.35455331206321716
0.3491532802581787
0.3534852862358093
0.34995564818382263
0.3511156439781189
0.35109686851501465
0.3528715968132019
0.35175246000289917
0.3604351878166199
0.3491075038909912
0.35019156336784363
0.34947070479393005
0.3499177098274231
0.3511848449707031
0.35808509588241577
0.35079097747802734
0.35067927837371826
0.3489275574684143
0.35069307684898376
0.3501684069633484
0.3522685766220093
0.3491629660129547
0.3588559627532959
0.3499223291873932
0.35510340332984924
0.352407306432724
0.35710301995277405
0.35127919912338257
0.349330872297287
0.3721056580543518
0.38718828558921814
0.36193516850471497
0.3557678759098053
0.35309720039367676
0.36061033606529236
0.3590947687625885
0.35558265447616577
0.3515387773513794
0.3498958647251129
0.3516119420528412
0.3493975102901459
0.34939196705818176
0.3491904139518738
0.34937819838523865
0.35564112663269043
0.3511299192905426
0.35848352313041687
0.3503250479698181
0.3565942943096161
0.3524423837661743
0.3500404357910156
0.3627677261829376
0.3561879098415375
0.3492123484611511
0.35173821449279785
0.3490965962409973
0.3496907651424408
0.34975823760032654
0.3490719795227051
0.35181427001953125
0.349178671836853
0.3689379394054413
0.3634040653705597
0.34981614351272583
0.35235193371772766
0.3544636070728302
0.3642031252384186
0.3550868630409241
0.35439741611480713
0.3499301075935364
0.35523781180381775
0.3494070768356323
0.35149699449539185
0.35114786028862
0.3536902964115143
0.3538731336593628
0.35027003288269043
0.3519120216369629
0.34893545508384705
0.3614356517791748
0.3534773886203766
0.3531109392642975
0.3474041819572449
0.3484276533126831
0.3648407459259033
0.36351510882377625
0.3613519072532654
0.3598973751068115
0.3523537814617157
0.3531503677368164
0.35135617852211
0.34995537996292114
0.34907087683677673
0.3553841710090637
0.3509291410446167
0.3598212003707886
0.34841275215148926
0.3641127645969391
0.35866403579711914
0.3500642478466034
0.35978588461875916
0.34693628549575806
0.3505651354789734
0.34898558259010315
0.3550347089767456
0.3516899049282074
0.34816575050354004
0.347943514585495
0.3479031026363373
0.34850215911865234
0.3539353907108307
0.34879979491233826
0.34757518768310547
0.34744492173194885
0.35274651646614075
0.3534030318260193
0.35124701261520386
0.3684684932231903
0.353944331407547
0.3570328652858734
0.3454228937625885
0.34694069623947144
0.35079866647720337
0.348934531211853
0.34919407963752747
0.3501022756099701
0.3473721742630005
0.35045504570007324
0.3475349545478821
0.3476547300815582
0.3499869704246521
0.3585502803325653
0.35193756222724915
0.34566572308540344
0.3494121730327606
0.351279079914093
0.36211296916007996
0.3622044324874878
0.3531932532787323
0.35272908210754395
0.34967291355133057
0.34719759225845337
0.34739845991134644
0.3509584367275238
0.34832608699798584
0.3494735062122345
0.34708645939826965
0.34757766127586365
0.3474414050579071
0.34799841046333313
0.36784183979034424
0.35906893014907837
0.35231924057006836
0.3461979627609253
0.3507328927516937
0.35084372758865356
0.3491537570953369
0.34742072224617004
0.3487221896648407
0.35743120312690735
0.3511282801628113
0.34888142347335815
0.35049980878829956
0.35589921474456787
0.35077521204948425
0.4203067719936371
0.36686983704566956
0.3516673743724823
0.35091254115104675
0.34986168146133423
0.3476787209510803
0.3478182554244995
0.3476836383342743
0.3720978796482086
0.3501792550086975
0.3503871560096741
0.3489384651184082
0.3523902893066406
0.3476008474826813
0.3474001884460449
0.3480468988418579
0.34808555245399475
0.34656670689582825
0.3490637540817261
0.3468446433544159
0.34910517930984497
0.3491879999637604
0.35028940439224243
0.3521413207054138
0.3484399616718292
0.3471813499927521
0.349915474653244
0.3573136031627655
0.3489488959312439
0.3509529232978821
0.348837673664093
0.34892478585243225
0.3470264673233032
0.3504771888256073
0.34936922788619995
0.3470149338245392
0.35212084650993347
0.3543657660484314
0.3473691940307617
0.3514596223831177
0.346708744764328
0.3480616509914398
0.34750062227249146
0.3543071448802948
0.3549783527851105
0.34817975759506226
0.3482448160648346
0.34798914194107056
0.34666258096694946
0.3710583448410034
0.3549673855304718
0.3555258512496948
0.3494831919670105
0.34670111536979675
0.3464062809944153
0.3471130132675171
0.3466540277004242
0.34807080030441284
0.34630218148231506
0.34879955649375916
0.3474249541759491
0.35463687777519226
0.3472881019115448
0.34672775864601135
0.34686771035194397
0.3583197593688965
0.3626789450645447
0.3583211898803711
0.34890860319137573
0.3474304676055908
0.3473464548587799
0.3472559452056885
0.35825052857398987
0.3558456599712372
0.3495555818080902
0.34735098481178284
0.3518050014972687
0.34783896803855896
0.35579735040664673
0.34822791814804077
0.3521455228328705
0.3522617518901825
0.34637773036956787
0.3462628424167633
0.3466714918613434
0.3504110276699066
0.3491058945655823
0.35611289739608765
0.3503867983818054
0.36315128207206726
0.3476686477661133
0.34701216220855713
0.3461843729019165
0.34704142808914185
0.34776079654693604
0.34611889719963074
0.3471810519695282
0.3462132513523102
0.34978368878364563
0.3488520681858063
0.34634533524513245
0.34940120577812195
0.3473122715950012
0.3468567728996277
0.34769830107688904
0.3492715358734131
0.34917303919792175
0.3466610014438629
0.3483724892139435
0.3477199375629425
0.3481082320213318
0.34801891446113586
0.34590327739715576
0.3466387689113617
0.3469837009906769
0.3456709086894989
0.34554848074913025
0.34722015261650085
0.3466993272304535
0.34622716903686523
0.3462947607040405
0.34757545590400696
0.3463118076324463
0.3459659218788147
0.3464365303516388
0.3461778461933136
0.34600400924682617
0.3470057249069214
0.3470376133918762
0.3456771969795227
0.3491725027561188
0.34888124465942383
0.3457883298397064
0.34766480326652527
0.3502305746078491
0.3463404178619385
0.34595534205436707
0.34583231806755066
0.346393883228302
0.34846800565719604
0.3494897186756134
0.34735116362571716
0.3460712730884552
0.34626394510269165
0.3460480570793152
0.34597325325012207
0.3459174633026123
0.345889687538147
0.3471301198005676
0.3461732864379883
0.34746626019477844
0.34703975915908813
0.3461592197418213
0.3463625907897949
0.34592029452323914
0.34663018584251404
0.3474401533603668
0.34851041436195374
0.3446933627128601
0.34692105650901794
0.3500261902809143
0.3490457832813263
0.3494260907173157
0.3484324514865875
0.3461955189704895
0.348191499710083
0.3495016396045685
0.34584492444992065
0.3511279821395874
0.347708135843277
0.3539901673793793
0.34881529211997986
0.34784868359565735
0.3474141061306
0.3460776209831238
0.3462243378162384
0.34627872705459595
0.3465884327888489
0.3493257164955139
0.34852489829063416
0.3468821048736572
0.3479224443435669
0.3458790183067322
0.34721246361732483
0.34693101048469543
0.34592267870903015
0.3495437800884247
0.35002070665359497
0.34763914346694946
0.34765374660491943
0.3469676673412323
0.3499721884727478
0.3496587574481964
0.34780943393707275
0.3458457887172699
0.34607067704200745
0.3501952886581421
0.3502825200557709
0.34539875388145447
0.34658077359199524
0.3464580476284027
0.346025675535202
0.34617212414741516
0.3459305167198181
0.34937524795532227
0.3500767946243286
0.3460333049297333
0.34719812870025635
0.34572431445121765
0.346070796251297
0.3468050956726074
0.34688737988471985
0.3457765281200409
0.34619757533073425
0.34589484333992004
0.3458470106124878
0.34573429822921753
0.3459210991859436
0.34581103920936584
0.34598323702812195
0.3457506000995636
0.3474096357822418
0.34822961688041687
0.3507648706436157
0.3479059934616089
0.3458360433578491
0.34581688046455383
0.3462541401386261
0.347464382648468
0.3463590443134308
0.34582090377807617
0.34652945399284363
0.3471042215824127
0.3463882803916931
0.34610503911972046
0.34598463773727417
0.3458593487739563
0.3461952209472656
0.34657421708106995
0.34566831588745117
0.3477741479873657
0.34660595655441284
0.34513190388679504
0.35124146938323975
0.3501059412956238
0.34688955545425415
0.3458205759525299
0.34555038809776306
0.3462267220020294
0.3454737067222595
0.34657058119773865
0.3456178307533264
0.34577232599258423
0.3456818163394928
0.3462366461753845
0.34606143832206726
0.34665125608444214
0.3464501202106476
0.34576037526130676
0.34568965435028076
0.34589430689811707
0.34516409039497375
0.3462141156196594
0.3459358513355255
0.34564122557640076
0.3459128141403198
0.3473626375198364
0.3458123505115509
0.34692397713661194
0.3478754460811615
0.34692931175231934
0.3461648225784302
0.34580346941947937
0.34576934576034546
0.34584924578666687
0.3457680940628052
0.34604743123054504
0.34675782918930054
0.3464924693107605
0.34666648507118225
0.3467063903808594
0.3465753197669983
0.3475629687309265
0.3467947244644165
0.3475804626941681
0.34608685970306396
0.3459421694278717
0.34627223014831543
0.34624651074409485
0.3449494540691376
0.34607580304145813
0.346177339553833
0.34574025869369507
0.3468639552593231
0.34633690118789673
0.34673941135406494
0.3463844358921051
0.3459242880344391
0.3458493649959564
0.34590744972229004
0.3461613357067108
0.34580355882644653
0.34572380781173706
0.3464408814907074
0.3462323248386383
0.34450721740722656
0.34838297963142395
0.34809204936027527
0.3484657108783722
0.34903019666671753
0.3481840193271637
0.3464422821998596
0.34598925709724426
0.3456944525241852
0.3456760346889496
0.34555795788764954
0.34560391306877136
0.34618625044822693
0.3461475670337677
0.3460537791252136
0.3456723093986511
0.3457668721675873
0.3456249535083771
0.3461673855781555
0.3465629518032074
0.34633341431617737
0.3458832800388336
0.34575706720352173
0.345594197511673
0.3457317054271698
0.34573909640312195
0.34569457173347473
0.34577134251594543
0.3468194603919983
0.34709632396698
0.3466545641422272
0.3457963764667511
0.34564101696014404
0.34563329815864563
0.3455890715122223
0.34554988145828247
0.3453986942768097
0.3460456132888794
0.3461415767669678
0.3460298776626587
0.34592142701148987
0.34572815895080566
0.3457004129886627
0.3456110656261444
0.3455725908279419
0.34577643871307373
0.34577831625938416
0.34664738178253174
0.3473934531211853
0.34697747230529785
0.3464898467063904
0.34615951776504517
0.3466280698776245
0.3476196825504303
0.34734490513801575
0.3463512063026428
0.34592628479003906
0.34553268551826477
0.34558114409446716
0.34557875990867615
0.34556958079338074
0.34551185369491577
0.3456886112689972
0.3460615277290344
0.3460826575756073
0.3463905453681946
0.34647664427757263
0.3459571897983551
0.3466259241104126
0.3466140031814575
0.34614503383636475
0.34576311707496643
0.3457661271095276
0.34512272477149963
0.3459356129169464
0.3465892970561981
0.3472680151462555
0.3467625677585602
0.34690946340560913
0.346642404794693
0.34620705246925354
0.3460901379585266
0.3461369276046753
0.34583568572998047
0.3464142382144928
0.3468504548072815
0.3467177748680115
0.34618571400642395
0.3457546532154083
0.3457299470901489
0.34554022550582886
0.34551844000816345
0.345568984746933
0.3455924689769745
0.3457622528076172
0.3460288941860199
0.3455318808555603
0.3456849157810211
0.3460872769355774
0.347095251083374
0.3467693030834198
0.3465966582298279
0.3460680842399597
0.345902681350708
0.3456592857837677
0.3455767035484314
0.34583011269569397
