26.647470474243164
4.390133857727051
1.612815260887146
0.7797079086303711
0.6546268463134766
0.7186079025268555
0.7985852360725403
0.7378168702125549
0.9879729151725769
0.6692960858345032
0.6071037650108337
0.8201202750205994
0.7334654331207275
0.7504550814628601
0.9360536932945251
0.8871084451675415
0.6437685489654541
0.6840810775756836
0.5960608720779419
0.5849353671073914
0.6573485136032104
0.6948663592338562
0.4895271062850952
0.5521731972694397
0.8517181277275085
0.5114988684654236
0.5840121507644653
0.5280276536941528
0.5458133220672607
0.5281568765640259
0.6232961416244507
0.6911618113517761
0.5819173455238342
0.6088868975639343
0.5606802701950073
0.7172555327415466
0.48037639260292053
0.5366775989532471
0.4300287067890167
0.438448041677475
0.4901672601699829
0.4458123743534088
0.4900949001312256
0.670988142490387
0.4098965525627136
0.6309285163879395
0.5041822195053101
0.6378597617149353
1.689666986465454
1.1553066968917847
1.6883352994918823
0.48676782846450806
0.565986156463623
0.6382521390914917
0.4723595976829529
0.4043157994747162
0.4460015296936035
0.625386118888855
0.4733400046825409
0.47367188334465027
0.594517171382904
0.42334654927253723
0.4048842191696167
0.41352829337120056
0.41673141717910767
0.40469327569007874
0.4212520122528076
0.4825206995010376
0.7245854139328003
0.42485278844833374
0.39888766407966614
0.7767375111579895
0.43476125597953796
0.42504164576530457
0.48072925209999084
0.6207259893417358
0.4108520746231079
0.4007015526294708
0.5223478674888611
0.43275970220565796
0.39464396238327026
0.5330511331558228
0.46375879645347595
0.5272638201713562
0.5845468640327454
1.2900019884109497
0.5245925784111023
0.4582500457763672
0.3948743939399719
0.4117726981639862
0.5582523345947266
0.4545811414718628
1.0433405637741089
0.8222874999046326
0.7501808404922485
0.41525813937187195
0.45654064416885376
0.4678640365600586
0.3749643564224243
0.4004395008087158
1.2040247917175293
0.8854045867919922
0.4203970432281494
0.6372001767158508
0.3786426782608032
0.45550090074539185
0.5057855248451233
0.5301309823989868
1.0554475784301758
1.025046706199646
1.027063250541687
0.7597206234931946
0.7096229791641235
0.48561957478523254
0.3808908760547638
0.38358768820762634
0.47564759850502014
0.43653571605682373
0.41621479392051697
0.4303065836429596
0.38707223534584045
0.3900342285633087
0.40806844830513
0.38216471672058105
0.44270700216293335
0.38055622577667236
0.4445997178554535
0.4298425018787384
0.5396716594696045
0.516274631023407
0.46680140495300293
0.41645607352256775
0.37258514761924744
0.3713558614253998
0.37497445940971375
0.8176371455192566
0.6403957605361938
0.40134289860725403
0.498189240694046
0.37896162271499634
0.3806180953979492
0.4298514127731323
0.7403849959373474
0.514663577079773
0.38612011075019836
0.37382760643959045
0.3879021406173706
0.6076233386993408
0.4454048275947571
0.5579835176467896
0.44546788930892944
0.3832418620586395
0.39282387495040894
0.4496128261089325
0.39916154742240906
0.403959721326828
0.3765257000923157
0.41243165731430054
0.637527585029602
0.4108388423919678
0.4042602777481079
0.4588976204395294
0.4059138298034668
0.3833184242248535
0.5895556807518005
0.7322402596473694
0.479817658662796
0.3969046473503113
0.5164717435836792
0.4212804436683655
0.4625207483768463
0.506373405456543
0.5530017614364624
0.5444539189338684
0.44171348214149475
0.4198717772960663
0.5166628360748291
0.3790425956249237
0.8137499094009399
1.3397295475006104
0.41701725125312805
0.3924770653247833
0.4058133363723755
0.3860980272293091
0.5789390802383423
0.4827403128147125
0.6886736154556274
0.576711893081665
0.8309199810028076
0.6178374290466309
0.46004927158355713
0.4003860652446747
0.3955972492694855
0.4821654260158539
0.4051220715045929
0.820687472820282
0.5175616145133972
0.39488622546195984
0.4095257520675659
0.3853476941585541
0.3827575445175171
0.5950135588645935
2.369560718536377
1.4495123624801636
0.4523718059062958
0.5741204619407654
0.508415937423706
0.5365055203437805
0.5088987946510315
0.5234535932540894
0.405118852853775
0.395600825548172
0.3750183582305908
0.37407976388931274
0.3850986659526825
0.40004196763038635
0.36219874024391174
0.3809446096420288
0.6236022114753723
0.45919495820999146
0.4392237067222595
0.45098868012428284
0.3939134180545807
0.3888062536716461
0.3766024708747864
0.4659986197948456
0.5076374411582947
0.43541330099105835
0.447566956281662
0.36513015627861023
0.3878372609615326
0.4055212736129761
0.37754982709884644
0.40762871503829956
0.4242558479309082
0.36533576250076294
0.4113417863845825
0.4560208022594452
0.426632285118103
0.43877527117729187
0.4074995219707489
0.36640843749046326
0.3970277011394501
0.3650989532470703
0.5561902523040771
0.47086185216903687
0.4322465658187866
0.441928505897522
0.43591898679733276
0.4488796293735504
0.3817300498485565
0.3750583827495575
0.7574649453163147
0.475880891084671
0.4231399595737457
0.4452066421508789
0.3703001141548157
0.43217524886131287
0.3751663863658905
0.3825491666793823
0.36321118474006653
0.36983466148376465
0.3743930757045746
0.3623940646648407
0.36936065554618835
0.4052801728248596
0.3666578233242035
0.36448198556900024
0.38565972447395325
0.3887772262096405
0.37023448944091797
0.3796989321708679
0.3646489977836609
0.35689303278923035
0.3564471900463104
0.3568551242351532
0.3746620714664459
0.36098432540893555
0.3609353303909302
0.3615632951259613
0.3803991377353668
0.3567762076854706
0.37699925899505615
0.4388524293899536
0.43653029203414917
0.3779483437538147
0.37008577585220337
0.3630415201187134
0.3639063239097595
0.355546772480011
0.3599601089954376
0.41447439789772034
0.3998195230960846
0.355243444442749
0.3640992045402527
0.35739633440971375
0.3536103665828705
0.3557691276073456
0.35548701882362366
0.357554167509079
0.3512672483921051
0.37712758779525757
0.3594549000263214
0.40291574597358704
0.36817726492881775
0.3553736209869385
0.4225054085254669
0.4637918770313263
0.4412856996059418
0.38100793957710266
0.3641464114189148
0.36732324957847595
0.35320889949798584
0.3538390100002289
0.4141782820224762
0.3655305504798889
0.3539675772190094
0.3711932897567749
0.357864111661911
0.35514122247695923
0.507488489151001
0.40385788679122925
0.4092940092086792
0.3907212018966675
0.5836849212646484
0.5373548865318298
0.41605278849601746
0.36848607659339905
0.3544674813747406
0.3562763035297394
0.3661743700504303
0.3536667823791504
0.3570149540901184
0.35225534439086914
0.35374727845191956
0.3586576581001282
0.37350958585739136
0.3993457555770874
0.36365199089050293
0.35697174072265625
0.3535422086715698
0.35293641686439514
0.5586260557174683
0.435585081577301
0.37411361932754517
0.3664340078830719
0.3600742816925049
0.5156981348991394
0.4094676673412323
0.4362901747226715
0.3722955286502838
0.37008410692214966
0.3635498583316803
0.4008530080318451
0.37230172753334045
0.4948391914367676
0.5705400109291077
0.4181009531021118
0.3614558279514313
0.3689838647842407
0.3608038127422333
0.37182438373565674
0.3538571298122406
0.36556708812713623
0.3737953305244446
0.36925557255744934
0.4000128209590912
0.4206241965293884
0.35821765661239624
0.3835148215293884
0.3708142340183258
0.3600705564022064
0.3718844950199127
0.3541103005409241
0.36232686042785645
0.3544420003890991
0.36703354120254517
0.3510318696498871
0.35331931710243225
0.6440780758857727
0.503061056137085
0.41667285561561584
0.38045555353164673
0.36117881536483765
0.35671305656433105
0.3523809015750885
0.4571421146392822
0.37944573163986206
0.3736589550971985
0.3529396057128906
0.3644430339336395
0.3734510540962219
0.3954211175441742
0.3760385811328888
0.39251601696014404
0.3745279908180237
0.3675576448440552
0.3604501783847809
0.36860617995262146
0.34666380286216736
0.3513859510421753
0.35311779379844666
0.3551696836948395
0.3595356345176697
0.4772126376628876
0.3870169520378113
0.35129857063293457
0.3540859520435333
0.4257535934448242
0.3695521354675293
0.351970911026001
0.3600305914878845
0.3704984188079834
0.3602357804775238
0.3513425886631012
0.34914833307266235
0.43176302313804626
0.4039774239063263
0.39025789499282837
0.3788260817527771
0.3513125777244568
0.3550720512866974
0.35008952021598816
0.3573106527328491
0.3598611354827881
0.359130322933197
0.35118722915649414
0.3493902385234833
0.36861488223075867
0.35557931661605835
0.35772666335105896
0.35316693782806396
0.35079866647720337
0.35379084944725037
0.34880807995796204
0.3668496906757355
0.41996246576309204
0.38103193044662476
0.44734862446784973
0.3573439419269562
0.45188361406326294
0.36505427956581116
0.3534080386161804
0.4104524552822113
0.3438294529914856
0.3643364906311035
0.36151739954948425
0.3450569212436676
0.34611600637435913
0.34434255957603455
0.35101500153541565
0.34387126564979553
0.4574842154979706
0.3657096028327942
0.3797149956226349
0.368364155292511
0.4454103708267212
0.4327496290206909
0.35823357105255127
0.3612481653690338
0.34567874670028687
0.34966906905174255
0.3497568666934967
0.3843805491924286
0.3954353928565979
0.3824978172779083
0.36786165833473206
0.3577992916107178
0.3519447147846222
0.42423364520072937
0.3618995249271393
0.4216509759426117
0.35255324840545654
0.3508371114730835
0.3445044159889221
0.3678435683250427
0.35934531688690186
0.3497540056705475
0.3582598865032196
0.3571322560310364
0.3736150562763214
0.35036060214042664
0.3435007631778717
0.4282393455505371
0.3581271469593048
0.3520162105560303
0.34857267141342163
0.34699350595474243
0.3524642586708069
0.43748968839645386
0.3676292896270752
0.374664306640625
0.348256915807724
0.4565373659133911
0.3649972677230835
0.37741193175315857
0.3575533330440521
0.35916295647621155
0.3489828407764435
0.4331352114677429
0.3639867305755615
0.352185994386673
0.34907084703445435
0.3955027163028717
0.47241827845573425
0.48273199796676636
0.37578150629997253
0.36835044622421265
0.39048898220062256
0.3444325923919678
0.3943077027797699
0.3512190878391266
0.3490547835826874
0.3680161237716675
0.36765190958976746
0.345472514629364
0.3533388078212738
0.36500900983810425
0.3446652293205261
0.3552919626235962
0.3523634076118469
0.36452949047088623
0.34748268127441406
0.39538517594337463
0.35859131813049316
0.4277826249599457
0.46971145272254944
0.360228955745697
0.37006551027297974
0.3683861792087555
0.3426326811313629
0.34875157475471497
0.3417968451976776
0.36424919962882996
0.36125776171684265
0.4032001793384552
0.40646904706954956
0.3947741687297821
0.4187103509902954
0.42648348212242126
0.41194984316825867
0.35127753019332886
0.33815863728523254
0.3440777361392975
0.34014925360679626
0.360212504863739
0.39332470297813416
0.3541986048221588
0.4067632853984833
0.3827846348285675
0.3425001800060272
0.3546738922595978
0.3701780438423157
0.42054957151412964
0.3814306855201721
0.4137015640735626
0.3575645387172699
0.34483471512794495
0.3401668965816498
0.37273499369621277
0.3840257525444031
0.34416282176971436
0.34472954273223877
0.33896395564079285
0.34287360310554504
0.3526037335395813
0.3474003076553345
0.33801206946372986
0.33787083625793457
0.33483579754829407
0.33675289154052734
0.3365459740161896
0.34613922238349915
0.40975281596183777
0.35536447167396545
0.33842748403549194
0.35479745268821716
0.33876681327819824
0.3509608805179596
0.3747207224369049
0.369049996137619
0.35649773478507996
0.370159775018692
0.3456217050552368
0.3383858799934387
0.3415352404117584
0.36254823207855225
0.3732914924621582
0.3543121814727783
0.35512760281562805
0.357864111661911
0.34574228525161743
0.3330205976963043
0.339417040348053
0.3631640076637268
0.33832237124443054
0.35874465107917786
0.35628506541252136
0.34778696298599243
0.34077802300453186
0.3337409496307373
0.33501332998275757
0.36306998133659363
0.33655673265457153
0.3415308892726898
0.37236109375953674
0.3653598725795746
0.4347439110279083
0.34147629141807556
0.3369449973106384
0.34496983885765076
0.36548689007759094
0.3518602252006531
0.3399065136909485
0.3408132791519165
0.36345043778419495
0.3587668240070343
0.3663976788520813
0.531082034111023
0.35208797454833984
0.35685455799102783
0.3468567728996277
0.3572835326194763
0.3645622134208679
0.3471643924713135
0.35890090465545654
0.3789465129375458
0.33276844024658203
0.33154284954071045
0.3446330726146698
0.35098496079444885
0.3984488248825073
0.3440622389316559
0.34769371151924133
0.34938618540763855
0.366942435503006
0.3424682021141052
0.34346842765808105
0.33199843764305115
0.4412730932235718
0.35531893372535706
0.3801048696041107
0.3647303283214569
0.3441101312637329
0.3405132591724396
0.34236350655555725
0.3440694510936737
0.3322383463382721
0.34122031927108765
0.34173357486724854
0.35118430852890015
0.3240729868412018
0.3349613547325134
0.32870161533355713
0.3342864215373993
0.3429458439350128
0.3992416560649872
0.36389151215553284
0.3641372621059418
0.4285740256309509
0.38881152868270874
0.3495267927646637
0.3610769808292389
0.34007152915000916
0.3418542742729187
0.354915052652359
0.3473559021949768
0.3372204601764679
0.3875689208507538
0.3921518325805664
0.3419560194015503
0.34913721680641174
0.3343064785003662
0.37950611114501953
0.3341624438762665
0.3425103425979614
0.3438526391983032
0.34256598353385925
0.36980894207954407
0.4020417630672455
0.36346369981765747
0.3319607973098755
0.3442153036594391
0.3341827094554901
0.3297620713710785
0.33239680528640747
0.33445945382118225
0.33420270681381226
0.3349195718765259
0.3615168333053589
0.3440435528755188
0.348233163356781
0.3294617235660553
0.33253636956214905
0.3249261975288391
0.3411184847354889
0.3259624242782593
0.32590481638908386
0.346379816532135
0.37820228934288025
0.3611728549003601
0.37143445014953613
0.3633470833301544
0.3433009386062622
0.3421114981174469
0.34588301181793213
0.3327496349811554
0.3641846477985382
0.37269845604896545
0.3731432855129242
0.3712746500968933
0.3911672532558441
0.3836655020713806
0.3534567356109619
0.3531119227409363
0.3765631914138794
0.35284146666526794
0.34577229619026184
0.3579745292663574
0.33993756771087646
0.3364388644695282
0.3460793197154999
0.34976905584335327
0.3611562252044678
0.3634685277938843
0.34527724981307983
0.46126335859298706
0.43824222683906555
0.33776044845581055
0.339604914188385
0.3366644084453583
0.36685848236083984
0.3393093943595886
0.3295467495918274
0.33147722482681274
0.37149742245674133
0.35881873965263367
0.35768309235572815
0.3686053454875946
0.5083079934120178
0.5425870418548584
0.3736596405506134
0.3341864347457886
0.35188785195350647
0.33933568000793457
0.3307568430900574
0.33632799983024597
0.3426686227321625
0.32943275570869446
0.3334865868091583
0.34072330594062805
0.33350661396980286
0.38658571243286133
0.3431309759616852
0.33030954003334045
0.3282117545604706
0.33185964822769165
0.3233669698238373
0.35433682799339294
0.3376908600330353
0.32380059361457825
0.3270803987979889
0.3267098367214203
0.32238492369651794
0.34463930130004883
0.3297596275806427
0.3914478123188019
0.4347376227378845
0.3443978428840637
0.34024059772491455
0.323594331741333
0.3250407874584198
0.32365188002586365
0.3221162259578705
0.32287073135375977
0.3207301199436188
0.3215418756008148
0.3213023841381073
0.3277626037597656
0.3270106911659241
0.3252406716346741
0.39220863580703735
0.3510477840900421
0.32939812541007996
0.3424471616744995
0.3312889039516449
0.3360710144042969
0.3316177427768707
0.3249547481536865
0.3376081585884094
0.32162612676620483
0.32928550243377686
0.3217775821685791
0.3203640580177307
0.3228742778301239
0.3196174204349518
0.34853261709213257
0.3247474431991577
0.3245256245136261
0.32516178488731384
0.34028899669647217
0.39568641781806946
0.3238038122653961
0.3212401866912842
0.3572990298271179
0.33425650000572205
0.3390936255455017
0.3204661011695862
0.3210093080997467
0.32110852003097534
0.33818939328193665
0.3219151198863983
0.3241395950317383
0.3203590512275696
0.3499014377593994
0.40314653515815735
0.35280951857566833
0.3533400893211365
0.3348328173160553
0.35249876976013184
0.32962316274642944
0.32504206895828247
0.32910117506980896
0.36269354820251465
0.33346283435821533
0.32418638467788696
0.31889429688453674
0.3241213262081146
0.32210391759872437
0.32298165559768677
0.3233114182949066
0.32102084159851074
0.3498787581920624
0.34686315059661865
0.3290104269981384
0.32235825061798096
0.3220616281032562
0.33060532808303833
0.3212617039680481
0.3265454173088074
0.3229098916053772
0.3264738619327545
0.3382139205932617
0.33734700083732605
0.3273146152496338
0.36094918847084045
0.3323754668235779
0.34611770510673523
0.41360682249069214
0.3438461124897003
0.36300036311149597
0.3250955045223236
0.3244587182998657
0.3296809792518616
0.3275652527809143
0.321664035320282
0.32252535223960876
0.32132676243782043
0.318602591753006
0.3229484260082245
0.32349854707717896
0.3166199326515198
0.31845521926879883
0.3162231743335724
0.3169742822647095
0.3153769373893738
0.3170244097709656
0.3164321184158325
0.31667307019233704
0.31577566266059875
0.32788771390914917
0.3157513439655304
0.323228120803833
0.3187488913536072
0.3175862729549408
0.31888070702552795
0.3170113265514374
0.3168101906776428
0.34396854043006897
0.3771013915538788
0.3299592435359955
0.3173830211162567
0.3194947838783264
0.31467437744140625
0.3186834454536438
0.3297223150730133
0.31453192234039307
0.3161763548851013
0.3143276572227478
0.33083057403564453
0.33738312125205994
0.3178847134113312
0.3173767626285553
0.3243158757686615
0.3354714512825012
0.3263888955116272
0.3244630694389343
0.31816694140434265
0.320415735244751
0.3298836648464203
0.3207312226295471
0.31375813484191895
0.31590673327445984
0.316955029964447
0.3144010305404663
0.3137214779853821
0.3194783627986908
0.316729336977005
0.33328765630722046
0.3156716525554657
0.3148843050003052
0.3132705092430115
0.31551307439804077
0.3142127990722656
0.3274502456188202
0.3293711245059967
0.3162127733230591
0.31854769587516785
0.3143714964389801
0.31559261679649353
0.32083311676979065
0.3173898756504059
0.3135862648487091
0.314005047082901
0.31471940875053406
0.31637024879455566
0.3126320540904999
0.32109183073043823
0.31425586342811584
0.3135462999343872
0.3150656819343567
0.3124561309814453
0.313458114862442
0.31498923897743225
0.31455662846565247
0.3149528503417969
0.3156934082508087
0.31271225214004517
0.31679365038871765
0.3125278651714325
0.3145773112773895
0.3424917757511139
0.3267793655395508
0.3145101070404053
0.31276023387908936
0.3174685835838318
0.3170693516731262
0.3132721185684204
0.3127428889274597
0.31271451711654663
0.3263225257396698
0.3205568790435791
0.3130558729171753
0.31848976016044617
0.31514063477516174
0.31346043944358826
0.31410184502601624
0.3148481249809265
0.31183841824531555
0.32388925552368164
0.3379230201244354
0.3148331344127655
0.31861168146133423
0.3144581615924835
0.31434136629104614
0.3129904270172119
0.31197047233581543
0.3174038529396057
0.3127979636192322
0.31352120637893677
0.31398171186447144
0.31424129009246826
0.3123024106025696
0.33147770166397095
0.3371503949165344
0.31812506914138794
0.3112948536872864
0.31194403767585754
0.3287544250488281
0.32148250937461853
0.3165971636772156
0.31493568420410156
0.3163512647151947
0.3135184645652771
0.3194352984428406
0.3150638937950134
0.31361082196235657
0.3114831745624542
0.3118537962436676
0.313617080450058
0.3132934272289276
0.3126719295978546
0.312997043132782
0.31136420369148254
0.3118622303009033
0.31317251920700073
0.3124178647994995
0.3164540231227875
0.3158387839794159
0.3164876401424408
0.31081917881965637
0.31956347823143005
0.3116978406906128
0.32758453488349915
0.3149771988391876
0.31262096762657166
0.311923623085022
0.31221264600753784
0.31097719073295593
0.31219324469566345
0.31166189908981323
0.3152625858783722
0.32136598229408264
0.31432023644447327
0.31916987895965576
0.3168583810329437
0.3276454508304596
0.31038719415664673
0.3139922618865967
0.31271153688430786
0.31811457872390747
0.31385621428489685
0.31289130449295044
0.3113554120063782
0.31239384412765503
0.31176090240478516
0.3108364939689636
0.3117868900299072
0.31407442688941956
0.31140008568763733
0.3115709722042084
0.3121529817581177
0.3163791000843048
0.3358533978462219
0.32054227590560913
0.3153812289237976
0.3155962824821472
0.314471960067749
0.3223894536495209
0.31695327162742615
0.3261992335319519
0.3180999457836151
0.31457626819610596
0.3129332363605499
0.31454896926879883
0.31484922766685486
0.31388333439826965
0.31191936135292053
0.31293433904647827
0.3108265697956085
0.31082814931869507
0.3114267885684967
0.3109939396381378
0.31346452236175537
0.32437774538993835
0.3154236376285553
0.3342316150665283
0.31467488408088684
0.31433966755867004
0.3140000104904175
0.31442341208457947
0.3127927780151367
0.31490346789360046
0.31437110900878906
0.3110608160495758
0.3102984130382538
0.3123931288719177
0.3131568729877472
0.3117612898349762
0.31391793489456177
0.3102134168148041
0.31067171692848206
0.3106716275215149
0.3135288655757904
0.3136286735534668
0.31300511956214905
0.3121585547924042
0.31040486693382263
0.31173163652420044
0.3110046982765198
0.31236350536346436
0.31141531467437744
0.3102108836174011
0.31061264872550964
0.31056585907936096
0.3116118013858795
0.31226009130477905
0.3106929063796997
0.3109917938709259
0.31042614579200745
0.3122152090072632
0.30969667434692383
0.31076595187187195
0.3099548816680908
0.31001925468444824
0.3103514313697815
0.3098410665988922
0.3097078502178192
0.30984818935394287
0.3133569061756134
0.31289026141166687
0.3109181225299835
0.3121642470359802
0.31355077028274536
0.3091040253639221
0.3168785572052002
0.3086585998535156
0.31371381878852844
0.30967026948928833
0.31076762080192566
0.30884063243865967
0.3102317452430725
0.310578852891922
0.30961325764656067
0.3110470771789551
0.31020066142082214
0.31081730127334595
0.3131985068321228
0.3111300468444824
0.3094688355922699
0.31231576204299927
0.31496483087539673
0.31201669573783875
0.31187620759010315
0.30972883105278015
0.310184508562088
0.3106883466243744
0.3102665841579437
0.31469783186912537
0.312466025352478
0.31166961789131165
0.31273168325424194
0.3107600808143616
0.3170534074306488
0.3119441866874695
0.31002405285835266
0.3143065869808197
0.3117029070854187
0.30954453349113464
0.30989712476730347
0.310467004776001
0.30967414379119873
0.31157419085502625
0.3125331699848175
0.3111116290092468
0.3096182942390442
0.31475353240966797
0.3183332085609436
0.31049126386642456
0.30959537625312805
0.30939981341362
0.3096185326576233
0.3136308491230011
0.3118959367275238
0.3092142343521118
0.3106638491153717
0.31202512979507446
0.3101290762424469
0.3114777207374573
0.30885884165763855
0.32045987248420715
