14.079732894897461
3.7892630100250244
1.6216906309127808
0.8211016058921814
0.7174312472343445
0.7242529392242432
0.6587986350059509
0.6373719573020935
0.6081578135490417
0.6000024676322937
0.6061434745788574
0.5833077430725098
0.5765745639801025
0.579338550567627
0.6518185138702393
0.6923277974128723
0.6898009181022644
0.6622087359428406
0.5706806778907776
0.6039852499961853
0.5583118796348572
0.6318531632423401
0.5352725982666016
0.5231341123580933
0.5586267113685608
0.6039692163467407
0.5666443109512329
0.5034555196762085
0.5237768888473511
0.5165246725082397
0.4889235496520996
0.4967271089553833
0.5299032926559448
0.5732828974723816
0.4749704897403717
0.5283827781677246
0.5167216658592224
0.4869740307331085
0.46938464045524597
0.5380094647407532
0.4877620339393616
0.46162867546081543
0.4603712558746338
0.47241848707199097
0.448260098695755
0.4461275041103363
0.5102474093437195
0.6088265180587769
0.5778220295906067
0.49470630288124084
0.476720929145813
0.496120810508728
0.7119513750076294
0.5156992673873901
0.5251004695892334
0.5530781149864197
0.4942498505115509
0.6298978924751282
0.5031433701515198
0.48114970326423645
0.448905348777771
0.4299317002296448
0.43394774198532104
0.456561416387558
0.4389854371547699
0.4959386885166168
0.650066077709198
0.578108012676239
0.5714784860610962
0.4983348846435547
0.5328109860420227
0.5620185136795044
0.5360066890716553
0.49472343921661377
0.4530355930328369
0.4593067467212677
0.44512173533439636
0.47919219732284546
0.5474578142166138
0.4295886754989624
0.6526313424110413
0.5658544898033142
0.41009992361068726
0.40371713042259216
0.4028054475784302
0.42118245363235474
0.4164464473724365
0.47539517283439636
0.40101632475852966
0.42408618330955505
0.4384942948818207
0.5124417543411255
0.4917083978652954
0.4284811019897461
0.4025665819644928
0.3952883183956146
0.485282838344574
0.3956555426120758
0.4009363651275635
0.40091806650161743
0.4319651126861572
0.420635461807251
0.45888859033584595
0.4102286100387573
0.4055381715297699
0.41748687624931335
0.4138906002044678
0.4301016330718994
0.38899582624435425
0.3996485471725464
0.3916621804237366
0.5545639395713806
0.6263836026191711
0.4298956096172333
0.40842512249946594
0.3974542021751404
0.4294053316116333
0.41176632046699524
0.48062703013420105
0.3818652331829071
0.38788655400276184
0.4090751111507416
0.3901013433933258
0.40113040804862976
0.5063343644142151
0.39778733253479004
0.4614380896091461
0.39690595865249634
0.40468427538871765
0.40748557448387146
0.39696839451789856
0.39424267411231995
0.39728668332099915
0.401828795671463
0.4826011657714844
0.4111034870147705
0.4051322042942047
0.3989563584327698
0.3977358341217041
0.43387526273727417
0.5114642381668091
0.467846542596817
0.47939369082450867
0.531242847442627
0.44000765681266785
0.5641065239906311
0.4241449534893036
0.40681543946266174
0.3841727077960968
0.4111665189266205
0.473477840423584
0.48244473338127136
0.4043097198009491
0.4166334867477417
0.4289826452732086
0.387948215007782
0.43976086378097534
0.4887312054634094
0.490946501493454
0.4529389441013336
0.48185065388679504
0.4721275269985199
0.4187614917755127
0.4249480962753296
0.3893589377403259
0.3933485150337219
0.6407871246337891
0.5539684891700745
0.592217743396759
0.41414791345596313
0.3794023394584656
0.37157246470451355
0.3891630470752716
0.40555161237716675
0.3978879749774933
0.4054894745349884
0.46087366342544556
0.3846408724784851
0.4123707711696625
0.37741541862487793
0.37628424167633057
0.3741186857223511
0.3838317096233368
0.3797686696052551
0.3738059997558594
0.3854362964630127
0.40865132212638855
0.3924887478351593
0.3642802834510803
0.637773334980011
0.39005160331726074
0.3905060291290283
0.39277976751327515
0.37528693675994873
0.4100272059440613
0.5764464139938354
0.5788530111312866
0.5047432780265808
0.40781837701797485
0.38924741744995117
0.3838830292224884
0.3717925548553467
0.36679744720458984
0.4284875690937042
0.4368855953216553
0.38855689764022827
0.3777090907096863
0.36614304780960083
0.4009958505630493
0.47458550333976746
0.3723236322402954
0.405187726020813
0.5067001581192017
0.38635891675949097
0.5493900179862976
0.3974166214466095
0.38656705617904663
0.40027332305908203
0.39812609553337097
0.3641600012779236
0.5807219743728638
0.40220388770103455
0.3815254271030426
0.3615110516548157
0.36564815044403076
0.3839735984802246
0.3724328577518463
0.3967027962207794
0.7245855331420898
0.5124412178993225
0.3994733393192291
0.41493839025497437
0.46881142258644104
0.46018001437187195
0.3859725594520569
0.38167813420295715
0.379144549369812
0.37037599086761475
0.3697654604911804
0.35957199335098267
0.4091692864894867
0.38652491569519043
0.45813557505607605
0.44763660430908203
0.4086565673351288
0.3706165552139282
0.3658060133457184
0.3749065399169922
0.3772253096103668
0.4478585422039032
0.3672267496585846
0.5931562185287476
0.4790048599243164
0.6454517841339111
0.4142255485057831
0.3657340109348297
0.35473331809043884
0.3714613914489746
0.3765632212162018
0.3561781048774719
0.35773590207099915
0.3684910237789154
0.36836519837379456
0.39403441548347473
0.3767867684364319
0.4132033586502075
0.5181002020835876
0.4853282570838928
0.39146658778190613
0.40409693121910095
0.3605029284954071
0.37329405546188354
0.3619300425052643
0.37316396832466125
0.35979583859443665
0.350908100605011
0.40201637148857117
0.3668000400066376
0.35902488231658936
0.35387519001960754
0.3529994487762451
0.355745792388916
0.36015206575393677
0.356783926486969
0.3485301733016968
0.3633591830730438
0.3588726818561554
0.40508410334587097
0.5533749461174011
0.3773333728313446
0.36924299597740173
0.34840384125709534
0.4897829294204712
0.3512462377548218
0.3763508200645447
0.3573072850704193
0.35752391815185547
0.35077691078186035
0.3490823209285736
0.38064733147621155
0.35016655921936035
0.3488410711288452
0.35929572582244873
0.35456570982933044
0.36688733100891113
0.3825523853302002
0.5437633395195007
0.5410814881324768
0.40704184770584106
0.35034191608428955
0.3662128746509552
0.35227981209754944
0.3558439314365387
0.35196685791015625
0.3970920741558075
0.3572891652584076
0.36999669671058655
0.3457959294319153
0.36037272214889526
0.4235188066959381
0.34861740469932556
0.34850674867630005
0.35487112402915955
0.3503085970878601
0.35368868708610535
0.3627343475818634
0.3455987572669983
0.45712119340896606
0.38311150670051575
0.3789510130882263
0.360615074634552
0.37389498949050903
0.34914520382881165
0.3384609520435333
0.3364869952201843
0.3489752411842346
0.3519114553928375
0.3572867512702942
0.42169925570487976
0.3808535933494568
0.3464058041572571
0.3714464008808136
0.387419193983078
0.34178096055984497
0.4539619982242584
0.36572834849357605
0.35247400403022766
0.3375493884086609
0.3621380925178528
0.34538301825523376
0.3371378481388092
0.3300207853317261
0.3428066074848175
0.33739611506462097
0.44725868105888367
0.3805094063282013
0.35749247670173645
0.3370071053504944
0.3432740271091461
0.33589500188827515
0.45832017064094543
0.3971625566482544
0.3580656945705414
0.34797629714012146
0.3574496805667877
0.3628910481929779
0.6993917226791382
0.5020546317100525
0.4270862936973572
0.4002799093723297
0.379500150680542
0.4389118552207947
0.4607447385787964
0.4354722499847412
0.36778005957603455
0.43086355924606323
0.37172991037368774
0.3701521158218384
0.3837087154388428
0.36876437067985535
0.45379045605659485
0.43719184398651123
0.36814722418785095
0.38780611753463745
0.35718026757240295
0.3557267487049103
0.3467302918434143
0.34422945976257324
0.3827757239341736
0.3913939297199249
0.3397528827190399
0.33940669894218445
0.4758676290512085
0.4203009605407715
0.42582520842552185
0.374332457780838
0.4620104730129242
0.39162522554397583
0.39311137795448303
0.3503722548484802
0.3539184033870697
0.3416453003883362
0.3617442548274994
0.33510953187942505
0.3422798216342926
0.34517502784729004
0.46104225516319275
0.35277143120765686
0.33836761116981506
0.3421003222465515
0.47388148307800293
0.4025580883026123
0.3365032374858856
0.4204610288143158
0.502007782459259
0.3764171898365021
0.3793743848800659
0.346272349357605
0.33981016278266907
0.3311386704444885
0.32942336797714233
0.3464461863040924
0.37263670563697815
0.41324523091316223
0.3653506338596344
0.3542787730693817
0.3458474278450012
0.3329068422317505
0.38147786259651184
0.34627699851989746
0.3661424517631531
0.36561331152915955
0.33491864800453186
0.3328028917312622
0.32342851161956787
0.33720844984054565
0.3235623240470886
0.3281410038471222
0.3326460123062134
0.3359025716781616
0.3256492018699646
0.3216858506202698
0.3325687050819397
0.32569175958633423
0.32425808906555176
0.5390820503234863
0.4189532995223999
0.4449782371520996
0.3914497494697571
0.34160056710243225
0.3542085289955139
0.33745110034942627
0.32677677273750305
0.32484695315361023
0.37079742550849915
0.32953080534935
0.32519346475601196
0.3254696726799011
0.32084694504737854
0.3363701105117798
0.3325631320476532
0.37118977308273315
0.3502472937107086
0.3438478410243988
0.3369423449039459
0.417236864566803
0.35283538699150085
0.32675352692604065
0.3379693329334259
0.3529718518257141
0.3429016172885895
0.3292222023010254
0.3272143602371216
0.32177913188934326
0.3233863413333893
0.3296619951725006
0.32059234380722046
0.3257358968257904
0.3199118673801422
0.3278437852859497
0.3229341506958008
0.32164663076400757
0.3485884368419647
0.3585951328277588
0.32185521721839905
0.3161524832248688
0.3171505928039551
0.3158072233200073
0.31474483013153076
0.3320087790489197
0.32667234539985657
0.32393282651901245
0.3178180456161499
0.3158190846443176
0.3185428977012634
0.31757596135139465
0.34591108560562134
0.3256608843803406
0.3202711343765259
0.3278951942920685
0.32039809226989746
0.31561803817749023
0.3136485815048218
0.3143796920776367
0.315513014793396
0.3169018626213074
0.3150594234466553
0.3473769426345825
0.3479897081851959
0.3196399509906769
0.3384787440299988
0.3511698246002197
0.3327571451663971
0.31729063391685486
0.3411918580532074
0.3240724503993988
0.3361726999282837
0.3236469626426697
0.31941118836402893
0.31639552116394043
0.31288832426071167
0.31087350845336914
0.3120085895061493
0.3757108747959137
0.3186270296573639
0.3146481215953827
0.3195638358592987
0.32308652997016907
0.3117777407169342
0.3231956660747528
0.319302499294281
0.3179173469543457
0.3196837604045868
0.3185425400733948
0.4104231595993042
0.32451701164245605
0.3350409269332886
0.373299777507782
0.3341074287891388
0.32955288887023926
0.32453009486198425
0.32196950912475586
0.3142390847206116
0.31801924109458923
0.3908817172050476
0.36997345089912415
0.3251574635505676
0.3339760899543762
0.32116466760635376
0.3117366433143616
0.30698493123054504
0.3063920736312866
0.34179577231407166
0.3083534240722656
0.30838850140571594
0.3146810233592987
0.31746727228164673
0.3141629993915558
0.3102388381958008
0.31355738639831543
0.33446869254112244
0.3533974587917328
0.3465545177459717
0.34475016593933105
0.33581066131591797
0.3302363455295563
0.3257201910018921
0.3383934497833252
0.3116893470287323
0.3146871030330658
0.30757829546928406
0.3085973262786865
0.3066325783729553
0.3267829120159149
0.3091505467891693
0.3099114000797272
0.3049927353858948
0.3066042959690094
0.3038019835948944
0.3061557710170746
0.30392077565193176
0.3100466728210449
0.3078867495059967
0.31214940547943115
0.3357144892215729
0.3179180920124054
0.3038591146469116
0.3093017041683197
0.3064672350883484
0.30513203144073486
0.3111712634563446
0.32543259859085083
0.30115851759910583
0.3086293637752533
0.3036000728607178
0.31101152300834656
0.3110511004924774
0.30141308903694153
0.30376288294792175
0.30811867117881775
0.32110732793807983
0.3048590123653412
0.30409982800483704
0.31022322177886963
0.30142056941986084
0.3288571536540985
0.3039449453353882
0.3025079071521759
0.32569974660873413
0.3035200238227844
0.30465826392173767
0.32326894998550415
0.32981204986572266
0.3016629219055176
0.3174758851528168
0.31282395124435425
0.3153451085090637
0.3168898820877075
0.3068327009677887
0.32368743419647217
0.30385345220565796
0.30092063546180725
0.29910415410995483
0.3004223704338074
0.3014162480831146
0.3046305477619171
0.30055147409439087
0.3058924674987793
0.3004373013973236
0.3043629229068756
0.30007877945899963
0.3289567828178406
0.3039378523826599
0.30173295736312866
0.308742880821228
0.2974132299423218
0.3234664797782898
0.3056607246398926
0.309157133102417
0.30122309923171997
0.30386194586753845
0.30096137523651123
0.29748985171318054
0.2988898456096649
0.3004612326622009
0.2984865605831146
0.298255980014801
0.29720959067344666
0.301486611366272
0.32277825474739075
0.3350098729133606
0.3075855076313019
0.3180833160877228
0.3092105984687805
0.3017059564590454
0.3036130964756012
0.3062371611595154
0.30351874232292175
0.29903772473335266
0.2957155704498291
0.3073396682739258
0.3065653145313263
0.31336259841918945
0.3162478506565094
0.3150150179862976
0.3155296742916107
0.3123434782028198
0.31775835156440735
0.3020087778568268
0.3151903450489044
0.3163464665412903
0.30872711539268494
0.3038788139820099
0.30175450444221497
0.2979614734649658
0.29604241251945496
0.2992764413356781
0.3027547597885132
0.3027295470237732
0.2962993383407593
0.29954764246940613
0.29604896903038025
0.29707077145576477
0.2973736822605133
0.2953023910522461
0.29568496346473694
0.2953886091709137
0.2987136244773865
0.2965007424354553
0.29944276809692383
0.2977776527404785
0.29875853657722473
0.2959478497505188
0.29527461528778076
0.3006560206413269
0.3027186989784241
0.3010365068912506
0.3248714208602905
0.30645301938056946
0.29928988218307495
0.293866902589798
0.29517728090286255
0.2999986708164215
0.3062938451766968
0.29693666100502014
0.29768410325050354
0.2959253191947937
0.2995721101760864
0.29373809695243835
0.3065495491027832
0.30206000804901123
0.2993835210800171
0.29570892453193665
0.29517897963523865
0.2947547435760498
0.2942522168159485
0.3023523688316345
0.29522034525871277
0.29602664709091187
0.2950209975242615
0.2948733866214752
0.2967837452888489
0.29488182067871094
0.29795077443122864
0.2955595850944519
0.293800950050354
0.29372164607048035
0.29520541429519653
0.29381921887397766
0.2944684624671936
0.2937990128993988
0.29352831840515137
0.3008776307106018
0.2968502938747406
0.30085256695747375
0.2948526442050934
0.2992906868457794
0.2927318215370178
0.2990587055683136
0.2948710322380066
0.2955646812915802
0.29268428683280945
0.29329925775527954
0.3353620171546936
0.30433389544487
0.2994611859321594
0.2951904833316803
0.29230445623397827
0.29353567957878113
0.29483458399772644
0.2966318130493164
0.29276904463768005
0.29246532917022705
0.30018866062164307
0.2958965301513672
0.29509487748146057
0.29303422570228577
0.2960720360279083
0.30016228556632996
0.2937355041503906
0.2962953448295593
0.29644083976745605
0.29205432534217834
0.292507529258728
0.2926120162010193
0.2921179533004761
0.2929542660713196
0.29297176003456116
0.29291003942489624
0.29196324944496155
0.2924288213253021
0.29142460227012634
0.2953994870185852
0.2938346564769745
0.2916327118873596
0.2929629981517792
0.2938711941242218
0.29275989532470703
0.291488915681839
0.2919953465461731
0.29207897186279297
0.29230985045433044
0.2918510437011719
0.29158341884613037
0.30977123975753784
0.3072633147239685
0.29246044158935547
0.29413163661956787
0.29197558760643005
0.2960367202758789
0.29521164298057556
0.30072179436683655
0.2946925461292267
0.29267215728759766
0.29260894656181335
0.2921345829963684
0.29184621572494507
0.2919926047325134
0.29111069440841675
0.29153144359588623
0.2927640974521637
0.29545193910598755
0.2995189130306244
0.2976544201374054
0.3014635443687439
0.30104729533195496
0.3169459104537964
0.31072157621383667
0.3031505048274994
0.2990798056125641
0.29752615094184875
0.2965570092201233
0.29668331146240234
0.29677343368530273
0.29557177424430847
0.29485973715782166
0.2953545153141022
0.2935755252838135
0.2915026545524597
0.2917994558811188
0.29094162583351135
0.2927209436893463
0.2930961549282074
0.2920677065849304
0.2924017608165741
0.29084956645965576
0.2917432188987732
0.29224273562431335
0.29262885451316833
0.29196596145629883
0.291370153427124
0.2913557291030884
0.291338711977005
0.2907377779483795
0.29084089398384094
0.29275816679000854
0.2912618815898895
0.2920753061771393
0.2910478115081787
0.2928994297981262
0.2923429012298584
0.29139915108680725
0.29198169708251953
0.30107733607292175
0.29777607321739197
0.2939923405647278
0.2909507751464844
0.29589545726776123
0.29221081733703613
0.2910175025463104
0.29264625906944275
0.2927834391593933
0.29557353258132935
