6.017294406890869
1.1001918315887451
1.5798054933547974
3.1961441040039062
1.2655166387557983
1.2369823455810547
1.3904880285263062
1.6387195587158203
1.7991477251052856
1.0382421016693115
1.2216190099716187
0.8950517773628235
1.0930426120758057
1.6276220083236694
2.637979745864868
0.9587529897689819
0.6757763028144836
0.9007469415664673
0.7452711462974548
1.7411994934082031
0.687842607498169
0.8321208953857422
1.4467190504074097
0.9379579424858093
0.6925473213195801
0.6666306257247925
0.7545343041419983
0.7001396417617798
0.7438364028930664
0.7302676439285278
0.6908208727836609
0.5957606434822083
0.5957460403442383
0.8123072981834412
0.6099421381950378
2.51517915725708
3.063791513442993
1.1946722269058228
2.650315999984741
0.5775238871574402
0.5107002854347229
0.4927157163619995
0.5187256932258606
0.5888261198997498
0.7297818660736084
0.5555458664894104
0.472147136926651
0.4511273205280304
0.4434642791748047
0.43143972754478455
0.5469577312469482
0.5862867832183838
0.42597508430480957
0.43388989567756653
0.6248192191123962
0.5205371975898743
1.3163788318634033
1.6509721279144287
1.144400954246521
2.8373374938964844
0.4865807294845581
0.4537809491157532
0.4391024708747864
0.44627299904823303
0.4123154282569885
0.42445141077041626
0.4171670079231262
1.8192741870880127
1.7369698286056519
2.1499485969543457
1.7829357385635376
1.0904366970062256
0.8930196166038513
0.5915701985359192
0.43976810574531555
1.006941556930542
0.8768497109413147
0.4404454827308655
0.42661425471305847
0.4856591522693634
0.4352754056453705
0.4974461793899536
0.4161818027496338
0.5546551942825317
0.568232536315918
0.6364749670028687
0.47933897376060486
0.4687698185443878
0.4187844395637512
0.5747717022895813
0.6220688819885254
0.5770568251609802
0.47282567620277405
0.49076756834983826
0.4952237606048584
0.516349196434021
0.5750921368598938
0.42107057571411133
0.4083843231201172
0.41328325867652893
0.575736939907074
0.5340969562530518
0.7814967632293701
0.9697951078414917
0.4337460994720459
0.4949442446231842
0.48117175698280334
0.4841713011264801
1.397072434425354
0.5839225053787231
0.41526010632514954
0.46141669154167175
0.4806656539440155
0.6923210024833679
0.5811683535575867
0.679069995880127
0.7665174603462219
1.607483148574829
2.886432647705078
3.714043617248535
2.4410219192504883
1.2901068925857544
0.6930302381515503
0.642880916595459
0.7868123650550842
0.4633549153804779
0.3994009792804718
0.5521364808082581
0.6207027435302734
1.2018711566925049
0.556332528591156
0.5304204225540161
0.5180038213729858
0.7706984281539917
0.4084468483924866
0.4242550730705261
0.7056390643119812
0.423557847738266
0.48854026198387146
0.4215404987335205
0.4189865291118622
0.47584643959999084
0.4244086742401123
0.5265870690345764
0.393899530172348
0.7731291651725769
0.7013068795204163
0.45443981885910034
0.48816046118736267
0.3989589214324951
0.6268883347511292
0.43055590987205505
0.4912591278553009
0.4922672510147095
0.478630006313324
0.42612403631210327
0.9533076286315918
0.8314705491065979
0.5236936211585999
0.3925555944442749
0.5454158782958984
0.4862653911113739
0.4500542879104614
1.4439096450805664
0.6385155320167542
0.5057227611541748
0.47282496094703674
0.6546282172203064
0.3905319571495056
0.42458122968673706
0.3828604519367218
0.3910459578037262
0.3990062177181244
0.4346569776535034
1.3728916645050049
0.6830322742462158
0.7925419211387634
0.6329998970031738
0.4377436637878418
0.4376002550125122
0.39224520325660706
0.4180954396724701
0.3915846049785614
0.5110448598861694
0.46956294775009155
0.4308544397354126
0.4626559019088745
0.7923585176467896
0.4779736399650574
0.4749564826488495
0.5110190510749817
0.4777638614177704
0.700996994972229
0.6037580370903015
0.5198145508766174
0.3925321698188782
0.3778899610042572
0.6690327525138855
0.5458148121833801
0.3846641182899475
0.7204552888870239
0.76485276222229
0.5462312698364258
0.5556032061576843
0.5064675211906433
0.5556409358978271
0.6257842779159546
0.39940503239631653
0.8190724849700928
0.4110616445541382
0.37890294194221497
0.4866785407066345
0.41488608717918396
0.36278316378593445
0.5011240243911743
0.8226166367530823
0.3949713110923767
0.37946924567222595
0.5051245093345642
0.4893534183502197
0.4026792049407959
0.4637250006198883
0.4898566007614136
0.5010035037994385
0.5574102401733398
0.4493832290172577
0.3867385983467102
1.0647459030151367
1.8101388216018677
1.756696343421936
1.9541383981704712
1.0567163228988647
0.8801756501197815
0.7440679669380188
0.38284024596214294
0.39558160305023193
0.43221455812454224
0.393339067697525
0.550697386264801
0.6752379536628723
0.4728889465332031
0.5080039501190186
0.44227856397628784
0.391220360994339
0.4275515079498291
0.39598727226257324
0.41580909490585327
0.3987036347389221
0.596145510673523
0.6232471466064453
0.6974643468856812
0.4318428039550781
0.471129834651947
2.1040213108062744
0.5151042938232422
0.6685030460357666
0.44416072964668274
0.3848218023777008
0.49497464299201965
0.5580841898918152
0.4234899580478668
0.3999791145324707
0.4021870791912079
0.42865195870399475
0.3889962434768677
0.4431585371494293
0.7048876881599426
0.6197139620780945
0.4940996468067169
0.4634765088558197
0.39274081587791443
0.5089128017425537
0.5431526899337769
0.4775220453739166
0.7138416171073914
1.2163044214248657
0.6504454612731934
0.8941035270690918
0.6198877096176147
1.747651219367981
1.0967671871185303
0.4005945920944214
0.4532909095287323
0.38027051091194153
0.38833776116371155
0.37595871090888977
0.43498682975769043
0.3771524429321289
0.6636019945144653
0.6283387541770935
0.8253180384635925
0.8987383246421814
0.5958600044250488
0.48290306329727173
0.5404030680656433
0.4320935010910034
0.4264305830001831
0.4505184590816498
0.3797798156738281
0.6087830662727356
0.39777708053588867
0.5693038702011108
0.5914137363433838
0.36963698267936707
0.507720947265625
0.39583083987236023
0.4229484498500824
0.5233744382858276
1.588705062866211
1.0202723741531372
0.6124851107597351
0.41091248393058777
0.4067195653915405
0.49038878083229065
0.38256219029426575
0.7090821266174316
0.6539421677589417
0.4179121255874634
0.6957733035087585
0.4778551757335663
0.4594322144985199
0.5314895510673523
0.4548015594482422
0.5176270604133606
0.41124284267425537
0.5410165786743164
0.4377647340297699
1.5449109077453613
0.9625950455665588
1.4854530096054077
0.5095649361610413
0.3848413825035095
0.8808078765869141
0.5306072235107422
0.41378888487815857
0.39912453293800354
0.4840555489063263
0.6724594235420227
0.5953233242034912
0.8284805417060852
1.1997570991516113
0.8489683270454407
1.1138923168182373
0.5411037802696228
0.4423125982284546
0.4163445830345154
0.39199957251548767
0.37144002318382263
0.38821929693222046
0.4723586440086365
0.4233497381210327
0.4067593514919281
0.368095338344574
0.3712145984172821
0.42185062170028687
0.3920525908470154
0.39434340596199036
0.37536993622779846
0.4161280393600464
0.3952100872993469
0.3864637017250061
0.3712896406650543
0.6979568004608154
0.5623442530632019
1.7019972801208496
1.3290352821350098
0.9501833319664001
0.674952507019043
0.5172666311264038
0.37718483805656433
0.9262486100196838
1.0072318315505981
0.9188063144683838
0.8066256046295166
0.734513521194458
0.5732800364494324
0.38478541374206543
0.6346952319145203
0.36834147572517395
0.37530452013015747
0.3749106824398041
0.3967444598674774
0.3949315547943115
0.4473338723182678
0.5010968446731567
0.4259614646434784
0.4257066249847412
0.3726552426815033
0.38654017448425293
0.44110867381095886
0.3983168601989746
0.3971292972564697
0.6024037003517151
0.428853303194046
0.4403911232948303
0.4723213315010071
0.3982042074203491
0.3956124782562256
0.3826780617237091
0.36434808373451233
0.5272682905197144
0.3768974542617798
0.5133136510848999
0.4140854477882385
0.391392320394516
0.4685966968536377
0.36908507347106934
0.44594913721084595
0.3956233859062195
0.5897753834724426
0.3854905068874359
0.4948843717575073
0.3952818810939789
0.3631369173526764
0.3740178048610687
0.9176023602485657
0.9890266060829163
1.6384960412979126
0.7052944898605347
0.6015156507492065
0.4068428575992584
0.39100784063339233
0.39059606194496155
0.5393421053886414
0.3590000867843628
0.5548987984657288
0.4400518834590912
0.4952820837497711
0.4201700687408447
0.6919732093811035
0.48905426263809204
0.39302369952201843
0.44730302691459656
0.39134901762008667
0.3855096399784088
0.41097918152809143
0.41901862621307373
0.6673609614372253
0.38317519426345825
0.3755846917629242
0.4018521308898926
0.3642331063747406
0.353668749332428
0.3666049838066101
0.360966295003891
0.3729668855667114
0.3830382823944092
0.47718125581741333
0.377907395362854
0.42374104261398315
0.39293521642684937
0.3689940869808197
0.4656626284122467
0.40532976388931274
0.46834489703178406
0.4118185043334961
0.38437536358833313
0.4112761318683624
0.8030494451522827
0.5599420666694641
0.3765779733657837
0.4317759573459625
0.4562341868877411
0.37036755681037903
0.6338109970092773
1.2324225902557373
0.35754650831222534
0.3769420087337494
0.48005732893943787
0.4546542167663574
0.39045450091362
0.44920867681503296
0.3777802586555481
0.40942704677581787
0.35478344559669495
0.47388756275177
0.4013790190219879
0.3865543603897095
0.4169141352176666
0.3510304391384125
0.35430189967155457
0.37257909774780273
0.41799449920654297
0.48366624116897583
0.39787644147872925
0.43163782358169556
0.35378292202949524
0.38815003633499146
0.7547944188117981
0.6298085451126099
0.8357059359550476
0.658475399017334
1.704351782798767
0.4383435547351837
0.36085450649261475
0.3802564740180969
0.4716901481151581
0.6116023659706116
0.4313832223415375
0.43861204385757446
0.35588622093200684
0.3589642643928528
0.38613227009773254
0.4452921450138092
0.5098620653152466
0.48063698410987854
0.5100789070129395
0.4831753075122833
0.3785695731639862
0.39428794384002686
0.4469035565853119
0.5861704349517822
0.4975436329841614
0.5804233551025391
0.7549695372581482
0.7703346610069275
0.6729013919830322
0.7950810194015503
0.4609079658985138
0.5334454774856567
0.41002020239830017
0.36873456835746765
0.5825950503349304
0.5415117740631104
0.5798220634460449
0.3758019506931305
0.385877400636673
0.4074455499649048
0.3987370729446411
0.5230082869529724
0.5434759855270386
0.41122397780418396
0.3816741704940796
0.36094292998313904
0.35759732127189636
0.4191626012325287
0.3801717460155487
0.3981228470802307
0.3622218370437622
0.35096195340156555
0.6466872096061707
0.6595636010169983
0.4177723228931427
0.3762813210487366
0.368499755859375
0.3578287363052368
0.4331582188606262
0.3913004994392395
0.3721241354942322
0.37693020701408386
0.3724053204059601
0.3682366609573364
0.4304470717906952
0.578868567943573
0.6499473452568054
0.7252228856086731
0.49355390667915344
0.6994481682777405
0.6793367266654968
0.5662947297096252
1.067458152770996
0.45851656794548035
0.4659745693206787
0.4540994167327881
0.5117133855819702
0.4012564718723297
0.35575613379478455
0.376725971698761
0.37598007917404175
0.5340700745582581
0.53537517786026
0.5291823148727417
0.40196913480758667
0.4177602231502533
0.3975008726119995
0.3640967905521393
0.35465025901794434
0.36330318450927734
0.6680985689163208
0.5142467617988586
0.35564541816711426
0.3762055039405823
0.4030967056751251
0.35705500841140747
0.3527875244617462
0.3605693578720093
0.3551851212978363
0.38306140899658203
0.34936952590942383
0.4151548445224762
0.3966268301010132
0.3813122510910034
0.37596824765205383
0.7659170031547546
0.9070228338241577
0.9392858743667603
0.41339975595474243
0.37270721793174744
0.3486032783985138
0.3883700370788574
0.3940037488937378
0.4522588551044464
0.38541126251220703
0.3536878526210785
0.45354264974594116
0.399606853723526
0.3582208454608917
0.3721731901168823
0.38080742955207825
0.3608895540237427
0.4003346860408783
0.35958629846572876
0.5897895097732544
0.35650408267974854
0.3503586947917938
0.3717377185821533
0.4034375846385956
0.4244007468223572
0.540168821811676
0.3819895386695862
0.347404807806015
0.3541460931301117
0.36395755410194397
0.36697623133659363
0.3753451406955719
0.7332789897918701
0.5152136087417603
0.3983767330646515
0.3516012728214264
0.34923848509788513
0.381314754486084
0.4651087522506714
0.40675634145736694
0.35033851861953735
0.3664638102054596
0.3507652282714844
0.5415805578231812
0.39969033002853394
0.4662375748157501
0.41120079159736633
0.3655988276004791
0.3669168949127197
0.40823686122894287
0.7793450355529785
0.39995962381362915
0.3536982536315918
0.3555156886577606
0.5146356225013733
0.4804988503456116
0.40809693932533264
0.35840946435928345
0.8672434687614441
0.6027560830116272
0.4357413351535797
0.35105061531066895
0.6181377172470093
0.757252037525177
0.5365076065063477
0.4845390319824219
0.41551026701927185
0.4624525308609009
0.4805002510547638
0.39531174302101135
0.40439483523368835
0.3836495578289032
0.4299023449420929
0.36937588453292847
0.41445213556289673
0.4084200859069824
0.5075471997261047
0.3732777237892151
1.4859992265701294
1.3604804277420044
0.7028941512107849
0.45316436886787415
0.656790018081665
0.3661530613899231
0.4884726405143738
0.4069923162460327
0.3756551444530487
0.39340347051620483
0.6722882986068726
0.6698876023292542
0.443576455116272
0.3662625849246979
0.35505571961402893
0.34146881103515625
0.35386744141578674
0.38065609335899353
0.7054145932197571
0.41163912415504456
0.404427170753479
0.6559855937957764
0.43472403287887573
0.3594648540019989
0.4491625726222992
0.35562729835510254
0.3912513852119446
0.4031217694282532
0.3694150149822235
0.35312554240226746
0.3594694435596466
0.3487299084663391
0.35446634888648987
0.3745940327644348
0.656116247177124
0.51780104637146
0.37826988101005554
0.36149436235427856
0.3476010859012604
0.34347689151763916
0.35956838726997375
0.35813647508621216
0.40074703097343445
0.3507979214191437
0.679427981376648
0.4367457926273346
0.35534366965293884
0.3445940613746643
0.34120821952819824
0.3632449209690094
0.3524323105812073
0.3695598244667053
0.3774963915348053
0.535570502281189
0.9957516193389893
0.9420942068099976
0.8508734107017517
1.8393193483352661
0.6730884909629822
0.47581735253334045
0.3832569718360901
0.5012549161911011
0.35103318095207214
0.3495062589645386
0.47494664788246155
0.36359891295433044
0.5183040499687195
0.34780582785606384
0.348207026720047
0.47063547372817993
0.37298622727394104
0.3338262736797333
0.5635989308357239
0.3585188388824463
0.9439694285392761
0.4798632562160492
0.3762601613998413
0.34864354133605957
0.35561731457710266
0.4022711217403412
0.3446083664894104
0.405635803937912
0.5453705787658691
0.3524503707885742
0.34948015213012695
0.36484938859939575
0.43692007660865784
0.4807780683040619
0.6461073756217957
0.4707050323486328
0.5812078714370728
0.3612489700317383
0.33397823572158813
0.33664360642433167
0.3312467932701111
0.3790207803249359
0.371805340051651
0.35482630133628845
0.3406910002231598
0.35180526971817017
0.34498775005340576
0.4372272789478302
0.3499828577041626
0.4557826519012451
0.38399583101272583
0.3722671866416931
0.3318786323070526
0.3310611844062805
0.329776793718338
0.33077454566955566
0.3346993625164032
0.3486630320549011
0.36583411693573
0.38046130537986755
0.35494837164878845
0.5133769512176514
0.37565332651138306
0.37166059017181396
0.36603641510009766
0.3460204601287842
0.34215593338012695
0.4499903917312622
0.3492496907711029
0.3449138402938843
0.33133333921432495
0.3459179699420929
0.3493243157863617
0.4776894748210907
0.38705989718437195
0.38828203082084656
0.333366334438324
0.36797481775283813
0.3468150794506073
0.3446756899356842
0.3391055464744568
0.35614338517189026
0.35110896825790405
0.3360923230648041
0.34298446774482727
0.37146374583244324
0.36546045541763306
0.5130124092102051
0.6036474108695984
0.37131401896476746
0.3514687716960907
0.40052610635757446
0.3554293215274811
0.3370037078857422
0.332745224237442
0.32436758279800415
0.34602120518684387
0.373363196849823
0.3680756986141205
0.3673889636993408
0.3496563732624054
0.3324442207813263
0.34705454111099243
0.4277232885360718
0.3322381377220154
0.342353880405426
0.3272421061992645
0.3509136438369751
0.35595330595970154
0.3247641324996948
0.4058050811290741
0.5040974617004395
0.41389721632003784
0.4381638169288635
0.38704702258110046
0.7803278565406799
0.43693166971206665
0.5910296440124512
0.4135412871837616
0.3385583758354187
0.33344486355781555
0.3687363266944885
0.34218883514404297
0.3354759216308594
0.43038469552993774
0.44682881236076355
0.3507755398750305
0.34553852677345276
0.38921600580215454
0.45445436239242554
0.40387895703315735
0.3608362376689911
0.5398837924003601
0.5199238061904907
0.5496200919151306
0.43447062373161316
0.42377132177352905
0.31967973709106445
0.33510586619377136
0.3283451497554779
0.32634788751602173
0.32541990280151367
0.3260146379470825
0.5094125866889954
0.354915589094162
0.34151211380958557
0.3313484191894531
0.325412780046463
0.32312121987342834
0.3381024897098541
0.3451515734195709
0.3548605740070343
0.3334442973136902
0.32622602581977844
0.3246552050113678
0.3280330300331116
0.32659459114074707
0.3397672176361084
0.32813581824302673
0.37058281898498535
0.38386744260787964
0.32936689257621765
0.6207910180091858
0.6266463398933411
0.39053940773010254
0.35678809881210327
0.3269524872303009
0.3825605511665344
0.3185182809829712
0.5294079780578613
0.3323921263217926
0.49755004048347473
0.36712151765823364
0.37686899304389954
0.3389914929866791
0.33694860339164734
0.32707735896110535
0.3315095901489258
0.3239606022834778
0.3209088146686554
0.4796343743801117
0.48832517862319946
0.3384038805961609
0.3236531615257263
0.3172679543495178
0.37156668305397034
0.3302834630012512
0.3591849207878113
0.42191869020462036
0.5738400220870972
0.8627813458442688
0.48862722516059875
0.3438311815261841
0.35237106680870056
0.3469078540802002
0.3776004910469055
0.37014636397361755
0.329630583524704
0.379364013671875
0.3400381803512573
0.33816131949424744
0.47846242785453796
0.37325263023376465
0.3543930649757385
0.3518976867198944
0.3793795704841614
0.4245221018791199
0.4982192814350128
0.36372852325439453
0.32458993792533875
0.3274924159049988
0.32855430245399475
0.38251885771751404
0.327012300491333
0.33399534225463867
0.3273366391658783
0.40091437101364136
0.3408433496952057
0.4862707853317261
0.3600541949272156
0.3612656593322754
0.3437659442424774
0.3818667531013489
0.3283279836177826
0.5474454760551453
0.3803006708621979
0.3343394100666046
0.35847795009613037
0.3231488764286041
0.35618123412132263
0.3269665539264679
0.3180508613586426
0.3113134503364563
0.3184875249862671
0.3322784900665283
0.34243112802505493
0.31927943229675293
0.3125937283039093
0.3237534165382385
0.35316428542137146
0.3220618963241577
0.32802268862724304
0.31931638717651367
0.3557392358779907
0.3476620316505432
0.39753368496894836
0.37682780623435974
0.3331115245819092
0.31908679008483887
0.31536436080932617
0.4144648015499115
0.42871028184890747
0.37231355905532837
0.34370067715644836
0.3230118453502655
0.35349559783935547
0.3496772348880768
0.36380934715270996
0.3229127824306488
0.3263437747955322
0.31060418486595154
0.3165457248687744
0.3156057894229889
0.3204890489578247
0.3203475773334503
0.3139968514442444
0.38410261273384094
0.36218807101249695
0.436381071805954
0.40627729892730713
0.32764020562171936
0.316371887922287
0.3133532404899597
0.31792643666267395
0.3138684928417206
0.3479959964752197
0.31729188561439514
0.30974435806274414
0.3118681311607361
0.30847451090812683
0.31104961037635803
0.31938526034355164
0.309707373380661
0.3152081072330475
0.308741956949234
0.3201069235801697
0.3243601322174072
0.3414726257324219
0.32066720724105835
0.31562188267707825
0.34423089027404785
0.387209951877594
0.32924556732177734
0.3510439395904541
0.3271036446094513
0.32281312346458435
0.3166678249835968
0.31424084305763245
0.3125494718551636
0.3120094835758209
0.31667909026145935
0.37295523285865784
0.3532625138759613
0.3104921281337738
0.3120283782482147
0.3216857314109802
0.3444410264492035
0.3286418616771698
0.3156929612159729
0.3085360527038574
0.30849719047546387
0.30851098895072937
0.4261699318885803
0.33335280418395996
0.3677290678024292
0.3292827904224396
0.32367873191833496
0.4967845678329468
0.39312273263931274
0.3384459912776947
0.347382515668869
0.3251875340938568
0.3224698007106781
0.3194172978401184
0.4269189238548279
0.37499234080314636
0.31072744727134705
0.3118649423122406
0.31514355540275574
0.39816397428512573
0.3933231234550476
0.32562777400016785
0.3529388904571533
0.30697333812713623
0.3368034362792969
0.34679844975471497
0.31809428334236145
0.31591543555259705
0.318375825881958
0.34436890482902527
0.32221952080726624
0.30921870470046997
0.3096923232078552
0.3103334903717041
0.3162763714790344
0.36204588413238525
0.3296823799610138
0.3101329505443573
0.31263765692710876
0.32062432169914246
0.3319377601146698
0.32152432203292847
0.34946244955062866
0.34185466170310974
0.3497878313064575
0.3119698762893677
0.3115716278553009
0.3061618208885193
0.3106037974357605
0.31426507234573364
0.32179656624794006
0.40619760751724243
0.327058345079422
0.3335499167442322
0.3703153729438782
0.33285975456237793
0.31345587968826294
0.3169293999671936
0.3058086037635803
0.3035166561603546
0.30433258414268494
0.30328890681266785
0.3116026222705841
0.3044372498989105
0.30514320731163025
0.3551962077617645
0.3046393394470215
0.4119761288166046
0.37753334641456604
0.3291783928871155
0.3065635561943054
0.30573198199272156
0.30777785181999207
0.30876314640045166
0.3024230897426605
0.30192288756370544
0.3012368977069855
0.3039616048336029
0.30048641562461853
0.30007627606391907
0.2992713749408722
0.3193410038948059
0.3068682849407196
0.3167581856250763
0.3148522675037384
0.31168919801712036
0.31156212091445923
0.31642356514930725
0.3077177107334137
0.3156382143497467
0.3549412786960602
0.30204176902770996
0.37134334444999695
0.31775593757629395
0.32374653220176697
0.3053032159805298
0.30311983823776245
0.3033146560192108
0.30231231451034546
0.3045150637626648
0.353197306394577
0.30302461981773376
0.310434490442276
0.30176395177841187
0.3000677824020386
0.31809425354003906
0.30043965578079224
0.30985817313194275
0.30634498596191406
0.30314376950263977
0.29937922954559326
0.2998810410499573
0.30651113390922546
0.32302162051200867
0.3210534453392029
0.30660519003868103
0.30538180470466614
0.3016575574874878
0.3005741834640503
0.30395033955574036
0.30130714178085327
0.3008938133716583
0.29975244402885437
0.2978229224681854
0.30615970492362976
0.298107385635376
0.2988606095314026
0.299040824174881
0.3123089373111725
0.2953862249851227
0.2972416877746582
0.2943178117275238
0.2968823313713074
0.2957850992679596
0.30762410163879395
0.2957167625427246
0.2956756353378296
0.29573535919189453
0.2943320572376251
0.29432567954063416
0.307655394077301
0.2937222421169281
0.305734246969223
0.2979302406311035
0.2948431074619293
0.29417264461517334
0.2972240447998047
0.29765304923057556
0.2976045608520508
0.2981407642364502
0.3701721429824829
0.2988028824329376
0.3016442656517029
0.2999320328235626
0.2943287193775177
0.29308950901031494
0.3051069378852844
0.4139285087585449
0.3445517122745514
0.31199365854263306
0.3062964081764221
0.2969575822353363
0.29532888531684875
0.2973138689994812
0.2937949597835541
0.29777684807777405
0.29904720187187195
0.2978835999965668
0.292420893907547
0.29306453466415405
0.2985312342643738
0.30649083852767944
0.3038206100463867
0.2944408357143402
0.2978804409503937
0.31095272302627563
0.2990255653858185
0.2983561158180237
0.2994014024734497
0.29658791422843933
0.29254814982414246
0.29122230410575867
0.29332080483436584
0.29434314370155334
0.29449623823165894
0.29546821117401123
0.2918529808521271
0.29619571566581726
0.2912388741970062
0.2955867052078247
0.29278743267059326
0.29304039478302
0.29546934366226196
0.3101371228694916
0.29760637879371643
0.32335206866264343
0.29724156856536865
0.301630437374115
0.3027171194553375
0.3055325150489807
0.2951713502407074
0.3556373715400696
0.3003595471382141
0.29462912678718567
0.2909623086452484
0.29228758811950684
0.2947576642036438
0.2902129292488098
0.29375651478767395
0.290846049785614
0.2908019721508026
0.29883572459220886
0.304198294878006
0.37195464968681335
0.3202592730522156
0.30897098779678345
0.29885366559028625
0.33273768424987793
0.2988879680633545
0.29149800539016724
0.2896611988544464
0.305650532245636
0.2915862202644348
0.29014676809310913
0.2906107008457184
0.29168155789375305
0.2950097620487213
0.2927214205265045
0.2897969186306
0.2958233058452606
0.2924911379814148
0.2922344505786896
0.29727256298065186
0.289559930562973
0.2923990786075592
0.2897323966026306
0.29121559858322144
0.29062533378601074
0.29097995162010193
0.28911057114601135
0.2895625829696655
0.2900061011314392
0.2903340756893158
0.287106990814209
0.2917785942554474
0.2894183397293091
0.28991860151290894
0.2898915112018585
0.2915843427181244
0.2945234477519989
0.29099127650260925
0.2926669716835022
0.29597488045692444
0.28890469670295715
0.2892583906650543
0.29091429710388184
0.2887658476829529
0.2890703082084656
0.290099173784256
0.29013097286224365
0.2895597219467163
0.2900386452674866
0.2900006175041199
0.2903406322002411
0.289643794298172
0.29016464948654175
0.28892016410827637
0.2885184586048126
0.2914496958255768
0.2878519892692566
0.28950250148773193
0.2882571816444397
0.2889234721660614
0.2926768958568573
0.2875449061393738
0.292878657579422
0.2889166474342346
0.2991868853569031
0.2905357778072357
0.2884506583213806
0.2891806364059448
0.2973257601261139
0.2930510640144348
0.29162511229515076
0.2914164066314697
0.2904892563819885
0.2876623272895813
0.2886001467704773
0.2896476686000824
0.296224445104599
0.29755735397338867
0.2949739992618561
0.2915674149990082
0.2951192259788513
0.29128408432006836
0.2914322018623352
0.28995853662490845
0.28915125131607056
0.2912237346172333
0.295328825712204
0.2927699387073517
0.29127204418182373
0.2946062982082367
0.2944628894329071
0.29645276069641113
0.3175124228000641
0.3185614049434662
0.30682411789894104
0.30232053995132446
0.2926022708415985
0.29534220695495605
0.2879117727279663
0.28970202803611755
0.28814035654067993
0.2892775237560272
0.28753045201301575
0.28715991973876953
0.28714486956596375
0.2874263823032379
0.2878250777721405
0.287687748670578
