0.5685358047485352
0.4704049825668335
0.4672897160053253
0.4579439163208008
0.5295950174331665
0.4096573293209076
0.5669782161712646
0.4080996811389923
0.5669782161712646
0.4236760139465332
0.5342679023742676
0.5264797210693359
0.4688473641872406
0.5171339511871338
0.559190034866333
0.4532710313796997
0.585669755935669
0.5825545191764832
0.585669755935669
0.4704049825668335
0.5404984354972839
0.5747663378715515
0.6059190034866333
0.5249221324920654
0.5825545191764832
0.4953271150588989
0.618380069732666
0.6012461185455322
0.5124610662460327
0.5576323866844177
0.6230529546737671
0.5841121673583984
0.5404984354972839
0.7087227702140808
0.6791277527809143
0.5327102541923523
0.559190034866333
0.6105918884277344
0.6168224215507507
0.5887850522994995
0.6355140209197998
0.6557632684707642
0.6682242751121521
0.6651090383529663
0.6884735226631165
0.6573208570480347
0.6401869058609009
0.6619937419891357
0.6542056202888489
0.5825545191764832
0.6479750871658325
0.6978192925453186
0.7071651220321655
0.6962617039680481
0.7009345889091492
0.718068540096283
0.677570104598999
0.6869158744812012
0.7274143099784851
0.6012461185455322
0.6806853413581848
0.7118380069732666
0.6651090383529663
0.7071651220321655
0.718068540096283
0.704049825668335
0.7507787942886353
0.663551390171051
0.7087227702140808
0.6557632684707642
0.6760124564170837
0.7585669755935669
0.7242990732192993
0.7694703936576843
0.763239860534668
0.7523364424705505
0.7274143099784851
0.6853582262992859
0.7274143099784851
0.767912745475769
0.7834891080856323
0.6791277527809143
0.7149532437324524
0.7305296063423157
0.7429906725883484
0.6682242751121521
0.7492212057113647
0.7647975087165833
0.7585669755935669
0.7881619930267334
0.7866043448448181
0.7866043448448181
0.8037382960319519
0.7928348779678345
0.7834891080856323
0.795950174331665
0.7881619930267334
0.7943925261497498
0.7850467562675476
0.7850467562675476
0.7710280418395996
0.7881619930267334
0.777258574962616
0.8084112405776978
0.7414330244064331
0.7928348779678345
0.8052959442138672
0.7242990732192993
0.7601246237754822
0.8146417737007141
0.7616822719573975
0.8115264773368835
0.8286604285240173
0.7834891080856323
0.7990654110908508
0.763239860534668
0.8068535923957825
0.7336448431015015
0.8193146586418152
0.7647975087165833
0.7725856900215149
0.777258574962616
0.8255451917648315
0.8255451917648315
0.7803738117218018
0.8052959442138672
0.7975077629089355
0.8161993622779846
0.8146417737007141
0.767912745475769
0.8099688291549683
0.7881619930267334
0.8021807074546814
0.8099688291549683
0.7912772297859192
0.7975077629089355
0.8037382960319519
0.7928348779678345
0.7975077629089355
0.7725856900215149
0.8255451917648315
0.8317757248878479
0.8208722472190857
0.827102780342102
0.8146417737007141
0.822429895401001
0.8348909616470337
0.8348909616470337
0.8239875435829163
0.8333333134651184
0.7928348779678345
0.7710280418395996
0.8130841255187988
0.822429895401001
0.8333333134651184
0.8348909616470337
0.7803738117218018
0.827102780342102
0.7866043448448181
0.7694703936576843
0.8286604285240173
0.8317757248878479
0.8193146586418152
0.7616822719573975
0.7616822719573975
0.8037382960319519
0.8099688291549683
0.8161993622779846
0.827102780342102
0.8208722472190857
0.8426791429519653
0.8333333134651184
0.8193146586418152
0.795950174331665
0.7710280418395996
0.8130841255187988
0.8317757248878479
0.836448609828949
0.8317757248878479
0.836448609828949
0.8380062580108643
0.8348909616470337
0.8380062580108643
0.8333333134651184
0.8457943797111511
0.8380062580108643
0.8115264773368835
0.827102780342102
0.8333333134651184
0.8489096760749817
0.8317757248878479
0.8317757248878479
0.763239860534668
0.8239875435829163
0.8177570104598999
0.827102780342102
0.8208722472190857
0.7803738117218018
0.8442367315292358
0.7975077629089355
0.7788162231445312
0.8317757248878479
0.8395638465881348
0.8161993622779846
0.8380062580108643
0.8380062580108643
0.7881619930267334
0.7943925261497498
0.7757009267807007
0.781931459903717
0.8193146586418152
0.8442367315292358
0.836448609828949
0.8380062580108643
0.8286604285240173
0.8302180767059326
0.8193146586418152
0.8348909616470337
0.8380062580108643
0.8208722472190857
0.8146417737007141
0.8255451917648315
0.7694703936576843
0.8239875435829163
0.8006230592727661
0.8426791429519653
0.8333333134651184
0.7912772297859192
0.8239875435829163
0.7788162231445312
0.8099688291549683
0.8317757248878479
0.8333333134651184
0.84112149477005
0.84112149477005
0.8426791429519653
0.8395638465881348
0.84112149477005
0.8457943797111511
0.8255451917648315
0.8395638465881348
0.8302180767059326
0.8193146586418152
0.8286604285240173
0.836448609828949
0.8333333134651184
0.7975077629089355
0.836448609828949
0.822429895401001
0.822429895401001
0.8115264773368835
0.8099688291549683
0.8333333134651184
0.7725856900215149
0.8255451917648315
0.8021807074546814
0.8395638465881348
0.836448609828949
0.836448609828949
0.8380062580108643
0.8084112405776978
0.8239875435829163
0.827102780342102
0.8161993622779846
0.8380062580108643
0.8239875435829163
0.8473520278930664
0.7850467562675476
0.7975077629089355
0.8504672646522522
0.84112149477005
0.8333333134651184
0.8255451917648315
0.8286604285240173
0.8333333134651184
0.8099688291549683
0.8177570104598999
0.7585669755935669
0.8317757248878479
0.827102780342102
0.8473520278930664
0.8457943797111511
0.8177570104598999
0.8333333134651184
0.8520249128341675
0.8395638465881348
0.84112149477005
0.8395638465881348
0.8442367315292358
0.8426791429519653
0.8442367315292358
0.8348909616470337
0.836448609828949
0.836448609828949
0.8426791429519653
0.8395638465881348
0.8286604285240173
0.84112149477005
0.836448609828949
0.795950174331665
0.8489096760749817
0.8255451917648315
0.8489096760749817
0.8255451917648315
0.8286604285240173
0.8317757248878479
0.8504672646522522
0.8239875435829163
0.7928348779678345
0.8115264773368835
0.8457943797111511
0.8442367315292358
0.8177570104598999
0.84112149477005
0.84112149477005
0.8068535923957825
0.8286604285240173
0.8442367315292358
0.8348909616470337
0.8395638465881348
0.8255451917648315
0.836448609828949
0.8504672646522522
0.8442367315292358
0.8395638465881348
0.8395638465881348
0.8442367315292358
0.8208722472190857
0.8442367315292358
0.8115264773368835
0.827102780342102
0.8489096760749817
0.7943925261497498
0.8021807074546814
0.8504672646522522
0.8442367315292358
0.8317757248878479
0.8380062580108643
0.84112149477005
0.8130841255187988
0.836448609828949
0.8395638465881348
0.8084112405776978
0.8302180767059326
0.8442367315292358
0.8489096760749817
0.8426791429519653
0.8426791429519653
0.8426791429519653
0.8473520278930664
0.8380062580108643
0.84112149477005
0.8348909616470337
0.8473520278930664
0.8333333134651184
0.8520249128341675
0.8380062580108643
0.8333333134651184
0.8333333134651184
0.8473520278930664
0.8426791429519653
0.8442367315292358
0.8115264773368835
0.8333333134651184
0.7710280418395996
0.8037382960319519
0.8193146586418152
0.8442367315292358
0.8380062580108643
0.836448609828949
0.8006230592727661
0.836448609828949
0.8442367315292358
0.8317757248878479
0.8302180767059326
0.8348909616470337
0.8426791429519653
0.827102780342102
0.836448609828949
0.8317757248878479
0.8348909616470337
0.84112149477005
0.8333333134651184
0.8457943797111511
0.8333333134651184
0.84112149477005
0.8442367315292358
0.8317757248878479
0.8426791429519653
0.84112149477005
0.8380062580108643
0.8193146586418152
0.8052959442138672
0.8255451917648315
0.827102780342102
0.8457943797111511
0.8489096760749817
0.8395638465881348
0.8348909616470337
0.8442367315292358
0.8380062580108643
0.8380062580108643
0.8006230592727661
0.8380062580108643
0.8333333134651184
0.8442367315292358
0.8380062580108643
0.8302180767059326
0.84112149477005
0.8130841255187988
0.8255451917648315
0.8193146586418152
0.8442367315292358
0.8255451917648315
0.8457943797111511
0.8021807074546814
0.8489096760749817
0.7881619930267334
0.836448609828949
0.8302180767059326
0.8302180767059326
0.8504672646522522
0.8348909616470337
0.8426791429519653
0.836448609828949
0.827102780342102
0.836448609828949
0.827102780342102
0.827102780342102
0.8115264773368835
0.8489096760749817
0.84112149477005
0.8442367315292358
0.8426791429519653
0.8395638465881348
0.7663551568984985
0.8255451917648315
0.8021807074546814
0.8457943797111511
0.8457943797111511
0.84112149477005
0.8395638465881348
0.8239875435829163
0.8395638465881348
0.8380062580108643
0.836448609828949
0.8457943797111511
0.8426791429519653
0.8457943797111511
0.8426791429519653
0.8457943797111511
0.8395638465881348
0.8317757248878479
0.8208722472190857
0.7834891080856323
0.8161993622779846
0.822429895401001
0.8457943797111511
0.8084112405776978
0.8395638465881348
0.836448609828949
0.7975077629089355
0.8286604285240173
0.8302180767059326
0.822429895401001
0.822429895401001
0.8146417737007141
0.8380062580108643
0.8333333134651184
0.8130841255187988
0.8380062580108643
0.8489096760749817
0.84112149477005
0.8473520278930664
0.8457943797111511
0.8130841255187988
0.8457943797111511
0.8333333134651184
0.8193146586418152
0.836448609828949
0.8395638465881348
0.827102780342102
0.8473520278930664
0.8473520278930664
0.8457943797111511
0.8426791429519653
0.836448609828949
0.8380062580108643
0.8302180767059326
0.8193146586418152
0.8473520278930664
0.8255451917648315
0.8302180767059326
0.8317757248878479
0.8457943797111511
0.84112149477005
0.8473520278930664
0.8442367315292358
0.8395638465881348
0.8426791429519653
0.8426791429519653
0.8457943797111511
0.84112149477005
0.8395638465881348
0.8146417737007141
0.7928348779678345
0.855140209197998
0.8457943797111511
0.8426791429519653
0.8442367315292358
0.8333333134651184
0.8473520278930664
0.8442367315292358
0.836448609828949
0.8348909616470337
0.8473520278930664
0.8348909616470337
0.8317757248878479
0.8457943797111511
0.8457943797111511
0.8457943797111511
0.8348909616470337
0.8426791429519653
0.8395638465881348
0.8380062580108643
0.8395638465881348
0.8504672646522522
0.84112149477005
0.8457943797111511
0.84112149477005
0.84112149477005
0.8442367315292358
0.84112149477005
0.8442367315292358
0.84112149477005
0.8442367315292358
0.8457943797111511
0.8504672646522522
0.8442367315292358
0.836448609828949
0.8239875435829163
0.8457943797111511
0.8426791429519653
0.8395638465881348
0.84112149477005
0.84112149477005
0.8426791429519653
0.8380062580108643
0.8426791429519653
0.8442367315292358
0.8426791429519653
0.8426791429519653
0.836448609828949
0.84112149477005
0.8380062580108643
0.822429895401001
0.8442367315292358
0.7975077629089355
0.8302180767059326
0.8317757248878479
0.8130841255187988
0.822429895401001
0.8442367315292358
0.8442367315292358
0.8442367315292358
0.8489096760749817
0.8426791429519653
0.8473520278930664
0.84112149477005
0.8380062580108643
0.836448609828949
0.836448609828949
0.8426791429519653
0.8535825610160828
0.8457943797111511
0.8457943797111511
0.8489096760749817
0.8426791429519653
0.8286604285240173
0.836448609828949
0.8489096760749817
0.8489096760749817
0.8535825610160828
0.8457943797111511
0.8442367315292358
0.8442367315292358
0.8395638465881348
0.8317757248878479
0.8426791429519653
0.8473520278930664
0.8504672646522522
0.8457943797111511
0.8473520278930664
0.8302180767059326
0.8489096760749817
0.8489096760749817
0.8457943797111511
0.8473520278930664
0.8489096760749817
0.8489096760749817
0.8520249128341675
0.8442367315292358
0.8442367315292358
0.8457943797111511
0.8504672646522522
0.8457943797111511
0.8489096760749817
0.8504672646522522
0.8520249128341675
0.8442367315292358
0.8473520278930664
0.8457943797111511
0.8348909616470337
0.8426791429519653
0.84112149477005
0.8489096760749817
0.8489096760749817
0.84112149477005
0.8426791429519653
0.8426791429519653
0.8473520278930664
0.8473520278930664
0.8489096760749817
0.8457943797111511
0.8457943797111511
0.84112149477005
0.8395638465881348
0.8473520278930664
0.8520249128341675
0.8504672646522522
0.84112149477005
0.855140209197998
0.8457943797111511
0.8457943797111511
0.8473520278930664
0.8457943797111511
0.8457943797111511
0.8520249128341675
0.8489096760749817
0.8520249128341675
0.8504672646522522
0.8426791429519653
0.8473520278930664
0.8457943797111511
0.8473520278930664
0.8535825610160828
0.8442367315292358
0.8489096760749817
0.8489096760749817
0.8442367315292358
0.8489096760749817
0.8395638465881348
0.855140209197998
0.8473520278930664
0.8504672646522522
0.8317757248878479
0.8504672646522522
0.8426791429519653
0.8504672646522522
0.8395638465881348
0.8489096760749817
0.8473520278930664
0.827102780342102
0.8473520278930664
0.8442367315292358
0.84112149477005
0.8535825610160828
0.8520249128341675
0.8489096760749817
0.8520249128341675
0.8535825610160828
0.827102780342102
0.8582554459571838
0.8566977977752686
0.855140209197998
0.8566977977752686
0.8566977977752686
0.8598130941390991
0.8644859790802002
0.8598130941390991
0.8598130941390991
0.8535825610160828
0.855140209197998
0.8520249128341675
0.855140209197998
0.8535825610160828
0.8566977977752686
0.8520249128341675
0.8520249128341675
0.8598130941390991
0.8613707423210144
0.8613707423210144
0.8582554459571838
0.8629283308982849
0.8629283308982849
0.8613707423210144
0.8535825610160828
0.8582554459571838
0.8629283308982849
0.8644859790802002
0.8582554459571838
0.855140209197998
0.8598130941390991
0.8676012754440308
0.8676012754440308
0.8598130941390991
0.8535825610160828
0.8473520278930664
0.8395638465881348
0.8489096760749817
0.8473520278930664
0.8535825610160828
0.8489096760749817
0.8473520278930664
0.855140209197998
0.8457943797111511
0.8520249128341675
0.8535825610160828
0.8504672646522522
0.8535825610160828
0.8535825610160828
0.8504672646522522
0.8504672646522522
0.8520249128341675
0.8520249128341675
0.8613707423210144
0.855140209197998
0.8535825610160828
0.8520249128341675
0.8457943797111511
0.855140209197998
0.8504672646522522
0.8535825610160828
0.8598130941390991
0.8582554459571838
0.8535825610160828
0.8489096760749817
0.8426791429519653
0.8395638465881348
0.8535825610160828
0.8520249128341675
0.8520249128341675
0.8535825610160828
0.8348909616470337
0.8489096760749817
0.8333333134651184
0.8535825610160828
0.8598130941390991
0.855140209197998
0.8535825610160828
0.8582554459571838
0.8598130941390991
0.8613707423210144
0.8707165122032166
0.8582554459571838
0.8535825610160828
0.8629283308982849
0.8598130941390991
0.855140209197998
0.8629283308982849
0.8613707423210144
0.8535825610160828
0.8707165122032166
0.8629283308982849
0.8660436272621155
0.8691588640213013
0.8644859790802002
0.8660436272621155
0.855140209197998
0.8582554459571838
0.8520249128341675
0.8566977977752686
0.8629283308982849
0.8566977977752686
0.8660436272621155
0.8582554459571838
0.8613707423210144
0.8613707423210144
0.8644859790802002
0.8613707423210144
0.8676012754440308
0.8676012754440308
0.8644859790802002
0.8753893971443176
0.8691588640213013
0.8629283308982849
0.8707165122032166
0.8629283308982849
0.8676012754440308
0.8489096760749817
0.8660436272621155
0.8644859790802002
0.8629283308982849
0.8769470453262329
0.8582554459571838
0.8566977977752686
0.8535825610160828
0.8582554459571838
0.8566977977752686
0.8644859790802002
0.8613707423210144
0.8582554459571838
0.8644859790802002
0.8598130941390991
0.8598130941390991
0.8489096760749817
0.855140209197998
0.8660436272621155
0.8613707423210144
0.8629283308982849
0.8676012754440308
0.8660436272621155
0.8691588640213013
0.8660436272621155
0.8660436272621155
0.8613707423210144
0.8582554459571838
0.8629283308982849
0.8676012754440308
0.8722741603851318
0.8676012754440308
0.8676012754440308
0.8707165122032166
0.8644859790802002
0.8629283308982849
0.8644859790802002
0.8598130941390991
0.8629283308982849
0.8644859790802002
0.8613707423210144
0.8691588640213013
0.8660436272621155
0.8691588640213013
0.8707165122032166
0.8660436272621155
0.8676012754440308
0.8707165122032166
0.8753893971443176
0.8707165122032166
0.8676012754440308
0.8753893971443176
0.8738317489624023
0.8707165122032166
0.8629283308982849
0.8676012754440308
0.8613707423210144
0.8676012754440308
0.8660436272621155
0.8676012754440308
0.8753893971443176
0.8691588640213013
0.8676012754440308
0.8738317489624023
0.8753893971443176
0.8753893971443176
0.8707165122032166
0.8707165122032166
0.8676012754440308
0.8691588640213013
0.8676012754440308
0.8707165122032166
0.8629283308982849
0.8707165122032166
0.8691588640213013
0.8676012754440308
0.8676012754440308
0.8582554459571838
0.8676012754440308
0.8644859790802002
0.8644859790802002
0.8629283308982849
0.8644859790802002
0.8707165122032166
0.8707165122032166
0.8644859790802002
0.8676012754440308
0.8644859790802002
0.8722741603851318
0.8676012754440308
0.8660436272621155
0.8707165122032166
0.8691588640213013
0.8660436272621155
0.8644859790802002
0.8691588640213013
0.8660436272621155
0.8691588640213013
0.8629283308982849
0.8566977977752686
0.8660436272621155
0.8629283308982849
0.8629283308982849
0.8707165122032166
0.8660436272621155
0.8691588640213013
0.8691588640213013
0.8676012754440308
0.8707165122032166
0.8691588640213013
0.8629283308982849
0.8676012754440308
0.8676012754440308
0.8676012754440308
0.8707165122032166
0.8660436272621155
0.8676012754440308
0.8722741603851318
0.8676012754440308
0.8722741603851318
0.8691588640213013
0.8676012754440308
0.8676012754440308
0.8644859790802002
0.8738317489624023
0.8722741603851318
0.8660436272621155
0.8691588640213013
0.8676012754440308
0.8676012754440308
0.8691588640213013
0.8644859790802002
0.8660436272621155
0.8676012754440308
0.8676012754440308
0.8691588640213013
0.8676012754440308
0.8722741603851318
0.8691588640213013
0.8691588640213013
0.8644859790802002
0.8691588640213013
0.8660436272621155
0.8722741603851318
0.8676012754440308
0.8691588640213013
0.8691588640213013
0.8660436272621155
0.8691588640213013
0.8676012754440308
0.8676012754440308
0.8691588640213013
0.8660436272621155
0.8660436272621155
0.8676012754440308
0.8676012754440308
0.8676012754440308
0.8691588640213013
0.8691588640213013
0.8676012754440308
0.8660436272621155
0.8676012754440308
0.8676012754440308
0.8676012754440308
0.8676012754440308
0.8707165122032166
0.8598130941390991
0.8691588640213013
0.8676012754440308
0.8691588640213013
0.8707165122032166
0.8691588640213013
0.8722741603851318
0.8613707423210144
0.8676012754440308
0.8691588640213013
0.8644859790802002
0.8676012754440308
0.8660436272621155
0.8660436272621155
0.8691588640213013
0.8691588640213013
0.8660436272621155
0.8676012754440308
0.8676012754440308
0.8660436272621155
0.8660436272621155
0.8691588640213013
0.8707165122032166
0.8707165122032166
0.8691588640213013
0.8691588640213013
0.8660436272621155
0.8660436272621155
0.8707165122032166
0.8691588640213013
0.8660436272621155
0.8691588640213013
0.8644859790802002
0.8676012754440308
0.8691588640213013
0.8691588640213013
0.8644859790802002
0.8691588640213013
0.8738317489624023
0.8676012754440308
0.8707165122032166
0.8660436272621155
0.8691588640213013
0.8707165122032166
0.8676012754440308
0.8676012754440308
0.8691588640213013
0.8691588640213013
0.8691588640213013
0.8676012754440308
0.8676012754440308
0.8660436272621155
0.8676012754440308
0.8660436272621155
0.8660436272621155
0.8676012754440308
0.8676012754440308
0.8676012754440308
0.8660436272621155
0.8707165122032166
0.8676012754440308
0.8676012754440308
0.8676012754440308
0.8691588640213013
0.8676012754440308
0.8660436272621155
0.8676012754440308
0.8676012754440308
0.8676012754440308
0.8676012754440308
0.8676012754440308
0.8707165122032166
0.8660436272621155
0.8676012754440308
0.8691588640213013
0.8660436272621155
0.8660436272621155
0.8691588640213013
0.8691588640213013
0.8660436272621155
0.8660436272621155
0.8676012754440308
0.8660436272621155
0.8676012754440308
0.8676012754440308
0.8660436272621155
0.8660436272621155
0.8707165122032166
0.8738317489624023
0.8722741603851318
0.8676012754440308
0.8691588640213013
0.8676012754440308
0.8691588640213013
0.8644859790802002
0.8722741603851318
0.8691588640213013
0.8691588640213013
0.8676012754440308
0.8629283308982849
0.8676012754440308
0.8676012754440308
0.8676012754440308
0.8676012754440308
0.8707165122032166
0.8691588640213013
0.8691588640213013
0.8676012754440308
0.8691588640213013
0.8660436272621155
0.8644859790802002
0.8676012754440308
0.8691588640213013
0.8676012754440308
0.8676012754440308
0.8676012754440308
0.8676012754440308
0.8676012754440308
0.8691588640213013
0.8676012754440308
0.8676012754440308
0.8660436272621155
0.8691588640213013
0.8676012754440308
0.8676012754440308
0.8660436272621155
0.8676012754440308
0.8707165122032166
0.8660436272621155
0.8660436272621155
0.8676012754440308
0.8676012754440308
0.8691588640213013
0.8691588640213013
0.8691588640213013
0.8660436272621155
0.8660436272621155
0.8691588640213013
0.8676012754440308
0.8660436272621155
0.8644859790802002
0.8691588640213013
0.8676012754440308
0.8660436272621155
0.8660436272621155
0.8676012754440308
0.8676012754440308
0.8676012754440308
0.8676012754440308
0.8676012754440308
0.8691588640213013
0.8676012754440308
0.8644859790802002
0.8644859790802002
0.8660436272621155
0.8676012754440308
0.8660436272621155
0.8676012754440308
0.8691588640213013
0.8691588640213013
0.8691588640213013
0.8676012754440308
0.8707165122032166
0.8676012754440308
0.8691588640213013
0.8691588640213013
0.8676012754440308
0.8676012754440308
0.8676012754440308
0.8691588640213013
0.8691588640213013
0.8722741603851318
0.8722741603851318
0.8722741603851318
0.8738317489624023
0.8707165122032166
0.8691588640213013
0.8691588640213013
0.8676012754440308
0.8691588640213013
0.8707165122032166
0.8738317489624023
0.8738317489624023
0.8691588640213013
0.8676012754440308
0.8691588640213013
0.8691588640213013
0.8676012754440308
0.8691588640213013
0.8691588640213013
0.8676012754440308
0.8660436272621155
0.8676012754440308
0.8691588640213013
0.8691588640213013
0.8691588640213013
0.8676012754440308
0.8676012754440308
0.8660436272621155
0.8691588640213013
0.8660436272621155
0.8676012754440308
0.8691588640213013
0.8676012754440308
0.8691588640213013
0.8676012754440308
0.8676012754440308
0.8676012754440308
0.8676012754440308
0.8676012754440308
0.8676012754440308
0.8691588640213013
0.8676012754440308
0.8676012754440308
0.8676012754440308
0.8691588640213013
0.8691588640213013
0.8676012754440308
0.8676012754440308
0.8691588640213013
0.8691588640213013
0.8676012754440308
0.8660436272621155
0.8660436272621155
0.8660436272621155
0.8660436272621155
0.8644859790802002
0.8660436272621155
0.8660436272621155
0.8691588640213013
0.8644859790802002
0.8691588640213013
0.8676012754440308
0.8691588640213013
0.8676012754440308
0.8644859790802002
0.8691588640213013
0.8660436272621155
0.8691588640213013
0.8676012754440308
