2.04471755027771
1.1820380687713623
0.7189244627952576
0.7225416898727417
0.696188747882843
0.6826762557029724
0.685906171798706
0.6875510811805725
0.6813510656356812
0.6790976524353027
0.6956509947776794
0.6793038249015808
0.6763356328010559
0.6769928336143494
0.6738495826721191
0.6743501424789429
0.6733609437942505
0.6780630350112915
0.6752093434333801
0.6720771193504333
0.6673365831375122
0.6661698222160339
0.6734927892684937
0.6669196486473083
0.6743587255477905
0.6651924848556519
0.676856279373169
0.6729242205619812
0.6663432121276855
0.6628019213676453
0.6607914566993713
0.6560631990432739
0.655976414680481
0.6744667887687683
0.661530613899231
0.6585082411766052
0.6502383947372437
0.6486082673072815
0.6531757712364197
0.6476972699165344
0.6470458507537842
0.6456600427627563
0.6434293985366821
0.6428675651550293
0.6419845819473267
0.641140341758728
0.6409391760826111
0.6528574824333191
0.6392155289649963
0.6396802663803101
0.646521806716919
0.6411353349685669
0.6457158923149109
0.6380175352096558
0.640621542930603
0.6290911436080933
0.6300385594367981
0.6291626691818237
0.6246448159217834
0.6222847700119019
0.6209329962730408
0.6217625141143799
0.6419382095336914
0.6239317059516907
0.6162105798721313
0.6127344369888306
0.6150549054145813
0.6122706532478333
0.610670804977417
0.6082561612129211
0.605697751045227
0.605832576751709
0.6040802597999573
0.6024428606033325
0.6075866222381592
0.6019816994667053
0.6018480062484741
0.595636785030365
0.6003972887992859
0.5983148813247681
0.5910975933074951
0.5872092843055725
0.5997241139411926
0.5849688649177551
0.5855126976966858
0.5869933366775513
0.5823639035224915
0.5791084170341492
0.5821505784988403
0.5763879418373108
0.5754725933074951
0.5798358917236328
0.5701686143875122
0.5656805038452148
0.5665709376335144
0.5626876950263977
0.5728253722190857
0.5584853887557983
0.5581285357475281
0.5592707991600037
0.5548076629638672
0.5512241125106812
0.559356689453125
0.5561908483505249
0.5700084567070007
0.5551824569702148
0.5525553822517395
0.5580031871795654
0.5468093156814575
0.5550113320350647
0.5542090535163879
0.537895917892456
0.5338044166564941
0.5366784930229187
0.5379965901374817
0.5279221534729004
0.5204991698265076
0.5222537517547607
0.5251843333244324
0.5154963731765747
0.5161877274513245
0.5132737755775452
0.5137364864349365
0.5100637078285217
0.5063852071762085
0.5035405158996582
0.5214706659317017
0.5029217004776001
0.49752745032310486
0.49691450595855713
0.4948873221874237
0.4905072748661041
0.4869959354400635
0.48580434918403625
0.4857369363307953
0.4820519685745239
0.48430854082107544
0.4873609244823456
0.4811621308326721
0.4730857312679291
0.4808022677898407
0.47088518738746643
0.4679844081401825
0.4668780565261841
0.463034987449646
0.4671475291252136
0.4641222059726715
0.4573352336883545
0.46771734952926636
0.47497060894966125
0.46064022183418274
0.45159512758255005
0.4497731924057007
0.4646196663379669
0.4689037799835205
0.4641271233558655
0.4590268135070801
0.440956175327301
0.44047603011131287
0.4413469135761261
0.44906553626060486
0.4545826315879822
0.4541610777378082
0.44747111201286316
0.4342877268791199
0.4601772129535675
0.43422365188598633
0.43007177114486694
0.431428998708725
0.4296451807022095
0.4282568693161011
0.4238206148147583
0.4244408905506134
0.4247715473175049
0.4218239486217499
0.42033153772354126
0.42068183422088623
0.41969770193099976
0.4178394079208374
0.42204490303993225
0.42189234495162964
0.4299572706222534
0.4201047420501709
0.41862305998802185
0.41135260462760925
0.4131370782852173
0.41190603375434875
0.4094557762145996
0.41825005412101746
0.4192590117454529
0.4133386015892029
0.4072874188423157
0.41148898005485535
0.424858033657074
0.4048512279987335
0.4155467450618744
0.403163880109787
0.4070608615875244
0.4013664722442627
0.40104353427886963
0.40626510977745056
0.4056573808193207
0.4311642348766327
0.421164870262146
0.39972785115242004
0.4115345776081085
0.39981046319007874
0.40596017241477966
0.3992120325565338
0.41351351141929626
0.4033397436141968
0.3964323401451111
0.39777231216430664
0.4335706830024719
0.3954166769981384
0.400675505399704
0.39352622628211975
0.39630815386772156
0.3928746283054352
0.3927207291126251
0.3941592276096344
0.3950606882572174
0.3911239802837372
0.39108458161354065
0.3908516764640808
0.3911597728729248
0.39404648542404175
0.3891676962375641
0.4037829339504242
0.39374619722366333
0.3893059492111206
0.4046308994293213
0.4057633876800537
0.3908482491970062
0.3875924348831177
0.3945047855377197
0.38474422693252563
0.3852320909500122
0.3933449387550354
0.3999095559120178
0.45611771941185
0.4048351049423218
0.38941797614097595
0.38624295592308044
0.38252002000808716
0.43022066354751587
0.3891657888889313
0.380825400352478
0.3835815191268921
0.3808281421661377
0.3985639810562134
0.39268234372138977
0.3837744891643524
0.3796907365322113
0.37813809514045715
0.3884507119655609
0.387050986289978
0.3890843093395233
0.3783668577671051
0.3922986388206482
0.3799341320991516
0.3783937096595764
0.3908446729183197
0.3843812942504883
0.37828490138053894
0.384039044380188
0.3782469928264618
0.37478989362716675
0.37566331028938293
0.37499943375587463
0.3768876791000366
0.3743613660335541
0.3745388388633728
0.3977658152580261
0.38113996386528015
0.37578728795051575
0.37786760926246643
0.37801772356033325
0.4397656321525574
0.4172402322292328
0.3921970725059509
0.37621328234672546
0.3781047463417053
0.37326303124427795
0.37159544229507446
0.3732127249240875
0.3710089325904846
0.3700314462184906
0.3707658648490906
0.37127774953842163
0.37846639752388
0.37288281321525574
0.37207603454589844
0.3698504567146301
0.3896830976009369
0.3709213137626648
0.36862775683403015
0.38026162981987
0.3674897849559784
0.36973732709884644
0.36728742718696594
0.37365224957466125
0.37234944105148315
0.3736993670463562
0.37033477425575256
0.36707475781440735
0.38040560483932495
0.37978675961494446
0.3770451843738556
0.3675992786884308
0.36581704020500183
0.36486849188804626
0.369411438703537
0.3676828145980835
0.365136981010437
0.37127867341041565
0.3656689524650574
0.36425384879112244
0.36754000186920166
0.36542844772338867
0.37032318115234375
0.37480583786964417
0.39185577630996704
0.3675828278064728
0.3636249899864197
0.36341604590415955
0.36330127716064453
0.3671559691429138
0.3763868510723114
0.3751116693019867
0.3665473163127899
0.36524248123168945
0.3636150360107422
0.37386175990104675
0.3708014190196991
0.40871527791023254
0.36799198389053345
0.3617567718029022
0.37202319502830505
0.36613544821739197
0.3830500543117523
0.361223965883255
0.3635701835155487
0.3605722188949585
0.35971522331237793
0.4055173993110657
0.3733554482460022
0.3618464767932892
0.3608963191509247
0.36091190576553345
0.36170250177383423
0.36047834157943726
0.3591691851615906
0.3618185818195343
0.364345520734787
0.3623979389667511
0.3650957942008972
0.39431264996528625
0.38015061616897583
0.36390992999076843
0.35960450768470764
0.35912591218948364
0.358667254447937
0.3614884316921234
0.40594545006752014
0.37600526213645935
0.3700883686542511
0.37639763951301575
0.36347487568855286
0.35856810212135315
0.3612835705280304
0.35812053084373474
0.35851413011550903
0.3570230007171631
0.3593084514141083
0.3558659851551056
0.3563082218170166
0.35622307658195496
0.35809633135795593
0.3726544678211212
0.3644988238811493
0.3640460968017578
0.35641565918922424
0.356171190738678
0.41898325085639954
0.4104944169521332
0.37729087471961975
0.36466526985168457
0.3573729395866394
0.3576793372631073
0.35397791862487793
0.35362279415130615
0.3542690873146057
0.40305885672569275
0.3936344385147095
0.36328738927841187
0.357075959444046
0.3627249300479889
0.357237845659256
0.35636839270591736
0.3553692102432251
0.35380056500434875
0.3568871021270752
0.35491421818733215
0.37731191515922546
0.3606348931789398
0.3510049283504486
0.3665582239627838
0.3612542450428009
0.36034923791885376
0.3560126721858978
0.3541453778743744
0.353838711977005
0.3554338216781616
0.3683598041534424
0.35827964544296265
0.3568790853023529
0.3580258786678314
0.3760671615600586
0.3549286425113678
0.3560183644294739
0.3507416844367981
0.35168221592903137
0.35469093918800354
0.35397762060165405
0.350168377161026
0.35814693570137024
0.35293295979499817
0.35502851009368896
0.35107019543647766
0.35578611493110657
0.3498634397983551
0.3676120936870575
0.3523015081882477
0.35265132784843445
0.3517259955406189
0.3508567214012146
0.35234227776527405
0.34926438331604004
0.35712912678718567
0.3542289733886719
0.3513837456703186
0.34911859035491943
0.35001981258392334
0.3769490718841553
0.36630916595458984
0.35222065448760986
0.388834148645401
0.35353726148605347
0.4181690216064453
0.3697928190231323
0.35986238718032837
0.3470999598503113
0.36650335788726807
0.35480451583862305
0.35257288813591003
0.3476316034793854
0.35156166553497314
0.3499290347099304
0.35014989972114563
0.35947075486183167
0.3672220706939697
0.37730672955513
0.3596222996711731
0.35306596755981445
0.34797123074531555
0.35445162653923035
0.3484313488006592
0.3548177182674408
0.3485979437828064
0.35062018036842346
0.3552534878253937
0.35199615359306335
0.3484659194946289
0.35231831669807434
0.34843990206718445
0.34603115916252136
0.36103555560112
0.38857483863830566
0.35999152064323425
0.34887686371803284
0.3481769561767578
0.34519168734550476
0.34573960304260254
0.34858182072639465
0.34602490067481995
0.3454225957393646
0.4072130024433136
0.3682933449745178
0.3502514362335205
0.3658751845359802
0.34439197182655334
0.34306013584136963
0.3503362834453583
0.3451286256313324
0.35092443227767944
0.34861260652542114
0.3529397249221802
0.34721696376800537
0.35957154631614685
0.3463650345802307
0.3461369574069977
0.3553221821784973
0.3508843183517456
0.3449023962020874
0.3762105405330658
0.34969183802604675
0.34511199593544006
0.3473780155181885
0.34411296248435974
0.3443504571914673
0.3423323929309845
0.34229761362075806
0.3470478653907776
0.34360334277153015
0.3421236574649811
0.36140409111976624
0.34548521041870117
0.34270888566970825
0.3431522250175476
0.35679545998573303
0.34440627694129944
0.3456149995326996
0.3426325023174286
0.346406489610672
0.3441837728023529
0.3602159917354584
0.3413800895214081
0.34684208035469055
0.34129244089126587
0.3471547067165375
0.34477460384368896
0.3422558605670929
0.3462415635585785
0.34194397926330566
0.34004175662994385
0.34129002690315247
0.34320464730262756
0.34524476528167725
0.3400735855102539
0.3415798544883728
0.34273526072502136
0.3580949604511261
0.3456905782222748
0.3415578305721283
0.3453197181224823
0.39410561323165894
0.4417957663536072
0.4045288860797882
0.36080068349838257
0.3462451100349426
0.34074145555496216
0.3419492840766907
0.3391881585121155
0.33867233991622925
0.3416353166103363
0.35361307859420776
0.33866605162620544
0.3417680561542511
0.34390223026275635
0.3429001569747925
0.3515810966491699
0.37881866097450256
0.35290610790252686
0.3401006758213043
0.3402472138404846
0.3423272371292114
0.33959609270095825
0.346847802400589
0.3439263105392456
0.34121617674827576
0.3711146414279938
0.38131144642829895
0.3542158305644989
0.345601886510849
0.3461700975894928
0.34336602687835693
0.3454939126968384
0.3421957790851593
0.3468795120716095
0.3429393172264099
0.3456520140171051
0.3473277986049652
0.34313490986824036
0.3415113687515259
0.33997949957847595
0.36480987071990967
0.3463636636734009
0.3383907675743103
0.34325164556503296
0.3369414508342743
0.337393194437027
0.3369982838630676
0.3501211404800415
0.33703795075416565
0.3608843982219696
0.33635014295578003
0.3369908034801483
0.3395746648311615
0.33343085646629333
0.3350685238838196
0.33747628331184387
0.3347282409667969
0.3426917791366577
0.34406837821006775
0.3343978822231293
0.3484317362308502
0.38765662908554077
0.34435951709747314
0.3388010561466217
0.3348689675331116
0.3385744094848633
0.3447859287261963
0.33880817890167236
0.35673636198043823
0.3414815068244934
0.3511413037776947
0.37183913588523865
0.35521024465560913
0.34167397022247314
0.3905560374259949
0.3911234140396118
0.34530937671661377
0.3682754635810852
0.33524787425994873
0.33661118149757385
0.33560290932655334
0.33639347553253174
0.33722254633903503
0.34846025705337524
0.3397400379180908
0.3346569240093231
0.3441779315471649
0.3466016948223114
0.3515881597995758
0.33517321944236755
0.338094025850296
0.3366016745567322
0.3354123532772064
0.3433263897895813
0.3361414074897766
0.3378177881240845
0.3453812301158905
0.3468219041824341
0.33473333716392517
0.3359648287296295
0.334568053483963
0.3338721990585327
0.33491283655166626
0.3366028368473053
0.3392450511455536
0.3349758982658386
0.34534206986427307
0.3312491178512573
0.33563828468322754
0.33309173583984375
0.33732447028160095
0.34754106402397156
0.33517855405807495
0.3587857186794281
0.34215155243873596
0.33835116028785706
0.3328903913497925
0.33427783846855164
0.3379775881767273
0.3339995741844177
0.3642498850822449
0.3350074887275696
0.3569689095020294
0.3366856575012207
0.3397215008735657
0.3305831551551819
0.33231121301651
0.3311372697353363
0.3352341055870056
0.33314192295074463
0.3314902186393738
0.33243104815483093
0.3316209018230438
0.3311211168766022
0.3937683403491974
0.33846360445022583
0.3418450951576233
0.3309306800365448
0.3634079694747925
0.33352336287498474
0.3315048813819885
0.33248695731163025
0.33371502161026
0.33869025111198425
0.3805697560310364
0.3576918840408325
0.33317914605140686
0.3328055739402771
0.33698874711990356
0.3322962820529938
0.3306964933872223
0.3662165701389313
0.3527485132217407
0.34058523178100586
0.3412192165851593
0.33301660418510437
0.3333456516265869
0.3327729105949402
0.33166801929473877
0.3735875189304352
0.34978190064430237
0.33520856499671936
0.33177250623703003
0.33129680156707764
0.33072221279144287
0.3310047388076782
0.330871045589447
0.3311830163002014
0.3350908160209656
0.3300444483757019
0.33317500352859497
0.3329930901527405
0.3326788544654846
0.33607831597328186
0.34300708770751953
0.33547013998031616
0.32961079478263855
0.33145245909690857
0.3314768373966217
0.33107680082321167
0.3676694631576538
0.3280307948589325
0.32973796129226685
0.33215096592903137
0.33090510964393616
0.32953187823295593
0.3351551294326782
0.3615884780883789
0.33382001519203186
0.33768078684806824
0.3316586911678314
0.37911278009414673
0.33510783314704895
0.3347781300544739
0.33205392956733704
0.3467451333999634
0.33677613735198975
0.33783164620399475
0.33738574385643005
0.3293822705745697
0.3305166959762573
0.3504027724266052
0.3494321405887604
0.43065550923347473
0.33379000425338745
0.3363594114780426
0.3468305468559265
0.38948488235473633
0.3548806309700012
0.33295682072639465
0.3368385136127472
0.32846158742904663
0.33195629715919495
0.33015286922454834
0.32949528098106384
0.3727371394634247
0.32876670360565186
0.340834379196167
0.331836462020874
0.33034971356391907
0.3296548128128052
0.32999786734580994
0.33251452445983887
0.32902991771698
0.3284417688846588
0.34275704622268677
0.3368574380874634
0.35481807589530945
0.33094221353530884
0.32834386825561523
0.33039066195487976
0.33135339617729187
0.33013856410980225
0.3340289294719696
0.33406612277030945
0.33430686593055725
0.32896700501441956
0.3312702775001526
0.3345937728881836
0.3277994394302368
0.3284510374069214
0.3310626745223999
0.3315296471118927
0.33785346150398254
0.3359869718551636
0.35204434394836426
0.3355986475944519
0.32919180393218994
0.3466709554195404
0.33263054490089417
0.3345942497253418
0.3311142921447754
0.3283034861087799
0.3336235582828522
0.330304354429245
0.33084040880203247
0.33716389536857605
0.32816553115844727
0.34238025546073914
0.3285197913646698
0.3290918469429016
0.32731330394744873
0.328971803188324
0.33783286809921265
0.39736229181289673
0.3364599347114563
0.3311271667480469
0.33201852440834045
0.3301667869091034
0.3326387405395508
0.32941335439682007
0.3293856382369995
0.32839706540107727
0.32697033882141113
0.32723870873451233
0.3323987126350403
0.3271911144256592
0.3356117904186249
0.35543522238731384
0.43523913621902466
0.35942402482032776
0.33652639389038086
0.3351888060569763
0.3302803039550781
0.32691794633865356
0.3298059403896332
0.3278414309024811
0.32901880145072937
0.32718342542648315
0.33863309025764465
0.32829299569129944
0.33125895261764526
0.3377971351146698
0.33159151673316956
0.3286650478839874
0.3277703821659088
0.32891446352005005
0.3287217617034912
0.3266103267669678
0.3285284638404846
0.3305169641971588
0.3290075361728668
0.3285992741584778
0.3749324083328247
0.39169737696647644
0.3352699279785156
0.3695729970932007
0.35327669978141785
0.3341895043849945
0.33052757382392883
0.3286825716495514
0.3288302421569824
0.3334869146347046
0.3262970447540283
0.3317388892173767
0.33063793182373047
0.32674339413642883
0.33044928312301636
0.32873353362083435
0.3313135504722595
0.32763218879699707
0.32702183723449707
0.32708287239074707
0.3275842070579529
0.3268086910247803
0.3271312713623047
0.3263934254646301
0.335273802280426
0.33779463171958923
0.335866779088974
0.3263610303401947
0.32845965027809143
0.3272198736667633
0.32670295238494873
0.32706552743911743
0.34618619084358215
0.36630386114120483
0.3327203691005707
0.3616025745868683
0.3378985524177551
0.324001669883728
0.3285129964351654
0.33684107661247253
0.3274100124835968
0.32726266980171204
0.32752737402915955
0.3286212086677551
0.36980393528938293
0.32860660552978516
0.3250931203365326
0.32933446764945984
0.3426823914051056
0.35425007343292236
0.32619696855545044
0.3384040594100952
0.32762715220451355
0.33506131172180176
0.35179534554481506
0.3274080455303192
0.3288075029850006
0.3534756600856781
0.3303301930427551
0.327107310295105
0.3257755935192108
0.3292635977268219
0.3290768265724182
0.32569220662117004
0.3277679979801178
0.3264707922935486
0.32558882236480713
0.3285532593727112
0.32720521092414856
0.32700133323669434
0.32614174485206604
0.32552415132522583
0.3260594308376312
0.3244690001010895
0.3263799250125885
0.32640379667282104
0.32549038529396057
0.32557806372642517
0.32974424958229065
0.3298654556274414
0.326382040977478
0.32909882068634033
0.32652947306632996
0.3252379298210144
0.3235239088535309
0.3269023895263672
0.32514631748199463
0.3279266357421875
0.3251875936985016
0.32555654644966125
0.3318532407283783
0.3279114365577698
0.3259885609149933
0.3264301121234894
0.3266347646713257
0.32579806447029114
0.3298441469669342
0.3254859447479248
0.32557156682014465
0.3524302840232849
0.34189480543136597
0.33363407850265503
0.3280189335346222
0.3245463967323303
0.3271635174751282
0.32933947443962097
0.3259791433811188
0.32553809881210327
0.32853734493255615
0.3277275860309601
0.3260117173194885
0.32446426153182983
0.32646995782852173
0.3249503970146179
0.3254324495792389
0.3243694305419922
0.3241792917251587
0.3260515034198761
0.32707759737968445
0.32783377170562744
0.344821572303772
0.32958608865737915
0.32915860414505005
0.32534608244895935
0.3254900872707367
0.3408204913139343
0.3270386755466461
0.32804277539253235
0.32545021176338196
0.3327138125896454
0.3304736316204071
0.32594090700149536
0.32581496238708496
0.330269992351532
0.3394089341163635
0.3441393971443176
0.33036866784095764
0.32987135648727417
0.32915472984313965
0.3282720148563385
0.32851216197013855
0.32753077149391174
0.3266153931617737
0.32737016677856445
0.3273337781429291
0.3255731165409088
0.3294127881526947
0.3228711187839508
0.3267015218734741
0.32601362466812134
0.3247032165527344
0.33190810680389404
0.3292192220687866
0.32599586248397827
0.3252996802330017
0.324275940656662
0.32445991039276123
0.3265581727027893
0.3525850474834442
0.32732924818992615
0.33827731013298035
0.3250564932823181
0.32406437397003174
0.32567718625068665
0.3571713864803314
0.32953140139579773
0.3279736042022705
0.3266187906265259
0.3431394398212433
0.33358901739120483
0.3246982991695404
0.32718348503112793
0.3265128433704376
0.3248743712902069
0.32405003905296326
0.32566916942596436
0.32488980889320374
0.3279540240764618
0.3286946713924408
0.3240644633769989
0.32883313298225403
0.32715320587158203
0.32945144176483154
0.32583943009376526
0.3264040946960449
0.3330236077308655
0.3306257128715515
0.3262772262096405
0.3300788402557373
0.3312767744064331
0.3273707330226898
0.3238711357116699
0.3249244689941406
0.3241075575351715
0.3240019381046295
0.33032140135765076
0.3283475339412689
0.324485719203949
0.32494494318962097
0.3246126174926758
0.32433366775512695
0.3240048885345459
0.32431259751319885
0.3245348334312439
0.3243163824081421
0.324957937002182
0.32438793778419495
0.3252274990081787
0.32480114698410034
0.3254910409450531
0.3259079158306122
0.3283311128616333
0.32922157645225525
0.32747504115104675
0.326578825712204
0.32706543803215027
0.32535380125045776
0.3248698115348816
0.32480230927467346
0.3239637017250061
0.3241942822933197
0.3243987560272217
0.32401397824287415
0.32415279746055603
0.32410764694213867
0.32373201847076416
0.3244191110134125
0.324148952960968
0.3245880901813507
0.3243655860424042
0.3240540325641632
0.32466042041778564
0.3242313265800476
0.324455201625824
0.3244365155696869
0.325779527425766
0.32642340660095215
0.3236408233642578
0.3241974711418152
0.3243559002876282
0.32528969645500183
0.32837510108947754
0.3263316750526428
0.3230767846107483
0.3247285485267639
0.32834920287132263
0.3275296986103058
0.3283274471759796
0.3275671899318695
0.3267905116081238
0.3276897966861725
0.3276013731956482
0.32646334171295166
0.3343607187271118
0.3365110158920288
0.32654398679733276
0.324995756149292
0.3261130154132843
0.32466256618499756
0.32435142993927
0.3249087333679199
0.3292539417743683
0.32432663440704346
0.32594382762908936
0.32566580176353455
0.3242749869823456
0.32398128509521484
0.3241047263145447
0.3238721191883087
0.32391566038131714
0.3241064250469208
0.3237431049346924
0.3243161141872406
0.3236015737056732
0.3247489035129547
0.3243088126182556
0.3236413300037384
0.3236543834209442
0.3254566192626953
0.3242567777633667
0.32517388463020325
0.32471197843551636
0.3242088258266449
0.3240091800689697
0.32479530572891235
0.32731783390045166
0.32536235451698303
0.3241848945617676
0.3243359625339508
0.3247450888156891
0.32431718707084656
0.325893759727478
0.33015555143356323
0.32630202174186707
0.3237317204475403
0.32371410727500916
0.3238002061843872
0.32384756207466125
0.32491257786750793
0.3291969895362854
0.32492348551750183
0.3237842619419098
0.3237115442752838
0.3238339126110077
0.3237916827201843
0.3242255747318268
0.3237919211387634
0.3245222568511963
0.32477661967277527
0.3249707520008087
0.32409006357192993
0.32406386733055115
0.32526251673698425
0.3240068554878235
0.3245420753955841
0.32361099123954773
0.3238508999347687
0.3237002491950989
0.3237619698047638
0.32541483640670776
0.3243304491043091
0.32376936078071594
0.3239540755748749
0.32374250888824463
0.3241598606109619
0.3239479959011078
0.32356691360473633
0.3245258033275604
0.3242538273334503
0.32529425621032715
0.3239870071411133
0.32335129380226135
0.3240755498409271
0.3234744071960449
0.3245747685432434
0.32379215955734253
0.32364314794540405
0.32452741265296936
0.32335716485977173
0.3243391215801239
0.3235797584056854
0.32401469349861145
0.3249565064907074
0.325823038816452
0.3243458569049835
0.32354459166526794
0.32381677627563477
0.32438260316848755
0.32404249906539917
0.3242626190185547
0.3237527012825012
0.32357507944107056
0.3237835168838501
0.3234669268131256
0.32375234365463257
0.32389968633651733
0.32405000925064087
0.3238019645214081
0.32370904088020325
0.3249780833721161
0.32726433873176575
0.3269173800945282
0.32540270686149597
0.3241364061832428
0.3244403004646301
0.3233514130115509
0.3237215280532837
0.3233644366264343
0.3237190544605255
0.32361453771591187
0.3235641419887543
0.32351014018058777
0.3235222101211548
0.32369571924209595
0.3259977400302887
0.32801303267478943
0.3269261419773102
0.3234096169471741
0.3238963484764099
0.32408350706100464
0.32403266429901123
0.32385605573654175
0.3234715759754181
0.32408395409584045
0.3240238428115845
0.32349729537963867
0.32358208298683167
0.3236621022224426
0.32377442717552185
0.3238079845905304
0.3237375020980835
0.3236476182937622
0.3241361379623413
0.32414376735687256
0.32366976141929626
0.3233520984649658
0.3245617151260376
0.3243218958377838
0.3236578702926636
0.3244606554508209
0.3238246738910675
0.3234442472457886
0.32400745153427124
0.32481178641319275
0.3254362642765045
0.32500889897346497
0.324398398399353
0.3235921859741211
0.3237447738647461
0.32406458258628845
0.32461288571357727
0.3246254622936249
0.32415226101875305
0.3240284025669098
0.3237638473510742
0.3236519694328308
0.3237875699996948
0.3238355815410614
0.32364484667778015
0.3236604630947113
0.323578417301178
0.3236912786960602
0.3241981267929077
0.32346081733703613
0.3234953284263611
0.3234795033931732
0.32348552346229553
0.3235207200050354
0.32346007227897644
0.32393041253089905
0.32377785444259644
0.3237597644329071
0.32350611686706543
0.3235584497451782
0.32344910502433777
0.323407381772995
0.32357287406921387
0.32356590032577515
0.3237558901309967
0.324085533618927
0.3233566880226135
0.32455405592918396
0.325388103723526
0.3250085115432739
0.324129194021225
0.323733925819397
0.32305124402046204
0.3234611451625824
0.32327061891555786
0.3236900568008423
0.3238760232925415
0.32347527146339417
0.32344725728034973
0.3242914080619812
0.3283992111682892
0.33224236965179443
0.3307710587978363
0.32491955161094666
0.32345739006996155
0.32360878586769104
0.323611855506897
0.3235103189945221
0.323760449886322
0.3238133192062378
0.3240008056163788
