8.94975471496582
1.9489487409591675
1.3737140893936157
0.8656957745552063
0.7070192694664001
0.662498414516449
0.660221517086029
0.6519370675086975
0.6558841466903687
0.6523603200912476
0.6235777139663696
0.6306731104850769
0.6215933561325073
0.631266713142395
0.6450675129890442
0.6649194359779358
0.6745941042900085
0.6530212163925171
0.6258574724197388
0.6210644245147705
0.5944274663925171
0.6238831877708435
0.5904920101165771
0.5883257389068604
0.5763062834739685
0.592081606388092
0.5622592568397522
0.5767079591751099
0.5893809795379639
0.5593634247779846
0.5635286569595337
0.5639441609382629
0.5728932023048401
0.5910035967826843
0.576142430305481
0.57022625207901
0.5589616894721985
0.534996747970581
0.5350013375282288
0.5433555245399475
0.5203905701637268
0.5377454161643982
0.556603729724884
0.5222024321556091
0.5452755689620972
0.505821704864502
0.5132789611816406
0.5202382206916809
0.5616282820701599
0.5025341510772705
0.5070823431015015
0.4957299530506134
0.6207250356674194
0.5458601713180542
0.5274053812026978
0.496898889541626
0.4892844259738922
0.5368747711181641
0.4822878837585449
0.4769219160079956
0.47677090764045715
0.4796057939529419
0.487194687128067
0.4696475565433502
0.4887056052684784
0.49467092752456665
0.4786180257797241
0.48797592520713806
0.539621889591217
0.4678843319416046
0.7001836895942688
0.7642958760261536
0.4896124303340912
0.47247546911239624
0.4482462704181671
0.44840773940086365
0.5041828751564026
0.4506065249443054
0.5431045293807983
0.5243525505065918
0.5227545499801636
0.4681321978569031
0.47820356488227844
0.43955835700035095
0.43890827894210815
0.44538649916648865
0.4429991543292999
0.4688008725643158
0.44115468859672546
0.4565592110157013
0.4722867012023926
0.43242233991622925
0.43193843960762024
0.43108972907066345
0.4289472699165344
0.4261913299560547
0.4412802755832672
0.44566279649734497
0.42743831872940063
0.4223310649394989
0.4251060485839844
0.4325670897960663
0.4490683078765869
0.425783634185791
0.4286167621612549
0.4157216250896454
0.4503738582134247
0.42548540234565735
0.4141561985015869
0.4211585521697998
0.42379432916641235
0.4538591802120209
0.4625474214553833
0.4076894521713257
0.42176541686058044
0.41219452023506165
0.4202801585197449
0.4102613627910614
0.4959603250026703
0.41172948479652405
0.42270514369010925
0.4100472927093506
0.40735548734664917
0.417169451713562
0.4652765989303589
0.4194939136505127
0.5117105841636658
0.4046141803264618
0.4071294069290161
0.42043498158454895
0.40219125151634216
0.3974686563014984
0.39849066734313965
0.4085623025894165
0.46738719940185547
0.4111415445804596
0.3974325358867645
0.42029911279678345
0.4110412001609802
0.4779641330242157
0.41935816407203674
0.42863768339157104
0.48473331332206726
0.5397194027900696
0.403590589761734
0.4639378786087036
0.40548834204673767
0.3901028037071228
0.3897970914840698
0.43127599358558655
0.5142859816551208
0.4766712486743927
0.4023401439189911
0.39374807476997375
0.4030835032463074
0.39071181416511536
0.44022804498672485
0.43063345551490784
0.4156552255153656
0.39193055033683777
0.4599263370037079
0.4521598517894745
0.38415950536727905
0.3821086585521698
0.3820834755897522
0.3891776502132416
0.5052939653396606
0.4804125130176544
0.4366101324558258
0.4313398599624634
0.41282030940055847
0.41150930523872375
0.39673081040382385
0.39091452956199646
0.383292555809021
0.38969799876213074
0.420668363571167
0.39670342206954956
0.37763041257858276
0.38283824920654297
0.38144442439079285
0.3830547034740448
0.4029242992401123
0.37762829661369324
0.3968513309955597
0.3922516107559204
0.39579007029533386
0.38974496722221375
0.3978627622127533
0.6335445642471313
0.4424564838409424
0.435240238904953
0.4412568509578705
0.38876351714134216
0.37545260787010193
0.4778657853603363
0.4178520441055298
0.4065101742744446
0.3830036222934723
0.38426363468170166
0.38257932662963867
0.38165730237960815
0.37488996982574463
0.3988010585308075
0.42010417580604553
0.3820405602455139
0.37302884459495544
0.37314361333847046
0.4169454276561737
0.4405166804790497
0.37364402413368225
0.3855229914188385
0.4754599630832672
0.3761422634124756
0.46329596638679504
0.4024113118648529
0.42862579226493835
0.46697428822517395
0.40521368384361267
0.3702276945114136
0.5255159735679626
0.4080978333950043
0.37729182839393616
0.38100337982177734
0.384282648563385
0.4025648832321167
0.3678654134273529
0.38731250166893005
0.6187782883644104
0.5290772318840027
0.39814281463623047
0.40802448987960815
0.40960779786109924
0.4064219295978546
0.4390869140625
0.3875400125980377
0.3685506284236908
0.37059882283210754
0.37381765246391296
0.3672851026058197
0.39730358123779297
0.3773765563964844
0.42050835490226746
0.401511549949646
0.382485032081604
0.3680562674999237
0.36885592341423035
0.3894849717617035
0.38497838377952576
0.41045159101486206
0.38627588748931885
0.46875864267349243
0.4238432049751282
0.5101494193077087
0.40212246775627136
0.3707878291606903
0.37106266617774963
0.38395047187805176
0.37518689036369324
0.37116536498069763
0.36874136328697205
0.37693098187446594
0.3778682351112366
0.3881283402442932
0.3931120038032532
0.4298749268054962
0.47054991126060486
0.4357886016368866
0.39534518122673035
0.4105672836303711
0.36914414167404175
0.3691607415676117
0.3767409324645996
0.3771878182888031
0.38418206572532654
0.36457571387290955
0.4153805077075958
0.37968316674232483
0.37990522384643555
0.36565643548965454
0.36775344610214233
0.37070706486701965
0.36783313751220703
0.36956852674484253
0.3641014099121094
0.37272319197654724
0.36999258399009705
0.42208680510520935
0.5193743109703064
0.39262428879737854
0.37362155318260193
0.36489033699035645
0.4972955286502838
0.37218141555786133
0.4075090289115906
0.3677762746810913
0.37830546498298645
0.3680345416069031
0.36602506041526794
0.3967238962650299
0.36419427394866943
0.36651864647865295
0.3766528367996216
0.3744066059589386
0.39095640182495117
0.41295090317726135
0.5406728386878967
0.5079665780067444
0.3955637216567993
0.36483234167099
0.3707948923110962
0.37302881479263306
0.3753806948661804
0.36853745579719543
0.41346174478530884
0.3742239773273468
0.3848227560520172
0.3650773763656616
0.3793025314807892
0.43730273842811584
0.3683573305606842
0.3700306713581085
0.37439078092575073
0.368094265460968
0.37507060170173645
0.3883261978626251
0.3702305853366852
0.4725062847137451
0.4053078591823578
0.41321009397506714
0.3862982392311096
0.40396860241889954
0.371885746717453
0.3623455762863159
0.3603971302509308
0.3726833164691925
0.3752141296863556
0.3811173439025879
0.4252198040485382
0.3838901221752167
0.3621009886264801
0.40445151925086975
0.39888253808021545
0.3632138669490814
0.5017246007919312
0.37768858671188354
0.36540064215660095
0.36280083656311035
0.3967013955116272
0.36767539381980896
0.3635317385196686
0.36008530855178833
0.37683433294296265
0.3669075667858124
0.4861503541469574
0.42646852135658264
0.4072619378566742
0.3637947738170624
0.36717933416366577
0.3642521798610687
0.5120096802711487
0.43243280053138733
0.4253584146499634
0.3864932656288147
0.3637809455394745
0.37127572298049927
0.6683065891265869
0.6836905479431152
0.6460961103439331
0.4123222231864929
0.3899747431278229
0.36248424649238586
0.44604259729385376
0.391417533159256
0.39233800768852234
0.4862052798271179
0.446198970079422
0.41862401366233826
0.36093804240226746
0.36937496066093445
0.37487250566482544
0.36318764090538025
0.3642710745334625
0.3653179705142975
0.3634926378726959
0.3877641558647156
0.3615124225616455
0.36013850569725037
0.3911820650100708
0.3766254186630249
0.39040157198905945
0.3635016679763794
0.45913079380989075
0.39036646485328674
0.362530916929245
0.3685096204280853
0.4224292039871216
0.38442015647888184
0.37397438287734985
0.3632587790489197
0.3755141794681549
0.36344656348228455
0.3786841928958893
0.3643120229244232
0.3678787350654602
0.38251933455467224
0.48897379636764526
0.37760108709335327
0.3635216951370239
0.3646928071975708
0.5601284503936768
0.46350207924842834
0.37394195795059204
0.47002559900283813
0.5884557366371155
0.41965925693511963
0.3752327263355255
0.36094343662261963
0.36453527212142944
0.3602358102798462
0.36065873503685
0.3744746744632721
0.40870994329452515
0.5655781626701355
0.4583021402359009
0.41825154423713684
0.37859979271888733
0.3686348795890808
0.3733970820903778
0.3661479651927948
0.4022705554962158
0.38184526562690735
0.3703443109989166
0.37226709723472595
0.35780513286590576
0.37518367171287537
0.36005547642707825
0.3688134253025055
0.36043626070022583
0.36334916949272156
0.3596809506416321
0.3604823648929596
0.36620908975601196
0.36264950037002563
0.36299121379852295
0.5787959098815918
0.4572976231575012
0.4873404800891876
0.4724690020084381
0.3813723027706146
0.3992164731025696
0.38763195276260376
0.36468905210494995
0.3673567771911621
0.48836544156074524
0.3832515478134155
0.38421332836151123
0.37040528655052185
0.3631584942340851
0.37410932779312134
0.35389742255210876
0.3762158453464508
0.35922035574913025
0.3569592535495758
0.3615676462650299
0.4589097797870636
0.3811466097831726
0.3634679317474365
0.428712397813797
0.38250330090522766
0.3630835711956024
0.36382314562797546
0.36614227294921875
0.4003705680370331
0.36842653155326843
0.3703787326812744
0.39556777477264404
0.3538147807121277
0.37189340591430664
0.38519275188446045
0.3650994896888733
0.3666251599788666
0.378843754529953
0.36893945932388306
0.3775414228439331
0.36353540420532227
0.35960978269577026
0.3588097095489502
0.3579857051372528
0.3875909149646759
0.36901676654815674
0.3815552294254303
0.4039291441440582
0.35934776067733765
0.3837149441242218
0.3672691285610199
0.40600472688674927
0.37565889954566956
0.395695298910141
0.3644583821296692
0.3663102984428406
0.36349597573280334
0.3694598376750946
0.36041322350502014
0.36001157760620117
0.3634719252586365
0.3638623356819153
0.40406760573387146
0.36125296354293823
0.3659208416938782
0.3746487498283386
0.3638016879558563
0.37102875113487244
0.49120137095451355
0.4009135067462921
0.36777642369270325
0.3878780007362366
0.36480915546417236
0.3616117537021637
0.3720541000366211
0.36116474866867065
0.3590138554573059
0.36143791675567627
0.5260528922080994
0.5109137296676636
0.6126872301101685
0.5624109506607056
0.4056522846221924
0.41763776540756226
0.4025688171386719
0.40592461824417114
0.41420742869377136
0.3550248146057129
0.3810829520225525
0.6818651556968689
0.5014616250991821
0.45369741320610046
0.39225664734840393
0.3658600151538849
0.38268178701400757
0.3952145278453827
0.4574984610080719
0.3880920112133026
0.37931472063064575
0.3939198851585388
0.45134076476097107
0.36202579736709595
0.3624191880226135
0.38926467299461365
0.3778647780418396
0.3576781451702118
0.3580893576145172
0.377555251121521
0.4452146589756012
0.38266897201538086
0.3653669059276581
0.4156685769557953
0.3826289772987366
0.35938072204589844
0.3917344808578491
0.37633317708969116
0.37114623188972473
0.36552420258522034
0.3841077387332916
0.3577095568180084
0.3619031012058258
0.3627774715423584
0.47416526079177856
0.38800522685050964
0.38576820492744446
0.38142234086990356
0.3746904134750366
0.3786519467830658
0.46114251017570496
0.3874463737010956
0.38446712493896484
0.3773215115070343
0.38197794556617737
0.37031090259552
0.4282742440700531
0.39402541518211365
0.39483511447906494
0.4096461832523346
0.3812676668167114
0.4538080394268036
0.44217580556869507
0.41021737456321716
0.4124259054660797
0.3635043799877167
0.3636761009693146
0.3999032974243164
0.35537537932395935
0.3670755922794342
0.39969000220298767
0.3659975230693817
0.3847781717777252
0.42608681321144104
0.3966919183731079
0.371548056602478
0.37637147307395935
0.4952509105205536
0.5228589177131653
0.41062694787979126
0.4109753668308258
0.37906235456466675
0.5358948707580566
0.41949382424354553
0.3882905840873718
0.42652493715286255
0.36648544669151306
0.36949622631073
0.3884730935096741
0.3567294478416443
0.3834688365459442
0.3626664876937866
0.5303088426589966
0.37466758489608765
0.35471996665000916
0.3623872697353363
0.3656889498233795
0.3749706447124481
0.35950690507888794
0.35812172293663025
0.3695555627346039
0.35891637206077576
0.40794363617897034
0.4131944477558136
0.3815459609031677
0.3753519058227539
0.39035114645957947
0.3837970495223999
0.4959902763366699
0.39953917264938354
0.3584209084510803
0.3675646185874939
0.37682563066482544
0.5447717905044556
0.37978240847587585
0.6003600358963013
0.39975184202194214
0.3804283142089844
0.36141258478164673
0.36033695936203003
0.3569282591342926
0.3658003807067871
0.3643108010292053
0.3610718548297882
0.3633010685443878
0.38177290558815
0.5157653093338013
0.39801791310310364
0.3742498755455017
0.5161920189857483
0.5035824179649353
0.37176570296287537
0.35884207487106323
0.371928334236145
0.37950441241264343
0.35998618602752686
0.36137011647224426
0.4748508930206299
0.4708482623100281
0.40089279413223267
0.37538301944732666
0.3717116713523865
0.39262855052948
0.4079728126525879
0.4579699635505676
0.39169374108314514
0.4921644926071167
0.40621355175971985
0.3984793424606323
0.3591279089450836
0.36074382066726685
0.36615267395973206
0.36514875292778015
0.35886141657829285
0.3917510509490967
0.3968190848827362
0.3810792863368988
0.358067125082016
0.36204540729522705
0.36170694231987
0.36650002002716064
0.3758619427680969
0.39318057894706726
0.3612907826900482
0.36646538972854614
0.39439481496810913
0.36956489086151123
0.43790215253829956
0.3766762912273407
0.4052935540676117
0.37933874130249023
0.37944453954696655
0.44263309240341187
0.3625742495059967
0.5677919983863831
0.508468508720398
0.3747686445713043
0.37579545378685
0.36281049251556396
0.4818611443042755
0.3847714364528656
0.37577661871910095
0.370535284280777
0.35922691226005554
0.36569660902023315
0.379332959651947
0.48007944226264954
0.416296124458313
0.37486931681632996
0.4104897975921631
0.3881707489490509
0.36196136474609375
0.36916112899780273
0.36511147022247314
0.3842349052429199
0.36626002192497253
0.38177239894866943
0.35851773619651794
0.3700254559516907
0.3757433295249939
0.43530407547950745
0.3698745369911194
0.35846710205078125
0.3611557185649872
0.3609483540058136
0.3816477358341217
0.35928472876548767
0.3687041699886322
0.3597796559333801
0.43055054545402527
0.3919678330421448
0.38523271679878235
0.40377065539360046
0.45651715993881226
0.39590683579444885
0.39738231897354126
0.3665299415588379
0.37363141775131226
0.3677404224872589
0.3577086329460144
0.6966928243637085
0.43775686621665955
0.38416561484336853
0.35767748951911926
0.3581894636154175
0.365802526473999
0.37295836210250854
0.35921603441238403
0.35901471972465515
0.35775744915008545
0.41999009251594543
0.48724237084388733
0.3682132959365845
0.3585059344768524
0.45928794145584106
0.36535748839378357
0.3929808735847473
0.47840002179145813
0.3690761625766754
0.36840981245040894
0.3582896292209625
0.36246153712272644
0.3589637577533722
0.364246129989624
0.375882625579834
0.36001908779144287
0.3815600574016571
0.37600648403167725
0.3861125409603119
0.5049657821655273
0.4071902334690094
0.3817857503890991
0.3677073121070862
0.36972302198410034
0.3729398250579834
0.3577556014060974
0.36181873083114624
0.381449431180954
0.36397331953048706
0.38000696897506714
0.36766281723976135
0.5467486381530762
0.41713592410087585
0.42155778408050537
0.37072092294692993
0.3602442145347595
0.4455793499946594
0.5375158786773682
0.4876534640789032
0.4809725284576416
0.37056195735931396
0.365458220243454
0.37038326263427734
0.35946130752563477
0.35929301381111145
0.3567627966403961
0.35776400566101074
0.3612927198410034
0.3626191020011902
0.3650367558002472
0.3724422752857208
0.3599644601345062
0.3575679361820221
0.4084804356098175
0.3709319829940796
0.3565790057182312
0.3643520176410675
0.38233456015586853
0.3697775602340698
0.3782666027545929
0.3588881492614746
0.4122149646282196
0.4187208116054535
0.3631161153316498
0.3683394193649292
0.41431286931037903
0.3765343725681305
0.35749903321266174
0.3581733703613281
0.3585846424102783
0.3573403060436249
0.37291663885116577
0.36732661724090576
0.36065593361854553
0.4015626013278961
0.3711886405944824
0.3717449903488159
0.35976698994636536
0.35720551013946533
0.3600189685821533
0.3585869073867798
0.3588082492351532
0.36904966831207275
0.3773144781589508
0.3647387623786926
0.3658238351345062
0.3793991804122925
0.37102895975112915
0.38955846428871155
0.38341212272644043
0.3818961977958679
0.3625635802745819
0.3578953146934509
0.3991853594779968
0.35772737860679626
0.3587148189544678
0.35608556866645813
0.3735651969909668
0.35466811060905457
0.3739281892776489
0.36135244369506836
0.35811272263526917
0.3604503273963928
0.37005046010017395
0.36211833357810974
0.36662206053733826
0.3643140196800232
0.45218655467033386
0.38996872305870056
0.3607241213321686
0.42293262481689453
0.37826263904571533
0.3721552789211273
0.42804738879203796
0.37483397126197815
0.36315229535102844
0.3746034801006317
0.3606201112270355
0.3663404583930969
0.37124958634376526
0.35852935910224915
0.3567027151584625
0.3570048213005066
0.3618675172328949
0.422055721282959
0.6856452226638794
0.42910629510879517
0.4158309996128082
0.3921854794025421
0.3681921660900116
0.3701157867908478
0.3578988313674927
0.3584149181842804
0.3572365641593933
0.3570380210876465
0.3739146590232849
0.36192819476127625
0.3561708927154541
0.37850382924079895
0.36681464314460754
0.35762909054756165
0.368224561214447
0.3581830859184265
0.3594573438167572
0.36067500710487366
0.3599756062030792
0.3710712790489197
0.3578580915927887
0.3942849040031433
0.3616563081741333
0.3609488606452942
0.35685405135154724
0.35576945543289185
0.36003929376602173
0.36397603154182434
0.36215147376060486
0.383607417345047
0.3833923041820526
0.35753995180130005
0.3646107316017151
0.35660672187805176
0.35639673471450806
0.35722815990448
0.362386018037796
0.35873761773109436
0.3827674984931946
0.370219349861145
0.36351269483566284
0.3668486177921295
0.3581541180610657
0.3824462890625
0.36639732122421265
0.3549456298351288
0.35954055190086365
0.3573291301727295
0.36314481496810913
0.361193984746933
0.3730579614639282
0.35801318287849426
0.36232805252075195
0.35902681946754456
0.37028905749320984
0.38624638319015503
0.36761629581451416
0.35917729139328003
0.35682156682014465
0.359895259141922
0.35629093647003174
0.3555694818496704
0.36317241191864014
0.35689571499824524
0.3704061806201935
0.40169456601142883
0.36840566992759705
0.3553287386894226
0.3943834602832794
0.35550689697265625
0.3599015772342682
0.4932079017162323
0.4464312791824341
0.38050577044487
0.36036238074302673
0.356789231300354
0.35626113414764404
0.3611011803150177
0.3756304085254669
0.35608986020088196
0.36180925369262695
0.356536328792572
0.3559979498386383
0.3575001060962677
0.3813246786594391
0.3594425618648529
0.36057907342910767
0.41002362966537476
0.3699593245983124
0.37602049112319946
0.36552053689956665
0.4152470827102661
0.3623548746109009
0.37253841757774353
0.35663527250289917
0.3566455841064453
0.3586273789405823
0.37049591541290283
0.3612098693847656
0.35988786816596985
0.36438992619514465
0.35739466547966003
0.3596649169921875
0.35874342918395996
0.3574292063713074
0.35585635900497437
0.36261457204818726
0.35576358437538147
0.35631898045539856
0.35592105984687805
0.3594885468482971
0.35594505071640015
0.3856468200683594
0.3710970878601074
0.36059847474098206
0.37055566906929016
0.38064104318618774
0.36064693331718445
0.35839009284973145
0.37263548374176025
0.36082330346107483
0.3585699498653412
0.3559531569480896
0.3590579032897949
0.3577699661254883
0.3554766774177551
0.35557079315185547
0.36146894097328186
0.36124753952026367
0.37920650839805603
0.3627345860004425
0.3554287552833557
0.38813814520835876
0.3657035529613495
0.40858882665634155
0.3552049398422241
0.3645433187484741
0.38382455706596375
0.3632415533065796
0.35644859075546265
0.35813167691230774
0.35846439003944397
0.3556200861930847
0.3593299984931946
0.3938625752925873
0.37472668290138245
0.36939385533332825
0.3574000895023346
0.3569604158401489
0.35889261960983276
0.35671505331993103
0.3577800393104553
0.35791680216789246
0.3550068736076355
0.35632824897766113
0.35549136996269226
0.3580580949783325
0.35687923431396484
0.35615074634552
0.3654518723487854
0.3562432825565338
0.36115819215774536
0.35778412222862244
0.36798062920570374
0.35600796341896057
0.3556522727012634
0.3563591241836548
0.35988131165504456
0.35602867603302
0.3674736022949219
0.4189474582672119
0.35963574051856995
0.3597518503665924
0.360978901386261
0.35841748118400574
0.3577207624912262
0.35879871249198914
0.3567320704460144
0.36169931292533875
0.3633572459220886
0.4585851728916168
0.37358424067497253
0.36079058051109314
0.3724510669708252
0.36696508526802063
0.36412766575813293
0.35846397280693054
0.3578551411628723
0.36447784304618835
0.36048072576522827
0.3578983545303345
0.3609573543071747
0.3548668920993805
0.3681267201900482
0.35895079374313354
0.35672876238822937
0.3553551137447357
0.35702812671661377
0.35461685061454773
0.3649057447910309
0.3608412742614746
0.3563581705093384
0.3560096025466919
0.3555954396724701
0.35528281331062317
0.37210172414779663
0.36241480708122253
0.35826507210731506
0.35501161217689514
0.35491564869880676
0.35615336894989014
0.35583600401878357
0.35560014843940735
0.355223149061203
0.35519033670425415
0.35541608929634094
0.35534200072288513
0.35603970289230347
0.3617299497127533
0.35555553436279297
0.35572853684425354
0.35741207003593445
0.3548275828361511
0.3556995987892151
0.35649651288986206
0.3767716586589813
0.3616298735141754
0.3577519953250885
0.3600195050239563
0.36000490188598633
0.35810646414756775
0.35654959082603455
0.36065322160720825
0.35816773772239685
0.35700711607933044
0.38185805082321167
0.35968145728111267
0.3650357127189636
0.3601132333278656
0.3696979880332947
0.36297163367271423
0.35928815603256226
0.3670390248298645
0.3594484031200409
0.3564841151237488
0.35907068848609924
0.3586115837097168
0.3603754937648773
0.3721403479576111
0.3636344373226166
0.35608839988708496
0.3601350784301758
0.35739779472351074
0.3597225546836853
0.36159563064575195
0.3605318069458008
0.3583689033985138
0.3573726713657379
0.3601454794406891
0.3530727028846741
0.3573993742465973
0.3614314794540405
0.35678359866142273
0.35770586133003235
0.35890042781829834
0.3550596237182617
0.36054039001464844
0.3642663061618805
0.36320406198501587
0.3625463843345642
0.3555043637752533
0.3552365303039551
0.36038872599601746
0.3562898635864258
0.397958904504776
0.3645748794078827
0.359377384185791
0.3563949465751648
0.35660696029663086
0.3554118871688843
0.3569284677505493
0.3873754143714905
0.36815592646598816
0.362397700548172
0.36163946986198425
0.3553088307380676
0.35642483830451965
0.3552960455417633
0.3552141487598419
0.36103594303131104
0.36007389426231384
0.35520705580711365
0.3546100854873657
0.3563057780265808
0.3569536805152893
0.3609773516654968
0.35555675625801086
0.36113518476486206
0.3695725202560425
0.37108927965164185
0.3572847247123718
0.37304359674453735
0.3607792556285858
0.3715052008628845
0.3570254445075989
0.3592939078807831
0.36059215664863586
0.3556411564350128
0.3552527129650116
0.35553792119026184
0.356234610080719
0.3575146198272705
0.355744332075119
0.36965686082839966
0.35972049832344055
0.3562047481536865
0.3572874367237091
0.35516083240509033
0.3562287986278534
0.35514241456985474
0.35692429542541504
0.3540841341018677
0.39323103427886963
0.36078721284866333
0.360817015171051
0.355529248714447
0.35708776116371155
0.3558090031147003
0.3555513918399811
0.35577455163002014
0.378694087266922
0.3663645088672638
0.3555440604686737
0.35600194334983826
0.3568228781223297
0.3559874892234802
0.3650064170360565
0.36075901985168457
0.3548648953437805
0.37436938285827637
0.35656145215034485
0.35837888717651367
0.3564212918281555
0.3557375371456146
0.36006706953048706
0.3594958484172821
0.3627205193042755
0.362050324678421
0.3669684827327728
0.35876864194869995
0.35920268297195435
0.35554707050323486
0.35547152161598206
0.35694268345832825
0.3582218289375305
0.3584352433681488
0.3586917519569397
0.3561897575855255
0.35580360889434814
0.35588571429252625
0.3573707640171051
0.3587864935398102
0.35838332772254944
0.3550473153591156
0.3547168970108032
0.3583292067050934
0.3597365617752075
0.36016711592674255
0.3641262352466583
0.35918736457824707
0.3558579385280609
0.35713183879852295
0.35671693086624146
0.35509026050567627
0.3568023443222046
0.3545384109020233
0.35587310791015625
0.3562202453613281
0.35540637373924255
0.35504332184791565
0.3550630211830139
0.3550698161125183
0.35505494475364685
0.3561445474624634
0.35545846819877625
0.3552841544151306
0.357553631067276
0.3577219247817993
0.3554152846336365
0.3555220365524292
0.3571520447731018
0.356484979391098
0.35698506236076355
0.3566405773162842
0.3566562831401825
0.35529178380966187
0.3551807701587677
0.3549058735370636
0.35588088631629944
0.35518506169319153
0.35743457078933716
0.3560667634010315
0.3571021556854248
0.3555184006690979
0.3595277667045593
0.3599558174610138
0.3657315671443939
0.35620924830436707
0.3607763946056366
0.35698434710502625
0.3552171289920807
0.3553043007850647
0.35636216402053833
0.3582410216331482
0.3547150492668152
0.35524964332580566
0.35561323165893555
0.355289101600647
0.35533490777015686
0.3564448356628418
0.35586854815483093
0.3554021716117859
0.35959091782569885
0.36059924960136414
0.36370283365249634
0.35407117009162903
0.35754141211509705
0.3577536344528198
0.35448941588401794
0.3616434335708618
0.35679885745048523
0.3609759211540222
0.3551076352596283
0.3546449840068817
0.3547643721103668
0.3556171655654907
0.3554237484931946
0.35503464937210083
0.35579603910446167
0.3579373359680176
0.35756176710128784
0.3546614944934845
0.35615435242652893
0.3555184602737427
0.35540589690208435
0.35487639904022217
0.3551672697067261
0.3569982945919037
0.3619227409362793
0.380381315946579
0.35989609360694885
0.359386682510376
0.3582913279533386
0.3551369905471802
0.3549155592918396
0.35496237874031067
0.3551103174686432
0.35524123907089233
0.35505422949790955
0.35785579681396484
0.35781142115592957
0.35558977723121643
0.3569677472114563
0.359768271446228
0.35855481028556824
0.3567489981651306
0.35557398200035095
0.35571250319480896
0.3550996780395508
0.35594627261161804
0.3559550940990448
0.3549133837223053
0.3547302782535553
0.35505226254463196
0.3548751175403595
0.3555784821510315
0.3553165793418884
0.3550604581832886
0.35493865609169006
0.3556729555130005
0.3567098081111908
0.3563634157180786
0.3556157648563385
0.35857969522476196
0.3585854768753052
0.356453001499176
0.3562454581260681
0.3578137457370758
0.3567683696746826
0.35495442152023315
0.3555127680301666
0.3545549809932709
0.3546611964702606
0.3551044762134552
0.35714074969291687
0.3645052909851074
0.3639954924583435
0.35487860441207886
0.3550741970539093
0.3606487810611725
0.3681298792362213
0.3615321218967438
0.35471636056900024
0.35540828108787537
0.35544803738594055
0.3567625880241394
0.3558862805366516
0.35485246777534485
0.3548303544521332
0.35605961084365845
0.35658398270606995
0.3570426106452942
0.3591172397136688
0.35611724853515625
0.355197548866272
0.35523632168769836
0.35500800609588623
0.3547055125236511
0.35783544182777405
0.3602546155452728
0.3576180934906006
0.3562389016151428
0.3585880994796753
0.3561052083969116
0.3553173542022705
0.3550150990486145
0.35667529702186584
0.3548709750175476
0.35529768466949463
0.35516685247421265
0.3555803596973419
0.3555184602737427
0.3546992838382721
0.3551357090473175
0.35581010580062866
0.3561944365501404
0.35793137550354004
0.3575724959373474
0.3560474216938019
0.35533392429351807
0.3551446497440338
0.3544730544090271
0.35474658012390137
0.3551498353481293
0.3549835979938507
0.35494405031204224
0.3549376428127289
0.355010449886322
0.35515499114990234
0.35504603385925293
0.3573778569698334
0.358354389667511
0.35726162791252136
0.35564467310905457
0.3549043536186218
0.35512372851371765
0.35509994626045227
0.3550231456756592
0.35504814982414246
0.3548632860183716
0.35494741797447205
0.3549976348876953
0.355474591255188
0.35566189885139465
0.3556516170501709
0.35517555475234985
0.35529273748397827
0.3548186421394348
0.3548281788825989
0.3549610376358032
0.35489195585250854
0.35494667291641235
0.3548170030117035
0.3548620939254761
0.35492759943008423
0.35523852705955505
0.35523632168769836
0.3547360599040985
0.3547697365283966
0.3548049032688141
0.35556814074516296
0.3552994430065155
0.3550197184085846
0.3549503684043884
0.3550683259963989
0.35524752736091614
0.35535821318626404
0.3551565408706665
0.35493648052215576
0.3548508286476135
0.35489028692245483
0.35487011075019836
0.3549208641052246
0.3547724187374115
0.35488128662109375
0.3549722731113434
0.3549201190471649
0.3549085557460785
0.3548460602760315
0.35506385564804077
0.3549725413322449
0.35479027032852173
0.35491445660591125
0.35489320755004883
0.3548896908760071
0.35485851764678955
0.35513338446617126
0.35580164194107056
0.35532495379447937
0.35511070489883423
0.35504963994026184
0.3550373613834381
0.35486656427383423
0.35483506321907043
0.3549840450286865
0.3549118638038635
0.3546002209186554
0.3558593988418579
0.3563462197780609
0.3556555211544037
0.35617706179618835
0.3559195399284363
0.3558576703071594
0.35482096672058105
0.3549079895019531
0.3550798296928406
0.35480996966362
0.3550551235675812
0.35651835799217224
0.3580104410648346
0.3581150770187378
0.35494089126586914
0.3549307882785797
0.35558968782424927
0.3561108410358429
0.35605522990226746
0.35554060339927673
0.3556559979915619
0.35600849986076355
0.35554879903793335
0.355407178401947
0.3554500341415405
0.3551511764526367
0.3548172414302826
0.35495713353157043
0.35493552684783936
0.35523197054862976
0.35509756207466125
0.3550131022930145
0.35499653220176697
0.3553112745285034
0.35466596484184265
0.3552204370498657
0.35561835765838623
0.3555126488208771
0.3553227484226227
0.3550936281681061
0.355059415102005
0.3551121950149536
0.3555721938610077
0.3553559184074402
0.35528281331062317
0.3552433252334595
0.3551484942436218
0.354935884475708
0.35490214824676514
0.3550780713558197
0.3549959063529968
0.35508254170417786
0.35516056418418884
0.3548104166984558
0.35487207770347595
0.35507091879844666
0.35489988327026367
0.35452547669410706
0.3549286127090454
0.3552393317222595
0.35506772994995117
0.3550527095794678
0.3551347255706787
0.35523638129234314
0.3551013171672821
0.35515469312667847
0.3551996946334839
0.3549881875514984
0.354898601770401
0.3547792434692383
0.355053186416626
0.3549056351184845
0.35486170649528503
0.3548625409603119
0.35481223464012146
0.35487523674964905
0.3549288213253021
0.3549063503742218
0.35455724596977234
0.35517802834510803
0.3554666042327881
0.35551607608795166
0.35510289669036865
0.3548400402069092
0.354672372341156
0.3548917770385742
0.35476377606391907
0.3548561930656433
0.35479170083999634
0.35504448413848877
0.3551439940929413
0.35498732328414917
0.35482317209243774
0.3547373116016388
0.3548416793346405
0.3550422787666321
0.3548167943954468
0.3548978865146637
0.3549647629261017
0.35492902994155884
0.35487377643585205
0.354831337928772
0.3548694849014282
0.3548714220523834
0.3548938035964966
0.35498303174972534
0.35462385416030884
0.3549244701862335
0.3548721969127655
0.35463425517082214
0.35493820905685425
0.35482895374298096
0.35487261414527893
0.3548976480960846
0.35484224557876587
0.3551572561264038
0.35500526428222656
0.3549078702926636
0.35677608847618103
0.35718202590942383
0.35687726736068726
0.35603296756744385
0.3553479015827179
0.35507088899612427
0.35533809661865234
0.35531216859817505
0.35512983798980713
0.3548848330974579
0.3548111617565155
0.35490337014198303
0.35482895374298096
0.3548774719238281
0.3548361659049988
0.3548254668712616
0.35478341579437256
0.3548981547355652
