1.7399874
1.0904464
0.77235836
0.65271217
0.579609
0.5250515
0.48914218
0.4729835
0.47917217
0.4463104
0.4260756
0.41716883
0.41078466
0.40325117
0.3974543
0.39578202
0.46935278
0.3790827
0.37576446
0.4399508
0.36694115
0.36913538
0.37571645
0.35723585
0.35389817
0.35110906
0.3483202
0.34922576
0.3431352
0.34067324
0.33936936
0.33769813
0.34118935
0.34230924
0.33276656
0.33075306
0.33020315
0.32798508
0.33318794
0.32503536
0.32210186
0.3203809
0.323054
0.31823498
0.32008737
0.3312514
0.31125608
0.31016672
0.3216245
0.30623177
0.3092863
0.30452994
0.30354053
0.30181193
0.3072282
0.38465795
0.29816544
0.29749376
0.2963444
0.3036165
0.30524608
0.29448232
0.29974517
0.41468868
0.2993764
0.28951252
0.3049189
0.30266088
0.30176428
0.3026646
0.28830135
0.3033208
0.286671
0.30631775
0.28250477
0.28645408
0.3312753
0.28667578
0.283832
0.28566122
0.28053588
0.3150345
0.34201935
0.2804072
0.32101512
0.35164467
0.2769461
0.31047168
0.2759572
0.28299612
0.28636068
0.27464056
0.27375033
0.275087
0.2749757
0.2731939
0.2723259
0.27266154
0.27141765
0.2716773
0.2747887
0.27946642
0.27132994
0.2708651
0.27264714
0.28013986
0.34775352
0.27172163
0.27364373
0.27045065
0.2749863
0.27131274
0.27102965
0.2828743
0.2738786
0.2706336
0.27122554
0.26858628
0.2678217
0.26757318
0.2675404
0.26765835
0.26979452
0.27248606
0.27280793
0.2729436
0.33280057
0.26726753
0.27012727
0.2828823
0.26873025
0.266183
0.26829466
0.31213066
0.285982
0.26701635
0.26631236
0.26677904
0.26551208
0.26924312
0.26783368
0.26544032
0.2664725
0.26590273
0.35524923
0.2658474
0.26407543
0.263525
0.26537344
0.26464492
0.26497546
0.2966013
0.26442388
0.2640974
0.2627095
0.26753244
0.26461664
0.2652167
0.26265785
0.26349336
0.3252567
0.29361904
0.2649311
0.26303583
0.2915632
0.2643237
0.26306364
0.26114222
0.2623614
0.26181853
0.26548308
0.2640434
0.26149616
0.33497947
0.26276404
0.261032
0.26119718
0.28320163
0.26003504
0.26105535
0.2605215
0.26276648
0.2607386
0.26123002
0.25902444
0.26261142
0.2683101
0.25840807
0.26015994
0.26326635
0.26228505
0.2578246
0.26875836
0.25935683
0.25974077
0.26098716
0.25710288
0.25943634
0.2631599
0.26096663
0.2589125
0.2579395
0.27920055
0.25744355
0.25744918
0.2576786
0.26066366
0.25758234
0.28926048
0.27453917
0.25563404
0.25621623
0.25960287
0.25658888
0.2560212
0.2557896
0.2555365
0.2552485
0.2661566
0.2552448
0.25611362
0.31026798
0.27683106
0.2998535
0.25685006
0.258447
0.25956437
0.25504008
0.26942757
