0.6248236894607544
0.4887285828590393
0.42990463972091675
0.43803778290748596
0.42683690786361694
0.41626739501953125
0.404736191034317
0.40746456384658813
0.3998095989227295
0.3941667377948761
0.39552047848701477
0.4007014036178589
0.3972018361091614
0.38808944821357727
0.38774922490119934
0.3870191276073456
0.380939781665802
0.3900259733200073
0.38153377175331116
0.38184854388237
0.38541895151138306
0.3766252398490906
0.372982919216156
0.3778345584869385
0.3757089376449585
0.3771459460258484
0.36920595169067383
0.3701244592666626
0.37045857310295105
0.36339297890663147
0.36035430431365967
0.3670254945755005
0.3683048486709595
0.3596336841583252
0.36273738741874695
0.3586459457874298
0.3608052730560303
0.3564489483833313
0.35718294978141785
0.3495337963104248
0.35298776626586914
0.35769081115722656
0.34672418236732483
0.3464359939098358
0.3470099866390228
0.3486829996109009
0.3420867919921875
0.34450846910476685
0.3411090672016144
0.33957168459892273
0.34223225712776184
0.341159850358963
0.3411005735397339
0.34581485390663147
0.33628714084625244
0.3333899676799774
0.34767335653305054
0.3358674645423889
0.3363209664821625
0.33335909247398376
0.3350149989128113
0.33182066679000854
0.3232506811618805
0.32999125123023987
0.31986773014068604
0.3243551254272461
0.3243057131767273
0.3196832537651062
0.32391881942749023
0.3174039125442505
0.3169821500778198
0.320816308259964
0.3220478892326355
0.3156546652317047
0.30868813395500183
0.305345743894577
0.3130323588848114
0.31483927369117737
0.308168888092041
0.3039565980434418
0.308871328830719
0.31181010603904724
0.298753023147583
0.30403825640678406
0.29277506470680237
0.2971709072589874
0.2936207354068756
0.30106568336486816
0.29927608370780945
0.2960225045681
0.29172223806381226
0.28834351897239685
0.30031123757362366
0.2873714864253998
0.28156545758247375
0.2876083254814148
0.2881702780723572
0.2812345623970032
0.27362754940986633
0.27721425890922546
0.2770730257034302
0.2784297466278076
0.2887939214706421
0.29101383686065674
0.2821815311908722
0.28105318546295166
0.28071630001068115
0.28098243474960327
0.28635916113853455
0.268982857465744
0.27316948771476746
0.2710080146789551
0.27148470282554626
0.2653254270553589
0.2624717056751251
0.26833468675613403
0.2616437077522278
0.26618677377700806
0.257347047328949
0.24902677536010742
0.2628231346607208
0.24264691770076752
0.24764855206012726
0.2503407895565033
0.25029128789901733
0.2555909752845764
0.24010220170021057
0.23906251788139343
0.23903656005859375
0.2509918212890625
0.23291443288326263
0.23990915715694427
0.2513875663280487
0.24050703644752502
0.24108755588531494
0.2390683889389038
0.24684852361679077
0.24450208246707916
0.2346743494272232
0.22844955325126648
0.24254105985164642
0.24146191775798798
0.23621317744255066
0.23229554295539856
0.2293708473443985
0.2340369075536728
0.2331542670726776
0.24057376384735107
0.2321327179670334
0.23422063887119293
0.21924427151679993
0.24316979944705963
0.21551372110843658
0.22929003834724426
0.2333308756351471
0.21009141206741333
0.2288680076599121
0.22693875432014465
0.23099155724048615
0.22408460080623627
0.22888152301311493
0.2309359610080719
0.2313046008348465
0.2208612561225891
0.2271350473165512
0.21780000627040863
0.21598710119724274
0.223870649933815
0.21278639137744904
0.21785637736320496
0.21863624453544617
0.2158949226140976
0.21280083060264587
0.22863304615020752
0.21316376328468323
0.214633971452713
0.22108617424964905
0.21055392920970917
0.21373410522937775
0.22324088215827942
0.20766854286193848
0.2104538232088089
0.21261364221572876
0.2058766484260559
0.20522738993167877
0.21599112451076508
0.21231582760810852
0.21768704056739807
0.2078443169593811
0.21140387654304504
0.2059701383113861
0.20840652287006378
0.21873044967651367
0.20877861976623535
0.20150187611579895
0.19861994683742523
0.1975933015346527
0.20451179146766663
0.20110172033309937
0.1943243443965912
0.19644734263420105
0.21086767315864563
0.20140349864959717
0.20719100534915924
0.20060858130455017
0.20064817368984222
0.20465460419654846
0.20949006080627441
0.20439618825912476
0.2175571620464325
0.1987164318561554
0.18957459926605225
0.19830507040023804
0.20861026644706726
0.20331236720085144
0.19738376140594482
0.19396941363811493
0.2029796540737152
0.19421955943107605
0.1893603503704071
0.19842319190502167
0.18539737164974213
0.1835823804140091
0.1963523030281067
0.19325724244117737
0.1793886423110962
0.19430209696292877
0.19851309061050415
0.18388406932353973
0.18575333058834076
0.20497381687164307
0.18164625763893127
0.17616736888885498
0.18520690500736237
0.18830804526805878
0.17962101101875305
0.1915024071931839
0.19303900003433228
0.1973610520362854
0.1937139928340912
0.17954470217227936
0.1820722222328186
0.1799618899822235
0.17503920197486877
0.18728405237197876
0.19331730902194977
0.17125597596168518
0.17272180318832397
0.19475314021110535
0.18740582466125488
0.18963126838207245
0.1838356852531433
0.17718158662319183
0.1959962397813797
0.1935397833585739
0.1799701750278473
0.1807338148355484
0.17635001242160797
0.19433993101119995
0.17898055911064148
0.1808936595916748
0.16846874356269836
0.17775434255599976
0.1742950975894928
0.17026393115520477
0.1702040582895279
0.18776410818099976
0.17908026278018951
0.18200261890888214
0.18359124660491943
0.1779015064239502
0.16578416526317596
0.16877837479114532
0.17762097716331482
0.17545877397060394
0.16431960463523865
0.18110330402851105
0.1726963073015213
0.1849188208580017
0.17944195866584778
0.1722601056098938
0.17341825366020203
0.17895576357841492
0.185640349984169
0.18156419694423676
0.1836119145154953
0.18423356115818024
0.17847588658332825
0.1689661741256714
0.1725274920463562
0.177520751953125
0.17801693081855774
0.17763616144657135
0.1811564564704895
0.18133510649204254
0.17370642721652985
0.17146751284599304
0.17645063996315002
0.17329220473766327
0.17578670382499695
0.16675205528736115
0.17610250413417816
0.1660483032464981
0.1766708791255951
0.17484144866466522
0.17188075184822083
0.16821807622909546
0.1696275919675827
0.1764652132987976
0.16995830833911896
0.17363490164279938
0.16803878545761108
0.16612879931926727
0.16295403242111206
0.15916666388511658
0.17763419449329376
0.18289105594158173
0.1649852693080902
0.1673814058303833
0.16506341099739075
0.16417381167411804
0.17194801568984985
0.17173321545124054
0.16793112456798553
0.16661515831947327
0.1638823002576828
0.17386934161186218
0.16986961662769318
0.1602967530488968
0.16701635718345642
0.16393651068210602
0.15984605252742767
0.1631348878145218
0.160380020737648
0.16317588090896606
0.1686387062072754
0.17362037301063538
0.17089176177978516
0.16018347442150116
0.17424972355365753
0.16360285878181458
0.1768607348203659
0.16108739376068115
0.1626904308795929
0.15754106640815735
0.17289087176322937
0.15004302561283112
0.16369062662124634
0.1855335235595703
0.15677379071712494
0.15751442313194275
0.16793964803218842
0.159856915473938
0.16852833330631256
0.1463443487882614
0.1686478704214096
0.16575072705745697
0.167082279920578
0.16577917337417603
0.1635725349187851
0.16482527554035187
0.16027410328388214
0.1703643649816513
0.16291747987270355
0.16965888440608978
0.15847468376159668
0.162954643368721
0.1629898101091385
0.16244223713874817
0.1745728701353073
0.16248653829097748
0.1667281538248062
0.1672327220439911
0.1578182876110077
0.15856057405471802
0.1632421612739563
0.16234560310840607
0.15649273991584778
0.16740594804286957
0.16686461865901947
0.16344992816448212
0.16268528997898102
0.1607269048690796
0.16149069368839264
0.16344885528087616
0.17520399391651154
0.1613185852766037
0.1650792509317398
0.16542088985443115
0.16097161173820496
0.16951894760131836
0.14869016408920288
0.17060911655426025
0.16343845427036285
0.1529189944267273
0.16811992228031158
0.1623704433441162
0.15720291435718536
0.1621304452419281
0.16087669134140015
0.16772134602069855
0.14804653823375702
0.1628376543521881
0.15411537885665894
0.15264829993247986
0.16201704740524292
0.14983771741390228
0.15927353501319885
0.16271686553955078
0.16697515547275543
0.15379522740840912
0.16188709437847137
0.16043490171432495
0.15335693955421448
0.14909842610359192
0.16134494543075562
0.16429685056209564
0.1607520878314972
0.17204639315605164
0.16623060405254364
0.16904838383197784
0.1647203117609024
0.15504685044288635
0.15341632068157196
0.14699535071849823
0.15812629461288452
0.1600402593612671
0.14736197888851166
0.14381687343120575
0.15496109426021576
0.15639111399650574
0.1628052145242691
0.16775889694690704
0.16300563514232635
0.14974723756313324
0.16667407751083374
0.1520867794752121
0.15527233481407166
0.15390081703662872
0.16493497788906097
0.15938980877399445
0.15052326023578644
0.1537133902311325
0.1509983390569687
0.15689656138420105
0.15796925127506256
0.16694241762161255
0.14447163045406342
0.15189002454280853
0.14420944452285767
0.15619045495986938
0.15770068764686584
0.15612761676311493
0.14555557072162628
0.1538657546043396
0.16224262118339539
0.153605654835701
0.16095903515815735
0.15239256620407104
0.16701701283454895
0.14874829351902008
0.1503123939037323
0.13906489312648773
0.1521279364824295
0.15347804129123688
0.15585915744304657
0.1534164547920227
0.16211152076721191
0.15375547111034393
0.16149426996707916
0.15899789333343506
0.14434701204299927
0.14918893575668335
0.14953318238258362
0.15163524448871613
0.1576378345489502
0.15640416741371155
0.1475067287683487
0.1584753692150116
0.14617358148097992
0.15366581082344055
0.15629978477954865
0.1593823879957199
0.1498318463563919
0.16284966468811035
0.1559724509716034
0.14450563490390778
0.1629151701927185
0.1439172327518463
0.14801038801670074
0.1547817438840866
0.1412261426448822
0.1485598385334015
0.1565549224615097
0.15108542144298553
0.15830707550048828
0.15298186242580414
0.13842034339904785
0.15852561593055725
0.15938644111156464
0.14412717521190643
0.14859260618686676
0.1505393236875534
0.13818201422691345
0.1525639444589615
0.15249429643154144
0.15125752985477448
0.16545648872852325
0.14775176346302032
0.15470972657203674
0.15861904621124268
0.14722852408885956
0.14881537854671478
0.14108383655548096
0.15478140115737915
0.14116500318050385
0.14968818426132202
0.15692254900932312
0.15056408941745758
0.14563168585300446
0.14621788263320923
0.15483532845973969
0.1474185287952423
0.13667339086532593
0.14564083516597748
0.15078575909137726
0.14337892830371857
0.15559977293014526
0.1536206603050232
0.1430400162935257
0.1509583294391632
0.15379342436790466
0.15027716755867004
0.14583715796470642
0.14649632573127747
0.1514008641242981
0.14967678487300873
0.148683562874794
0.15245719254016876
0.14291949570178986
0.15925875306129456
0.16429433226585388
0.16072550415992737
0.16571956872940063
0.14918266236782074
0.1487293243408203
0.14771270751953125
0.1625550538301468
0.14482371509075165
0.15728703141212463
0.1622813194990158
0.14930979907512665
0.15557332336902618
0.14730168879032135
0.15205588936805725
0.14733906090259552
0.14948487281799316
0.1581614464521408
0.1397714912891388
0.16583874821662903
0.15435834228992462
0.14151644706726074
0.1523822396993637
0.15691863000392914
0.1587524116039276
0.15296681225299835
0.1499897837638855
0.14058059453964233
0.1548636257648468
0.1478058397769928
0.16684934496879578
0.1404968947172165
0.14912302792072296
0.13964103162288666
0.14475302398204803
0.15490713715553284
0.14991545677185059
0.1523599624633789
0.1422172486782074
0.14976468682289124
0.15472093224525452
0.14602726697921753
0.14736507833003998
0.14785249531269073
0.14397455751895905
0.1449584811925888
0.1375654935836792
0.14450499415397644
0.13403533399105072
0.14783070981502533
0.1525242030620575
0.15487980842590332
0.14188796281814575
0.14611253142356873
0.1412619799375534
0.1649167537689209
0.14650149643421173
0.1491258293390274
0.15471580624580383
0.15481334924697876
0.14055418968200684
0.14919109642505646
0.1432655155658722
0.1410791277885437
