0.7355092167854309
0.6247764229774475
0.5797405242919922
0.532302975654602
0.5189196467399597
0.4942740797996521
0.4787261486053467
0.4573209881782532
0.4496331214904785
0.4318487048149109
0.430319219827652
0.4282452464103699
0.42770513892173767
0.4223204255104065
0.41299158334732056
0.4040481448173523
0.4080328643321991
0.39552369713783264
0.3999827802181244
0.39715316891670227
0.39079028367996216
0.38895362615585327
0.40073540806770325
0.39601996541023254
0.3939175307750702
0.39117884635925293
0.3935670852661133
0.3862040042877197
0.3891372084617615
0.3820019066333771
0.38185086846351624
0.38656187057495117
0.3852331340312958
0.3817003667354584
0.38781440258026123
0.38177022337913513
0.38379335403442383
0.3834083676338196
0.37804144620895386
0.3777574598789215
0.38088884949684143
0.3759573698043823
0.3814275860786438
0.37628766894340515
0.3827030062675476
0.38185080885887146
0.3833528161048889
0.38130995631217957
0.37090590596199036
0.3812435567378998
0.37379810214042664
0.37703895568847656
0.37568214535713196
0.38287144899368286
0.378180593252182
0.37779009342193604
0.3686807453632355
0.3809230923652649
0.37604138255119324
0.3744480609893799
0.37799161672592163
0.3762289881706238
0.37487077713012695
0.37279120087623596
0.37514469027519226
0.36668357253074646
0.3707953095436096
0.3728320002555847
0.3721582293510437
0.37421828508377075
0.36965495347976685
0.36961087584495544
0.37295445799827576
0.3673425316810608
0.3725219964981079
0.37153321504592896
0.37321367859840393
0.369706928730011
0.367789626121521
0.36539262533187866
0.37005600333213806
0.3713189661502838
0.3707770109176636
0.3695967197418213
0.37537628412246704
0.3696766793727875
0.36753979325294495
0.3670198917388916
0.3678816556930542
0.3675304651260376
0.3707626163959503
0.3776037096977234
0.3671194016933441
0.3674343526363373
0.36747416853904724
0.3646778464317322
0.36459270119667053
0.366248220205307
0.37324902415275574
0.36826619505882263
0.3646852970123291
0.3624781370162964
0.3634960949420929
0.36600956320762634
0.3646926283836365
0.36371421813964844
0.3618670701980591
0.3653949797153473
0.368804395198822
0.3638935387134552
0.3614405393600464
0.3536985218524933
0.36793696880340576
0.3724239468574524
0.36335569620132446
0.36797988414764404
0.36786216497421265
0.3643154799938202
0.36490294337272644
0.36092180013656616
0.36237186193466187
0.3624127507209778
0.3639621436595917
0.36425963044166565
0.3594379723072052
0.3627105951309204
0.3634539842605591
0.3644039034843445
0.355781227350235
0.3676453232765198
0.36600667238235474
0.3582973778247833
0.3652860224246979
0.36369165778160095
0.3587464392185211
0.3605387806892395
0.35976442694664
0.36186498403549194
0.36184608936309814
0.36075183749198914
0.35721153020858765
0.3616335988044739
0.3632308840751648
0.3568246364593506
0.35776132345199585
0.3584335446357727
0.35667553544044495
0.3596934974193573
0.3594592213630676
0.36213093996047974
0.35718289017677307
0.3582817018032074
0.3594030737876892
0.35736238956451416
0.35633528232574463
0.3599029779434204
0.35552555322647095
0.3613583743572235
0.35512253642082214
0.3557285964488983
0.3597840368747711
0.3576168119907379
0.3614417612552643
0.3614652454853058
0.3580370247364044
0.3509921729564667
0.35542523860931396
0.35268235206604004
0.3542172610759735
0.3575485646724701
0.3597872853279114
0.3567647933959961
0.3505895435810089
0.3611883521080017
0.35643407702445984
0.3551790416240692
0.3602118492126465
0.3532007336616516
0.35366010665893555
0.35703060030937195
0.35757824778556824
0.3572421967983246
0.35698965191841125
0.3558991551399231
0.35351133346557617
0.35610586404800415
0.3563077449798584
0.35887378454208374
0.35588696599006653
0.35004881024360657
0.3540606200695038
0.35369646549224854
0.3572292923927307
0.35770338773727417
0.354979932308197
0.3551029860973358
0.35380667448043823
0.354305624961853
0.3559577465057373
0.3567976653575897
0.352352112531662
0.3515288829803467
0.35483622550964355
0.35127076506614685
0.35096198320388794
0.356266051530838
0.3514690101146698
0.3519953191280365
0.35219308733940125
0.3555247187614441
0.3506101071834564
0.3519430160522461
0.3519000709056854
0.3452500104904175
0.3500393331050873
0.3472755551338196
0.3486088514328003
0.3505983054637909
0.35523954033851624
0.35256630182266235
0.3575267195701599
0.3527790606021881
0.34977495670318604
0.3508771061897278
0.349987655878067
0.3534853160381317
0.35110437870025635
0.3529674708843231
0.3523470163345337
0.3526689112186432
0.3523469567298889
0.3513970375061035
0.3470652401447296
0.35149210691452026
0.3470957279205322
0.3539714813232422
0.35014939308166504
0.3462795913219452
0.3454030156135559
0.3465392291545868
0.3480263650417328
0.3524359464645386
0.35065874457359314
0.352347195148468
0.34983962774276733
0.3476153314113617
0.3507384657859802
0.35170915722846985
0.3443426787853241
0.351192444562912
0.3441637456417084
0.35043230652809143
0.34983694553375244
0.34598875045776367
0.34603404998779297
0.3498649597167969
0.3536990284919739
0.35212868452072144
0.3477826416492462
0.3510139584541321
0.3496789038181305
0.34763842821121216
0.3487432301044464
0.3432101607322693
0.3515310287475586
0.34748968482017517
0.34876757860183716
0.3533758819103241
0.34808099269866943
0.35025402903556824
0.3505712151527405
0.3431002199649811
0.34639590978622437
0.34853529930114746
0.3487812280654907
0.3492738902568817
0.34880390763282776
0.3500959575176239
0.3536972999572754
0.3512195646762848
0.34111326932907104
0.3486998677253723
0.34938013553619385
0.3451680839061737
0.34621769189834595
0.35137665271759033
0.3548271656036377
0.35127922892570496
0.345026433467865
0.342931866645813
0.3505706489086151
0.3472384512424469
0.35245010256767273
0.3485126197338104
0.3484875559806824
0.34373801946640015
0.3465980887413025
0.3517165184020996
0.33951666951179504
0.343141108751297
0.3497362434864044
0.35001644492149353
0.3449257016181946
0.3488236963748932
0.3423823416233063
0.3472820222377777
0.3448461592197418
0.3496258854866028
0.34772786498069763
0.349300354719162
0.35294437408447266
0.34540438652038574
0.34835273027420044
0.3502313792705536
0.3531399071216583
0.34874778985977173
0.3486591577529907
0.34681597352027893
0.3505561947822571
0.34892863035202026
0.346247136592865
0.3441959619522095
0.3447454869747162
0.34515175223350525
0.3482953608036041
0.3420618772506714
0.3476005494594574
0.340717613697052
0.3498419523239136
0.3466182351112366
0.3424610495567322
0.3494952917098999
0.3494337797164917
0.3459315896034241
0.34357547760009766
0.3434256911277771
0.34871160984039307
0.34984007477760315
0.34467118978500366
0.3524760901927948
0.3462143540382385
0.34744980931282043
0.3483195900917053
0.3450314700603485
0.3437371253967285
0.3469580113887787
0.3468708395957947
0.3518058657646179
0.3478764593601227
0.3506602346897125
0.35103389620780945
0.34764984250068665
0.34738442301750183
0.3481270968914032
0.34430208802223206
0.3479035794734955
0.34500551223754883
0.3480232357978821
0.3429012596607208
0.34902846813201904
0.34397417306900024
0.3426356315612793
0.3489896357059479
0.3514866828918457
0.34610259532928467
0.34439677000045776
0.34678611159324646
0.3472285568714142
0.34349605441093445
0.34679847955703735
0.3439965844154358
0.34965476393699646
0.34675493836402893
0.3466609716415405
0.34332892298698425
0.3434855341911316
0.34513962268829346
0.34920376539230347
0.3576287627220154
0.34194719791412354
0.3480684757232666
0.348829984664917
0.34877946972846985
0.3486732840538025
0.3452310264110565
0.34290611743927
0.3459240794181824
0.3493320643901825
0.34376516938209534
0.3443743586540222
0.3414109945297241
0.35125917196273804
0.34477245807647705
0.34400758147239685
0.34423765540122986
0.3458477556705475
0.34533044695854187
0.35121774673461914
0.3472137153148651
0.34581634402275085
0.34911996126174927
0.34460192918777466
0.3396341800689697
0.350281685590744
0.3438267409801483
0.3501656949520111
0.3501122295856476
0.3446579575538635
0.34268906712532043
0.3434440791606903
0.34566742181777954
0.3400121331214905
0.3481309413909912
0.34441888332366943
0.3429492115974426
0.33999526500701904
0.3401075601577759
0.3461962938308716
0.3490647077560425
0.3482319712638855
0.3444124758243561
0.34398353099823
0.3387729227542877
0.3423519432544708
0.34449490904808044
0.34202417731285095
0.35120996832847595
0.3463866412639618
0.34745854139328003
0.3489813208580017
0.34205490350723267
0.34537261724472046
0.34463003277778625
0.34116825461387634
0.347334623336792
0.3475121259689331
0.343050092458725
0.3449098765850067
0.34605997800827026
0.3463789224624634
0.3451545536518097
0.3434006869792938
0.3404817283153534
0.33841246366500854
0.34695544838905334
0.34245118498802185
0.34853842854499817
0.3366820812225342
0.34714195132255554
0.34042471647262573
0.34650543332099915
0.34974202513694763
0.3419457972049713
0.3460071384906769
0.3470025360584259
0.3439567983150482
0.35236579179763794
0.3432719111442566
0.34707674384117126
0.3459804654121399
0.3447892367839813
0.3440040051937103
0.34077468514442444
0.34588223695755005
0.346251904964447
0.3440817594528198
0.342378169298172
0.34106722474098206
0.34231966733932495
0.3452429473400116
0.3455369770526886
0.34557050466537476
0.3442894220352173
0.345915287733078
0.35448572039604187
0.3434544503688812
0.34702250361442566
0.3414754867553711
0.34007254242897034
0.3418164849281311
0.3433651328086853
0.34507858753204346
0.3432765007019043
0.3479655683040619
0.34300458431243896
0.34236326813697815
0.33891505002975464
0.3458549678325653
0.3461064100265503
0.34311485290527344
0.3482472896575928
0.3431911766529083
0.34697356820106506
0.3361097574234009
0.3405745029449463
0.34192171692848206
0.3483896553516388
0.34247568249702454
0.3449486792087555
0.3404991030693054
0.34434086084365845
0.3472951352596283
0.3463529050350189
0.3410890996456146
0.344622939825058
0.3469170033931732
0.3454573452472687
0.3487905263900757
0.34950554370880127
0.34048935770988464
0.3484477698802948
0.34816935658454895
0.3515530228614807
0.34220871329307556
0.3460122346878052
0.3452574908733368
0.3466685712337494
0.34167152643203735
0.3452582359313965
0.348145455121994
0.3477766215801239
0.3477470874786377
0.3397127389907837
0.3448960781097412
0.3394157588481903
0.34526532888412476
0.3449432849884033
0.345142126083374
0.3423244059085846
0.34527894854545593
0.34427309036254883
0.34533581137657166
0.34738776087760925
0.34185656905174255
0.34582340717315674
0.3369849920272827
0.3451988995075226
0.3472677171230316
0.3526039719581604
0.34662121534347534
0.3471900224685669
0.34719228744506836
0.3458978831768036
0.343387246131897
0.341868132352829
0.34511834383010864
0.34448572993278503
0.34747689962387085
0.35310080647468567
0.33956658840179443
0.35070347785949707
0.34557342529296875
0.34209901094436646
0.3432987928390503
0.34643131494522095
0.34516116976737976
0.3418387174606323
0.34123289585113525
0.3413974642753601
0.34645622968673706
0.33948037028312683
0.34518471360206604
0.35006478428840637
0.3442554771900177
0.34241780638694763
0.343971848487854
0.33991357684135437
0.34042394161224365
0.3432927429676056
0.34423696994781494
0.34508952498435974
0.3461204767227173
0.3446423411369324
0.3444998562335968
0.34279030561447144
0.33792540431022644
0.34038132429122925
0.34317854046821594
0.3407049775123596
0.34600043296813965
0.3461624085903168
0.33588722348213196
0.34545159339904785
0.3469823896884918
0.3454624116420746
0.34432241320610046
0.34223219752311707
0.34664231538772583
0.35083746910095215
0.3427949547767639
0.33906447887420654
0.3384368121623993
0.3445883095264435
0.3456578850746155
0.3430877923965454
0.34109339118003845
0.34568583965301514
0.34756070375442505
0.34188002347946167
0.3463807702064514
0.34815967082977295
