0.7380818724632263
0.7700504660606384
0.7902411818504333
0.7947279810905457
0.8020190596580505
0.8048233389854431
0.8087493181228638
0.8076276183128357
0.8098710179328918
0.8115535378456116
0.8149186968803406
0.8149186968803406
0.8171620965003967
0.8126752376556396
0.8160403966903687
0.8171620965003967
0.8154795169830322
0.8160403966903687
0.8160403966903687
0.8132361173629761
0.8154795169830322
0.8143578171730042
0.8143578171730042
0.8137969970703125
0.8154795169830322
0.8154795169830322
0.8154795169830322
0.8154795169830322
0.8177229166030884
0.8143578171730042
0.8154795169830322
0.8154795169830322
0.8160403966903687
0.8154795169830322
0.8166012167930603
0.8182837963104248
0.8137969970703125
0.8182837963104248
0.8177229166030884
0.8182837963104248
0.8166012167930603
0.8182837963104248
0.8194054961204529
0.8182837963104248
0.8182837963104248
0.820527195930481
0.8182837963104248
0.8188446164131165
0.8199663758277893
0.8194054961204529
0.8222097754478455
0.8194054961204529
0.8222097754478455
0.8194054961204529
0.820527195930481
0.8222097754478455
0.8182837963104248
0.8244531750679016
0.8166012167930603
0.8250139951705933
0.8244531750679016
0.8238922953605652
0.8238922953605652
0.8227705955505371
0.8266965746879578
0.8227705955505371
0.8250139951705933
0.820527195930481
0.8233314752578735
0.8244531750679016
0.8250139951705933
0.8255748748779297
0.8244531750679016
0.8261357545852661
0.821648895740509
0.8250139951705933
0.8250139951705933
0.8283791542053223
0.8261357545852661
0.8233314752578735
0.8272574543952942
0.8250139951705933
0.8210880756378174
0.8255748748779297
0.8306225538253784
0.8255748748779297
0.8238922953605652
0.8283791542053223
0.8266965746879578
0.8238922953605652
0.8238922953605652
0.8261357545852661
0.8255748748779297
0.8266965746879578
0.8295008540153503
0.8272574543952942
0.8278182744979858
0.8238922953605652
0.8255748748779297
0.830061674118042
0.8278182744979858
0.830061674118042
0.8261357545852661
0.8306225538253784
0.830061674118042
0.8278182744979858
0.8266965746879578
0.8311833739280701
0.8323051333427429
0.8289399743080139
0.8345485329627991
0.8311833739280701
0.8289399743080139
0.8278182744979858
0.8328659534454346
0.8306225538253784
0.8289399743080139
0.8345485329627991
0.830061674118042
0.833426833152771
0.8311833739280701
0.8306225538253784
0.8345485329627991
0.8339876532554626
0.8306225538253784
0.8323051333427429
0.8323051333427429
0.833426833152771
0.8345485329627991
0.830061674118042
0.8317442536354065
0.8278182744979858
0.8339876532554626
0.8311833739280701
0.8328659534454346
0.830061674118042
0.8328659534454346
0.8328659534454346
0.8323051333427429
0.833426833152771
0.830061674118042
0.8345485329627991
0.8328659534454346
0.8345485329627991
0.833426833152771
0.8323051333427429
0.8351093530654907
0.8339876532554626
0.8317442536354065
0.833426833152771
0.8311833739280701
0.8306225538253784
0.8339876532554626
0.8345485329627991
0.8323051333427429
0.8339876532554626
0.8317442536354065
0.8306225538253784
0.8345485329627991
0.8345485329627991
0.8311833739280701
0.8317442536354065
0.8328659534454346
0.8351093530654907
0.833426833152771
0.8295008540153503
0.8351093530654907
0.833426833152771
0.833426833152771
0.833426833152771
0.8345485329627991
0.833426833152771
0.8339876532554626
0.833426833152771
0.833426833152771
0.8339876532554626
0.8339876532554626
0.8323051333427429
0.8328659534454346
0.8345485329627991
0.833426833152771
0.8323051333427429
0.8328659534454346
0.8328659534454346
0.8306225538253784
0.8328659534454346
0.8339876532554626
0.8317442536354065
0.8323051333427429
0.8306225538253784
0.8317442536354065
0.8345485329627991
0.8323051333427429
0.833426833152771
0.8317442536354065
0.8328659534454346
0.833426833152771
0.8328659534454346
0.8323051333427429
0.8345485329627991
0.8295008540153503
0.8323051333427429
0.8323051333427429
0.8323051333427429
0.8328659534454346
0.8317442536354065
0.8339876532554626
0.8328659534454346
0.8311833739280701
0.8311833739280701
0.8323051333427429
0.8339876532554626
0.8317442536354065
0.8311833739280701
0.8317442536354065
0.8317442536354065
0.833426833152771
0.8311833739280701
0.8328659534454346
0.8317442536354065
0.8323051333427429
0.8289399743080139
0.8328659534454346
0.8317442536354065
0.8311833739280701
0.8323051333427429
0.833426833152771
0.833426833152771
0.8306225538253784
0.8317442536354065
0.8311833739280701
0.8323051333427429
0.8317442536354065
0.8306225538253784
0.833426833152771
0.833426833152771
0.8306225538253784
0.8317442536354065
0.8323051333427429
0.8317442536354065
0.833426833152771
0.8306225538253784
0.8323051333427429
0.8311833739280701
0.8317442536354065
0.8328659534454346
0.8317442536354065
0.8323051333427429
0.8323051333427429
0.8317442536354065
0.8311833739280701
0.8311833739280701
0.8323051333427429
0.8295008540153503
0.8317442536354065
0.8323051333427429
0.8328659534454346
0.830061674118042
0.8323051333427429
0.8306225538253784
0.8311833739280701
0.8306225538253784
0.8323051333427429
0.8323051333427429
0.8311833739280701
0.8323051333427429
0.8311833739280701
0.830061674118042
0.8311833739280701
0.8311833739280701
0.8328659534454346
0.8317442536354065
0.830061674118042
0.8306225538253784
0.8289399743080139
0.8289399743080139
0.8311833739280701
0.8311833739280701
0.8306225538253784
0.830061674118042
0.8295008540153503
0.8306225538253784
0.830061674118042
0.8306225538253784
0.830061674118042
0.8306225538253784
0.8306225538253784
0.8295008540153503
0.830061674118042
0.8311833739280701
0.8311833739280701
0.830061674118042
0.8311833739280701
0.830061674118042
0.8311833739280701
0.8295008540153503
0.8289399743080139
0.830061674118042
0.830061674118042
0.8317442536354065
0.830061674118042
0.8289399743080139
0.8306225538253784
0.8311833739280701
0.8295008540153503
0.8295008540153503
0.8306225538253784
0.8295008540153503
0.8306225538253784
0.8317442536354065
0.830061674118042
0.830061674118042
0.8295008540153503
0.8306225538253784
0.830061674118042
0.8317442536354065
0.8295008540153503
0.830061674118042
0.8295008540153503
0.8295008540153503
0.830061674118042
0.8306225538253784
0.8295008540153503
0.8323051333427429
0.830061674118042
0.8295008540153503
0.830061674118042
0.8295008540153503
0.8289399743080139
0.8289399743080139
0.8295008540153503
0.8289399743080139
0.8295008540153503
0.8289399743080139
0.8289399743080139
0.8283791542053223
0.8306225538253784
0.8323051333427429
0.8306225538253784
0.830061674118042
0.8295008540153503
0.8295008540153503
0.830061674118042
0.8295008540153503
0.8289399743080139
0.8295008540153503
0.8295008540153503
0.8295008540153503
0.8295008540153503
0.830061674118042
0.8289399743080139
0.830061674118042
0.8317442536354065
0.830061674118042
0.830061674118042
0.830061674118042
0.830061674118042
0.8306225538253784
0.8306225538253784
0.8283791542053223
0.830061674118042
0.8295008540153503
0.8323051333427429
0.8311833739280701
0.8295008540153503
0.830061674118042
0.8317442536354065
0.8289399743080139
0.8283791542053223
0.8289399743080139
0.830061674118042
0.830061674118042
0.8311833739280701
0.8295008540153503
0.830061674118042
0.8289399743080139
0.8289399743080139
0.8289399743080139
0.8311833739280701
0.8295008540153503
0.8295008540153503
0.8295008540153503
0.8289399743080139
0.8295008540153503
0.8295008540153503
0.830061674118042
0.830061674118042
0.830061674118042
0.8295008540153503
0.8306225538253784
0.8295008540153503
0.830061674118042
0.830061674118042
0.8289399743080139
0.8295008540153503
0.830061674118042
0.8311833739280701
0.830061674118042
0.8295008540153503
0.8306225538253784
0.8311833739280701
0.8306225538253784
0.8295008540153503
0.830061674118042
0.8317442536354065
0.830061674118042
0.8295008540153503
0.8295008540153503
0.8306225538253784
0.8306225538253784
0.8295008540153503
0.8306225538253784
0.830061674118042
0.830061674118042
0.8295008540153503
0.8295008540153503
0.8306225538253784
0.8323051333427429
0.8295008540153503
0.830061674118042
0.8295008540153503
0.8289399743080139
0.8295008540153503
0.8289399743080139
0.8306225538253784
0.8289399743080139
0.830061674118042
0.8311833739280701
0.8311833739280701
0.8311833739280701
0.8295008540153503
0.8306225538253784
0.8295008540153503
0.8311833739280701
0.8289399743080139
0.830061674118042
0.8311833739280701
0.830061674118042
0.8295008540153503
0.830061674118042
0.8295008540153503
0.830061674118042
0.830061674118042
0.8289399743080139
0.8289399743080139
0.830061674118042
0.8306225538253784
0.8278182744979858
0.8295008540153503
0.8295008540153503
0.8295008540153503
0.8311833739280701
0.8295008540153503
0.8311833739280701
0.8289399743080139
0.8289399743080139
0.8289399743080139
0.8295008540153503
0.8295008540153503
0.8289399743080139
0.8283791542053223
0.830061674118042
0.8311833739280701
0.8289399743080139
0.8289399743080139
0.8295008540153503
0.830061674118042
0.8306225538253784
0.830061674118042
0.8306225538253784
0.8283791542053223
0.830061674118042
0.8295008540153503
0.8289399743080139
0.830061674118042
0.830061674118042
0.8295008540153503
0.8289399743080139
0.8289399743080139
0.8295008540153503
0.830061674118042
0.830061674118042
0.8289399743080139
0.8306225538253784
0.830061674118042
0.8289399743080139
0.830061674118042
0.8295008540153503
0.8289399743080139
0.8295008540153503
0.830061674118042
0.830061674118042
0.830061674118042
0.8306225538253784
0.8295008540153503
0.8289399743080139
0.8289399743080139
0.8289399743080139
0.8289399743080139
0.8283791542053223
0.8295008540153503
0.830061674118042
0.8289399743080139
0.8289399743080139
0.8283791542053223
0.8306225538253784
0.830061674118042
0.8295008540153503
0.8295008540153503
0.830061674118042
0.830061674118042
0.830061674118042
0.8283791542053223
0.8295008540153503
0.8306225538253784
0.830061674118042
0.8289399743080139
0.8289399743080139
0.8295008540153503
0.8306225538253784
0.8295008540153503
0.8295008540153503
0.8295008540153503
0.8289399743080139
0.830061674118042
0.830061674118042
0.8295008540153503
0.8295008540153503
0.830061674118042
0.830061674118042
0.8295008540153503
0.8289399743080139
0.8295008540153503
0.8295008540153503
0.8295008540153503
0.830061674118042
0.830061674118042
0.8306225538253784
0.8306225538253784
0.8295008540153503
0.8295008540153503
0.830061674118042
0.830061674118042
0.830061674118042
0.8295008540153503
0.830061674118042
0.8295008540153503
0.830061674118042
0.830061674118042
0.8295008540153503
0.830061674118042
0.8306225538253784
0.8295008540153503
0.8295008540153503
0.830061674118042
0.8295008540153503
0.8295008540153503
0.8295008540153503
0.830061674118042
0.8289399743080139
0.830061674118042
0.8295008540153503
0.8295008540153503
0.8295008540153503
0.8295008540153503
0.8306225538253784
0.8295008540153503
0.8295008540153503
0.8295008540153503
0.8295008540153503
0.8295008540153503
0.8295008540153503
0.8295008540153503
0.8295008540153503
0.8295008540153503
0.8295008540153503
0.8295008540153503
0.8295008540153503
0.8295008540153503
0.8295008540153503
0.8295008540153503
0.8295008540153503
0.8295008540153503
0.8295008540153503
0.8295008540153503
0.8295008540153503
0.830061674118042
0.8295008540153503
0.8295008540153503
0.8295008540153503
0.8295008540153503
0.8295008540153503
0.8295008540153503
0.8295008540153503
0.8295008540153503
0.8295008540153503
0.8295008540153503
0.8295008540153503
0.8295008540153503
0.8295008540153503
0.8295008540153503
0.8295008540153503
0.830061674118042
0.8295008540153503
0.8295008540153503
0.8295008540153503
