0.5439096689224243
0.4495078921318054
0.42445963621139526
0.4130905270576477
0.40201273560523987
0.4000771939754486
0.40862715244293213
0.40098363161087036
0.40063008666038513
0.38879966735839844
0.387580543756485
0.38761743903160095
0.38067448139190674
0.37975844740867615
0.382887601852417
0.3774755001068115
0.37870123982429504
0.3737090826034546
0.3809473216533661
0.377176970243454
0.3673427700996399
0.36487117409706116
0.370502769947052
0.3750920593738556
0.35947659611701965
0.36111652851104736
0.3640384078025818
0.3640511929988861
0.3582879602909088
0.35835519433021545
0.35112613439559937
0.3535466492176056
0.3516242802143097
0.35322925448417664
0.3466106653213501
0.3545997142791748
0.3516443073749542
0.3443191349506378
0.3484933078289032
0.3399825394153595
0.3345949649810791
0.33633723855018616
0.33791765570640564
0.3399950861930847
0.34313786029815674
0.335255891084671
0.3383120894432068
0.3275188207626343
0.3303241729736328
0.32876238226890564
0.32749688625335693
0.3310588300228119
0.31197768449783325
0.3245038688182831
0.32130399346351624
0.3149648904800415
0.3169710636138916
0.3184567391872406
0.31301459670066833
0.3069871664047241
0.3000555634498596
0.3006453216075897
0.2984718680381775
0.30318641662597656
0.299903005361557
0.30175766348838806
0.29904136061668396
0.30077064037323
0.2976185083389282
0.30450743436813354
0.285020649433136
0.2968650460243225
0.29521119594573975
0.2867109179496765
0.28881609439849854
0.28823143243789673
0.2872394919395447
0.27803823351860046
0.2834137976169586
0.2853963077068329
0.2823289632797241
0.27759912610054016
0.27209460735321045
0.2782670855522156
0.2829956114292145
0.2742365300655365
0.26743409037590027
0.2664089500904083
0.26035627722740173
0.27174121141433716
0.2665334939956665
0.27528348565101624
0.26625749468803406
0.2523212432861328
0.2609800100326538
0.2603558599948883
0.2607939541339874
0.2560323178768158
0.25991174578666687
0.25645869970321655
0.25495004653930664
0.24672935903072357
0.25682875514030457
0.24937710165977478
0.24866481125354767
0.2434149831533432
0.24088503420352936
0.2458459734916687
0.24365964531898499
0.24291278421878815
0.23798494040966034
0.2350194752216339
0.23882727324962616
0.24417497217655182
0.24273467063903809
0.2256958782672882
0.2317935824394226
0.22125940024852753
0.23486502468585968
0.22378917038440704
0.22871315479278564
0.22055914998054504
0.22100956737995148
0.2155786007642746
0.23493443429470062
0.22886310517787933
0.21798007190227509
0.21112440526485443
0.2095498889684677
0.22250330448150635
0.21582219004631042
0.21015208959579468
0.21259954571723938
0.21668563783168793
0.2133886069059372
0.21490351855754852
0.22237816452980042
0.22533543407917023
0.21337921917438507
0.21279744803905487
0.21317251026630402
0.20456324517726898
0.21318811178207397
0.21065238118171692
0.216221421957016
0.20360007882118225
0.2189013510942459
0.21209029853343964
0.21393315494060516
0.2164575159549713
0.2068038284778595
0.20126153528690338
0.20377275347709656
0.20593811571598053
0.19836486876010895
0.2066289633512497
0.20775189995765686
0.20966145396232605
0.20524001121520996
0.2095530480146408
0.2082563191652298
0.19559141993522644
0.2152373194694519
0.20073001086711884
0.1984730064868927
0.20201152563095093
0.191325843334198
0.20009320974349976
0.18913987278938293
0.20238345861434937
0.1897209882736206
0.1949898600578308
0.20287726819515228
0.19807294011116028
0.19551344215869904
0.20004679262638092
0.19242587685585022
0.1837003231048584
0.18823817372322083
0.19267015159130096
0.19431909918785095
0.19774627685546875
0.19516874849796295
0.1891476809978485
0.18876034021377563
0.20117951929569244
0.20334066450595856
0.18838278949260712
0.18890978395938873
0.1928224265575409
0.20246976613998413
0.1858062446117401
0.18778938055038452
0.19017134606838226
0.19134095311164856
0.1893056333065033
0.1864199936389923
0.19503481686115265
0.18585561215877533
0.18349187076091766
0.18750911951065063
0.1764739751815796
0.17773467302322388
0.18561115860939026
0.1855224370956421
0.17520897090435028
0.17375759780406952
0.1830204576253891
0.18443454802036285
0.18441173434257507
0.18556241691112518
0.17420484125614166
0.174503892660141
0.18552418053150177
0.1799716204404831
0.1640184223651886
0.174339160323143
0.17573826014995575
0.1751316785812378
0.1756964772939682
0.16678445041179657
0.17515097558498383
0.17181673645973206
0.17403478920459747
0.1737043708562851
0.17028512060642242
0.17237813770771027
0.1690727025270462
0.1789243370294571
0.1715443730354309
0.17986604571342468
0.17748095095157623
0.17188797891139984
0.16955412924289703
0.1682252138853073
0.16679763793945312
0.1805155873298645
0.16302894055843353
0.15727739036083221
0.17027068138122559
0.17175689339637756
0.16645067930221558
0.17554786801338196
0.15769416093826294
0.1635199934244156
0.17354024946689606
0.17603929340839386
0.1619866043329239
0.15766288340091705
0.17980799078941345
0.16959334909915924
0.16213376820087433
0.16673661768436432
0.16156122088432312
0.16728883981704712
0.17252694070339203
0.15611031651496887
0.16973590850830078
0.16235467791557312
0.15514735877513885
0.1593710035085678
0.15057392418384552
0.15603797137737274
0.16429424285888672
0.16711249947547913
0.15865667164325714
0.17123514413833618
0.15696097910404205
0.1632971465587616
0.17496244609355927
0.16430237889289856
0.16867724061012268
0.1615300476551056
0.1534687876701355
0.16683506965637207
0.18148955702781677
0.16654762625694275
0.16537605226039886
0.1749628186225891
0.15003608167171478
0.17319999635219574
0.1843801587820053
0.16724303364753723
0.1666257381439209
0.16047292947769165
0.15273188054561615
0.16691730916500092
0.1639493852853775
0.16082794964313507
0.15630628168582916
0.15474852919578552
0.15334726870059967
0.15825369954109192
0.16445761919021606
0.1570654809474945
0.16381080448627472
0.16346240043640137
0.16365094482898712
0.1600704789161682
0.15009400248527527
0.16672341525554657
0.15960578620433807
0.15288838744163513
0.1508188247680664
0.15669098496437073
0.15523579716682434
0.13948190212249756
0.1531563401222229
0.16554731130599976
0.1553773134946823
0.16381695866584778
0.15518833696842194
0.17386502027511597
0.1562769114971161
0.16566058993339539
0.15614449977874756
0.1599595695734024
0.14240553975105286
0.16006366908550262
0.14648206532001495
0.14594900608062744
0.16633206605911255
0.15844258666038513
0.15264923870563507
0.1617504507303238
0.15298032760620117
0.15235692262649536
0.16875948011875153
0.14669393002986908
0.16033902764320374
0.14808496832847595
0.1585233509540558
0.15126387774944305
0.14682088792324066
0.15497559309005737
0.15934665501117706
0.15349239110946655
0.15580424666404724
0.14971835911273956
0.15630359947681427
0.14656738936901093
0.15072034299373627
0.15155497193336487
0.1523202359676361
0.14555098116397858
0.14435742795467377
0.15254923701286316
0.15495270490646362
0.14485929906368256
0.14887025952339172
0.1676800400018692
0.14505165815353394
0.14911985397338867
0.15049518644809723
0.14819002151489258
0.1529606282711029
0.15189887583255768
0.1437947303056717
0.13844728469848633
0.14139090478420258
0.15359659492969513
0.15289965271949768
0.1466081291437149
0.14318959414958954
0.1453460156917572
0.13917958736419678
0.15199914574623108
0.1489487886428833
0.15273027122020721
0.14995132386684418
0.14810027182102203
0.15345068275928497
0.1564146876335144
0.15936525166034698
0.157790407538414
0.15021686255931854
0.1461077183485031
0.13183632493019104
0.1458013355731964
0.16023971140384674
0.15228812396526337
0.1469610631465912
0.14764374494552612
0.14465975761413574
0.14821350574493408
0.14906249940395355
0.1477852612733841
0.15131926536560059
0.14855673909187317
0.1436607837677002
0.14555394649505615
0.13664183020591736
0.15125684440135956
0.1391078531742096
0.14886339008808136
0.1453363448381424
0.153167724609375
0.14509530365467072
0.143568754196167
0.14637254178524017
0.15146292746067047
0.1506718099117279
0.15475499629974365
0.16120587289333344
0.14906489849090576
0.1408211886882782
0.14263804256916046
0.15151958167552948
0.14856046438217163
0.14545521140098572
0.1389731615781784
0.14614295959472656
0.13676366209983826
0.14171017706394196
0.13865484297275543
0.15007004141807556
0.14961092174053192
0.14428949356079102
0.14758656919002533
0.14300908148288727
0.1372646987438202
0.1527778059244156
0.15362167358398438
0.1535176932811737
0.13158582150936127
0.1419581174850464
0.14114850759506226
0.14225658774375916
0.13830475509166718
0.14028587937355042
0.1546395719051361
0.14600510895252228
0.14106333255767822
0.1471426784992218
0.163065105676651
0.1544591784477234
0.1455194056034088
0.14821098744869232
0.1463760882616043
0.1338770091533661
0.15587641298770905
0.14059963822364807
0.14932318031787872
0.14629727602005005
0.1468697041273117
0.14197038114070892
0.1511678397655487
0.14751411974430084
0.14265219867229462
0.14685413241386414
0.13827285170555115
0.15746565163135529
0.1401122808456421
0.1442013531923294
0.13882821798324585
0.14212541282176971
0.12639833986759186
0.13505549728870392
0.13939954340457916
0.1511455923318863
0.1531842052936554
0.14435766637325287
0.1418452113866806
0.1451600193977356
0.14454872906208038
0.13770991563796997
0.14912809431552887
0.14490720629692078
0.13377779722213745
0.14645709097385406
0.14257055521011353
0.14323978126049042
0.14312614500522614
0.13966162502765656
0.14908769726753235
0.1520196944475174
0.1564282476902008
0.15628229081630707
0.14030835032463074
0.15657328069210052
0.1384730190038681
0.14703352749347687
0.15258148312568665
0.14081935584545135
0.1387561857700348
0.14482976496219635
0.1305476874113083
0.14273592829704285
0.1414717435836792
0.13752876222133636
0.14539647102355957
0.15147452056407928
0.13795679807662964
0.13118581473827362
0.13802148401737213
0.140776589512825
0.1505303978919983
0.1404900699853897
0.1392420530319214
0.14613130688667297
0.1265881210565567
0.14308293163776398
0.1401410549879074
0.13976635038852692
0.13358242809772491
0.1618104875087738
0.142460435628891
0.14639540016651154
0.14961624145507812
0.13974203169345856
0.13348466157913208
0.13616135716438293
0.1480015516281128
0.13397350907325745
0.14186479151248932
0.14171312749385834
0.13918381929397583
0.14118902385234833
0.13521598279476166
0.14148390293121338
0.13978733122348785
0.1474708765745163
0.1390540599822998
0.13289959728717804
0.13573282957077026
0.14658696949481964
0.14302006363868713
0.1527528166770935
0.14351804554462433
0.14605450630187988
0.14511075615882874
0.1380445510149002
0.1434134691953659
0.14655622839927673
0.1431228071451187
0.14001956582069397
0.14495286345481873
0.14379526674747467
0.1397099792957306
0.13789427280426025
0.14810484647750854
0.15414199233055115
0.13854274153709412
0.13632531464099884
0.12704327702522278
0.14597995579242706
0.12943802773952484
0.14053186774253845
0.13643807172775269
0.1423318237066269
0.13281746208667755
0.13996924459934235
0.13070419430732727
0.13714709877967834
0.13164696097373962
0.13477134704589844
0.14412426948547363
0.13706380128860474
0.1382368952035904
0.15075069665908813
0.14285597205162048
0.1622171401977539
0.13567903637886047
0.14096251130104065
0.14189620316028595
0.13254854083061218
0.14239788055419922
0.14640361070632935
0.13162510097026825
0.13264711201190948
0.1505247950553894
0.1503305435180664
0.1309366673231125
0.1303417682647705
0.13026277720928192
0.13957440853118896
0.14499306678771973
0.14639712870121002
0.13577239215373993
0.14659087359905243
0.14611566066741943
0.14632077515125275
0.13694767653942108
0.13906201720237732
0.14572060108184814
0.1492091566324234
0.1343054175376892
0.13795755803585052
0.14993979036808014
0.12851202487945557
0.13731394708156586
0.1317429393529892
0.13645492494106293
0.14233969151973724
0.13426494598388672
0.13934427499771118
0.13752086460590363
0.1392350196838379
0.14896951615810394
0.13730864226818085
0.13878507912158966
0.13689985871315002
0.14254838228225708
