0.5994098782539368
0.49173298478126526
0.4717881381511688
0.4309409260749817
0.423226535320282
0.41987788677215576
0.42334476113319397
0.4087097644805908
0.4076492190361023
0.4061209559440613
0.3952086269855499
0.39767149090766907
0.40255433320999146
0.40129852294921875
0.39343202114105225
0.39310312271118164
0.39777877926826477
0.3985530436038971
0.3920588493347168
0.38326483964920044
0.3933873176574707
0.39148688316345215
0.3863888680934906
0.3853798508644104
0.38508257269859314
0.3891041576862335
0.3854866921901703
0.3900337517261505
0.3851764500141144
0.38034000992774963
0.38105475902557373
0.3781827688217163
0.3836662769317627
0.37293463945388794
0.3883786201477051
0.3834191858768463
0.37741968035697937
0.371803343296051
0.3809744715690613
0.37277108430862427
0.37451547384262085
0.3745677173137665
0.3752409517765045
0.377361923456192
0.3727816343307495
0.37263256311416626
0.3702053427696228
0.37327441573143005
0.37023258209228516
0.36808860301971436
0.3684409260749817
0.36874955892562866
0.366087943315506
0.3666795492172241
0.3687322437763214
0.3710532784461975
0.3661898970603943
0.36367201805114746
0.3611590564250946
0.3650132715702057
0.3605646789073944
0.36683520674705505
0.35700708627700806
0.3643130362033844
0.35759666562080383
0.3617771863937378
0.36043086647987366
0.35333919525146484
0.3627048134803772
0.3606477379798889
0.35444214940071106
0.36181285977363586
0.3617512881755829
0.353827565908432
0.3565925061702728
0.35295459628105164
0.3586895763874054
0.35239100456237793
0.35284698009490967
0.3534199595451355
0.3565291166305542
0.35189947485923767
0.3545767366886139
0.35035577416419983
0.3489723801612854
0.349214106798172
0.3470396101474762
0.3551330268383026
0.3451629877090454
0.3467712700366974
0.3463362455368042
0.34795159101486206
0.35130104422569275
0.3449469208717346
0.3399890065193176
0.34527188539505005
0.34061598777770996
0.34460270404815674
0.34741678833961487
0.3500306308269501
0.3433949053287506
0.3380739688873291
0.33935198187828064
0.34027746319770813
0.3405241370201111
0.3401428461074829
0.3380502164363861
0.33991798758506775
0.33724507689476013
0.34064415097236633
0.34033575654029846
0.33479824662208557
0.3331994414329529
0.34031468629837036
0.3400436341762543
0.33331283926963806
0.33330038189888
0.33295100927352905
0.3392186164855957
0.33957651257514954
0.3358897268772125
0.33874261379241943
0.32806095480918884
0.3297173082828522
0.323441743850708
0.33240675926208496
0.326679527759552
0.32870128750801086
0.3350083529949188
0.32760584354400635
0.3288014531135559
0.32434216141700745
0.3284153640270233
0.32441332936286926
0.32047441601753235
0.32846134901046753
0.3292405307292938
0.32215145230293274
0.31870245933532715
0.31912657618522644
0.3107452392578125
0.3178996443748474
0.3208359479904175
0.3249444365501404
0.3247414827346802
0.3204009234905243
0.3154648542404175
0.3139023780822754
0.32018908858299255
0.3231067955493927
0.3183508813381195
0.3138523995876312
0.3202987015247345
0.30956175923347473
0.3120356798171997
0.3089095950126648
0.31169530749320984
0.3047082722187042
0.31436505913734436
0.30570268630981445
0.3117659389972687
0.3154476284980774
0.3071514070034027
0.31386858224868774
0.31717485189437866
0.3112761378288269
0.3185843825340271
0.30324429273605347
0.3109283149242401
0.3066635727882385
0.3098301887512207
0.30330657958984375
0.30734488368034363
0.3021486699581146
0.3102108836174011
0.3036501407623291
0.30601605772972107
0.2948096692562103
0.30341821908950806
0.30480340123176575
0.3038691580295563
0.29794344305992126
0.3000917434692383
0.30510199069976807
0.30103111267089844
0.3034183382987976
0.29663434624671936
0.3102186918258667
0.3083251714706421
0.2990019917488098
0.29954203963279724
0.3065796196460724
0.30953362584114075
0.2959785759449005
0.3047865331172943
0.2971704602241516
0.2934859097003937
0.30418869853019714
0.2987278699874878
0.3003285825252533
0.30327335000038147
0.2955642342567444
0.3024066686630249
0.29789483547210693
0.3034017086029053
0.3001518249511719
0.2993396818637848
0.29882580041885376
0.2972411811351776
0.2954799234867096
0.29577645659446716
0.3029378354549408
0.2913351356983185
0.291955828666687
0.29591527581214905
0.2967504560947418
0.2906408905982971
0.29007765650749207
0.2991263270378113
0.2996639907360077
0.2915938198566437
0.28887370228767395
0.2896102964878082
0.2819911241531372
0.29627734422683716
0.2992449104785919
0.29595574736595154
0.29561054706573486
0.2916901707649231
0.2929776608943939
0.29139187932014465
0.2899307310581207
0.2945172190666199
0.29928943514823914
0.29008904099464417
0.28773102164268494
0.2895323932170868
0.29465240240097046
0.28520864248275757
0.29088082909584045
0.2915492057800293
0.29080358147621155
0.2940538823604584
0.28413206338882446
0.2840709984302521
0.2945215404033661
0.296324223279953
0.2908334732055664
0.2861635386943817
0.28600937128067017
0.2907715141773224
0.28414851427078247
0.296953022480011
0.2837679386138916
0.28794437646865845
0.2896687984466553
0.2874907851219177
0.2833680510520935
0.29064738750457764
0.28774431347846985
0.2852746844291687
0.28884413838386536
0.28696271777153015
0.28703469038009644
0.28130003809928894
0.2844961881637573
0.2858746349811554
0.2836366295814514
0.2871305048465729
0.28364619612693787
0.29107505083084106
0.27777567505836487
0.2863214910030365
0.29084914922714233
0.2837678790092468
0.2806686460971832
0.2884991466999054
0.2795761823654175
0.2900788486003876
0.2806304097175598
0.28404849767684937
0.28609752655029297
0.2752157151699066
0.2772735059261322
0.27763476967811584
0.27724799513816833
0.2811943292617798
0.27747011184692383
0.28732961416244507
0.2706775963306427
0.28018754720687866
0.2867055833339691
0.2829231321811676
0.2773192226886749
0.28077593445777893
0.289990097284317
0.2791631519794464
0.28156778216362
0.28029558062553406
0.27892348170280457
0.2902430593967438
0.2785957455635071
0.28520622849464417
0.278055876493454
0.2790609300136566
0.28453102707862854
0.2800411283969879
0.2832179069519043
0.2837623357772827
0.2724970579147339
0.290747731924057
0.2838096022605896
0.28773078322410583
0.2844339907169342
0.2707470953464508
0.28114643692970276
0.28099387884140015
0.28073176741600037
0.280295729637146
0.28247132897377014
0.289159893989563
0.2741413414478302
0.2847697138786316
0.2731482982635498
0.2729416787624359
0.2738954722881317
0.28113335371017456
0.27102458477020264
0.2857848107814789
0.2831668555736542
0.29083189368247986
0.28276070952415466
0.28955626487731934
0.2771504521369934
0.27986061573028564
0.2788506746292114
0.2899126708507538
0.2818372845649719
0.2760021984577179
0.2807096242904663
0.2782404124736786
0.2655171751976013
0.2733129858970642
0.2726163864135742
0.27207425236701965
0.2710288166999817
0.27518370747566223
0.2717187702655792
0.2738754153251648
0.2824520766735077
0.2835809886455536
0.27436962723731995
0.2732529640197754
0.27946460247039795
0.2751762568950653
0.28141066431999207
0.2619004249572754
0.27565640211105347
0.27629345655441284
0.27169862389564514
0.2829314172267914
0.2758537232875824
0.2689814567565918
0.2717352509498596
0.273166298866272
0.2764764428138733
0.2782003879547119
0.276867538690567
0.2802089750766754
0.27559056878089905
0.27788329124450684
0.2684793472290039
0.27533072233200073
0.2789595425128937
0.27370718121528625
0.27965569496154785
0.2869909703731537
0.2651146650314331
0.2728237807750702
0.26810285449028015
0.2813015878200531
0.27434685826301575
0.2801763117313385
0.28223323822021484
0.27316564321517944
0.2804400324821472
0.281345009803772
0.26811400055885315
0.270626962184906
0.26679113507270813
0.2682505249977112
0.27448585629463196
0.2690504193305969
0.2743009030818939
0.2667698562145233
0.2622391879558563
0.2766784429550171
0.2751730680465698
0.27103257179260254
0.2700502574443817
0.2796109914779663
0.27829572558403015
0.2730477750301361
0.2702869772911072
0.2685563862323761
0.2765531539916992
0.269244521856308
0.2704872190952301
0.2701367139816284
0.27001869678497314
0.2767971158027649
0.25921520590782166
0.2709295451641083
0.26915061473846436
0.27769994735717773
0.2696441113948822
0.2779509425163269
0.27551335096359253
0.2768813669681549
0.27069926261901855
0.2578064799308777
0.2719183564186096
0.26354026794433594
0.2749650478363037
0.27227407693862915
0.27514123916625977
0.2770509421825409
0.2707500755786896
0.2712728679180145
0.2668589949607849
0.27672749757766724
0.26766014099121094
0.27276331186294556
0.26868873834609985
0.2725243866443634
0.27129292488098145
0.2656365633010864
0.2666774094104767
0.26550477743148804
0.2628006637096405
0.2750050127506256
0.27270621061325073
0.2783682942390442
0.27207568287849426
0.26544687151908875
0.26849979162216187
0.2728491425514221
0.27733543515205383
0.26970452070236206
0.26902857422828674
0.2596571147441864
0.26760056614875793
0.2715008854866028
0.2718631625175476
0.26668086647987366
0.26353636384010315
0.2719661295413971
0.2695568799972534
0.26761314272880554
0.2721276581287384
0.2732012867927551
0.2724789083003998
0.2685154378414154
0.2701548933982849
0.26559868454933167
0.27044177055358887
0.2777576148509979
0.28198593854904175
0.2779627740383148
0.2753588557243347
0.2617288827896118
0.27821072936058044
0.265902042388916
0.26672521233558655
0.2650824785232544
0.27563485503196716
0.26804766058921814
0.269802987575531
0.2766934037208557
0.2682338058948517
0.26942360401153564
0.2793911397457123
0.2631952464580536
0.27311572432518005
0.266120970249176
0.2760757803916931
0.2696044445037842
0.2699432075023651
0.26415979862213135
0.26239028573036194
0.26946553587913513
0.26996946334838867
0.2701866924762726
0.2658519148826599
0.2693827152252197
0.2736654281616211
0.2680557370185852
0.26582491397857666
0.27321872115135193
0.26726436614990234
0.26804468035697937
0.2607839107513428
0.25677135586738586
0.2647054195404053
0.27238696813583374
0.26533597707748413
0.2728644609451294
0.2617323696613312
0.2570381462574005
0.2639288902282715
0.26495712995529175
0.2721872627735138
0.26816272735595703
0.2699839770793915
0.26439955830574036
0.2652522325515747
0.26365306973457336
0.26901543140411377
0.25975391268730164
0.2687686085700989
0.2659327983856201
0.26073500514030457
0.26263487339019775
0.26992714405059814
0.2697393596172333
0.2609843313694
0.2662322223186493
0.2722818851470947
0.26498913764953613
0.26441317796707153
0.26796504855155945
0.27112364768981934
0.2714880406856537
0.277187705039978
0.26647791266441345
0.2842366397380829
0.2739884555339813
0.25744831562042236
0.2638047933578491
0.26210179924964905
0.27135738730430603
0.270412415266037
0.26759073138237
0.2735755145549774
0.26189395785331726
0.2713794708251953
0.2650488018989563
0.26705843210220337
0.26776865124702454
0.2673400342464447
0.266305536031723
0.27162352204322815
0.2578005790710449
0.2719128131866455
0.26710137724876404
0.25861868262290955
0.2652626633644104
0.26352187991142273
0.2734068036079407
0.27219337224960327
0.2626294195652008
0.2701176702976227
0.27887073159217834
0.27465173602104187
0.2712383568286896
0.2587607800960541
0.26173242926597595
0.2666797637939453
0.2666974663734436
0.27114447951316833
0.2662668228149414
0.2595798075199127
0.2726348638534546
0.26420557498931885
0.26186445355415344
0.2672668993473053
0.256761372089386
0.26368406414985657
0.2620444893836975
0.27212074398994446
0.26420608162879944
0.27384376525878906
0.25979533791542053
0.2716834545135498
0.2645896077156067
0.2646341919898987
0.26418378949165344
0.26953065395355225
0.26584118604660034
0.2674616277217865
0.272291362285614
0.2564834654331207
0.2676360011100769
0.26548221707344055
0.2647566497325897
0.27111995220184326
0.2660991847515106
0.2593972086906433
0.2696748673915863
0.2619296610355377
0.2708289325237274
