0.514705240726471
0.4508661925792694
0.43390125036239624
0.4295138120651245
0.4076959788799286
0.41156089305877686
0.4051104187965393
0.40912219882011414
0.395426481962204
0.39277276396751404
0.40395158529281616
0.39104554057121277
0.3862419128417969
0.3898369073867798
0.38931605219841003
0.3883514404296875
0.3809613585472107
0.38316166400909424
0.38330379128456116
0.3839288055896759
0.38849708437919617
0.380365788936615
0.38189855217933655
0.3794699013233185
0.3740463852882385
0.36936235427856445
0.37627658247947693
0.37496089935302734
0.37783220410346985
0.37645190954208374
0.3763009309768677
0.3659573197364807
0.3749007284641266
0.36730334162712097
0.3731347918510437
0.3721335828304291
0.37269407510757446
0.3740437924861908
0.3708864152431488
0.3689318597316742
0.3645513355731964
0.3651925027370453
0.36834847927093506
0.36868464946746826
0.361321359872818
0.3677162528038025
0.3691067099571228
0.3626372814178467
0.3686947226524353
0.3656260073184967
0.36227452754974365
0.3617987632751465
0.3663823902606964
0.36146074533462524
0.3648071587085724
0.3656577467918396
0.3550258278846741
0.3519764840602875
0.36008164286613464
0.3600952923297882
0.3586479723453522
0.35813072323799133
0.3573828637599945
0.3591095209121704
0.35850101709365845
0.3618294894695282
0.35127782821655273
0.3573361039161682
0.356839656829834
0.3480832278728485
0.3564499318599701
0.3482665419578552
0.35132214426994324
0.3519611060619354
0.34834906458854675
0.3507840931415558
0.35130575299263
0.3497198820114136
0.35275161266326904
0.3472515940666199
0.3578903079032898
0.3479824364185333
0.34124016761779785
0.3449486494064331
0.3481201231479645
0.3443305492401123
0.3439977765083313
0.3395366370677948
0.34077784419059753
0.34743016958236694
0.3458757996559143
0.34089750051498413
0.3454483151435852
0.3390846252441406
0.34225329756736755
0.34241190552711487
0.3394959270954132
0.3425906300544739
0.34091150760650635
0.33639323711395264
0.3363174796104431
0.33428213000297546
0.3413509130477905
0.33281487226486206
0.3377096652984619
0.33390551805496216
0.33597666025161743
0.3394346833229065
0.3357301354408264
0.33534884452819824
0.33524537086486816
0.3271544575691223
0.32770606875419617
0.3310389816761017
0.32495689392089844
0.33243855834007263
0.33429256081581116
0.3215157687664032
0.3305792212486267
0.3274407684803009
0.3278408646583557
0.3320354223251343
0.3259623646736145
0.3261096179485321
0.33169910311698914
0.32048681378364563
0.3277726173400879
0.3297742009162903
0.31249287724494934
0.3206033408641815
0.3272525668144226
0.3206973969936371
0.3249185085296631
0.3190198540687561
0.31444916129112244
0.3197219967842102
0.3192821741104126
0.31297022104263306
0.3167802393436432
0.3183858096599579
0.32125771045684814
0.3179146945476532
0.3159094750881195
0.31691113114356995
0.318119078874588
0.3176000714302063
0.31070753931999207
0.3196483850479126
0.3183654248714447
0.31450408697128296
0.31023848056793213
0.3098648190498352
0.3126823306083679
0.30181270837783813
0.3173232972621918
0.30688536167144775
0.3116314709186554
0.3022824227809906
0.31205689907073975
0.3090490400791168
0.30461427569389343
0.3072671890258789
0.30246737599372864
0.3051827847957611
0.31401050090789795
0.30673888325691223
0.29665127396583557
0.3051503598690033
0.3045567572116852
0.3037774860858917
0.2938746511936188
0.3044324815273285
0.3029825687408447
0.3013833463191986
0.29489773511886597
0.29741042852401733
0.30294114351272583
0.30525630712509155
0.30652472376823425
0.30112743377685547
0.3021557629108429
0.29727408289909363
0.29479411244392395
0.29856598377227783
0.30182480812072754
0.3042415380477905
0.2966316044330597
0.2917385399341583
0.29647591710090637
0.302082359790802
0.29740118980407715
0.2875216007232666
0.2918294072151184
0.29419800639152527
0.3075476288795471
0.3008234202861786
0.29596182703971863
0.297536700963974
0.29743659496307373
0.2968366742134094
0.2994856536388397
0.29689326882362366
0.29650741815567017
0.288758248090744
0.3037109076976776
0.296755313873291
0.2923561632633209
0.29489150643348694
0.2863248884677887
0.28917834162712097
0.29357168078422546
0.2942133843898773
0.2920701801776886
0.2894529700279236
0.29867881536483765
0.285433828830719
0.2873862683773041
0.2872488796710968
0.280094176530838
0.29083484411239624
0.2975425124168396
0.28481948375701904
0.2878821790218353
0.2834413945674896
0.29511818289756775
0.29793649911880493
0.28671470284461975
0.2839900553226471
0.29309752583503723
0.28552624583244324
0.29139772057533264
0.2915685772895813
0.2882430851459503
0.288577675819397
0.29002514481544495
0.29779449105262756
0.28836122155189514
0.2991345226764679
0.2883561849594116
0.28518983721733093
0.2887785732746124
0.2855987548828125
0.27438074350357056
0.2888621389865875
0.2821292281150818
0.2798711061477661
0.28211936354637146
0.2862381935119629
0.2859972417354584
0.2834891080856323
0.2813119888305664
0.2838682234287262
0.2870620787143707
0.28139618039131165
0.27734196186065674
0.2765952944755554
0.27978140115737915
0.2809755206108093
0.27891406416893005
0.2668221890926361
0.28969699144363403
0.2760782539844513
0.2814285457134247
0.2868545949459076
0.27866536378860474
0.27154040336608887
0.27118727564811707
0.28268855810165405
0.27537915110588074
0.27220097184181213
0.2718060612678528
0.2746313810348511
0.275576114654541
0.28225693106651306
0.27135077118873596
0.27924421429634094
0.2765379250049591
0.2761726975440979
0.28558802604675293
0.2823528051376343
0.2718949615955353
0.2773021161556244
0.27655336260795593
0.2676827609539032
0.2871546149253845
0.28204429149627686
0.2717691957950592
0.2739098072052002
0.28013601899147034
0.27288585901260376
0.28373199701309204
0.28156065940856934
0.2756856381893158
0.26371800899505615
0.2796574532985687
0.2816198766231537
0.2825630307197571
0.27535703778266907
0.27667897939682007
0.27759912610054016
0.2768741846084595
0.27585887908935547
0.26793402433395386
0.2762562036514282
0.273800253868103
0.28036683797836304
0.2725745141506195
0.2734786868095398
0.2705071270465851
0.2730797529220581
0.2744677662849426
0.2760472595691681
0.2817363440990448
0.2726558446884155
0.2723773717880249
0.26747754216194153
0.27166515588760376
0.27807244658470154
0.2721935510635376
0.27286460995674133
0.27156469225883484
0.2775648236274719
0.266961008310318
0.2722979784011841
0.276072233915329
0.275170236825943
0.27686071395874023
0.26804232597351074
0.2658053934574127
0.2677740156650543
0.26926127076148987
0.27911150455474854
0.26629698276519775
0.27846547961235046
0.269135445356369
0.2749567925930023
0.2770766317844391
0.2711421549320221
0.26928457617759705
0.2693745791912079
0.2713773548603058
0.2763444483280182
0.27459070086479187
0.2717115879058838
0.26978185772895813
0.2706766426563263
0.2749525010585785
0.2665741443634033
0.2630211114883423
0.2616138756275177
0.26672977209091187
0.2683439254760742
0.2782786190509796
0.27227869629859924
0.2647596299648285
0.27211400866508484
0.27168697118759155
0.2704276442527771
0.26471850275993347
0.26238739490509033
0.26261305809020996
0.26807263493537903
0.26616325974464417
0.2728743851184845
0.2629173696041107
0.26398807764053345
0.27304384112358093
0.2700906991958618
0.2682863473892212
0.26642534136772156
0.26830193400382996
0.2727508544921875
0.26194074749946594
0.265104204416275
0.2654837369918823
0.2585439085960388
0.26714712381362915
0.27282455563545227
0.2684437334537506
0.26687607169151306
0.25432488322257996
0.2698400318622589
0.26738739013671875
0.26408493518829346
0.26807016134262085
0.2770140469074249
0.2649509310722351
0.2557714283466339
0.26390859484672546
0.27228572964668274
0.26483798027038574
0.2634214758872986
0.2697543799877167
0.26698464155197144
0.2629753649234772
0.2632831037044525
0.25865688920021057
0.25621387362480164
0.25522252917289734
0.26512619853019714
0.27179470658302307
0.26764947175979614
0.2593936026096344
0.25733792781829834
0.260268896818161
0.2662774920463562
0.268880158662796
0.2715068757534027
0.26589956879615784
0.26060712337493896
0.27032920718193054
0.26599428057670593
0.26836276054382324
0.2628953754901886
0.2637890875339508
0.2726656198501587
0.265789270401001
0.25898781418800354
0.27417686581611633
0.26615363359451294
0.26576679944992065
0.26594051718711853
0.26840823888778687
0.2678004503250122
0.2616337239742279
0.2626064419746399
0.25872111320495605
0.26496124267578125
0.268391489982605
0.26662060618400574
0.26113182306289673
0.26930472254753113
0.2613251805305481
0.26784422993659973
0.25533899664878845
0.2645818591117859
0.2606581449508667
0.2648656964302063
0.2678201496601105
0.26976171135902405
0.2660534679889679
0.26836565136909485
0.26337727904319763
0.2546863853931427
0.2616523802280426
0.26357653737068176
0.26371514797210693
0.26136916875839233
0.26396143436431885
0.2682535648345947
0.2592272460460663
0.27469757199287415
0.2706820070743561
0.26799046993255615
0.2603170573711395
0.2607925236225128
0.2616773843765259
0.2642909586429596
0.2712813913822174
0.2519324719905853
0.25575387477874756
0.2610463798046112
0.2625875771045685
0.2584686875343323
0.2617625594139099
0.2552673816680908
0.25855591893196106
0.26668015122413635
0.2576659619808197
0.2613465189933777
0.25797906517982483
0.2646288275718689
0.2586407959461212
0.25855353474617004
0.2606363594532013
0.26639753580093384
0.25736531615257263
0.2580159306526184
0.26233696937561035
0.26223769783973694
0.256195604801178
0.2651800513267517
0.25990039110183716
0.2707878053188324
0.26076123118400574
0.2618504464626312
0.26563385128974915
0.2619055509567261
0.25307342410087585
0.2658379077911377
0.26027166843414307
0.25569087266921997
0.2614310681819916
0.26477378606796265
0.2673136591911316
0.2604355812072754
0.2584192454814911
0.2600391209125519
0.2615908086299896
0.2633669674396515
0.25212135910987854
0.2601715326309204
0.2628542184829712
0.26035618782043457
0.26132020354270935
0.26912784576416016
0.26619336009025574
0.2612467408180237
0.2699766159057617
0.2635478675365448
0.26504093408584595
0.2639269530773163
0.25685691833496094
0.2639242112636566
0.2643694579601288
0.2611676752567291
0.2630147933959961
0.25412747263908386
0.25995558500289917
0.26195627450942993
0.26140210032463074
0.26319488883018494
0.26537084579467773
0.2595788836479187
0.26487410068511963
0.2628731429576874
0.25515300035476685
0.2681889832019806
0.27133551239967346
0.2606869637966156
0.2707453668117523
0.25894203782081604
0.2614242732524872
0.2663356065750122
0.2658995985984802
0.2581107020378113
0.2628852128982544
0.26477912068367004
0.2574969530105591
0.26237696409225464
0.2592131793498993
0.25245824456214905
0.2543823719024658
0.27910342812538147
0.25512704253196716
0.2677542567253113
0.2585444748401642
0.2687174081802368
0.2609200179576874
0.26508837938308716
0.2608494460582733
0.25282514095306396
0.2578080892562866
0.25269803404808044
0.26393067836761475
0.2625281512737274
0.26059237122535706
0.25168880820274353
0.26971083879470825
0.2459053099155426
0.2542683184146881
0.2707645893096924
0.25601208209991455
0.25516122579574585
0.26143553853034973
0.26385724544525146
0.26110973954200745
0.2635786533355713
0.26090604066848755
0.25615885853767395
0.2518831491470337
0.2609602212905884
0.24805697798728943
0.2597884237766266
0.25609368085861206
0.2624620795249939
0.2659934461116791
0.25987017154693604
0.25493746995925903
0.25551721453666687
0.2563382387161255
0.26650470495224
0.2565608024597168
0.2592693865299225
0.26166436076164246
0.2603036165237427
0.262067049741745
0.257427841424942
0.26063138246536255
0.2630482614040375
0.25992855429649353
0.2600252628326416
0.2596987783908844
0.26877865195274353
0.25609689950942993
0.2514905333518982
0.26238101720809937
0.2669280171394348
0.2551514506340027
0.25365766882896423
0.256352037191391
0.2622235119342804
0.26184871792793274
0.2504259943962097
