0.6217115521430969
0.49948087334632874
0.47292211651802063
0.4565545618534088
0.4397922158241272
0.43031758069992065
0.42451003193855286
0.4207557737827301
0.4250726103782654
0.41642770171165466
0.4038180708885193
0.40640872716903687
0.40468648076057434
0.39649659395217896
0.4048515856266022
0.40149277448654175
0.405587762594223
0.3929869830608368
0.3958161771297455
0.3890931308269501
0.39267945289611816
0.3846244812011719
0.39964544773101807
0.3924228250980377
0.3906780481338501
0.3795228898525238
0.3921518921852112
0.38750579953193665
0.3807182013988495
0.3792947232723236
0.3881620168685913
0.38409051299095154
0.3782040774822235
0.3821582496166229
0.3794482946395874
0.37952932715415955
0.370953232049942
0.37559810280799866
0.37721583247184753
0.3744329512119293
0.3810724914073944
0.3753529489040375
0.3722575306892395
0.36876755952835083
0.3737766146659851
0.3643624782562256
0.37451833486557007
0.3723788857460022
0.37017491459846497
0.3733085095882416
0.3772514760494232
0.36770349740982056
0.3721289038658142
0.36667531728744507
0.365649938583374
0.3565983772277832
0.35851749777793884
0.3614669144153595
0.3604045510292053
0.36042702198028564
0.37154385447502136
0.35665351152420044
0.3616865873336792
0.3620067834854126
0.3669792711734772
0.35240113735198975
0.354790598154068
0.363212525844574
0.3561675250530243
0.3556874990463257
0.3509944677352905
0.35617637634277344
0.3496052622795105
0.3561432659626007
0.34739336371421814
0.348330557346344
0.35561007261276245
0.3503802418708801
0.35299813747406006
0.3498900830745697
0.3439679741859436
0.3485700190067291
0.3573380410671234
0.347242534160614
0.3392045199871063
0.33953171968460083
0.3454537093639374
0.34218505024909973
0.3454883098602295
0.3419368863105774
0.340828537940979
0.34689244627952576
0.339349627494812
0.34884580969810486
0.3429845869541168
0.3472888171672821
0.3470059931278229
0.33550310134887695
0.3418038785457611
0.3348967432975769
0.3332360088825226
0.33750826120376587
0.33514726161956787
0.33540886640548706
0.3332405090332031
0.3327910304069519
0.33365944027900696
0.33142268657684326
0.33275869488716125
0.33112049102783203
0.3285578489303589
0.3269263207912445
0.33681297302246094
0.3323718011379242
0.32567527890205383
0.3230641186237335
0.32986512780189514
0.3272823095321655
0.3286900222301483
0.3329974412918091
0.3204609155654907
0.32949918508529663
0.3251340985298157
0.3268796503543854
0.32544004917144775
0.32595357298851013
0.32504376769065857
0.321511834859848
0.3187769055366516
0.32053443789482117
0.3148108720779419
0.32045480608940125
0.32105544209480286
0.3212498128414154
0.31877127289772034
0.32185375690460205
0.319622665643692
0.3096370995044708
0.3068779408931732
0.31693512201309204
0.3141424059867859
0.3086434006690979
0.30861979722976685
0.3188912868499756
0.3050207495689392
0.326715350151062
0.31720998883247375
0.3161798417568207
0.30608439445495605
0.30553579330444336
0.30842649936676025
0.30753010511398315
0.30922991037368774
0.31982067227363586
0.3147897720336914
0.31667110323905945
0.30764156579971313
0.3017288148403168
0.3032342493534088
0.3051595091819763
0.3096872866153717
0.3127210736274719
0.3062272071838379
0.2976503372192383
0.31126388907432556
0.30450737476348877
0.3041671812534332
0.30281007289886475
0.2937644422054291
0.2940358519554138
0.29878053069114685
0.292391300201416
0.2925666570663452
0.3056250512599945
0.2949320375919342
0.28960737586021423
0.3131239116191864
0.29445987939834595
0.29857394099235535
0.2986396551132202
0.30504319071769714
0.2987111508846283
0.30349665880203247
0.29558074474334717
0.29479148983955383
0.30508825182914734
0.29977959394454956
0.3003782331943512
0.30847352743148804
0.30455949902534485
0.29676464200019836
0.2991234362125397
0.2978609800338745
0.2974747121334076
0.2930610179901123
0.29911720752716064
0.29408887028694153
0.3001571297645569
0.29037848114967346
0.2931768000125885
0.2960078716278076
0.2999747395515442
0.2919858992099762
0.2874506413936615
0.2979174554347992
0.2906983196735382
0.3035547733306885
0.29517456889152527
0.29956725239753723
0.2886485457420349
0.2982473373413086
0.29467445611953735
0.29263702034950256
0.28855693340301514
0.2855238914489746
0.30075961351394653
0.2934461534023285
0.29255759716033936
0.2969265282154083
0.2885655164718628
0.2859903872013092
0.29606544971466064
0.2890475392341614
0.29905521869659424
0.2887117266654968
0.2986874580383301
0.2847001254558563
0.2899070680141449
0.2770911455154419
0.28676995635032654
0.2854265570640564
0.2879580855369568
0.292130708694458
0.29494568705558777
0.2841043174266815
0.2758808135986328
0.287527859210968
0.2757054269313812
0.28037822246551514
0.2851780652999878
0.28532007336616516
0.2903140187263489
0.2760719954967499
0.28202301263809204
0.28481948375701904
0.2762708067893982
0.2928997874259949
0.28018641471862793
0.27854812145233154
0.2812389135360718
0.2763449549674988
0.2652316689491272
0.2844296991825104
0.28646349906921387
0.2747599184513092
0.265872985124588
0.2726995646953583
0.27530407905578613
0.27812308073043823
0.2742343544960022
0.2744254767894745
0.2816569209098816
0.2822810709476471
0.28433850407600403
0.2753663957118988
0.2797669768333435
0.28080788254737854
0.2780294120311737
0.290025532245636
0.28584596514701843
0.2816353440284729
0.2763797640800476
0.27568721771240234
0.2928219437599182
0.2818670868873596
0.274999737739563
0.27417221665382385
0.272682249546051
0.29136595129966736
0.27630218863487244
0.27336984872817993
0.2715390622615814
0.27921274304389954
0.2745383083820343
0.26858100295066833
0.27729570865631104
0.28135445713996887
0.27025628089904785
0.27125483751296997
0.28326094150543213
0.2721436321735382
0.26623329520225525
0.2892734408378601
0.2864973247051239
0.2809772193431854
0.27286970615386963
0.2746666371822357
0.2802680432796478
0.28136515617370605
0.2793838679790497
0.2797137200832367
0.28341856598854065
0.26608946919441223
0.2726247310638428
0.2840171754360199
0.27831169962882996
0.2952289581298828
0.2736132740974426
0.2734982371330261
0.2815828323364258
0.28833845257759094
0.2797265648841858
0.27847322821617126
0.2729351222515106
0.2852075397968292
0.27527180314064026
0.27823859453201294
0.2865592837333679
0.2793923318386078
0.2654910087585449
0.28248608112335205
0.2673107385635376
0.2741272747516632
0.2834632992744446
0.2721101641654968
0.2765581011772156
0.27039286494255066
0.2845306396484375
0.27726128697395325
0.27520552277565
0.265720397233963
0.27694234251976013
0.2606081962585449
0.2774852514266968
0.2610238492488861
0.2668399214744568
0.2655864655971527
0.27593815326690674
0.27914613485336304
0.2651953399181366
0.275338739156723
0.27357932925224304
0.27548500895500183
0.2750719487667084
0.26873254776000977
0.2589798867702484
0.2813512980937958
0.28325098752975464
0.2657180726528168
0.27725929021835327
0.26874449849128723
0.27554601430892944
0.2763617932796478
0.2726781666278839
0.2752760052680969
0.2696835696697235
0.27789607644081116
0.2694415748119354
0.27174559235572815
0.27651914954185486
0.2697814702987671
0.27940160036087036
0.27822861075401306
0.2673273980617523
0.27134060859680176
0.2753015160560608
0.26467251777648926
0.27287521958351135
0.2738977074623108
0.2663971185684204
0.2679767906665802
0.27729541063308716
0.2685599625110626
0.2620946168899536
0.2767222225666046
0.26960113644599915
0.2695505619049072
0.2689892649650574
0.27451062202453613
0.27034443616867065
0.2786645293235779
0.2696085572242737
0.27632835507392883
0.2679192125797272
0.28292012214660645
0.2727848291397095
0.27322059869766235
0.26767340302467346
0.27070021629333496
0.27022916078567505
0.2777792513370514
0.2611774206161499
0.27805984020233154
0.2687123417854309
0.26937445998191833
0.26893946528434753
0.27800917625427246
0.2766207158565521
0.2577897310256958
0.276561439037323
0.2743322253227234
0.2780296802520752
0.27003511786460876
0.26636233925819397
0.27025389671325684
0.2707255780696869
0.26971036195755005
0.2731069326400757
0.2674967348575592
0.2639009952545166
0.2635197937488556
0.2795318365097046
0.2593705952167511
0.26850178837776184
0.27119556069374084
0.25985389947891235
0.2640567719936371
0.2655070424079895
0.2722076177597046
0.26592665910720825
0.26042962074279785
0.26159822940826416
0.2651580274105072
0.2719945013523102
0.27908363938331604
0.26933255791664124
0.28161779046058655
0.26477357745170593
0.2688828110694885
0.2664710581302643
0.2722105085849762
0.2699340283870697
0.2559090256690979
0.2673421800136566
0.2604205012321472
0.26523181796073914
0.2732187509536743
0.2679450511932373
0.2619895339012146
0.2540203034877777
0.259473979473114
0.2603776454925537
0.26173529028892517
0.26840779185295105
0.2666057050228119
0.2725617289543152
0.26151201128959656
0.2723764479160309
0.2663881480693817
0.26318448781967163
0.25821101665496826
0.27599623799324036
0.26437950134277344
0.26512208580970764
0.2656739056110382
0.262964129447937
0.26788708567619324
0.27587541937828064
0.2625599801540375
0.26552146673202515
0.275276780128479
0.27852439880371094
0.2700863480567932
0.26044198870658875
0.26716306805610657
0.2628004252910614
0.2666946351528168
0.2658693194389343
0.2636711597442627
0.2660403549671173
0.27367502450942993
0.2740992605686188
0.2694573402404785
0.270418256521225
0.26664304733276367
0.26739269495010376
0.2596287727355957
0.2668394446372986
0.2656407356262207
0.2627747654914856
0.2657851278781891
0.25761353969573975
0.26610586047172546
0.25958728790283203
0.26354750990867615
0.2751747965812683
0.27244850993156433
0.27167537808418274
0.2605460286140442
0.2615070939064026
0.2615010142326355
0.2676410973072052
0.2663777470588684
0.2685492932796478
0.25959908962249756
0.26183220744132996
0.26367583870887756
0.2679506540298462
0.2721547782421112
0.2721559405326843
0.2652534544467926
0.26428061723709106
0.2661132216453552
0.26213720440864563
0.26803919672966003
0.2671033442020416
0.24827700853347778
0.26278504729270935
0.2666015625
0.25822964310646057
0.2563458979129791
0.2552048861980438
0.25767019391059875
0.27132585644721985
0.2692461907863617
0.2621433734893799
0.25966399908065796
0.2763238549232483
0.26175862550735474
0.25394001603126526
0.27134743332862854
0.26235654950141907
0.27068188786506653
0.26372671127319336
0.2698639929294586
0.27386364340782166
0.26010066270828247
0.2668798863887787
0.25198256969451904
0.25800907611846924
0.2669651508331299
0.27188000082969666
0.26282864809036255
0.2640121579170227
0.2585180401802063
0.2642812132835388
0.2651517689228058
0.2653186023235321
0.2650049030780792
0.26064789295196533
0.2650029957294464
0.2626653015613556
0.24845150113105774
0.2603793144226074
0.26043418049812317
0.26818931102752686
0.25740453600883484
0.2687172591686249
0.26378440856933594
0.265805184841156
0.25698959827423096
0.25739094614982605
0.25763875246047974
0.26289427280426025
0.2582249641418457
0.25709280371665955
0.2544422745704651
0.2638684809207916
0.2748635709285736
0.2627456784248352
0.2680828273296356
0.267378568649292
0.25966840982437134
0.2562442719936371
0.2821807563304901
0.2637332081794739
0.2643190026283264
0.2608872056007385
0.25798073410987854
0.26880863308906555
0.26067546010017395
0.25772443413734436
0.26440271735191345
0.26820439100265503
0.2668495178222656
0.2704114019870758
0.2653551399707794
0.2603871822357178
0.2629678547382355
0.2705594599246979
0.263501912355423
0.27000752091407776
0.26063501834869385
0.26352956891059875
0.2617444396018982
0.25303617119789124
0.2662999927997589
0.2712767720222473
0.26065802574157715
0.2592678368091583
0.2701338529586792
0.2682409882545471
0.25629836320877075
0.26320749521255493
0.26417574286460876
0.25966617465019226
0.26207417249679565
0.2593385577201843
0.2726658582687378
0.25663501024246216
0.2598830461502075
0.26638245582580566
0.2607577443122864
0.26419493556022644
0.24814023077487946
