0.8078614473342896
0.5187168717384338
0.47176510095596313
0.43852001428604126
0.4282281696796417
0.4201083779335022
0.4088795483112335
0.4056333601474762
0.40377914905548096
0.4006718397140503
0.3995366394519806
0.40769273042678833
0.3962751626968384
0.3910371959209442
0.3925454020500183
0.3836802542209625
0.383215993642807
0.3903098404407501
0.3831160068511963
0.3867390751838684
0.37932631373405457
0.38618361949920654
0.3876893222332001
0.376705139875412
0.3724823296070099
0.37344005703926086
0.3799217641353607
0.36780887842178345
0.37688949704170227
0.37570953369140625
0.3663473427295685
0.37307581305503845
0.3670673370361328
0.3685612082481384
0.36433571577072144
0.36942940950393677
0.3575269877910614
0.3664212226867676
0.3635094165802002
0.36566343903541565
0.36018437147140503
0.36211636662483215
0.3535047471523285
0.3550896942615509
0.3581719398498535
0.3559577167034149
0.35499757528305054
0.3514987826347351
0.35720834136009216
0.3590394854545593
0.35968220233917236
0.3465512990951538
0.35333648324012756
0.3534563481807709
0.3512647747993469
0.35179176926612854
0.3468484878540039
0.3457234501838684
0.34767618775367737
0.3471638262271881
0.34508684277534485
0.34664487838745117
0.3441883623600006
0.34359148144721985
0.34366998076438904
0.3396657407283783
0.33701491355895996
0.33706265687942505
0.3307449519634247
0.32579654455184937
0.3327997326850891
0.33606335520744324
0.33091768622398376
0.33367297053337097
0.33591124415397644
0.33369898796081543
0.3305900990962982
0.3337455093860626
0.33176934719085693
0.3241424262523651
0.3243168294429779
0.3294496536254883
0.3259620666503906
0.3275945484638214
0.32169726490974426
0.3157501518726349
0.32016628980636597
0.33010926842689514
0.3272671103477478
0.3183886408805847
0.3222487270832062
0.3217634856700897
0.3192075490951538
0.3162911534309387
0.3130325675010681
0.3135553300380707
0.31920763850212097
0.31256556510925293
0.3181346356868744
0.31011781096458435
0.3117147386074066
0.31057170033454895
0.3132472336292267
0.30749818682670593
0.30719897150993347
0.3071686625480652
0.3069365322589874
0.3121548891067505
0.3093707859516144
0.3098229169845581
0.29957112669944763
0.3028135299682617
0.30506202578544617
0.3027894198894501
0.29446345567703247
0.3023008406162262
0.3098468780517578
0.30642297863960266
0.29594194889068604
0.30123698711395264
0.30276408791542053
0.29816770553588867
0.2908012866973877
0.28264525532722473
0.284342497587204
0.29041728377342224
0.2867080867290497
0.2888171374797821
0.2868475914001465
0.28484591841697693
0.2839773893356323
0.2800699770450592
0.2853366732597351
0.2938033640384674
0.2849331498146057
0.2901468575000763
0.28130903840065
0.27814143896102905
0.2822374701499939
0.2841470241546631
0.27386781573295593
0.28328055143356323
0.2838197350502014
0.2837831676006317
0.2815706729888916
0.2771519720554352
0.27472954988479614
0.2779143154621124
0.28093990683555603
0.2828933596611023
0.28476834297180176
0.27464911341667175
0.27386534214019775
0.280057430267334
0.27654576301574707
0.28451722860336304
0.27527889609336853
0.26754873991012573
0.2772299647331238
0.2817482352256775
0.27875933051109314
0.2749980092048645
0.2768498659133911
0.2788674235343933
0.28043636679649353
0.2759391963481903
0.26808303594589233
0.27341046929359436
0.2683514952659607
0.2832109332084656
0.27078860998153687
0.27462974190711975
0.26630210876464844
0.27459055185317993
0.2784932553768158
0.26719793677330017
0.2732229232788086
0.26136642694473267
0.27698734402656555
0.2779601812362671
0.2696351408958435
0.26641783118247986
0.26594164967536926
0.2671954035758972
0.2601011395454407
0.2595178186893463
0.26459604501724243
0.26671847701072693
0.2619933485984802
0.27091509103775024
0.26797112822532654
0.25937962532043457
0.2575545012950897
0.2706257104873657
0.2611016631126404
0.2721370458602905
0.25805166363716125
0.2685883045196533
0.2631096839904785
0.26192736625671387
0.2682211697101593
0.26071229577064514
0.2552991211414337
0.26588237285614014
0.2722533941268921
0.2647348940372467
0.25683698058128357
0.2653682231903076
0.2629275918006897
0.26581525802612305
0.27109581232070923
0.26398906111717224
0.26748356223106384
0.25592899322509766
0.255168616771698
0.2545889914035797
0.25860267877578735
0.25413110852241516
0.2570376694202423
0.258027583360672
0.260681688785553
0.2483806312084198
0.25536447763442993
0.25709035992622375
0.25937387347221375
0.25545796751976013
0.2483178824186325
0.25632840394973755
0.24491658806800842
0.25461289286613464
0.2567746341228485
0.24851790070533752
0.2609937787055969
0.25544488430023193
0.2451777160167694
0.25389131903648376
0.24791309237480164
0.2615378797054291
0.2563037872314453
0.2460959553718567
0.24495698511600494
0.24949845671653748
0.2446349710226059
0.25584328174591064
0.25773996114730835
0.2522483170032501
0.2437126785516739
0.24480770528316498
0.23552411794662476
0.2515069842338562
0.24690809845924377
0.2527392506599426
0.2546863257884979
0.25476789474487305
0.2541092038154602
0.2397119700908661
0.2421078383922577
0.24429826438426971
0.25088104605674744
0.24658481776714325
0.2353791892528534
0.24221384525299072
0.24739304184913635
0.2503606081008911
0.2454565465450287
0.2421860694885254
0.24555492401123047
0.2490604817867279
0.23668788373470306
0.23990671336650848
0.2518029510974884
0.2410411238670349
0.23339226841926575
0.24642615020275116
0.2387961745262146
0.2393771857023239
0.24707607924938202
0.23952680826187134
0.245120108127594
0.2528555691242218
0.24227875471115112
0.24351505935192108
0.24545970559120178
0.24577847123146057
0.23946738243103027
0.24075791239738464
0.24908232688903809
0.25050148367881775
0.24124601483345032
0.2489601969718933
0.23933860659599304
0.24881644546985626
0.23320557177066803
0.24029047787189484
0.23681758344173431
0.24945849180221558
0.22908082604408264
0.23772846162319183
0.23140357434749603
0.23895061016082764
0.23378559947013855
0.24110503494739532
0.2288808971643448
0.24367906153202057
0.24873597919940948
0.23425373435020447
0.24170014262199402
0.23304413259029388
0.23968428373336792
0.2428208738565445
0.2400016337633133
0.23704363405704498
0.23090851306915283
0.2401788979768753
0.23725640773773193
0.23687341809272766
0.22986933588981628
0.23327653110027313
0.2385391891002655
0.2360786646604538
0.24221616983413696
0.2406909018754959
0.23930476605892181
0.23450836539268494
0.238923117518425
0.23651251196861267
0.2350124567747116
0.2381080687046051
0.23915444314479828
0.2419288605451584
0.24010886251926422
0.2320643961429596
0.22781206667423248
0.23932157456874847
0.23219911754131317
0.24239516258239746
0.2325252741575241
0.22254540026187897
0.24063166975975037
0.23142069578170776
0.22751609981060028
0.22891853749752045
0.240342378616333
0.23557014763355255
0.23843583464622498
0.23653945326805115
0.24026882648468018
0.2353116273880005
0.23105153441429138
0.23346470296382904
0.23046399652957916
0.2273884415626526
0.24118418991565704
0.23764540255069733
0.23665231466293335
0.2357955127954483
0.2298204004764557
0.23326300084590912
0.23993445932865143
0.23362350463867188
0.2327459156513214
0.23201194405555725
0.23364192247390747
0.23033513128757477
0.2277531921863556
0.22808799147605896
0.23239684104919434
0.23688919842243195
0.2289923131465912
0.2341938316822052
0.23417161405086517
0.22640275955200195
0.2359120100736618
0.22819367051124573
0.22744715213775635
0.22120006382465363
0.22909894585609436
0.2287551611661911
0.2393888533115387
0.24061444401741028
0.22095391154289246
0.2287052869796753
0.22578872740268707
0.23361456394195557
0.23582376539707184
0.23393957316875458
0.22621893882751465
0.2197449803352356
0.22139044106006622
0.23205988109111786
0.2338257133960724
0.22938688099384308
0.22297799587249756
0.2246321737766266
0.22342169284820557
0.22677913308143616
0.2297154814004898
0.22864930331707
0.23010507225990295
0.22614988684654236
0.22765251994132996
0.22340673208236694
0.23199763894081116
0.22478023171424866
0.2323477864265442
0.23930847644805908
0.2251899242401123
0.22520136833190918
0.23124495148658752
0.22560648620128632
0.21700631082057953
0.22402575612068176
0.2330385148525238
0.23830637335777283
0.22468005120754242
0.22578561305999756
0.23283438384532928
0.23147591948509216
0.22881093621253967
0.23420952260494232
0.23639944195747375
0.2245486080646515
0.22851508855819702
0.22680579125881195
0.22551819682121277
0.23125654458999634
0.22223663330078125
0.22935478389263153
0.217853844165802
0.22276633977890015
0.2347751408815384
0.22994589805603027
0.23017051815986633
0.2298586517572403
0.22718697786331177
0.2352633774280548
0.22056087851524353
0.22401410341262817
0.22742673754692078
0.2239495813846588
0.221665158867836
0.2278820127248764
0.2284679114818573
0.23185232281684875
0.22678130865097046
0.21301431953907013
0.2327248901128769
0.22328396141529083
0.21526150405406952
0.2319188416004181
0.22177928686141968
0.22599110007286072
0.22242318093776703
0.22564147412776947
0.22701343894004822
0.2247139811515808
0.2246043086051941
0.2227299064397812
0.23087675869464874
0.22448475658893585
0.22238193452358246
0.2244793176651001
0.22743815183639526
0.22845208644866943
0.2173464000225067
0.22621852159500122
0.22572949528694153
0.22651727497577667
0.2201433628797531
0.22729496657848358
0.22993402183055878
0.228763610124588
0.22776509821414948
0.23616743087768555
0.23043420910835266
0.22455759346485138
0.22593489289283752
0.22490958869457245
0.23452404141426086
0.2208741456270218
0.22498919069766998
0.21807672083377838
0.2236221432685852
0.22029198706150055
0.2303779572248459
0.22562941908836365
0.22807393968105316
0.2214055359363556
0.2289915680885315
0.23336251080036163
0.22266092896461487
0.22250467538833618
0.22273026406764984
0.21985210478305817
0.22395625710487366
0.22303050756454468
0.22028246521949768
0.22147780656814575
0.22860592603683472
0.2192518711090088
0.22248035669326782
0.2354704886674881
0.2298373132944107
0.22886276245117188
0.21912792325019836
0.2200969010591507
0.2231249213218689
0.2287931740283966
0.21834105253219604
0.2136221081018448
0.21856588125228882
0.23629702627658844
0.22836540639400482
0.22036072611808777
0.22728416323661804
0.2127613127231598
0.2226293832063675
0.21505410969257355
0.21921758353710175
0.22866520285606384
0.22282470762729645
0.22380605340003967
0.21632987260818481
0.22564122080802917
0.21925069391727448
0.22666524350643158
0.22664019465446472
0.2218063622713089
0.21075543761253357
0.22158150374889374
0.22358307242393494
0.21961483359336853
0.2257915437221527
0.2208000123500824
0.21427026391029358
0.23278217017650604
0.22245799005031586
0.22643306851387024
0.22694018483161926
0.22515267133712769
0.20662252604961395
0.21446603536605835
0.2149229794740677
0.22164751589298248
0.2254958152770996
0.21151965856552124
0.23293328285217285
0.2261824607849121
0.22278346121311188
0.2259453535079956
0.21382944285869598
0.21925537288188934
0.21898455917835236
0.2226344347000122
0.22954894602298737
0.21691298484802246
0.21307088434696198
0.22383703291416168
0.2237377166748047
0.23587891459465027
0.22493669390678406
0.22566847503185272
0.2158108502626419
0.22560738027095795
0.2275915890932083
0.2207929491996765
0.2153225988149643
0.22438876330852509
0.23048019409179688
0.22056999802589417
0.22157233953475952
0.22139200568199158
0.22214028239250183
0.21549610793590546
0.220689058303833
0.22283200919628143
0.22275179624557495
0.22371381521224976
0.23071351647377014
0.22175531089305878
0.23147127032279968
0.22528398036956787
0.22392423450946808
0.21628165245056152
0.22534120082855225
0.21785622835159302
0.22351443767547607
0.223366379737854
0.2393122762441635
0.2169358879327774
0.2202850580215454
0.22771744430065155
0.22356586158275604
0.22109776735305786
0.2198772132396698
0.22729673981666565
0.21745780110359192
0.21352925896644592
0.2187209129333496
0.22705791890621185
0.2083200365304947
0.2185611128807068
0.22137311100959778
0.21360285580158234
0.2146340012550354
0.21674677729606628
0.2226850837469101
0.22382815182209015
0.22621943056583405
0.2183387577533722
