0.5795349478721619
0.4745558500289917
0.4350960850715637
0.4364275634288788
0.4114629626274109
0.41305088996887207
0.4131802022457123
0.4031175971031189
0.3955327868461609
0.4066663980484009
0.3929058313369751
0.39324262738227844
0.3893057703971863
0.38348910212516785
0.3787480592727661
0.3898184895515442
0.38485637307167053
0.3793639838695526
0.3816183805465698
0.3799712657928467
0.38252755999565125
0.37549465894699097
0.3693844676017761
0.3720616102218628
0.3694911599159241
0.3691006004810333
0.3704169988632202
0.36274129152297974
0.3702338635921478
0.3709011971950531
0.36559680104255676
0.3664931058883667
0.3648817241191864
0.36285409331321716
0.3583630323410034
0.3580639958381653
0.3584778606891632
0.3596923053264618
0.35400116443634033
0.3557092547416687
0.35584673285484314
0.35154613852500916
0.35325196385383606
0.35167908668518066
0.34432896971702576
0.3439842462539673
0.3419440686702728
0.341760516166687
0.33698520064353943
0.344046413898468
0.3456878662109375
0.33468082547187805
0.33994317054748535
0.3332027196884155
0.3302218019962311
0.33760565519332886
0.3326683044433594
0.3288594186306
0.32902422547340393
0.324256032705307
0.32377809286117554
0.33050262928009033
0.33020398020744324
0.3210359513759613
0.321357786655426
0.31735387444496155
0.3193064033985138
0.31926053762435913
0.32060739398002625
0.31966039538383484
0.3149333894252777
0.3239273130893707
0.3141539394855499
0.3142349421977997
0.30953454971313477
0.302141934633255
0.30823612213134766
0.30945199728012085
0.31214839220046997
0.2968762218952179
0.29527953267097473
0.2975039482116699
0.30909740924835205
0.29494521021842957
0.29789695143699646
0.29489824175834656
0.29016560316085815
0.2873845398426056
0.2871395945549011
0.29035261273384094
0.28171005845069885
0.27198687195777893
0.28799113631248474
0.30099356174468994
0.2890961468219757
0.28227806091308594
0.28609493374824524
0.27676692605018616
0.2778044641017914
0.2878105342388153
0.2820378839969635
0.2728787958621979
0.2677820920944214
0.27161213755607605
0.2640467882156372
0.2711049020290375
0.2714329659938812
0.2638050615787506
0.2671169638633728
0.26400408148765564
0.2582210302352905
0.27072763442993164
0.2684886157512665
0.2584508955478668
0.26015669107437134
0.24982009828090668
0.2592327892780304
0.2540835738182068
0.2695947587490082
0.25238174200057983
0.2376050502061844
0.24259348213672638
0.23276185989379883
0.24812544882297516
0.23965822160243988
0.23798124492168427
0.2402058243751526
0.24361933767795563
0.24260663986206055
0.24664123356342316
0.25156939029693604
0.24224953353405
0.2312263697385788
0.22271570563316345
0.2437361627817154
0.2452082335948944
0.22102099657058716
0.23234228789806366
0.22010958194732666
0.22481302917003632
0.2294674962759018
0.21981047093868256
0.21881766617298126
0.21391838788986206
0.23118668794631958
0.22743885219097137
0.21256695687770844
0.22327403724193573
0.21815480291843414
0.2256629317998886
0.21190914511680603
0.22094033658504486
0.2176017016172409
0.2066565454006195
0.223440483212471
0.22939831018447876
0.2266824096441269
0.20458853244781494
0.21595098078250885
0.21142131090164185
0.21415995061397552
0.21494373679161072
0.1984226107597351
0.203186497092247
0.21304547786712646
0.21339085698127747
0.20649778842926025
0.213773712515831
0.2195601910352707
0.21749746799468994
0.21003083884716034
0.1934635490179062
0.2083781361579895
0.21676188707351685
0.19793158769607544
0.2047833949327469
0.207936629652977
0.20296645164489746
0.20000767707824707
0.19743388891220093
0.21245338022708893
0.1946180760860443
0.20706209540367126
0.19748637080192566
0.19448716938495636
0.20313464105129242
0.209846630692482
0.21120238304138184
0.20920902490615845
0.21189343929290771
0.2092887908220291
0.19938789308071136
0.209160715341568
0.20836639404296875
0.19646242260932922
0.2018251121044159
0.20088641345500946
0.19770419597625732
0.19293232262134552
0.1916678547859192
0.2027634233236313
0.1927747130393982
0.20060037076473236
0.2087412029504776
0.20411358773708344
0.19934004545211792
0.1887066662311554
0.19425798952579498
0.19143125414848328
0.19877341389656067
0.19995178282260895
0.19077394902706146
0.1923111528158188
0.20482060313224792
0.19084210693836212
0.17743530869483948
0.18804480135440826
0.19322320818901062
0.1835169643163681
0.19126605987548828
0.1945723295211792
0.18748541176319122
0.17850835621356964
0.19110305607318878
0.18966960906982422
0.1873016208410263
0.18267560005187988
0.18560625612735748
0.16913773119449615
0.17743545770645142
0.17355573177337646
0.18783074617385864
0.17495417594909668
0.18476557731628418
0.1824323534965515
0.18389268219470978
0.17724715173244476
0.18134066462516785
0.18392395973205566
0.17750854790210724
0.17064547538757324
0.1735517680644989
0.19949859380722046
0.17706380784511566
0.17548394203186035
0.16710281372070312
0.1849181354045868
0.1802118569612503
0.1739458292722702
0.18254205584526062
0.17895808815956116
0.1736513078212738
0.19260038435459137
0.18294909596443176
0.1672804057598114
0.1756914258003235
0.1682422161102295
0.18300287425518036
0.1706978976726532
0.18394236266613007
0.16816097497940063
0.16803990304470062
0.18718284368515015
0.1775311529636383
0.17693115770816803
0.18273548781871796
0.17153877019882202
0.1614568680524826
0.17252708971500397
0.16857664287090302
0.17868222296237946
0.17142462730407715
0.1699955016374588
0.17791222035884857
0.18345513939857483
0.16887199878692627
0.1779932826757431
0.18634779751300812
0.1748124212026596
0.16460655629634857
0.17112620174884796
0.16640079021453857
0.16951589286327362
0.18553777039051056
0.16973397135734558
0.17312739789485931
0.1717318743467331
0.16453996300697327
0.16842687129974365
0.1772218644618988
0.16775931417942047
0.15442034602165222
0.18723297119140625
0.17097483575344086
0.17565859854221344
0.16143959760665894
0.1634473204612732
0.15974971652030945
0.16602829098701477
0.1763998568058014
0.15565332770347595
0.16878916323184967
0.16923533380031586
0.1590423434972763
0.1683691442012787
0.16631171107292175
0.16810409724712372
0.16737662255764008
0.16412754356861115
0.1708434671163559
0.16204094886779785
0.16537287831306458
0.16674168407917023
0.16653324663639069
0.1579497903585434
0.16249170899391174
0.1687893122434616
0.16522708535194397
0.1549030840396881
0.1657073050737381
0.1665404886007309
0.1720052808523178
0.17230282723903656
0.16356778144836426
0.16343340277671814
0.17306646704673767
0.15692943334579468
0.16624046862125397
0.1585833579301834
0.16991546750068665
0.17382895946502686
0.16521626710891724
0.1574491411447525
0.1717861294746399
0.16763122379779816
0.15883570909500122
0.16141866147518158
0.1525830179452896
0.16280464828014374
0.16787217557430267
0.15636445581912994
0.15813666582107544
0.151028111577034
0.16588696837425232
0.164554163813591
0.1664566546678543
0.1617458462715149
0.17016027867794037
0.15831606090068817
0.15909311175346375
0.14566799998283386
0.172583669424057
0.16721537709236145
0.1643349975347519
0.1596359759569168
0.16056257486343384
0.16104301810264587
0.1604999154806137
0.16711963713169098
0.16345655918121338
0.14679500460624695
0.16955381631851196
0.15454457700252533
0.1631561815738678
0.16324211657047272
0.1676497757434845
0.15272317826747894
0.1550828516483307
0.1566006988286972
0.15740002691745758
0.18182015419006348
0.16897770762443542
0.15936097502708435
0.16660457849502563
0.17080368101596832
0.1481042206287384
0.1610504388809204
0.16706281900405884
0.155281201004982
0.15934889018535614
0.15171460807323456
0.1598154604434967
0.16675855219364166
0.16221287846565247
0.1498466432094574
0.15009476244449615
0.15852771699428558
0.16367566585540771
0.1547083705663681
0.1502360701560974
0.1632402092218399
0.14389386773109436
0.1553432196378708
0.15744994580745697
0.1597728133201599
0.15763354301452637
0.1660316288471222
0.14994971454143524
0.16198377311229706
0.15159577131271362
0.15739169716835022
0.15203741192817688
0.1624935120344162
0.15728922188282013
0.16568122804164886
0.1614236682653427
0.14854472875595093
0.15900138020515442
0.16151875257492065
0.1619444191455841
0.15263457596302032
0.15576252341270447
0.14814166724681854
0.15561306476593018
0.15033799409866333
0.1543026715517044
0.16411644220352173
0.1522565633058548
0.15206405520439148
0.16746653616428375
0.15188691020011902
0.1649133265018463
0.16072818636894226
0.15604950487613678
0.15741097927093506
0.1540040522813797
0.1665128916501999
0.14969217777252197
0.16074897348880768
0.14882509410381317
0.1612429916858673
0.17021268606185913
0.16061505675315857
0.15394480526447296
0.15480314195156097
0.14940010011196136
0.14077918231487274
0.16173295676708221
0.16169962286949158
0.17069567739963531
0.16059286892414093
0.1504078209400177
0.1437518298625946
0.14640045166015625
0.1524505317211151
0.1510806679725647
0.14304736256599426
0.15298567712306976
0.14867788553237915
0.1549973040819168
0.15964829921722412
0.14705464243888855
0.15612927079200745
0.15579330921173096
0.1575993448495865
0.15112249553203583
0.15657950937747955
0.13958191871643066
0.15771274268627167
0.14985291659832
0.1788778454065323
0.15876883268356323
0.15941806137561798
0.14899034798145294
0.14924198389053345
0.14771735668182373
0.1455315798521042
0.15801769495010376
0.15102984011173248
0.16146819293498993
0.1588166207075119
0.15504585206508636
0.1422615349292755
0.14833039045333862
0.14720620214939117
0.1444898098707199
0.16002459824085236
0.15273772180080414
0.15766361355781555
0.1488766074180603
0.14212077856063843
0.1421368569135666
0.14931616187095642
0.15077856183052063
0.14233902096748352
0.15171052515506744
0.151095911860466
0.15413160622119904
0.14006777107715607
0.14556986093521118
0.1600188910961151
0.14872144162654877
0.15369980037212372
0.14873012900352478
0.1514117568731308
0.14329855144023895
0.15643364191055298
0.14628557860851288
0.1449064314365387
0.15719301998615265
0.1468145251274109
0.1429351419210434
0.1583864390850067
0.1458483636379242
0.15240249037742615
0.1350042074918747
0.155610129237175
0.14842593669891357
0.14877372980117798
0.14996226131916046
0.14870192110538483
0.15458674728870392
0.14933276176452637
0.15127405524253845
0.14698277413845062
0.16556665301322937
0.1552758812904358
0.15593084692955017
0.14208553731441498
0.15627776086330414
0.145638108253479
0.14662306010723114
0.1534692496061325
0.14585906267166138
0.16031001508235931
0.1503104269504547
0.1484259068965912
0.15182584524154663
0.1428254246711731
0.14369648694992065
0.14620521664619446
0.1441962569952011
0.14049182832241058
0.14836226403713226
0.16318950057029724
0.1471022069454193
0.1428784877061844
0.14576488733291626
0.14958754181861877
0.14175991714000702
0.15172867476940155
0.1559354066848755
0.15108303725719452
0.15189659595489502
0.14341440796852112
0.1466091275215149
0.14761359989643097
0.15522032976150513
0.1468774676322937
0.1640169620513916
0.15531040728092194
0.1387137621641159
0.1396612673997879
0.16237659752368927
0.14938504993915558
0.14688272774219513
0.14875122904777527
0.15226534008979797
0.14453180134296417
0.1378175914287567
0.14373651146888733
0.15010295808315277
0.14464250206947327
0.14038757979869843
0.14841075241565704
0.14332395792007446
0.1553891897201538
0.1503976583480835
0.14592212438583374
0.13779670000076294
0.14874030649662018
0.15273113548755646
0.15126772224903107
0.14705199003219604
0.1503107100725174
0.1482304483652115
0.14182767271995544
0.15301768481731415
0.14438512921333313
0.13920345902442932
0.15740786492824554
0.14187704026699066
0.14603900909423828
0.13927637040615082
0.16241419315338135
0.16390377283096313
0.14818856120109558
0.1421494334936142
0.14209292829036713
0.14833849668502808
0.15295666456222534
0.14092184603214264
0.14614202082157135
0.13907356560230255
0.15183967351913452
0.14074040949344635
0.14787979423999786
0.14631493389606476
0.14294597506523132
0.1621333658695221
0.1553502082824707
