0.5711144804954529
0.4787069261074066
0.45069456100463867
0.42684417963027954
0.4330911338329315
0.4099965989589691
0.4129617214202881
0.412741094827652
0.4102899730205536
0.4028727114200592
0.40051499009132385
0.3991876542568207
0.39306822419166565
0.40173783898353577
0.3996798098087311
0.38879743218421936
0.3903317451477051
0.39360278844833374
0.3858655095100403
0.38434144854545593
0.37890562415122986
0.385322242975235
0.37574222683906555
0.3755882680416107
0.37489983439445496
0.3771953582763672
0.3833194673061371
0.3778191804885864
0.38473790884017944
0.3710790276527405
0.36789748072624207
0.37278881669044495
0.37378934025764465
0.3832816481590271
0.3700210452079773
0.36520859599113464
0.36477234959602356
0.3657095432281494
0.36403605341911316
0.3669646382331848
0.3684913218021393
0.3675113618373871
0.35947179794311523
0.36053556203842163
0.36233386397361755
0.3680189847946167
0.36231598258018494
0.370000958442688
0.36319491267204285
0.3650101125240326
0.3723659813404083
0.358946830034256
0.355787068605423
0.35747215151786804
0.3552370071411133
0.3587368130683899
0.3583761751651764
0.3551384508609772
0.35298943519592285
0.35313987731933594
0.345551997423172
0.35169970989227295
0.34777963161468506
0.3524700105190277
0.34603211283683777
0.3563080132007599
0.3527217209339142
0.3427264392375946
0.3436565697193146
0.3412180542945862
0.3451593518257141
0.3470708727836609
0.3367166519165039
0.3482944369316101
0.34015944600105286
0.3420523703098297
0.3453797399997711
0.33411717414855957
0.3334919810295105
0.34282225370407104
0.3351083993911743
0.33714285492897034
0.3347420394420624
0.32644179463386536
0.3311386704444885
0.3333491384983063
0.32457107305526733
0.325821191072464
0.32882216572761536
0.32742300629615784
0.3181067705154419
0.32314249873161316
0.32173994183540344
0.32220521569252014
0.32205578684806824
0.31495988368988037
0.32554376125335693
0.3146774172782898
0.3129991590976715
0.3166590631008148
0.31235918402671814
0.3248722553253174
0.30668938159942627
0.308106392621994
0.3132702708244324
0.3105832636356354
0.3082078993320465
0.31634604930877686
0.3159978985786438
0.31465911865234375
0.31674498319625854
0.3096553087234497
0.30645444989204407
0.3051406145095825
0.29537293314933777
0.29465746879577637
0.3114376664161682
0.3051685094833374
0.297207772731781
0.29785457253456116
0.30363690853118896
0.30166682600975037
0.298793762922287
0.29820480942726135
0.29887834191322327
0.2928571105003357
0.2843819558620453
0.2937561869621277
0.292961061000824
0.2777005136013031
0.2864018678665161
0.2802733778953552
0.29373061656951904
0.2931957542896271
0.28205034136772156
0.2748885154724121
0.29452547430992126
0.29335200786590576
0.28125545382499695
0.2880919277667999
0.2805570065975189
0.2811492085456848
0.2736576497554779
0.27181726694107056
0.2696029543876648
0.26851338148117065
0.28486689925193787
0.28634166717529297
0.2766026258468628
0.26855993270874023
0.27510255575180054
0.26457712054252625
0.2807830572128296
0.28239554166793823
0.2768450081348419
0.2699131965637207
0.2766936123371124
0.2807309627532959
0.27401161193847656
0.2631738781929016
0.26968201994895935
0.271791011095047
0.2777005732059479
0.27501431107521057
0.25894099473953247
0.263218492269516
0.27321821451187134
0.2632279694080353
0.2719608247280121
0.27560940384864807
0.2634008824825287
0.26840052008628845
0.2772390842437744
0.26350390911102295
0.2727047801017761
0.2688780426979065
0.2610277831554413
0.2640957534313202
0.25986024737358093
0.2617757320404053
0.26070207357406616
0.2640869915485382
0.2597297430038452
0.2594934105873108
0.2791425287723541
0.25886085629463196
0.24785052239894867
0.2644388675689697
0.26542261242866516
0.2683373987674713
0.2604662775993347
0.2608068585395813
0.2597944140434265
0.2577262222766876
0.24075274169445038
0.2597668766975403
0.2509004771709442
0.2569178640842438
0.25490474700927734
0.24793870747089386
0.2593632638454437
0.25327375531196594
0.26217859983444214
0.2500890791416168
0.25204208493232727
0.26442912220954895
0.24651014804840088
0.24324767291545868
0.25240886211395264
0.25015586614608765
0.25371402502059937
0.25476980209350586
0.2513565719127655
0.2604539692401886
0.2477792352437973
0.24315518140792847
0.2501487731933594
0.2572447955608368
0.2487221509218216
0.2553584575653076
0.25652045011520386
0.2521367371082306
0.257438063621521
0.24855521321296692
0.2564195692539215
0.24838785827159882
0.24466021358966827
0.24335268139839172
0.23782391846179962
0.25556617975234985
0.24340809881687164
0.24847771227359772
0.24827216565608978
0.240580216050148
0.2446732223033905
0.24581623077392578
0.2533879578113556
0.23972612619400024
0.25248780846595764
0.2558601498603821
0.2518133223056793
0.24365510046482086
0.23798739910125732
0.23909370601177216
0.24355420470237732
0.24879994988441467
0.23389093577861786
0.2458660751581192
0.24440714716911316
0.2349959909915924
0.2499382346868515
0.23401735723018646
0.2431163787841797
0.2359336018562317
0.24244433641433716
0.22583280503749847
0.242584690451622
0.2309885174036026
0.2313290685415268
0.2513503432273865
0.24715594947338104
0.24361005425453186
0.22760888934135437
0.21743597090244293
0.2410556524991989
0.23598133027553558
0.2406085580587387
0.2293509542942047
0.23972712457180023
0.23972409963607788
0.23231318593025208
0.23133617639541626
0.23535090684890747
0.22712191939353943
0.2406727522611618
0.22797651588916779
0.22843527793884277
0.22408601641654968
0.23626193404197693
0.24104441702365875
0.22944211959838867
0.23682865500450134
0.23053210973739624
0.226468026638031
0.23062625527381897
0.24343477189540863
0.23386135697364807
0.23425550758838654
0.2275112271308899
0.23245112597942352
0.23930689692497253
0.2276446521282196
0.22915397584438324
0.22777338325977325
0.2314467430114746
0.24207474291324615
0.23880484700202942
0.23126591742038727
0.24016931653022766
0.22772951424121857
0.2366054803133011
0.23887912929058075
0.24285170435905457
0.2243194878101349
0.23902250826358795
0.22056686878204346
0.23492053151130676
0.2270738184452057
0.24558348953723907
0.22956690192222595
0.22767843306064606
0.2388729453086853
0.23394013941287994
0.21172255277633667
0.2297080159187317
0.23010073602199554
0.21266789734363556
0.22408151626586914
0.22462940216064453
0.22762513160705566
0.22762414813041687
0.2214260697364807
0.22581428289413452
0.21643070876598358
0.22957806289196014
0.23668015003204346
0.2214401215314865
0.23331372439861298
0.23394358158111572
0.23123618960380554
0.22585217654705048
0.21975362300872803
0.22878168523311615
0.23972341418266296
0.22490224242210388
0.22569161653518677
0.21563515067100525
0.23494824767112732
0.23746952414512634
0.23962554335594177
0.22415073215961456
0.21755479276180267
0.21759219467639923
0.2224309891462326
0.22756730020046234
0.22769275307655334
0.22400148212909698
0.21592003107070923
0.22032615542411804
0.2294662892818451
0.21551255881786346
0.2187909483909607
0.23733417689800262
0.2238256335258484
0.21502600610256195
0.22272810339927673
0.21667397022247314
0.22472603619098663
0.2260112464427948
0.227960005402565
0.231657937169075
0.2139398157596588
0.21569180488586426
0.22515341639518738
0.21805596351623535
0.23493021726608276
0.21394872665405273
0.22228635847568512
0.2334269881248474
0.2272794246673584
0.22501890361309052
0.22440515458583832
0.21396315097808838
0.21899236738681793
0.21901944279670715
0.214089035987854
0.22849313914775848
0.2238903045654297
0.22725699841976166
0.22265948355197906
0.2257409244775772
0.21843183040618896
0.21307910978794098
0.20780232548713684
0.2277991622686386
0.21624459326267242
0.227102130651474
0.22253191471099854
0.22289736568927765
0.20965442061424255
0.22592365741729736
0.2265613079071045
0.2172924429178238
0.21977266669273376
0.2202558070421219
0.2317246049642563
0.22091062366962433
0.22451144456863403
0.21288064122200012
0.21844899654388428
0.22101648151874542
0.2168884128332138
0.22398436069488525
0.21883977949619293
0.22089412808418274
0.22379958629608154
0.21478120982646942
0.22002191841602325
0.2129581868648529
0.22667811810970306
0.22919051349163055
0.22105637192726135
0.2121264487504959
0.21869033575057983
0.22251835465431213
0.23366838693618774
0.23066513240337372
0.20764082670211792
0.2313227653503418
0.21549442410469055
0.2168988287448883
0.22127030789852142
0.21055321395397186
0.21800917387008667
0.21869735419750214
0.21067029237747192
0.23000502586364746
0.2241116166114807
0.226413756608963
0.2231396585702896
0.2086704820394516
0.2254253774881363
0.22103452682495117
0.22109238803386688
0.21017234027385712
0.22802089154720306
0.22052603960037231
0.2175237238407135
0.21641626954078674
0.2173611968755722
0.22359108924865723
0.22003783285617828
0.2134387046098709
0.20701158046722412
0.2110299915075302
0.2156887650489807
0.21602840721607208
0.22006790339946747
0.2131083458662033
0.21002785861492157
0.21769948303699493
0.23172828555107117
0.21296526491641998
0.2249756008386612
0.2177179604768753
0.21585094928741455
0.2065776139497757
0.21345177292823792
0.20411288738250732
0.2128881812095642
0.21581758558750153
0.2113468497991562
0.20425769686698914
0.2167072892189026
0.21473906934261322
0.2236890345811844
0.20735567808151245
0.2164217233657837
0.2096506953239441
0.22016680240631104
0.21202696859836578
0.20780141651630402
0.20493672788143158
0.20710447430610657
0.20900662243366241
0.22516325116157532
0.21672755479812622
0.20300516486167908
0.21733513474464417
0.2248782068490982
0.21105851233005524
0.21138210594654083
0.21480636298656464
0.21906764805316925
0.20702822506427765
0.2323293834924698
0.21514996886253357
0.22112859785556793
0.2246672511100769
0.22043296694755554
0.21079818904399872
0.20086899399757385
0.22987039387226105
0.20652534067630768
0.20734666287899017
0.22136475145816803
0.22517874836921692
0.20425735414028168
0.22026973962783813
0.20876625180244446
0.19917191565036774
0.20759868621826172
0.21648721396923065
0.2126816362142563
0.20074602961540222
0.21242450177669525
0.2043546587228775
0.2123309075832367
0.22203606367111206
0.21091526746749878
0.2019769698381424
0.22011394798755646
0.21385258436203003
0.2225390076637268
0.21556693315505981
0.21698446571826935
0.20409493148326874
0.21544523537158966
0.22456707060337067
0.2121375948190689
0.22971570491790771
0.2217412143945694
0.22597087919712067
0.21680623292922974
0.22211840748786926
0.22385652363300323
0.21660713851451874
0.21827010810375214
0.21276293694972992
0.20475886762142181
0.2164607048034668
0.21927718818187714
0.21102365851402283
0.21910250186920166
0.21508516371250153
0.22896555066108704
0.2022203654050827
0.21295513212680817
0.21243296563625336
0.21409189701080322
0.21454377472400665
0.21147653460502625
0.2139577865600586
0.21447020769119263
0.2116726189851761
0.2127775400876999
0.21408914029598236
0.2124238759279251
0.20554117858409882
0.20544014871120453
0.20648154616355896
0.2184751331806183
0.21607381105422974
0.21270863711833954
0.20523977279663086
0.21137499809265137
0.21350394189357758
0.21838319301605225
0.21432636678218842
0.21681255102157593
0.2160252183675766
0.21555808186531067
0.21514688432216644
0.21093817055225372
0.208637997508049
0.21747227013111115
0.2177305519580841
0.20160304009914398
0.21584953367710114
0.2038435935974121
0.20699772238731384
0.20950767397880554
0.20858290791511536
0.20766545832157135
0.2083117514848709
0.20442047715187073
0.20744284987449646
0.2123844176530838
0.2204931527376175
0.20610803365707397
0.2103736847639084
0.22248710691928864
0.21238981187343597
0.21744006872177124
0.2177530825138092
0.21135136485099792
0.2133052796125412
0.21627868711948395
0.21068976819515228
0.21408863365650177
0.20841863751411438
0.21530358493328094
0.20971818268299103
0.20725056529045105
0.21122987568378448
0.20578555762767792
0.22051480412483215
0.22114548087120056
0.2079085111618042
0.20396728813648224
0.21201492846012115
0.2246149778366089
