0.515021562576294
0.44141727685928345
0.42727676033973694
0.4127481281757355
0.3999156653881073
0.40307551622390747
0.4012299180030823
0.395795077085495
0.39383959770202637
0.3801026940345764
0.37879514694213867
0.3845950961112976
0.3823755085468292
0.3830702304840088
0.3770168423652649
0.37748879194259644
0.37782931327819824
0.3761884570121765
0.3744161128997803
0.36956191062927246
0.3699357211589813
0.3719554543495178
0.3649865686893463
0.3670118451118469
0.3680640459060669
0.3667723834514618
0.3595356047153473
0.3645634651184082
0.35858359932899475
0.3591931462287903
0.353817343711853
0.35710686445236206
0.3573620617389679
0.3548727035522461
0.3537256419658661
0.35749679803848267
0.3530840575695038
0.3519342243671417
0.3534783720970154
0.346128910779953
0.3440448045730591
0.3489370048046112
0.34446024894714355
0.34480002522468567
0.3391801714897156
0.3423972427845001
0.33316391706466675
0.3420976996421814
0.3386373817920685
0.3380274176597595
0.3331957757472992
0.3285368084907532
0.3322979509830475
0.3346308767795563
0.32586419582366943
0.3296498656272888
0.3226209282875061
0.32445377111434937
0.32672789692878723
0.32986733317375183
0.3192497491836548
0.31955569982528687
0.31941261887550354
0.3174673318862915
0.3252292275428772
0.3188195526599884
0.3087756037712097
0.3190176784992218
0.30724865198135376
0.31162917613983154
0.32201486825942993
0.3129708766937256
0.30831414461135864
0.3049132227897644
0.30495089292526245
0.3015495538711548
0.3052784204483032
0.3045141398906708
0.30702173709869385
0.318847119808197
0.29619574546813965
0.2855866253376007
0.300345778465271
0.29677388072013855
0.302851140499115
0.3049522340297699
0.30063217878341675
0.2984061539173126
0.2866482138633728
0.2941190004348755
0.29161137342453003
0.2834697961807251
0.2809872627258301
0.29234617948532104
0.28686219453811646
0.28668713569641113
0.28122013807296753
0.28228574991226196
0.28131744265556335
0.28071561455726624
0.28840118646621704
0.2881200909614563
0.28027865290641785
0.27838334441185
0.2719535231590271
0.2690451741218567
0.26995736360549927
0.2699340581893921
0.27423927187919617
0.26638922095298767
0.27786263823509216
0.27995163202285767
0.27357664704322815
0.2765342891216278
0.268783301115036
0.275257408618927
0.26887375116348267
0.27676650881767273
0.26427608728408813
0.2675318121910095
0.26213353872299194
0.27248457074165344
0.25596627593040466
0.25469541549682617
0.2624821662902832
0.2655907869338989
0.2635563910007477
0.2640719413757324
0.25997087359428406
0.25912991166114807
0.26503413915634155
0.2612420618534088
0.2532103359699249
0.253711998462677
0.2573837339878082
0.259182870388031
0.2618527114391327
0.2607194185256958
0.25915011763572693
0.26116013526916504
0.2551968991756439
0.25722721219062805
0.260052889585495
0.24670225381851196
0.25810396671295166
0.26164957880973816
0.2576521337032318
0.2588806450366974
0.25467225909233093
0.25210580229759216
0.25494134426116943
0.2526421546936035
0.25628048181533813
0.25146761536598206
0.2556060552597046
0.253532737493515
0.2455875426530838
0.24587927758693695
0.2483900636434555
0.2489376813173294
0.24949033558368683
0.24488385021686554
0.24330441653728485
0.24712787568569183
0.2546461522579193
0.24009345471858978
0.2473365217447281
0.24874229729175568
0.2292642444372177
0.2417229264974594
0.24350909888744354
0.2356322854757309
0.24611249566078186
0.2491176426410675
0.2383326143026352
0.24180398881435394
0.24482981860637665
0.2436540424823761
0.24835310876369476
0.23037953674793243
0.23807640373706818
0.23921777307987213
0.23638030886650085
0.2374371439218521
0.25262540578842163
0.2436729222536087
0.2421519011259079
0.24779199063777924
0.24829423427581787
0.2284311205148697
0.2344529628753662
0.23700149357318878
0.23435933887958527
0.23012784123420715
0.2428714483976364
0.22681529819965363
0.23461514711380005
0.23920120298862457
0.23076967895030975
0.23923489451408386
0.2383689135313034
0.23745930194854736
0.24142080545425415
0.22553421556949615
0.23642505705356598
0.21806642413139343
0.23032355308532715
0.2361934781074524
0.23037084937095642
0.22817237675189972
0.22801573574543
0.2314731627702713
0.2297080010175705
0.23169030249118805
0.22287413477897644
0.22483737766742706
0.23358866572380066
0.22870616614818573
0.21935831010341644
0.22780008614063263
0.22932149469852448
0.22601230442523956
0.2368977814912796
0.22203943133354187
0.2217453271150589
0.23818300664424896
0.2281351536512375
0.22138230502605438
0.22546233236789703
0.22647127509117126
0.2316969633102417
0.23159882426261902
0.22371433675289154
0.23442059755325317
0.226480633020401
0.21422536671161652
0.23270496726036072
0.22239261865615845
0.21865612268447876
0.22523139417171478
0.2231086939573288
0.21810282766819
0.21981723606586456
0.222115159034729
0.22178785502910614
0.22589300572872162
0.2130853533744812
0.2273111790418625
0.21316340565681458
0.22018837928771973
0.22663097083568573
0.22212330996990204
0.21978449821472168
0.22522827982902527
0.2196132093667984
0.22329922020435333
0.22459349036216736
0.22064070403575897
0.22110533714294434
0.22281219065189362
0.2231869399547577
0.21097999811172485
0.22941409051418304
0.21241401135921478
0.21872849762439728
0.21983234584331512
0.2220669835805893
0.2226683348417282
0.2302805334329605
0.21592000126838684
0.20826944708824158
0.22159674763679504
0.22128604352474213
0.2173946499824524
0.2170763462781906
0.22215226292610168
0.21072210371494293
0.2170354127883911
0.21063236892223358
0.21612167358398438
0.21428602933883667
0.20995090901851654
0.21342135965824127
0.20978115499019623
0.2166532427072525
0.22140300273895264
0.2069098949432373
0.22097179293632507
0.2092573195695877
0.21537575125694275
0.208842933177948
0.21516333520412445
0.22269204258918762
0.21975722908973694
0.21647383272647858
0.21323785185813904
0.2120382934808731
0.21457383036613464
0.2175264209508896
0.22738537192344666
0.21098031103610992
0.21311278641223907
0.21119506657123566
0.21364319324493408
0.20718607306480408
0.21686434745788574
0.21038928627967834
0.2098800539970398
0.20460940897464752
0.21846096217632294
0.21967047452926636
0.2137361615896225
0.2084253430366516
0.21096061170101166
0.21468855440616608
0.21268193423748016
0.2178136259317398
0.2192411869764328
0.2120334804058075
0.21103352308273315
0.21428880095481873
0.20792096853256226
0.21600951254367828
0.21484717726707458
0.20888394117355347
0.2151944637298584
0.22688578069210052
0.2138805240392685
0.2015298753976822
0.20762503147125244
0.20542755722999573
0.20154406130313873
0.20750150084495544
0.21092386543750763
0.20296704769134521
0.21072910726070404
0.20625393092632294
0.22571685910224915
0.2133551836013794
0.20928837358951569
0.20612438023090363
0.20651143789291382
0.20975592732429504
0.21177338063716888
0.2083495855331421
0.21419399976730347
0.19793906807899475
0.20655964314937592
0.20718324184417725
0.21342208981513977
0.20084045827388763
0.20804017782211304
0.20680388808250427
0.19887834787368774
0.208878293633461
0.20837193727493286
0.20205312967300415
0.208656907081604
0.20931878685951233
0.20414413511753082
0.19984744489192963
0.20901793241500854
0.21233196556568146
0.1961202323436737
0.19447746872901917
0.2095329761505127
0.20082372426986694
0.2108830213546753
0.2079876959323883
0.2012866884469986
0.21390146017074585
0.19695311784744263
0.2097453773021698
0.2050001472234726
0.21432308852672577
0.20448727905750275
0.20178894698619843
0.2018873542547226
0.21346358954906464
0.20717035233974457
0.20228151977062225
0.20508341491222382
0.19957078993320465
0.21508102118968964
0.1962781399488449
0.19070188701152802
0.20487572252750397
0.21331512928009033
0.20719605684280396
0.20718541741371155
0.20876653492450714
0.2005573809146881
0.20100291073322296
0.20780523121356964
0.21345876157283783
0.2074926495552063
0.20271752774715424
0.19992321729660034
0.203640416264534
0.21764761209487915
0.20320585370063782
0.20339414477348328
0.20002950727939606
0.2057022601366043
0.2089986950159073
0.20599539577960968
0.20254485309123993
0.209294855594635
0.2160032093524933
0.20068690180778503
0.20094318687915802
0.21184764802455902
0.19936016201972961
0.20802992582321167
0.2040773332118988
0.2208072692155838
0.19513627886772156
0.20767070353031158
0.20683550834655762
0.2095191925764084
0.20169377326965332
0.21621173620224
0.20573343336582184
0.20295175909996033
0.19923290610313416
0.20386028289794922
0.21247120201587677
0.21435211598873138
0.1936659812927246
0.201365664601326
0.20550517737865448
0.19984553754329681
0.20848552882671356
0.2088104784488678
0.19860760867595673
0.21361207962036133
0.20490172505378723
0.197445347905159
0.2004605084657669
0.20129230618476868
0.2024952620267868
0.21196499466896057
0.20155857503414154
0.19964978098869324
0.19631291925907135
0.1893393099308014
0.19219724833965302
0.19368301331996918
0.19291333854198456
0.1940598040819168
0.1929943561553955
0.201114222407341
0.1965314894914627
0.19505715370178223
0.2032105177640915
0.20677928626537323
0.20739218592643738
0.21016532182693481
0.20523852109909058
0.2075454592704773
0.20007459819316864
0.20373016595840454
0.2065199613571167
0.20678481459617615
0.1988292634487152
0.19028547406196594
0.2003566324710846
0.20248442888259888
0.20304308831691742
0.198426753282547
0.19662760198116302
0.20009346306324005
0.19858354330062866
0.1995818018913269
0.19349680840969086
0.19753307104110718
0.20358173549175262
0.2004314661026001
0.20364706218242645
0.19897332787513733
0.20098789036273956
0.20303939282894135
0.19216926395893097
0.21070417761802673
0.20577377080917358
0.2117641717195511
0.2027989774942398
0.19768407940864563
0.19248877465724945
0.20576326549053192
0.20776624977588654
0.1982615739107132
0.19981777667999268
0.19765178859233856
0.20654915273189545
0.1941147893667221
0.2036052644252777
0.21248804032802582
0.20038995146751404
0.21267561614513397
0.20176774263381958
0.1996854841709137
0.19846275448799133
0.20177334547042847
0.1978018581867218
0.18712444603443146
0.20072905719280243
0.20012827217578888
0.20262227952480316
0.2020062357187271
0.1900659203529358
0.19933606684207916
0.19485057890415192
0.19759497046470642
0.19818738102912903
0.19773533940315247
0.19729110598564148
0.19895663857460022
0.20539557933807373
0.20757529139518738
0.2053242325782776
0.19423936307430267
0.19824862480163574
0.2033071517944336
0.20220275223255157
0.20263704657554626
0.19640256464481354
0.19114263355731964
0.2089914083480835
0.19982828199863434
0.19949758052825928
0.19950847327709198
0.19864414632320404
0.2028934359550476
0.20567162334918976
0.19746671617031097
0.20077377557754517
0.20561741292476654
0.18094274401664734
0.19478832185268402
0.19241422414779663
0.20511743426322937
0.19599828124046326
0.19627143442630768
0.20432403683662415
0.19882847368717194
0.1959209144115448
0.20117445290088654
0.20585547387599945
0.18449196219444275
0.19638623297214508
0.20027856528759003
0.20613214373588562
0.20774246752262115
0.19619251787662506
0.1926264762878418
0.200990229845047
0.20248818397521973
0.19844578206539154
0.19168318808078766
0.20097683370113373
0.19795440137386322
0.19419151544570923
0.1981356143951416
0.20222049951553345
0.2050231695175171
0.2001807689666748
0.19804279506206512
0.19522719085216522
0.18601074814796448
0.20573295652866364
0.190118670463562
0.19030702114105225
0.20131130516529083
0.19579103589057922
0.19793014228343964
0.1950569748878479
0.19293363392353058
0.20043563842773438
0.19871577620506287
0.20087648928165436
0.1952100396156311
0.1918511539697647
0.19442981481552124
0.19292126595973969
0.1980292797088623
0.1901104599237442
0.19623519480228424
0.2051815539598465
0.19907622039318085
0.20000974833965302
0.1957399547100067
0.20169606804847717
0.19246986508369446
0.18969503045082092
0.18460160493850708
0.20311927795410156
0.20291908085346222
0.19938388466835022
0.19622214138507843
0.20195215940475464
