0.7258606553077698
0.609303891658783
0.5557374358177185
0.5365947484970093
0.5148711204528809
0.49154168367385864
0.49428966641426086
0.4773505926132202
0.47265976667404175
0.4561140835285187
0.4593321979045868
0.44510412216186523
0.44008252024650574
0.4263629913330078
0.4294682741165161
0.42641088366508484
0.4254334568977356
0.42020487785339355
0.4158047139644623
0.4123866558074951
0.4116027057170868
0.41782626509666443
0.41378602385520935
0.4038332402706146
0.4094662070274353
0.41273462772369385
0.41052332520484924
0.40089455246925354
0.4073066711425781
0.40189847350120544
0.409553200006485
0.40459108352661133
0.41254350543022156
0.4084862768650055
0.40673828125
0.40758562088012695
0.4023571014404297
0.4004085958003998
0.39223313331604004
0.4094236195087433
0.402473509311676
0.4025505781173706
0.40639689564704895
0.4060758650302887
0.4022079110145569
0.4056586027145386
0.3890933692455292
0.3902157247066498
0.39985373616218567
0.3970179855823517
0.3917968273162842
0.4000212252140045
0.3958069086074829
0.3970358073711395
0.3961092531681061
0.3929593563079834
0.3993974030017853
0.4022301435470581
0.40194210410118103
0.40748330950737
0.40007349848747253
0.39709213376045227
0.3949943482875824
0.3945607841014862
0.39808082580566406
0.4008168876171112
0.3890271782875061
0.38780540227890015
0.39893436431884766
0.39208298921585083
0.39253222942352295
0.3904222249984741
0.3959946930408478
0.3902312219142914
0.38754144310951233
0.3928127884864807
0.395271360874176
0.3907421827316284
0.39351826906204224
0.39505642652511597
0.3835465610027313
0.3888600170612335
0.3872017562389374
0.39081642031669617
0.3888550400733948
0.3854544460773468
0.39439472556114197
0.38533514738082886
0.38507795333862305
0.3911855220794678
0.3948953151702881
0.3912489116191864
0.37896525859832764
0.38299939036369324
0.3826298415660858
0.3887837529182434
0.39358264207839966
0.39510345458984375
0.3862268626689911
0.38425132632255554
0.39280515909194946
0.3887283205986023
0.38302597403526306
0.3903297781944275
0.38926711678504944
0.38957151770591736
0.39057424664497375
0.3901256024837494
0.3799021542072296
0.3866024613380432
0.38676661252975464
0.384918749332428
0.388769268989563
0.3889370560646057
0.3875347077846527
0.3908645808696747
0.38795560598373413
0.38391178846359253
0.3854738175868988
0.3823961019515991
0.3798772394657135
0.3896137475967407
0.3772890269756317
0.38594871759414673
0.3937440812587738
0.389993280172348
0.3861527144908905
0.3936927914619446
0.37645411491394043
0.3879448473453522
0.3866579830646515
0.38417303562164307
0.3763778805732727
0.38573578000068665
0.3883042335510254
0.375962495803833
0.3872131109237671
0.3830202519893646
0.38620415329933167
0.38121920824050903
0.3847179412841797
0.3827982246875763
0.38016003370285034
0.37301045656204224
0.37890711426734924
0.3750426471233368
0.38228607177734375
0.37801122665405273
0.3842695355415344
0.3736373484134674
0.3805360198020935
0.3950808048248291
0.381152868270874
0.38652604818344116
0.37736737728118896
0.3775789439678192
0.38337838649749756
0.3840380311012268
0.3835379183292389
0.38562873005867004
0.38277605175971985
0.39090386033058167
0.38158026337623596
0.38609230518341064
0.37996819615364075
0.37597811222076416
0.38008755445480347
0.38274601101875305
0.38508710265159607
0.37602001428604126
0.37323132157325745
0.37518107891082764
0.3813692629337311
0.38544005155563354
0.38144534826278687
0.38562631607055664
0.3795681893825531
0.3851467967033386
0.3792998790740967
0.38708630204200745
0.37994930148124695
0.3801814615726471
0.377765029668808
0.38643088936805725
0.3789013922214508
0.383663147687912
0.38644760847091675
0.37724635004997253
0.38106366991996765
0.3830167055130005
0.3853405714035034
0.384607195854187
0.38198065757751465
0.38567420840263367
0.3693065047264099
0.3818013668060303
0.38288673758506775
0.37670573592185974
0.38067835569381714
0.3758353292942047
0.3806404769420624
0.38909339904785156
0.37928077578544617
0.38527753949165344
0.3786817491054535
0.38328981399536133
0.37703821063041687
0.3793007731437683
0.381830096244812
0.3832685947418213
0.3820628225803375
0.38634535670280457
0.37730491161346436
0.3779795169830322
0.3749210834503174
0.3860335350036621
0.38116368651390076
0.3801082968711853
0.3746585249900818
0.3778703212738037
0.379275918006897
0.38118916749954224
0.3790602385997772
0.37692511081695557
0.3859669268131256
0.3775968551635742
0.38087019324302673
0.3783712685108185
0.38750049471855164
0.3872293531894684
0.38236597180366516
0.38218045234680176
0.37545856833457947
0.3783183991909027
0.3816651701927185
0.3795355260372162
0.3728924095630646
0.37881287932395935
0.37628042697906494
0.3757364749908447
0.3766173720359802
0.37754809856414795
0.38453423976898193
0.3740907907485962
0.38805484771728516
0.37225478887557983
0.38147231936454773
0.38088783621788025
0.3727593421936035
0.3817483186721802
0.3796806037425995
0.37256163358688354
0.3848167657852173
0.3761361837387085
0.37742775678634644
0.3855402171611786
0.3818257451057434
0.3796691298484802
0.3777408301830292
0.3707279562950134
0.3848513960838318
0.3829282522201538
0.3798650801181793
0.3768317997455597
0.37387827038764954
0.375881165266037
0.3798823356628418
0.3708442151546478
0.3753105103969574
0.38204601407051086
0.38328641653060913
0.37330394983291626
0.3745109736919403
0.3809668719768524
0.3727005124092102
0.38048094511032104
0.37905779480934143
0.38293230533599854
0.38242286443710327
0.37650731205940247
0.3753111958503723
0.3816382586956024
0.36772453784942627
0.37252312898635864
0.3752342462539673
0.3734702467918396
0.37449607253074646
0.3815136253833771
0.37132528424263
0.37323588132858276
0.38331544399261475
0.3767892122268677
0.3786420524120331
0.38263005018234253
0.3758793771266937
0.379263699054718
0.3749287724494934
0.3844272196292877
0.36915329098701477
0.38037416338920593
0.38104355335235596
0.3750956356525421
0.3784414231777191
0.373562753200531
0.37269824743270874
0.3700769245624542
0.37003326416015625
0.3826003074645996
0.375124990940094
0.3749742805957794
0.38219115138053894
0.3695436418056488
0.38076522946357727
0.3707452416419983
0.3782162666320801
0.38116759061813354
0.37482088804244995
0.3790457248687744
0.37526533007621765
0.3707803785800934
0.3742804527282715
0.3778320252895355
0.383427232503891
0.37517428398132324
0.37177610397338867
0.3794112801551819
0.3763880133628845
0.37393322587013245
0.3751577138900757
0.3759264349937439
0.3779459595680237
0.37783005833625793
0.38054409623146057
0.3809831142425537
0.3810395300388336
0.38053765892982483
0.3766493499279022
0.3765116035938263
0.371376633644104
0.37289631366729736
0.3739709258079529
0.3805202543735504
0.3784734606742859
0.37552767992019653
0.3781789243221283
0.3737074136734009
0.3794224262237549
0.3769426941871643
0.3728138506412506
0.3767935633659363
0.37422478199005127
0.3840642273426056
0.3788716793060303
0.3758559226989746
0.3746982514858246
0.38104844093322754
0.3778325915336609
0.378121554851532
0.38092637062072754
0.37628957629203796
0.3788873851299286
0.37435460090637207
0.37121066451072693
0.3723546266555786
0.3726017475128174
0.3790992200374603
0.36996573209762573
0.3819829225540161
0.3787325322628021
0.37113434076309204
0.37880218029022217
0.3725040853023529
0.37297290563583374
0.3720381259918213
0.3779911696910858
0.37193459272384644
0.3693709373474121
0.37316980957984924
0.3747827708721161
0.37091556191444397
0.3712458312511444
0.3716241121292114
0.37014731764793396
0.37800946831703186
0.36992180347442627
0.3840928077697754
0.371982604265213
0.3806822597980499
0.3743390440940857
0.38164985179901123
0.3782045543193817
0.3740759491920471
0.37316057085990906
0.37696364521980286
0.3732718825340271
0.3785637319087982
0.3683392405509949
0.3730441629886627
0.3792835474014282
0.3739929795265198
0.3726659119129181
0.38273826241493225
0.37400543689727783
0.37692898511886597
0.3623429536819458
0.3785203695297241
0.3704555034637451
0.38396868109703064
0.378246933221817
0.3808913826942444
0.3725631833076477
0.38174328207969666
0.3736414313316345
0.3836907148361206
0.3795815110206604
0.3845464289188385
0.3747789263725281
0.3780891001224518
0.3792523443698883
0.38112524151802063
0.3766113221645355
0.37077125906944275
0.3773254156112671
0.3743545711040497
0.37078410387039185
0.3798328638076782
0.37395939230918884
0.3743940591812134
0.37474292516708374
0.36723610758781433
0.3732477128505707
0.37024936079978943
0.3784604072570801
0.3696059286594391
0.37373557686805725
0.3770029544830322
0.3757965862751007
0.37626537680625916
0.37191832065582275
0.3776632249355316
0.37489527463912964
0.37324532866477966
0.37410444021224976
0.37383022904396057
0.3730860948562622
0.37327098846435547
0.37157103419303894
0.3752194941043854
0.3814544975757599
0.3806401491165161
0.37945878505706787
0.37705355882644653
0.37961500883102417
0.3741171658039093
0.3750344514846802
0.37586042284965515
0.3768184185028076
0.3748003840446472
0.3683795928955078
0.37896138429641724
0.37492117285728455
0.37585219740867615
0.372180700302124
0.37227144837379456
0.3744443953037262
0.3773203492164612
0.36789143085479736
0.36841997504234314
0.37727755308151245
0.3823606073856354
0.3750510513782501
0.37084415555000305
0.3743436634540558
0.36953479051589966
0.3788871169090271
0.37935638427734375
0.3727082312107086
0.3728973865509033
0.3713046908378601
0.37859269976615906
0.38129934668540955
0.38067445158958435
0.37984973192214966
0.37086614966392517
0.37697944045066833
0.3738991618156433
0.37141749262809753
0.372778981924057
0.3619384467601776
0.36855876445770264
0.3753461241722107
0.3742421567440033
0.377716600894928
0.37324997782707214
0.3752884566783905
0.37707802653312683
0.3706749975681305
0.3819732666015625
0.3710324764251709
0.37396442890167236
0.3749752640724182
0.3743397295475006
0.374431848526001
0.3770768344402313
0.37636998295783997
0.3679458498954773
0.3712162375450134
0.3743903338909149
0.3782259225845337
0.37594619393348694
0.37354353070259094
0.37281715869903564
0.37871062755584717
0.3723714351654053
0.375810444355011
0.38046276569366455
0.3767159581184387
0.367504358291626
0.3740432858467102
0.37884122133255005
0.37899312376976013
0.37214162945747375
0.3759673535823822
0.3732958137989044
0.3727308213710785
0.3765162527561188
0.3743419945240021
0.38265660405158997
0.37258872389793396
0.3721882104873657
0.3825729787349701
0.3722037672996521
0.3714427351951599
0.3777320981025696
0.3641647398471832
0.36727920174598694
0.3684357702732086
0.3670790195465088
0.37591752409935
0.3738912045955658
0.3719538450241089
0.37222692370414734
0.3735935688018799
0.37182170152664185
0.3747132420539856
0.37165921926498413
0.37488237023353577
0.3748326301574707
0.3750210106372833
0.3789781928062439
0.3760105073451996
0.3777132034301758
0.3682677447795868
0.37890806794166565
0.37225741147994995
0.38203829526901245
0.375964492559433
0.3732118606567383
0.3736959397792816
0.3709643483161926
0.3743191063404083
0.3725722134113312
0.38004010915756226
0.38170215487480164
0.3721865713596344
0.37378743290901184
0.3784538507461548
0.3828076422214508
0.3714861571788788
0.3783133924007416
0.3800817131996155
0.371563583612442
0.3736976683139801
0.3727274239063263
0.381503164768219
0.3808402419090271
0.36861059069633484
0.3800237476825714
0.3760574162006378
0.3786308467388153
0.37978532910346985
0.37023866176605225
0.3794637620449066
0.3752782642841339
0.36715149879455566
0.3745856285095215
0.3727615475654602
0.3725992739200592
0.36914584040641785
0.36973902583122253
0.3728081285953522
0.37630605697631836
0.3770546317100525
0.37638214230537415
0.37470489740371704
0.37217655777931213
0.37124085426330566
0.37387534976005554
0.3743170499801636
0.36984559893608093
0.37226471304893494
0.36917707324028015
0.37252432107925415
0.3757080137729645
0.37574461102485657
0.3770534098148346
