0.8804928064346313
0.5305163264274597
0.48019134998321533
0.4506630599498749
0.4394422471523285
0.41807782649993896
0.41154560446739197
0.4145815968513489
0.40885916352272034
0.41620609164237976
0.3963876962661743
0.4077107012271881
0.40176910161972046
0.40123414993286133
0.39571401476860046
0.3981449007987976
0.3969254493713379
0.38296249508857727
0.3828723132610321
0.3877720236778259
0.3843657672405243
0.38331106305122375
0.3901912271976471
0.38041192293167114
0.38692495226860046
0.3834913372993469
0.38705089688301086
0.37350040674209595
0.3782462477684021
0.3766111731529236
0.3704804480075836
0.37664440274238586
0.36857911944389343
0.3672715723514557
0.36699923872947693
0.37259194254875183
0.36452293395996094
0.36786627769470215
0.3629913628101349
0.36425456404685974
0.3624321222305298
0.36089184880256653
0.37190213799476624
0.3567557632923126
0.3630828857421875
0.35653212666511536
0.35294198989868164
0.35722416639328003
0.3563801944255829
0.35890331864356995
0.3515309989452362
0.3481338620185852
0.354806512594223
0.36026155948638916
0.34095460176467896
0.35115480422973633
0.3497639298439026
0.34877386689186096
0.35207703709602356
0.34409457445144653
0.34333398938179016
0.3487013876438141
0.33894985914230347
0.34332025051116943
0.3356226980686188
0.33619415760040283
0.3359036445617676
0.33940884470939636
0.33608323335647583
0.33049896359443665
0.33316558599472046
0.33185121417045593
0.3238561749458313
0.32541728019714355
0.32828202843666077
0.3212113678455353
0.33060431480407715
0.3288506865501404
0.32683852314949036
0.3228422701358795
0.3175925612449646
0.32129988074302673
0.31360098719596863
0.3291507959365845
0.32157206535339355
0.3159880042076111
0.3134125769138336
0.3160984516143799
0.2996271252632141
0.3177703022956848
0.30663976073265076
0.3067549467086792
0.3095201551914215
0.30566850304603577
0.3031010031700134
0.302747905254364
0.31377673149108887
0.29514050483703613
0.30291175842285156
0.3045482337474823
0.2985936403274536
0.2991526424884796
0.3018999695777893
0.29700395464897156
0.29537326097488403
0.30238664150238037
0.2867889702320099
0.2973955273628235
0.30101439356803894
0.29412105679512024
0.2937963604927063
0.29398608207702637
0.2968176305294037
0.28695836663246155
0.27812013030052185
0.28493794798851013
0.2883767783641815
0.2798696756362915
0.2769240438938141
0.2721538543701172
0.28133243322372437
0.28680065274238586
0.28579118847846985
0.28050240874290466
0.2738397717475891
0.28371521830558777
0.27055853605270386
0.2775813937187195
0.26600533723831177
0.2788831293582916
0.26136308908462524
0.2617645263671875
0.28221604228019714
0.2713121473789215
0.27525433897972107
0.2806042432785034
0.2681771516799927
0.27619555592536926
0.26427483558654785
0.26205572485923767
0.2651764750480652
0.26971980929374695
0.26174989342689514
0.2534204125404358
0.2543566823005676
0.2636517286300659
0.2534990906715393
0.24902527034282684
0.2378315031528473
0.24074995517730713
0.24676820635795593
0.24463067948818207
0.23111583292484283
0.2390841245651245
0.2392488270998001
0.24824240803718567
0.2471076250076294
0.2310194969177246
0.24875174462795258
0.2402074635028839
0.23748183250427246
0.24271298944950104
0.221611887216568
0.23449863493442535
0.24729368090629578
0.23617786169052124
0.2301577478647232
0.2424853891134262
0.231032595038414
0.23467938601970673
0.2365998923778534
0.237278550863266
0.23576253652572632
0.24739718437194824
0.2291434407234192
0.2264450341463089
0.23411360383033752
0.22314143180847168
0.22791312634944916
0.23289437592029572
0.2280123233795166
0.21951106190681458
0.21669499576091766
0.22698549926280975
0.22873979806900024
0.22940070927143097
0.2190007120370865
0.22533389925956726
0.2272806167602539
0.22805540263652802
0.2336074560880661
0.22197511792182922
0.22536113858222961
0.21784783899784088
0.2228424847126007
0.21023757755756378
0.2312571257352829
0.21080279350280762
0.2101612091064453
0.21441638469696045
0.22113649547100067
0.22175265848636627
0.2147855907678604
0.21293149888515472
0.21372570097446442
0.21571071445941925
0.21743685007095337
0.21913489699363708
0.21321968734264374
0.22264349460601807
0.21094149351119995
0.21361546218395233
0.20837987959384918
0.21745118498802185
0.21229824423789978
0.20544154942035675
0.2079092264175415
0.20854446291923523
0.21529890596866608
0.20051495730876923
0.1976836621761322
0.20829187333583832
0.20659701526165009
0.2210099846124649
0.20869691669940948
0.209920734167099
0.20016595721244812
0.22669607400894165
0.20843760669231415
0.21452827751636505
0.2149408608675003
0.20860907435417175
0.21151652932167053
0.19620446860790253
0.20567771792411804
0.19920021295547485
0.21099510788917542
0.20696066319942474
0.2090965211391449
0.19438673555850983
0.20184069871902466
0.20953568816184998
0.19720469415187836
0.18792961537837982
0.19904974102973938
0.21264132857322693
0.19327875971794128
0.20124389231204987
0.19565778970718384
0.2021736353635788
0.18312034010887146
0.198557049036026
0.1845352053642273
0.2071700543165207
0.18511173129081726
0.19580018520355225
0.1934986412525177
0.1870795041322708
0.18708385527133942
0.20872949063777924
0.19275489449501038
0.1877620667219162
0.18009737133979797
0.194004625082016
0.19828537106513977
0.17814956605434418
0.1827368587255478
0.18280598521232605
0.2054736614227295
0.19390404224395752
0.19018147885799408
0.1916002780199051
0.18495677411556244
0.1846044361591339
0.18143853545188904
0.179232656955719
0.18016457557678223
0.18203230202198029
0.1896888166666031
0.18224835395812988
0.19018496572971344
0.20096559822559357
0.18653346598148346
0.1807916760444641
0.18992599844932556
0.17730319499969482
0.1894616335630417
0.18206940591335297
0.19404852390289307
0.18114082515239716
0.17688848078250885
0.18151314556598663
0.18764257431030273
0.18047523498535156
0.19280710816383362
0.18788598477840424
0.18949353694915771
0.1829586774110794
0.1954316943883896
0.17947880923748016
0.18309321999549866
0.17742633819580078
0.1827355921268463
0.1929994523525238
0.19000136852264404
0.1805862933397293
0.18754765391349792
0.18669937551021576
0.1911834180355072
0.18267525732517242
0.18844424188137054
0.1792931854724884
0.18704046308994293
0.168833389878273
0.17867493629455566
0.18963254988193512
0.17365556955337524
0.18441955745220184
0.17563478648662567
0.186534121632576
0.18262873589992523
0.17699676752090454
0.18705570697784424
0.16943450272083282
0.17985820770263672
0.18870529532432556
0.17317186295986176
0.17720212042331696
0.18256042897701263
0.17673423886299133
0.1774289757013321
0.1757355034351349
0.1828177273273468
0.1726531833410263
0.19722193479537964
0.1902320683002472
0.17460836470127106
0.17202003300189972
0.1747216433286667
0.181924968957901
0.17725151777267456
0.1729649305343628
0.19875314831733704
0.18089960515499115
0.16895732283592224
0.1804112195968628
0.1762169450521469
0.17511679232120514
0.1798282265663147
0.18152578175067902
0.16570955514907837
0.19529946148395538
0.17756910622119904
0.17320901155471802
0.17137432098388672
0.1735450178384781
0.19030381739139557
0.16642822325229645
0.17887207865715027
0.17642313241958618
0.17716315388679504
0.17944809794425964
0.18732807040214539
0.17555584013462067
0.16792839765548706
0.16105781495571136
0.1766020804643631
0.17896710336208344
0.1706579029560089
0.18494485318660736
0.17476266622543335
0.18157564103603363
0.18514719605445862
0.17073217034339905
0.18544891476631165
0.1786353588104248
0.1805393248796463
0.17192628979682922
0.16896763443946838
0.18088357150554657
0.17041242122650146
0.1772131770849228
0.1757466346025467
0.1642148643732071
0.1662437617778778
0.17337092757225037
0.1670864373445511
0.18393416702747345
0.18666578829288483
0.18004277348518372
0.17536692321300507
0.17926231026649475
0.17219053208827972
0.16768082976341248
0.16776303946971893
0.16992837190628052
0.1773049682378769
0.17576520144939423
0.16835074126720428
0.17292849719524384
0.1742863804101944
0.171763613820076
0.17721706628799438
0.15972130000591278
0.1670175939798355
0.1715526580810547
0.16780419647693634
0.1631772369146347
0.17964838445186615
0.16699714958667755
0.1537313312292099
0.16813009977340698
0.18091773986816406
0.16587556898593903
0.1672056019306183
0.16340580582618713
0.17253945767879486
0.1686221808195114
0.16630087792873383
0.16515472531318665
0.1737082451581955
0.1696205735206604
0.16876251995563507
0.1650407761335373
0.14561954140663147
0.1650894284248352
0.16592779755592346
0.15804928541183472
0.1723681092262268
0.16469356417655945
0.17575833201408386
0.16511307656764984
0.1753956526517868
0.17087866365909576
0.1743844449520111
0.17111244797706604
0.1667392998933792
0.1672826111316681
0.16758237779140472
0.1632298082113266
0.16007724404335022
0.1659826636314392
0.17663611471652985
0.16927289962768555
0.1681128591299057
0.1629001647233963
0.17050299048423767
0.1788615733385086
0.16273458302021027
0.18894250690937042
0.17415444552898407
0.1583525538444519
0.1548815220594406
0.157868430018425
0.1631779670715332
0.16862109303474426
0.15821503102779388
0.17213362455368042
0.1614810675382614
0.16189830005168915
0.14613689482212067
0.1601281464099884
0.1610441356897354
0.1615469753742218
0.15929165482521057
0.16647115349769592
0.15060947835445404
0.17065438628196716
0.16416755318641663
0.15802408754825592
0.1559322029352188
0.16169090569019318
0.16220782697200775
0.16262248158454895
0.17328356206417084
0.17100781202316284
0.16624434292316437
0.16729988157749176
0.17629027366638184
0.16051870584487915
0.16024069488048553
0.16111798584461212
0.154097780585289
0.1755162477493286
0.16506372392177582
0.16019262373447418
0.16504855453968048
0.1710311472415924
0.16722096502780914
0.16223274171352386
0.1616186797618866
0.15640512108802795
0.16142047941684723
0.17750728130340576
0.158170685172081
0.1599181890487671
0.1616404503583908
0.1507631540298462
0.1485961228609085
0.16133420169353485
0.1761137992143631
0.15591222047805786
0.16048815846443176
0.14852072298526764
0.16831541061401367
0.16308827698230743
0.17336010932922363
0.1646178960800171
0.1667005866765976
0.1704932302236557
0.1691839098930359
0.1497364342212677
0.1526118665933609
0.16672198474407196
0.17991840839385986
0.15974193811416626
0.15485528111457825
0.14585985243320465
0.16633756458759308
0.16367913782596588
0.1539980173110962
0.1604752540588379
0.15187546610832214
0.17897449433803558
0.18691115081310272
0.1726856380701065
0.16097377240657806
0.16555219888687134
0.153538778424263
0.16608978807926178
0.15614619851112366
0.1634611338376999
0.15533645451068878
0.17050163447856903
0.1595596969127655
0.1759050041437149
0.16741931438446045
0.15517231822013855
0.15741178393363953
0.1706421822309494
0.1609998345375061
0.16136834025382996
0.15477348864078522
0.16631227731704712
0.1515342891216278
0.15875199437141418
0.15652179718017578
0.16621312499046326
0.16215647757053375
0.15703099966049194
0.15520666539669037
0.17197324335575104
0.15661829710006714
0.16902977228164673
0.15615755319595337
0.1569567620754242
0.17175239324569702
0.16521409153938293
0.1636570394039154
0.1558823138475418
0.14991343021392822
0.1585608571767807
0.16093601286411285
0.1588307023048401
0.15535910427570343
0.1671028882265091
0.15171022713184357
0.14836658537387848
0.14705176651477814
0.16224507987499237
0.15454450249671936
0.14996260404586792
0.15991660952568054
0.15249527990818024
0.16434167325496674
0.1671951413154602
0.15355727076530457
0.16181163489818573
0.16154417395591736
0.15648041665554047
0.15588711202144623
0.1634570211172104
0.1682862490415573
0.16311196982860565
0.16369010508060455
0.1564781367778778
0.16375133395195007
0.15294773876667023
0.16079284250736237
0.1470179408788681
0.16577859222888947
0.15602634847164154
0.1607346087694168
0.16270248591899872
0.16208826005458832
0.1736065298318863
0.15502618253231049
0.15770213305950165
0.16452264785766602
0.1507764309644699
0.16574415564537048
0.16622766852378845
0.15611988306045532
