0.7905141711235046
0.5987381339073181
0.5387266874313354
0.4935583174228668
0.46646615862846375
0.44617897272109985
0.43596163392066956
0.4300198554992676
0.4260500371456146
0.41778090596199036
0.4065244793891907
0.4056067168712616
0.40145525336265564
0.40323033928871155
0.39674142003059387
0.39518508315086365
0.39390110969543457
0.39269334077835083
0.38593119382858276
0.3884618580341339
0.3889918327331543
0.38978785276412964
0.38608312606811523
0.38160279393196106
0.3865971565246582
0.38846370577812195
0.39030763506889343
0.3838123381137848
0.3873542845249176
0.38539886474609375
0.3786989748477936
0.3825075030326843
0.37728649377822876
0.38460269570350647
0.3795081079006195
0.38707971572875977
0.380209356546402
0.3794136345386505
0.3775174021720886
0.3786090612411499
0.38158172369003296
0.3774142265319824
0.37684211134910583
0.3751318156719208
0.38028374314308167
0.37734290957450867
0.37819746136665344
0.3757651448249817
0.3775992691516876
0.3750857412815094
0.3794359564781189
0.3725551664829254
0.3773714303970337
0.37519076466560364
0.37631648778915405
0.36925891041755676
0.3747107684612274
0.37099385261535645
0.37770551443099976
0.377588152885437
0.37386488914489746
0.37073129415512085
0.37577730417251587
0.3733613193035126
0.37587228417396545
0.3741548955440521
0.37588319182395935
0.3684959411621094
0.3707331418991089
0.37083280086517334
0.3702964186668396
0.3697231709957123
0.3710324168205261
0.3741057217121124
0.36882466077804565
0.3733918070793152
0.37284055352211
0.3702617883682251
0.37626656889915466
0.3676011264324188
0.3708093464374542
0.3728215992450714
0.3756449222564697
0.36757659912109375
0.3634381890296936
0.36736321449279785
0.3686659634113312
0.3701144754886627
0.36941397190093994
0.3634967803955078
0.36935392022132874
0.37307170033454895
0.3720146715641022
0.36855632066726685
0.3692987859249115
0.37132877111434937
0.3615909516811371
0.3661520481109619
0.3684766888618469
0.36475682258605957
0.37016400694847107
0.3654085695743561
0.37015604972839355
0.3652489185333252
0.36918485164642334
0.36269140243530273
0.3685937523841858
0.3708256483078003
0.3740323781967163
0.3673592507839203
0.36799830198287964
0.3654918968677521
0.3630208373069763
0.36859452724456787
0.3638307452201843
0.36398622393608093
0.36268287897109985
0.3659204840660095
0.36443260312080383
0.3680492639541626
0.3625090718269348
0.36565178632736206
0.36714527010917664
0.3631913363933563
0.36478281021118164
0.3614436984062195
0.36257120966911316
0.35989996790885925
0.3670799434185028
0.36323025822639465
0.36332979798316956
0.3632277548313141
0.36341020464897156
0.36471331119537354
0.3617989122867584
0.3622015416622162
0.3633943796157837
0.3590535521507263
0.35713067650794983
0.3624686002731323
0.3652874827384949
0.3617277145385742
0.35666006803512573
0.36130380630493164
0.36551937460899353
0.36039242148399353
0.3584531545639038
0.3595988154411316
0.36004745960235596
0.36323752999305725
0.35954031348228455
0.35939130187034607
0.356365829706192
0.3596656024456024
0.35834571719169617
0.35898447036743164
0.3606022298336029
0.3623095750808716
0.3548717200756073
0.3613561987876892
0.36060473322868347
0.36139047145843506
0.3638489842414856
0.35838189721107483
0.3584524989128113
0.35599657893180847
0.35966214537620544
0.3560749292373657
0.3632568120956421
0.3606589436531067
0.3626263737678528
0.3603467047214508
0.3618532121181488
0.35379067063331604
0.3630960285663605
0.3524336516857147
0.3612048923969269
0.35899248719215393
0.3550615906715393
0.3606241047382355
0.3567968010902405
0.35999616980552673
0.3514854311943054
0.35881274938583374
0.36448076367378235
0.36011865735054016
0.3535248637199402
0.35931146144866943
0.3621692359447479
0.35792678594589233
0.35653790831565857
0.3529457449913025
0.3557475209236145
0.3603481352329254
0.35637620091438293
0.3489391803741455
0.3555530309677124
0.36249658465385437
0.3595835268497467
0.357162743806839
0.3622613549232483
0.35413041710853577
0.35055360198020935
0.35968491435050964
0.35936638712882996
0.35942941904067993
0.35288646817207336
0.35801228880882263
0.3585391640663147
0.35736262798309326
0.3578275144100189
0.3573187589645386
0.3538988530635834
0.3553188443183899
0.3550799787044525
0.35753878951072693
0.35787245631217957
0.35509371757507324
0.3577958643436432
0.3614780604839325
0.3530353605747223
0.35791313648223877
0.36109912395477295
0.3540233373641968
0.35959383845329285
0.3566904366016388
0.3550547659397125
0.35346442461013794
0.35626521706581116
0.35419660806655884
0.359615683555603
0.35337209701538086
0.3561619222164154
0.3562655746936798
0.35447099804878235
0.3588178753852844
0.35478082299232483
0.35708263516426086
0.35729455947875977
0.35186657309532166
0.35625159740448
0.3572368621826172
0.34883925318717957
0.35133835673332214
0.35753533244132996
0.35523536801338196
0.35036420822143555
0.347820520401001
0.3577640652656555
0.3542507290840149
0.35687339305877686
0.34679606556892395
0.35269156098365784
0.35493040084838867
0.35489970445632935
0.353888601064682
0.3538456857204437
0.3495965600013733
0.35534319281578064
0.35218971967697144
0.3554874062538147
0.3534044027328491
0.3522205054759979
0.3547130525112152
0.3502611815929413
0.35759761929512024
0.35480573773384094
0.35436639189720154
0.3519950807094574
0.35290026664733887
0.3576986789703369
0.3532746434211731
0.3554858863353729
0.35594791173934937
0.35519689321517944
0.35219627618789673
0.35425373911857605
0.35531118512153625
0.3492496609687805
0.35918036103248596
0.3512047827243805
0.35099607706069946
0.353161484003067
0.3562890589237213
0.3519672453403473
0.3513703942298889
0.3542438745498657
0.3524046540260315
0.35082799196243286
0.35021838545799255
0.3540487289428711
0.35007020831108093
0.3503876328468323
0.3587287962436676
0.3508090674877167
0.351825475692749
0.35945701599121094
0.3534941077232361
0.35488808155059814
0.35558709502220154
0.3471032679080963
0.35505345463752747
0.3558301627635956
0.3495369851589203
0.35107117891311646
0.3486672639846802
0.3515121042728424
0.35178080201148987
0.35035425424575806
0.349164217710495
0.35041502118110657
0.3548465967178345
0.35690513253211975
0.3540012240409851
0.3500974178314209
0.35753747820854187
0.3578067123889923
0.34975042939186096
0.3551125228404999
0.3530958890914917
0.35440367460250854
0.35268494486808777
0.35353314876556396
0.35379624366760254
0.3502019941806793
0.3518643081188202
0.34997794032096863
0.3539007306098938
0.34727296233177185
0.35138267278671265
0.352438360452652
0.34990817308425903
0.3511604070663452
0.3511304259300232
0.3500179052352905
0.355115681886673
0.34907832741737366
0.3505730926990509
0.35533326864242554
0.3484630286693573
0.3495480418205261
0.3518022894859314
0.3435852825641632
0.35025855898857117
0.3585149347782135
0.3483384847640991
0.348704993724823
0.348748117685318
0.3494773507118225
0.34918609261512756
0.34911319613456726
0.34553399682044983
0.35057759284973145
0.3503122627735138
0.34985825419425964
0.34964075684547424
0.3570607602596283
0.3556654453277588
0.35104814171791077
0.3506678342819214
0.3544161021709442
0.3553140461444855
0.3490328788757324
0.3431915044784546
0.35256385803222656
0.3457387685775757
0.34577420353889465
0.35547590255737305
0.34463801980018616
0.3490560054779053
0.3564789593219757
0.3523052930831909
0.3472028374671936
0.35311493277549744
0.3500266671180725
0.3480924069881439
0.3500334620475769
0.34882113337516785
0.3488995134830475
0.3535333275794983
0.34582072496414185
0.35224372148513794
0.3512532413005829
0.34980231523513794
0.3522777259349823
0.34720638394355774
0.35433998703956604
0.3499896228313446
0.35233426094055176
0.347671240568161
0.35399264097213745
0.35127902030944824
0.345376580953598
0.3476426899433136
0.3443135619163513
0.35070541501045227
0.3496456742286682
0.34967342019081116
0.3522294759750366
0.3502923250198364
0.34967800974845886
0.35401684045791626
0.351105272769928
0.3508715033531189
0.34963488578796387
0.3525436222553253
0.3558095395565033
0.34938085079193115
0.34892991185188293
0.34660714864730835
0.34972429275512695
0.35477447509765625
0.34890708327293396
0.34747594594955444
0.35614317655563354
0.3534148335456848
0.35260844230651855
0.3539690375328064
0.3517853021621704
0.360543817281723
0.35112646222114563
0.3492793142795563
0.35325077176094055
0.3467806577682495
0.3478858768939972
0.3524025082588196
0.3522053360939026
0.3466047942638397
0.34903451800346375
0.34836485981941223
0.35085591673851013
0.3501345217227936
0.35394400358200073
0.3525841534137726
0.34560897946357727
0.3459286093711853
0.3473343253135681
0.353766530752182
0.3501662611961365
0.3482346832752228
0.35357600450515747
0.35153329372406006
0.352623850107193
0.3469139039516449
0.3484691083431244
0.35340186953544617
0.3484298288822174
0.3494393229484558
0.350261390209198
0.34759241342544556
0.3499809205532074
0.35448119044303894
0.35195794701576233
0.3506104052066803
0.34702566266059875
0.3541780710220337
0.3436849117279053
0.34936705231666565
0.3528102934360504
0.34829968214035034
0.3413577377796173
0.34724947810173035
0.3545362651348114
0.34833431243896484
0.3468096852302551
0.351429283618927
0.3444772958755493
0.34944236278533936
0.34720519185066223
0.3499481976032257
0.3476924002170563
0.3476812243461609
0.34856468439102173
0.34126532077789307
0.34923022985458374
0.354373037815094
0.34828564524650574
0.348458468914032
0.3449234366416931
0.3476892411708832
0.34118473529815674
0.3497014343738556
0.34934040904045105
0.34838083386421204
0.3506641089916229
0.34986281394958496
0.3480044901371002
0.3446321189403534
0.35354727506637573
0.34710365533828735
0.344862699508667
0.346956342458725
0.35085710883140564
0.3571632504463196
0.34603461623191833
0.34804290533065796
0.35125792026519775
0.35150498151779175
0.3450179696083069
0.34707340598106384
0.3518197536468506
0.34686076641082764
0.3442763090133667
0.35315507650375366
0.35048210620880127
0.35009971261024475
0.35141390562057495
0.3532152771949768
0.35213837027549744
0.3480813801288605
0.3488553464412689
0.3504956066608429
0.3498826026916504
0.3502052426338196
0.3465145230293274
0.3456662893295288
0.34830957651138306
0.34774863719940186
0.35599395632743835
0.3501526713371277
0.3490966558456421
0.3496606945991516
0.3514382839202881
0.34729093313217163
0.3496212959289551
0.34833428263664246
0.34472915530204773
0.3439597487449646
0.34534409642219543
0.345420241355896
0.34482911229133606
0.35238736867904663
0.3518880009651184
0.3516356945037842
0.34443017840385437
0.3453422784805298
0.34746024012565613
0.3427985906600952
0.35030001401901245
0.35328152775764465
0.35190391540527344
0.3439946472644806
0.3455093502998352
0.351486474275589
0.3537709712982178
0.34620991349220276
0.348285973072052
0.35219842195510864
0.3457224667072296
0.3465416729450226
0.34373939037323
0.34372469782829285
0.35109156370162964
0.3547411859035492
0.34971675276756287
0.35465678572654724
0.3550170063972473
0.350172221660614
0.3476099967956543
0.3533640205860138
0.3458482027053833
0.345066100358963
0.3467770218849182
0.3468080163002014
0.35111144185066223
0.354790598154068
0.3469010293483734
0.3523302376270294
0.3466321527957916
0.34719565510749817
0.35120248794555664
0.3518105745315552
0.34078872203826904
0.34729069471359253
0.3455440104007721
0.34046670794487
0.3459470868110657
0.34480249881744385
0.34492921829223633
0.3513425588607788
0.348724901676178
0.3496657907962799
0.3522704839706421
0.3460056185722351
0.35235872864723206
0.3518199920654297
0.34941917657852173
0.35025033354759216
0.349098265171051
0.35151222348213196
0.34598836302757263
0.34490180015563965
0.3484642505645752
0.3511527180671692
0.3494209051132202
0.3454006612300873
0.34891849756240845
0.3495654761791229
0.3481007218360901
0.3473442494869232
0.3505089282989502
0.3506670594215393
0.3503316640853882
0.35292208194732666
0.3519780933856964
0.34734901785850525
0.34738656878471375
0.3548888862133026
0.35229748487472534
0.3524949848651886
0.3467390537261963
0.34715181589126587
0.3501910865306854
0.34338855743408203
0.34765809774398804
0.3522140681743622
0.34745028614997864
0.3493826389312744
0.3519076108932495
0.35300546884536743
0.3475702404975891
0.34797394275665283
0.35467642545700073
0.3450562059879303
0.3481472134590149
0.35035961866378784
0.3468528985977173
0.34854575991630554
0.3531017601490021
0.35168778896331787
0.3487130403518677
0.352722704410553
0.352232426404953
0.350216269493103
0.352994829416275
0.34635865688323975
0.3494701087474823
0.3449166417121887
0.351698637008667
0.3485765755176544
0.34704044461250305
0.348547101020813
0.35027915239334106
0.34794801473617554
0.3520335257053375
0.34640994668006897
0.34361371397972107
0.3511783480644226
0.34590357542037964
0.35195353627204895
0.3480280637741089
0.3486240804195404
0.3472657799720764
0.3496025502681732
0.34877386689186096
0.3500257730484009
0.351767897605896
0.34710684418678284
0.3497004210948944
0.340877503156662
0.3424849808216095
0.34702226519584656
0.3436441421508789
0.34832215309143066
0.34952154755592346
0.342783659696579
0.3511205017566681
0.34972426295280457
0.34666702151298523
0.3459089398384094
0.3480124771595001
0.34804844856262207
