0.6788629293441772
0.49519214034080505
0.45705240964889526
0.43485936522483826
0.4238851070404053
0.4246646761894226
0.415560245513916
0.4027346074581146
0.40549367666244507
0.40475499629974365
0.39636892080307007
0.39877253770828247
0.39271080493927
0.3976125419139862
0.39401155710220337
0.39406800270080566
0.3944409191608429
0.39461854100227356
0.3878999352455139
0.39329054951667786
0.3888110816478729
0.3845387399196625
0.3831024169921875
0.38274964690208435
0.3818521499633789
0.3801875114440918
0.3794688582420349
0.3783224821090698
0.37870192527770996
0.37556028366088867
0.37103649973869324
0.37315502762794495
0.37247365713119507
0.3710847795009613
0.3678252398967743
0.37063366174697876
0.3731573522090912
0.3719572126865387
0.36774832010269165
0.36836010217666626
0.36593523621559143
0.35462066531181335
0.36238232254981995
0.3640298843383789
0.3606550395488739
0.3595125079154968
0.3667973279953003
0.35675573348999023
0.35061928629875183
0.35964351892471313
0.35781368613243103
0.3554212152957916
0.3588167428970337
0.34968405961990356
0.3522336781024933
0.35950562357902527
0.3463762700557709
0.3512306809425354
0.3493794798851013
0.352556973695755
0.3450278043746948
0.3454374074935913
0.34529316425323486
0.3407367765903473
0.3409280776977539
0.3463364839553833
0.3443456292152405
0.33374109864234924
0.34139129519462585
0.34351828694343567
0.34007424116134644
0.33080732822418213
0.34217971563339233
0.33763137459754944
0.33055517077445984
0.33132484555244446
0.3289546072483063
0.33279749751091003
0.32155361771583557
0.33503276109695435
0.3266742527484894
0.3202422261238098
0.3322950303554535
0.32060301303863525
0.3254769742488861
0.32151585817337036
0.3291349709033966
0.3257925808429718
0.3149908483028412
0.3166940212249756
0.3144420087337494
0.32148829102516174
0.31626906991004944
0.32226139307022095
0.3120080232620239
0.320020467042923
0.30365005135536194
0.3177259862422943
0.30742231011390686
0.3121594190597534
0.3061750531196594
0.3072342574596405
0.30268824100494385
0.30123886466026306
0.3038426637649536
0.29423531889915466
0.3062202036380768
0.30553314089775085
0.30312663316726685
0.29975444078445435
0.30699196457862854
0.29751503467559814
0.29258736968040466
0.2907179892063141
0.30034270882606506
0.30907413363456726
0.29310092329978943
0.2966707944869995
0.29414546489715576
0.29126086831092834
0.2890228033065796
0.28999438881874084
0.28898346424102783
0.2902968227863312
0.2826637625694275
0.2807054817676544
0.29217812418937683
0.2902086675167084
0.2826073169708252
0.28368520736694336
0.28460562229156494
0.28104841709136963
0.29720985889434814
0.28314411640167236
0.2845238447189331
0.2912079989910126
0.28190261125564575
0.265686959028244
0.27281031012535095
0.27944231033325195
0.28067970275878906
0.2709030210971832
0.27792632579803467
0.25488394498825073
0.2612565755844116
0.2601107060909271
0.26751944422721863
0.26922422647476196
0.26619774103164673
0.2634851038455963
0.2565593719482422
0.26983383297920227
0.2663570046424866
0.2649018168449402
0.26064160466194153
0.25795215368270874
0.2629249691963196
0.2594928741455078
0.26088762283325195
0.26918208599090576
0.2477484792470932
0.2652142345905304
0.26820507645606995
0.26103726029396057
0.26141706109046936
0.2585701048374176
0.2507198452949524
0.2538617253303528
0.2683447599411011
0.2596314251422882
0.2605710029602051
0.25695475935935974
0.2659989595413208
0.2565428614616394
0.25121375918388367
0.25976523756980896
0.2520255446434021
0.23318339884281158
0.24924838542938232
0.2516883909702301
0.256415456533432
0.25374653935432434
0.2522672414779663
0.2543787360191345
0.25877222418785095
0.26544588804244995
0.25317177176475525
0.2617813050746918
0.25412389636039734
0.249033585190773
0.250686913728714
0.25312018394470215
0.2510603964328766
0.24298536777496338
0.25249773263931274
0.2489060014486313
0.2361888587474823
0.24503427743911743
0.24548423290252686
0.24641504883766174
0.23612886667251587
0.2358892560005188
0.23974667489528656
0.24768398702144623
0.24435009062290192
0.24455499649047852
0.2437434196472168
0.24349185824394226
0.2456844449043274
0.2430536299943924
0.24416202306747437
0.24481074512004852
0.2465745359659195
0.23820915818214417
0.23739348351955414
0.24845251441001892
0.24864034354686737
0.23321254551410675
0.23992599546909332
0.24553640186786652
0.24310213327407837
0.23623798787593842
0.23816415667533875
0.23100920021533966
0.22545753419399261
0.22645635902881622
0.2223028540611267
0.24942108988761902
0.2506556808948517
0.22818933427333832
0.22708652913570404
0.24436669051647186
0.23887337744235992
0.24387036263942719
0.2372768074274063
0.22582672536373138
0.22205489873886108
0.22761118412017822
0.22371326386928558
0.23307207226753235
0.23118974268436432
0.21417920291423798
0.2338254153728485
0.23281995952129364
0.23350535333156586
0.23833435773849487
0.23513387143611908
0.22367669641971588
0.22704309225082397
0.22155487537384033
0.2245578169822693
0.23440693318843842
0.21535588800907135
0.22902406752109528
0.23969504237174988
0.21897970139980316
0.2299339473247528
0.2231212854385376
0.2201097160577774
0.22131098806858063
0.22417598962783813
0.2220047563314438
0.21903270483016968
0.22214375436306
0.22040364146232605
0.207655668258667
0.22117067873477936
0.22141282260417938
0.2121991068124771
0.23196052014827728
0.21728931367397308
0.23217305541038513
0.22455082833766937
0.22163166105747223
0.2238730490207672
0.23470503091812134
0.2197202444076538
0.2177802473306656
0.22798818349838257
0.22701692581176758
0.22037087380886078
0.21516762673854828
0.20859961211681366
0.21448034048080444
0.21243758499622345
0.22443582117557526
0.21887576580047607
0.21940572559833527
0.22890383005142212
0.22105377912521362
0.22082765400409698
0.21617703139781952
0.21773302555084229
0.2336379587650299
0.22614280879497528
0.2112407088279724
0.20979100465774536
0.22106678783893585
0.21419288218021393
0.2113673835992813
0.21903234720230103
0.21011361479759216
0.220835343003273
0.21132884919643402
0.2114117294549942
0.2071826010942459
0.20841319859027863
0.20023594796657562
0.21666625142097473
0.21766836941242218
0.22280997037887573
0.21172252297401428
0.21260900795459747
0.2100527286529541
0.20872630178928375
0.20528003573417664
0.2194512039422989
0.2267972230911255
0.2179768979549408
0.20641811192035675
0.21727755665779114
0.21440015733242035
0.21405623853206635
0.21797749400138855
0.20075422525405884
0.21906937658786774
0.21321333944797516
0.21811716258525848
0.20979759097099304
0.21435585618019104
0.20938435196876526
0.21582593023777008
0.21496927738189697
0.21083882451057434
0.21544918417930603
0.22089344263076782
0.21046973764896393
0.21458272635936737
0.19438430666923523
0.21520160138607025
0.20844806730747223
0.20791472494602203
0.21215589344501495
0.22637973725795746
0.20930497348308563
0.19904206693172455
0.20349757373332977
0.21233172714710236
0.21501041948795319
0.20475079119205475
0.2095009833574295
0.2129809856414795
0.22272388637065887
0.20083937048912048
0.2143416851758957
0.20679305493831635
0.20804567635059357
0.2002846598625183
0.2051927149295807
0.20165179669857025
0.2079719752073288
0.21282406151294708
0.2130141705274582
0.20303072035312653
0.1989983469247818
0.209599107503891
0.19827648997306824
0.1951686590909958
0.2191394865512848
0.20274782180786133
0.20101051032543182
0.21370315551757812
0.2139359563589096
0.2046157568693161
0.20495332777500153
0.20924921333789825
0.20458224415779114
0.19558726251125336
0.19836576282978058
0.20986847579479218
0.21113604307174683
0.20335441827774048
0.213554248213768
0.20084203779697418
0.21071112155914307
0.20731772482395172
0.20218688249588013
0.20653803646564484
0.20062103867530823
0.20908063650131226
0.20862522721290588
0.21275585889816284
0.19864822924137115
0.21151039004325867
0.1995820701122284
0.21341952681541443
0.2002217322587967
0.2026582509279251
0.20710760354995728
0.2036154717206955
0.21121478080749512
0.1981019526720047
0.21190831065177917
0.20500513911247253
0.20373037457466125
0.2061091810464859
0.2082795798778534
0.19446323812007904
0.2013535052537918
0.2114361822605133
0.20756520330905914
0.20169951021671295
0.21490131318569183
0.2055697739124298
0.20059853792190552
0.21238821744918823
0.19943425059318542
0.21182331442832947
0.2041434943675995
0.19968165457248688
0.19190143048763275
0.2064521759748459
0.19864940643310547
0.19876180589199066
0.211149662733078
0.20048147439956665
0.2092837691307068
0.20235204696655273
0.19273622334003448
0.19454556703567505
0.21429525315761566
0.19872763752937317
0.2029183954000473
0.21238218247890472
0.19606612622737885
0.21064507961273193
0.19793345034122467
0.20652258396148682
0.19220779836177826
0.1983574628829956
0.19749575853347778
0.19731438159942627
0.19629745185375214
0.19485057890415192
0.20566652715206146
0.19367268681526184
0.1899232119321823
0.19953995943069458
0.19147489964962006
0.20254339277744293
0.19695743918418884
0.20536498725414276
0.20142187178134918
0.1957765519618988
0.1909971982240677
0.20327836275100708
0.19956550002098083
0.19056802988052368
0.19190078973770142
0.19361352920532227
0.19968102872371674
0.214166060090065
0.20028109848499298
0.2006203681230545
0.20422019064426422
0.20265856385231018
0.19036056101322174
0.195536270737648
0.19490963220596313
0.20963054895401
0.19439361989498138
0.2068672627210617
0.2059933841228485
0.1944718211889267
0.20554417371749878
0.21317721903324127
0.2112817019224167
0.20102384686470032
0.1915983110666275
0.19066289067268372
0.20431922376155853
0.19801953434944153
0.20928797125816345
0.1929403394460678
0.1930641382932663
0.20291133224964142
0.1948785036802292
0.19498002529144287
0.2048870325088501
0.19817817211151123
0.19173894822597504
0.19294771552085876
0.1979503482580185
0.19959396123886108
0.20285829901695251
0.19723302125930786
0.20855680108070374
0.19689513742923737
0.20959116518497467
0.1867712438106537
0.20664063096046448
0.1913495659828186
0.20663683116436005
0.1800815761089325
0.18893878161907196
0.19952724874019623
0.19675786793231964
0.1894737184047699
0.2139986902475357
0.19086162745952606
0.20270073413848877
0.1916387975215912
0.2082183063030243
0.19817401468753815
0.20241132378578186
0.20334230363368988
0.2190823256969452
0.19657059013843536
0.19085156917572021
0.19345726072788239
0.1836521178483963
0.20738080143928528
0.19671322405338287
0.18760210275650024
0.2051989585161209
0.1862487643957138
0.19582554697990417
0.21546894311904907
0.19491182267665863
0.19059054553508759
0.19306400418281555
0.18369311094284058
0.19473232328891754
0.20254260301589966
0.19303734600543976
0.19891060888767242
0.20111162960529327
0.20158220827579498
0.19164559245109558
0.20021511614322662
0.1904459446668625
0.195936918258667
0.18202561140060425
0.20758993923664093
0.19092117249965668
0.19780011475086212
0.1989579051733017
0.18269625306129456
0.20399032533168793
0.19525490701198578
0.1852085143327713
0.18968690931797028
0.1967298984527588
0.1996193528175354
0.20021679997444153
0.2019331306219101
0.1926153153181076
0.20639950037002563
0.19744789600372314
0.1851952075958252
0.20091824233531952
0.19652409851551056
0.19572867453098297
0.19601069390773773
0.19310936331748962
0.19192680716514587
0.20107847452163696
0.20782262086868286
0.20114277303218842
0.198374405503273
0.19439631700515747
0.20624040067195892
0.20143374800682068
0.19991178810596466
0.19796189665794373
0.20499996840953827
0.18881432712078094
0.19328433275222778
0.18488208949565887
0.18822836875915527
0.19892828166484833
0.19569940865039825
0.19591110944747925
0.19694343209266663
0.19726216793060303
0.1997063308954239
0.20027568936347961
0.19207680225372314
0.1999783217906952
0.201410710811615
0.19265371561050415
0.19158834218978882
0.19886700809001923
0.19962480664253235
0.1912243366241455
0.18803207576274872
0.18869490921497345
0.1980666071176529
0.1891464740037918
0.1988086700439453
0.19411709904670715
0.21205662190914154
0.19343030452728271
