1.0194132328033447
0.7082604169845581
0.6053956151008606
0.5675395131111145
0.534462571144104
0.5326438546180725
0.4961449205875397
0.4934038817882538
0.4840131402015686
0.4771166443824768
0.472354531288147
0.45365971326828003
0.45603135228157043
0.4568708539009094
0.45833510160446167
0.44386419653892517
0.4424145221710205
0.44195979833602905
0.4383539855480194
0.42637425661087036
0.4299924373626709
0.418684184551239
0.42337626218795776
0.4204111099243164
0.4217946231365204
0.42924219369888306
0.4259102940559387
0.4125150144100189
0.41193172335624695
0.41962262988090515
0.4171734154224396
0.4158688485622406
0.4111396372318268
0.4078783392906189
0.4112352728843689
0.40366309881210327
0.4117491543292999
0.4053032398223877
0.400033175945282
0.40137556195259094
0.4075866937637329
0.3993043899536133
0.40843015909194946
0.401051789522171
0.3983458876609802
0.40580856800079346
0.3921746611595154
0.39357995986938477
0.40097033977508545
0.38704943656921387
0.39636361598968506
0.39430418610572815
0.39766791462898254
0.3981037139892578
0.38892826437950134
0.39260247349739075
0.4003027379512787
0.39930668473243713
0.3962172865867615
0.38587215542793274
0.38739514350891113
0.38931453227996826
0.38744255900382996
0.38920706510543823
0.38952940702438354
0.3922351896762848
0.39096781611442566
0.38777685165405273
0.3912109136581421
0.38889119029045105
0.3850940465927124
0.3857870399951935
0.3810046315193176
0.3846481740474701
0.3874320089817047
0.389517605304718
0.38750800490379333
0.3740001618862152
0.38525307178497314
0.3822527825832367
0.38016510009765625
0.37784507870674133
0.3864227831363678
0.38476744294166565
0.3832970857620239
0.3786272704601288
0.3847072720527649
0.3803181052207947
0.37953367829322815
0.379379004240036
0.3805013597011566
0.38428688049316406
0.38600704073905945
0.3791126310825348
0.3827778100967407
0.3807174861431122
0.379751592874527
0.3820798993110657
0.3803536891937256
0.3755616545677185
0.3761790692806244
0.38324370980262756
0.3812035024166107
0.37129855155944824
0.3780224621295929
0.38563743233680725
0.3714357912540436
0.38352036476135254
0.375848650932312
0.3734053075313568
0.3830890655517578
0.3766327202320099
0.37762343883514404
0.3808967173099518
0.3705214858055115
0.3784836530685425
0.3820004463195801
0.3782155513763428
0.3778131604194641
0.3715975284576416
0.372944176197052
0.38362351059913635
0.37509050965309143
0.37525418400764465
0.3732663094997406
0.36917442083358765
0.3812161386013031
0.369138240814209
0.373005211353302
0.38529378175735474
0.37573978304862976
0.36478638648986816
0.37187713384628296
0.37163424491882324
0.373034805059433
0.37062472105026245
0.371360719203949
0.37041202187538147
0.3787892460823059
0.37595051527023315
0.37645819783210754
0.3705456554889679
0.37435218691825867
0.37314102053642273
0.37175291776657104
0.36807817220687866
0.37117499113082886
0.37652841210365295
0.36660584807395935
0.36802658438682556
0.3761051297187805
0.37674883008003235
0.3720226287841797
0.3708391785621643
0.36282962560653687
0.36763134598731995
0.36728885769844055
0.3664992153644562
0.3760300278663635
0.3589029014110565
0.3650139272212982
0.3662673234939575
0.36771267652511597
0.3735705316066742
0.36868321895599365
0.3709055483341217
0.36970463395118713
0.3592180609703064
0.3691776394844055
0.3699454069137573
0.3697044253349304
0.3633478283882141
0.3621586561203003
0.37607935070991516
0.36885547637939453
0.35932472348213196
0.37027159333229065
0.3684568405151367
0.36393189430236816
0.36141619086265564
0.3634033799171448
0.36700019240379333
0.3682886064052582
0.3697451949119568
0.3640094995498657
0.3615042567253113
0.3691747486591339
0.3601268231868744
0.3705107271671295
0.36253008246421814
0.36890026926994324
0.368078351020813
0.3618490397930145
0.3642383813858032
0.36697161197662354
0.36368194222450256
0.3667566180229187
0.35817718505859375
0.3627099096775055
0.3601512610912323
0.3621470630168915
0.3602549135684967
0.36070212721824646
0.36342164874076843
0.3677111566066742
0.35593822598457336
0.3582979738712311
0.3641696274280548
0.3625888526439667
0.3716762363910675
0.3631288409233093
0.36445632576942444
0.36412620544433594
0.3706647455692291
0.367061048746109
0.3659589886665344
0.36208730936050415
0.3654685914516449
0.3585285544395447
0.3637446165084839
0.36462101340293884
0.36056503653526306
0.35733649134635925
0.3582354485988617
0.35928940773010254
0.3619699776172638
0.3596495985984802
0.36430248618125916
0.36678388714790344
0.3623221218585968
0.36074793338775635
0.3592059016227722
0.35209107398986816
0.363915354013443
0.3561643362045288
0.35983479022979736
0.36080509424209595
0.358105331659317
0.3599735498428345
0.3602490723133087
0.3518909513950348
0.3577238917350769
0.3597549796104431
0.3600781261920929
0.3582093119621277
0.3607150912284851
0.3554249107837677
0.35691696405410767
0.3538138270378113
0.3616398274898529
0.3563355803489685
0.3609899580478668
0.36201944947242737
0.3514876365661621
0.35275599360466003
0.35020309686660767
0.35391438007354736
0.35401925444602966
0.3589717447757721
0.3506803512573242
0.3551011085510254
0.35406774282455444
0.3537035882472992
0.3513941168785095
0.35263630747795105
0.3510323166847229
0.3599017858505249
0.35498130321502686
0.35144415497779846
0.3534138798713684
0.35590022802352905
0.3545256555080414
0.3534449636936188
0.34955427050590515
0.3544301688671112
0.3570699989795685
0.3519030511379242
0.3444412350654602
0.3557294011116028
0.3508733808994293
0.361098051071167
0.3497685492038727
0.3518664240837097
0.3516789972782135
0.3583458960056305
0.3583433926105499
0.3541259169578552
0.3532019555568695
0.35937729477882385
0.3580498993396759
0.3515793979167938
0.35765019059181213
0.35421934723854065
0.354610413312912
0.35729318857192993
0.36138567328453064
0.34516263008117676
0.35976511240005493
0.35940101742744446
0.35817936062812805
0.3526720404624939
0.35451540350914
0.3641936182975769
0.3551207184791565
0.3506687879562378
0.35138821601867676
0.35748767852783203
0.3522976040840149
0.3502524197101593
0.3610931932926178
0.3507898449897766
0.3551796078681946
0.36065635085105896
0.3524443209171295
0.35505804419517517
0.3499557673931122
0.3535935580730438
0.35174763202667236
0.3529835045337677
0.3568463623523712
0.3573732376098633
0.3545868396759033
0.35491469502449036
0.35193347930908203
0.34711185097694397
0.3633623719215393
0.35149362683296204
0.3443097472190857
0.34770676493644714
0.35035762190818787
0.35552892088890076
0.3512420952320099
0.34697356820106506
0.35544851422309875
0.3584173619747162
0.35260477662086487
0.357938677072525
0.35220620036125183
0.3499698340892792
0.3585790991783142
0.36015722155570984
0.3581858277320862
0.34906068444252014
0.35026150941848755
0.3566462993621826
0.3613053858280182
0.3509323298931122
0.34266746044158936
0.3479860723018646
0.35856887698173523
0.3516896069049835
0.34156593680381775
0.3531019985675812
0.3575085699558258
0.35221606492996216
0.34778979420661926
0.355275958776474
0.3483152985572815
0.35698482394218445
0.35165882110595703
0.35287028551101685
0.35335269570350647
0.34907910227775574
0.35139182209968567
0.35725462436676025
0.354054719209671
0.3590642511844635
0.3590788245201111
0.35585981607437134
0.35131654143333435
0.35637542605400085
0.3509514629840851
0.3446502983570099
0.33902159333229065
0.35056766867637634
0.3468821942806244
0.3486166298389435
0.34990447759628296
0.3524821996688843
0.34689316153526306
0.34718087315559387
0.35803282260894775
0.3539343476295471
0.35865116119384766
0.3441738188266754
0.35102951526641846
0.35201165080070496
0.35341504216194153
0.34873026609420776
0.3536316156387329
0.3548937737941742
0.35004186630249023
0.35372844338417053
0.3589673340320587
0.3434232175350189
0.35160213708877563
0.3491625487804413
0.3494528532028198
0.3529026508331299
0.35423555970191956
0.35312530398368835
0.34702858328819275
0.3507448732852936
0.3540214002132416
0.35240665078163147
0.34927722811698914
0.3477723002433777
0.35103917121887207
0.35865315794944763
0.35091307759284973
0.34853222966194153
0.3477040231227875
0.35093024373054504
0.34613752365112305
0.350041925907135
0.3527977168560028
0.3465067148208618
0.3491058945655823
0.3540107309818268
0.34291017055511475
0.34941020607948303
0.3513863980770111
0.3466013967990875
0.3497864902019501
0.34811922907829285
0.348417729139328
0.34598198533058167
0.3531850576400757
0.35758325457572937
0.351016640663147
0.3556627631187439
0.3461628556251526
0.355744868516922
0.35042399168014526
0.3499441146850586
0.3499881625175476
0.34947219491004944
0.3449423015117645
0.35087850689888
0.3443824350833893
0.3473047912120819
0.3477419912815094
0.3490372896194458
0.35292041301727295
0.3448096811771393
0.3536072075366974
0.35275548696517944
0.353615403175354
0.3470863699913025
0.3465461730957031
0.35304176807403564
0.35442766547203064
0.348934143781662
0.3560353219509125
0.3471340239048004
0.3475983738899231
0.3505990207195282
0.3447071611881256
0.3575257658958435
0.3527253568172455
0.348558247089386
0.34554123878479004
0.3519943058490753
0.3470578193664551
0.3523828983306885
0.3495105504989624
0.35246750712394714
0.3567911684513092
0.35283520817756653
0.3482954800128937
0.3482741117477417
0.3520951569080353
0.3449704647064209
0.34274643659591675
0.3488832414150238
0.3558240830898285
0.3457200825214386
0.3485545814037323
0.3525989055633545
0.34154391288757324
0.3502369821071625
0.34744659066200256
0.3517587184906006
0.35478997230529785
0.3461180031299591
0.3473473787307739
0.3519633412361145
0.3410571813583374
0.3457978665828705
0.34873655438423157
0.349443256855011
0.3594406843185425
0.34337350726127625
0.34926387667655945
0.3424678444862366
0.3469986021518707
0.34912919998168945
0.349368691444397
0.34730401635169983
0.35666948556900024
0.346271812915802
0.34463000297546387
0.35085010528564453
0.3496607840061188
0.3480848968029022
0.3477032482624054
0.34574094414711
0.35100841522216797
0.3418830931186676
0.3466631770133972
0.34799644351005554
0.35236868262290955
0.34235215187072754
0.35714274644851685
0.34493428468704224
0.34963324666023254
0.347186803817749
0.3456916809082031
0.3490157723426819
0.3470288813114166
0.3469497859477997
0.3480093479156494
0.343837708234787
0.3518249988555908
0.34052276611328125
0.35359305143356323
0.345086932182312
0.349763423204422
0.34865695238113403
0.34487688541412354
0.3495233654975891
0.3494417071342468
0.3446398973464966
0.34704145789146423
0.3506082594394684
0.3419370651245117
0.3524087369441986
0.34963762760162354
0.34348464012145996
0.3446364402770996
0.3461421728134155
0.34798163175582886
0.3475210666656494
0.3504238724708557
0.34878429770469666
0.34883996844291687
0.3485766351222992
0.3485882878303528
0.34810376167297363
0.35164615511894226
0.33931052684783936
0.3476456105709076
0.354430615901947
0.3425566554069519
0.35020124912261963
0.35099339485168457
0.3480396866798401
0.3500126004219055
0.350178986787796
0.3549044132232666
0.3508548140525818
0.3388844430446625
0.35541823506355286
0.3432143032550812
0.35274621844291687
0.3453134298324585
0.3494953513145447
0.3464229702949524
0.3411284387111664
0.3453527092933655
0.351876825094223
0.34629490971565247
0.34092840552330017
0.35196512937545776
0.3469364047050476
0.35878831148147583
0.34693196415901184
0.3478311598300934
0.3424072861671448
0.3578166663646698
0.34714287519454956
0.35158592462539673
0.34523260593414307
0.3423590362071991
0.34163227677345276
0.34285593032836914
0.3437969982624054
0.3514135777950287
0.3462144434452057
0.35123583674430847
0.3476712107658386
0.35188016295433044
0.349602073431015
0.34961917996406555
0.3380977511405945
0.35156771540641785
0.34776008129119873
0.35483449697494507
0.34921273589134216
0.3514848053455353
0.35243284702301025
0.34851595759391785
0.35012319684028625
0.35219448804855347
0.3519911766052246
0.33800432085990906
0.3435167372226715
0.3502565026283264
0.3465576469898224
0.3517342209815979
0.34902316331863403
0.3451993465423584
0.3485446870326996
0.34837591648101807
0.3505209982395172
0.3474961221218109
0.34885522723197937
0.3398537039756775
0.3460861146450043
0.35175392031669617
0.3514655530452728
0.35029706358909607
0.3457792103290558
0.34850290417671204
0.35117068886756897
0.33834004402160645
0.3464423716068268
0.34455007314682007
0.35100221633911133
0.350654661655426
0.34836545586586
0.3490908741950989
0.34809091687202454
0.34559541940689087
0.3519209027290344
0.342347651720047
0.3482690453529358
0.3380981385707855
0.35126522183418274
0.35166803002357483
0.3527504503726959
0.3467881977558136
