0.7774511575698853
0.5496800541877747
0.48415666818618774
0.4673546552658081
0.45032355189323425
0.43345126509666443
0.4334629774093628
0.43140116333961487
0.41859301924705505
0.410114049911499
0.42770883440971375
0.4063272476196289
0.40901002287864685
0.41488775610923767
0.40936079621315
0.4064928889274597
0.40153810381889343
0.41800782084465027
0.39563503861427307
0.397049218416214
0.3943530321121216
0.40252920985221863
0.3996981084346771
0.40164217352867126
0.3894346058368683
0.3832063376903534
0.39590463042259216
0.3912498354911804
0.3840802013874054
0.38150379061698914
0.38648638129234314
0.38270071148872375
0.3796289265155792
0.38859739899635315
0.3771046996116638
0.38351354002952576
0.3883060812950134
0.3807821571826935
0.38182997703552246
0.3769887685775757
0.3709603250026703
0.36966148018836975
0.37257158756256104
0.37671542167663574
0.3776150643825531
0.37489572167396545
0.36974337697029114
0.37416699528694153
0.3745603859424591
0.37075361609458923
0.3696550726890564
0.36639663577079773
0.3624671399593353
0.36599084734916687
0.36277854442596436
0.36364373564720154
0.3541930615901947
0.36219629645347595
0.36068397760391235
0.360122412443161
0.3543980121612549
0.35947978496551514
0.3563244938850403
0.36084601283073425
0.3553692698478699
0.35784322023391724
0.3518853783607483
0.3537786900997162
0.3570021986961365
0.35469716787338257
0.34924376010894775
0.33931800723075867
0.34741294384002686
0.3499884605407715
0.3566325604915619
0.3485047221183777
0.3445033133029938
0.3472587764263153
0.34443527460098267
0.3416033685207367
0.3364498019218445
0.35063841938972473
0.346739262342453
0.3394242525100708
0.33144861459732056
0.3426516652107239
0.3289523124694824
0.3331291675567627
0.34136733412742615
0.3357946574687958
0.3303719460964203
0.33229532837867737
0.3334592878818512
0.3293551206588745
0.3325732946395874
0.3240498900413513
0.32439491152763367
0.32507550716400146
0.32680410146713257
0.3321954011917114
0.3352970480918884
0.3196521997451782
0.3185613453388214
0.3190024197101593
0.3171329200267792
0.3155663013458252
0.31995153427124023
0.3173409700393677
0.3134121000766754
0.3148958086967468
0.31179407238960266
0.30770501494407654
0.3062133491039276
0.31154561042785645
0.3097870945930481
0.3140645921230316
0.30561983585357666
0.31698131561279297
0.30659136176109314
0.3080252707004547
0.30651354789733887
0.3015551269054413
0.30703088641166687
0.30284810066223145
0.30580100417137146
0.30111169815063477
0.29641610383987427
0.30084407329559326
0.30998414754867554
0.28831976652145386
0.2982530891895294
0.2924070358276367
0.2981792390346527
0.2854439318180084
0.2875846028327942
0.29461100697517395
0.2845480144023895
0.2772604525089264
0.2904139459133148
0.28560468554496765
0.2784852981567383
0.27729877829551697
0.2801774740219116
0.26858651638031006
0.27016645669937134
0.2725350558757782
0.27782031893730164
0.2869964838027954
0.26063552498817444
0.2621898353099823
0.2703966498374939
0.2708410322666168
0.27674010396003723
0.27771392464637756
0.2687094211578369
0.26714396476745605
0.2618139684200287
0.2686023414134979
0.2708290219306946
0.27449342608451843
0.26756784319877625
0.2667054831981659
0.26550930738449097
0.26265284419059753
0.2728639841079712
0.2577285170555115
0.27165380120277405
0.2684502899646759
0.2568052411079407
0.25569409132003784
0.26946932077407837
0.2470245212316513
0.2597936987876892
0.26571226119995117
0.2597506642341614
0.2572939991950989
0.2601596713066101
0.263913631439209
0.25933361053466797
0.24414490163326263
0.2577489912509918
0.2596358358860016
0.25777608156204224
0.24580346047878265
0.24303661286830902
0.2570922374725342
0.24684813618659973
0.25744715332984924
0.27337706089019775
0.25210288166999817
0.2528311312198639
0.261702299118042
0.24119159579277039
0.24670541286468506
0.2568105161190033
0.2530646026134491
0.2662624418735504
0.2527226507663727
0.2380242794752121
0.24131126701831818
0.23984122276306152
0.24621479213237762
0.25251662731170654
0.24334879219532013
0.24965904653072357
0.2480851411819458
0.2452044039964676
0.24728678166866302
0.2327684909105301
0.24687722325325012
0.2503589987754822
0.23915405571460724
0.2534753382205963
0.2473604679107666
0.2327757626771927
0.25284484028816223
0.24094286561012268
0.23866969347000122
0.24732036888599396
0.23758164048194885
0.24172499775886536
0.24462024867534637
0.24805204570293427
0.24680161476135254
0.23604804277420044
0.22705960273742676
0.23642554879188538
0.2329222708940506
0.23327215015888214
0.2382161170244217
0.23990999162197113
0.234755739569664
0.22623677551746368
0.22408244013786316
0.23491479456424713
0.23270884156227112
0.2361232489347458
0.22893373668193817
0.22516697645187378
0.23452281951904297
0.22069372236728668
0.23610930144786835
0.22998160123825073
0.2333914190530777
0.21861055493354797
0.21852344274520874
0.234348326921463
0.22686852514743805
0.23222555220127106
0.23230445384979248
0.238241046667099
0.22055435180664062
0.22401046752929688
0.22209861874580383
0.22106845676898956
0.2336415797472
0.23191289603710175
0.22007298469543457
0.2297482043504715
0.2265046089887619
0.22545573115348816
0.2190050631761551
0.22681398689746857
0.22170741856098175
0.2217014878988266
0.21860845386981964
0.2285633087158203
0.22168079018592834
0.23536355793476105
0.21875828504562378
0.22689633071422577
0.23003420233726501
0.22492916882038116
0.22293059527873993
0.21609483659267426
0.20995700359344482
0.23087617754936218
0.2262563556432724
0.2276160567998886
0.214349165558815
0.21576076745986938
0.22254222631454468
0.21893174946308136
0.21566681563854218
0.22001749277114868
0.215617373585701
0.22431908547878265
0.22582177817821503
0.22028806805610657
0.22155305743217468
0.2203671783208847
0.2091476023197174
0.2052869349718094
0.23110301792621613
0.2115805447101593
0.21729423105716705
0.22116050124168396
0.21337756514549255
0.2280149906873703
0.22466325759887695
0.2175319641828537
0.21405763924121857
0.21995173394680023
0.2179878205060959
0.21006685495376587
0.2090669572353363
0.2073080688714981
0.22060489654541016
0.21016088128089905
0.21263892948627472
0.20788675546646118
0.2074059098958969
0.22030948102474213
0.2149972766637802
0.20985934138298035
0.2157072275876999
0.21176497638225555
0.22308681905269623
0.2226056456565857
0.22750703990459442
0.21725831925868988
0.21780414879322052
0.2231559306383133
0.2102372944355011
0.20942379534244537
0.2147672474384308
0.22108693420886993
0.22161492705345154
0.2172364443540573
0.20494385063648224
0.21145685017108917
0.2067277878522873
0.21905918419361115
0.2220187485218048
0.21782229840755463
0.21535584330558777
0.2112869769334793
0.21838462352752686
0.21411147713661194
0.1986602544784546
0.20742414891719818
0.22678421437740326
0.20719267427921295
0.2129906713962555
0.21241043508052826
0.21350112557411194
0.2067985236644745
0.20955365896224976
0.19803988933563232
0.20241518318653107
0.21597446501255035
0.20795494318008423
0.2038639485836029
0.1918499618768692
0.1992749571800232
0.2218240648508072
0.20786476135253906
0.2131698727607727
0.20308753848075867
0.21399007737636566
0.20073413848876953
0.21746817231178284
0.1959708333015442
0.20992504060268402
0.20355233550071716
0.19815155863761902
0.2103046178817749
0.19795352220535278
0.2051348239183426
0.20133571326732635
0.20142105221748352
0.213857501745224
0.2074911892414093
0.20516860485076904
0.1990547925233841
0.20046201348304749
0.21362046897411346
0.20342358946800232
0.20456498861312866
0.1964952051639557
0.19861344993114471
0.20184560120105743
0.20165446400642395
0.2139832228422165
0.2077540010213852
0.20252270996570587
0.20878608524799347
0.2047429084777832
0.1906985491514206
0.19648432731628418
0.21263344585895538
0.20694024860858917
0.2149651199579239
0.21851268410682678
0.21179933845996857
0.19664260745048523
0.2144944667816162
0.20293717086315155
0.19480681419372559
0.2037828415632248
0.21264643967151642
0.21486935019493103
0.21100318431854248
0.20280100405216217
0.2055279016494751
0.20946045219898224
0.205302894115448
0.19859366118907928
0.20809057354927063
0.20963996648788452
0.2035476267337799
0.19883203506469727
0.20910674333572388
0.19164741039276123
0.2077752947807312
0.20035353302955627
0.21632172167301178
0.2094748169183731
0.21357102692127228
0.2055962234735489
0.21845108270645142
0.19815509021282196
0.2063794732093811
0.20470274984836578
0.20263296365737915
0.20952728390693665
0.21442142128944397
0.20676502585411072
0.21177606284618378
0.19340091943740845
0.203276127576828
0.19560033082962036
0.20525531470775604
0.19730393588542938
0.20676371455192566
0.2001422494649887
0.19817742705345154
0.19995254278182983
0.20714259147644043
0.1979825347661972
0.20687684416770935
0.20357979834079742
0.19003376364707947
0.20674487948417664
0.19445878267288208
0.19872796535491943
0.21067391335964203
0.20319589972496033
0.20787398517131805
0.19972358644008636
0.20039765536785126
0.19217617809772491
0.1955469250679016
0.208119735121727
0.21090075373649597
0.19726040959358215
0.20472732186317444
0.19297343492507935
0.19549648463726044
0.19949786365032196
0.20591521263122559
0.2068103551864624
0.19830498099327087
0.20132414996623993
0.1984412968158722
0.2052478790283203
0.19833946228027344
0.18789029121398926
0.19402338564395905
0.19258607923984528
0.20278020203113556
0.20703953504562378
0.1951082944869995
0.19768860936164856
0.197361558675766
0.20696264505386353
0.20910269021987915
0.2030666172504425
0.20745007693767548
0.2107854187488556
0.1890968531370163
0.19160133600234985
0.20240631699562073
0.19032150506973267
0.20361584424972534
0.19875627756118774
0.199958935379982
0.19053907692432404
0.19352196156978607
0.20137321949005127
0.1984645128250122
0.21084235608577728
0.19628863036632538
0.18877378106117249
0.202764630317688
0.19894134998321533
0.19179317355155945
0.19348947703838348
0.20280438661575317
0.20426486432552338
0.18728287518024445
0.2120993286371231
0.19000957906246185
0.1919376254081726
0.21817636489868164
0.20827797055244446
0.19483232498168945
0.20668862760066986
0.2108948677778244
0.19623608887195587
0.18343783915042877
0.19704832136631012
0.20939645171165466
0.19348423182964325
0.1958269625902176
0.21758748590946198
0.21141548454761505
0.1964467167854309
0.1924997866153717
0.18797925114631653
0.20938891172409058
0.20678411424160004
0.20505252480506897
0.19678139686584473
0.20060758292675018
0.20380228757858276
0.1905943900346756
0.19672830402851105
0.18821276724338531
0.1965012550354004
0.20320317149162292
0.20281554758548737
0.19466817378997803
0.2082442343235016
0.19253230094909668
0.19941259920597076
0.1927727311849594
0.196946382522583
0.19176515936851501
0.19605420529842377
0.18921416997909546
0.1876153200864792
0.19528828561306
0.20811912417411804
0.19228310883045197
0.19795426726341248
0.20626747608184814
0.19140179455280304
0.1973107010126114
0.1986904740333557
0.18620169162750244
0.19783525168895721
0.19966384768486023
0.19233101606369019
0.19431114196777344
0.2035769373178482
0.1995108425617218
0.1820114254951477
0.20024658739566803
0.18798159062862396
0.18402214348316193
0.20151907205581665
0.19800333678722382
0.19153571128845215
0.1990659236907959
0.21666647493839264
0.2126460075378418
0.19353686273097992
0.20406043529510498
0.20143277943134308
0.19636321067810059
0.19837139546871185
0.18460053205490112
0.1959075778722763
0.19660161435604095
0.19387929141521454
0.1894063949584961
0.20312151312828064
0.1931365728378296
0.183226078748703
0.19418016076087952
0.17888474464416504
0.1862013339996338
0.1914833039045334
0.1846187710762024
0.1948568969964981
0.1931542605161667
0.18705667555332184
0.20133164525032043
0.1888757348060608
0.18703490495681763
0.1945108324289322
0.18674281239509583
0.18724799156188965
0.20086443424224854
0.19868357479572296
0.19040004909038544
0.18608863651752472
0.20327340066432953
0.1974714994430542
0.20178154110908508
