0.5456900000572205
0.4436631202697754
0.42275896668434143
0.41107794642448425
0.41576361656188965
0.399747371673584
0.40747782588005066
0.3913413882255554
0.38503772020339966
0.3897542953491211
0.39171746373176575
0.3870571553707123
0.3880546987056732
0.38117149472236633
0.3769746422767639
0.38563087582588196
0.37847664952278137
0.3816710114479065
0.3724888265132904
0.37623244524002075
0.37750399112701416
0.36757487058639526
0.37286773324012756
0.37235569953918457
0.3658873438835144
0.365290105342865
0.36877596378326416
0.36069491505622864
0.36155274510383606
0.3665353059768677
0.362904816865921
0.3591166138648987
0.35762810707092285
0.35406142473220825
0.36590805649757385
0.35587558150291443
0.3577733635902405
0.3495011031627655
0.3451343774795532
0.3440989553928375
0.35335686802864075
0.34317007660865784
0.3523232638835907
0.3444749116897583
0.3481200337409973
0.354902446269989
0.33637964725494385
0.3412702679634094
0.3388713598251343
0.33686769008636475
0.33055898547172546
0.33790722489356995
0.33813655376434326
0.32926851511001587
0.3265250027179718
0.3299553394317627
0.3290930688381195
0.333894282579422
0.32626160979270935
0.32743582129478455
0.3209538459777832
0.32072773575782776
0.3260408937931061
0.32139846682548523
0.3168911039829254
0.3203096389770508
0.322390079498291
0.302621454000473
0.31340447068214417
0.3115595579147339
0.3117837905883789
0.3139456808567047
0.30982571840286255
0.3089539408683777
0.32034820318222046
0.3055538237094879
0.3069758117198944
0.3081591725349426
0.30249714851379395
0.3091161549091339
0.3052239716053009
0.3034406900405884
0.2964109182357788
0.2835257053375244
0.3039082884788513
0.29718947410583496
0.30580252408981323
0.2942042350769043
0.2902812063694
0.29094189405441284
0.2967938482761383
0.2921414375305176
0.28612953424453735
0.29017603397369385
0.2960021197795868
0.28881406784057617
0.27895599603652954
0.29276740550994873
0.28699713945388794
0.2805529832839966
0.2868048846721649
0.28408798575401306
0.2958947718143463
0.2759701907634735
0.2866086959838867
0.277590274810791
0.2756529152393341
0.2755534052848816
0.28424784541130066
0.2661016881465912
0.27001094818115234
0.2748953402042389
0.2666780650615692
0.26954424381256104
0.274496465921402
0.25722935795783997
0.2708292603492737
0.268481969833374
0.26982662081718445
0.2593390643596649
0.27364206314086914
0.27098381519317627
0.2694045305252075
0.2589118480682373
0.2691277861595154
0.25508013367652893
0.2571311593055725
0.2452705055475235
0.250641793012619
0.252018004655838
0.2503388822078705
0.25219619274139404
0.24276436865329742
0.2358648180961609
0.2527786195278168
0.2512989938259125
0.24869829416275024
0.2443487048149109
0.23944470286369324
0.24567115306854248
0.24458801746368408
0.23837080597877502
0.24822574853897095
0.2479953020811081
0.23207350075244904
0.23795603215694427
0.2359003722667694
0.24390308558940887
0.23812726140022278
0.24313688278198242
0.23712535202503204
0.23649242520332336
0.22706644237041473
0.25241851806640625
0.23433664441108704
0.24091582000255585
0.23629814386367798
0.2394160032272339
0.22845180332660675
0.24459035694599152
0.2410188764333725
0.22297146916389465
0.231343612074852
0.23003052175045013
0.23712098598480225
0.23584970831871033
0.2255522757768631
0.22965236008167267
0.22529534995555878
0.23787599802017212
0.22463268041610718
0.2298838347196579
0.23758918046951294
0.21982161700725555
0.22956497967243195
0.23453262448310852
0.24180880188941956
0.2348978966474533
0.2367132604122162
0.223270446062088
0.23661993443965912
0.23202396929264069
0.22581374645233154
0.21163387596607208
0.2403424084186554
0.23580683767795563
0.22574973106384277
0.2405504584312439
0.22782035171985626
0.21893249452114105
0.22720839083194733
0.22001232206821442
0.21845875680446625
0.2201850414276123
0.22942997515201569
0.2172616571187973
0.22285091876983643
0.22937379777431488
0.22395730018615723
0.22276253998279572
0.22018826007843018
0.22131659090518951
0.2217773050069809
0.2097819447517395
0.21893222630023956
0.2263881266117096
0.21427561342716217
0.21227343380451202
0.21014438569545746
0.2158590406179428
0.2163146734237671
0.2130579948425293
0.21778331696987152
0.21574844419956207
0.21358928084373474
0.2148526906967163
0.208379864692688
0.218124121427536
0.21277306973934174
0.21828655898571014
0.2133600413799286
0.22872209548950195
0.21261869370937347
0.22663503885269165
0.2161630392074585
0.21095211803913116
0.2176245152950287
0.20260390639305115
0.20687644183635712
0.21718139946460724
0.21771448850631714
0.19996193051338196
0.202281191945076
0.21004579961299896
0.21151500940322876
0.20508085191249847
0.20678259432315826
0.21046635508537292
0.20580294728279114
0.201046422123909
0.20442958176136017
0.20590142905712128
0.20607894659042358
0.19900214672088623
0.21524827182292938
0.21305054426193237
0.20623743534088135
0.2124345451593399
0.19749650359153748
0.20696930587291718
0.19434915482997894
0.19666491448879242
0.19762854278087616
0.20914049446582794
0.20415417850017548
0.19914422929286957
0.2100604772567749
0.20596523582935333
0.20247623324394226
0.19344159960746765
0.20895648002624512
0.19897671043872833
0.20537792146205902
0.20272396504878998
0.1815938800573349
0.20730648934841156
0.20488665997982025
0.19642817974090576
0.1944727897644043
0.2066018134355545
0.1958748698234558
0.19749698042869568
0.19963973760604858
0.19743497669696808
0.1997208446264267
0.20092137157917023
0.2019616961479187
0.19897142052650452
0.20250512659549713
0.20117293298244476
0.19594377279281616
0.20648513734340668
0.1896805465221405
0.19810305535793304
0.19303590059280396
0.19770614802837372
0.20044605433940887
0.2006703019142151
0.2041039615869522
0.20371730625629425
0.194557785987854
0.20161308348178864
0.20643112063407898
0.2042180597782135
0.18839970231056213
0.19131746888160706
0.19454452395439148
0.19152966141700745
0.1948491781949997
0.19476844370365143
0.19742432236671448
0.2029067873954773
0.1973409205675125
0.19707433879375458
0.21415480971336365
0.1924702525138855
0.19314073026180267
0.17828784883022308
0.18702654540538788
0.1926477998495102
0.1956147700548172
0.19349533319473267
0.19381876289844513
0.19579429924488068
0.18843697011470795
0.18547660112380981
0.18825441598892212
0.18305614590644836
0.19012103974819183
0.19402280449867249
0.19220860302448273
0.19508060812950134
0.18542562425136566
0.18148989975452423
0.20158956944942474
0.18836668133735657
0.19231683015823364
0.18763688206672668
0.18921343982219696
0.18870575726032257
0.17692919075489044
0.18768133223056793
0.18463270366191864
0.18636253476142883
0.19550228118896484
0.18359246850013733
0.19112436473369598
0.1795298457145691
0.18887650966644287
0.18943408131599426
0.19279208779335022
0.19355034828186035
0.193266823887825
0.1991211622953415
0.17868691682815552
0.1857849359512329
0.18392331898212433
0.18751676380634308
0.1883397102355957
0.18561306595802307
0.1915677785873413
0.18887275457382202
0.1822061836719513
0.19252914190292358
0.17760871350765228
0.17445550858974457
0.18910466134548187
0.19237731397151947
0.18720825016498566
0.1893441528081894
0.18182776868343353
0.18180406093597412
0.19307897984981537
0.18295249342918396
0.19270816445350647
0.18800833821296692
0.18021224439144135
0.17808029055595398
0.17727361619472504
0.18580055236816406
0.18049614131450653
0.18108327686786652
0.18396241962909698
0.18189756572246552
0.19356593489646912
0.2006162405014038
0.17485512793064117
0.19033142924308777
0.17750371992588043
0.18358995020389557
0.1795477271080017
0.1798521876335144
0.18254294991493225
0.17449839413166046
0.17967815697193146
0.18545784056186676
0.18547487258911133
0.19104349613189697
0.1797986626625061
0.17697227001190186
0.17598095536231995
0.1925564706325531
0.17511264979839325
0.1733715534210205
0.18998193740844727
0.18462005257606506
0.1747153103351593
0.18250305950641632
0.19115597009658813
0.17545612156391144
0.18913698196411133
0.18171793222427368
0.1797359734773636
0.18243400752544403
0.19050811231136322
0.18334171175956726
0.17904195189476013
0.1850748360157013
0.18111974000930786
0.1872609406709671
0.177100270986557
0.19182659685611725
0.17954875528812408
0.20118796825408936
0.18562759459018707
0.1899174153804779
0.19128766655921936
0.190482497215271
0.19860732555389404
0.18173080682754517
0.1774829626083374
0.18453046679496765
0.18047459423542023
0.18710491061210632
0.17896190285682678
0.1742090880870819
0.1801910102367401
0.17205536365509033
0.1756294220685959
0.18223218619823456
0.1811409592628479
0.1896575540304184
0.17614507675170898
0.18054862320423126
0.1816202700138092
0.18599291145801544
0.17591652274131775
0.18200629949569702
0.18367168307304382
0.1806745082139969
0.16972088813781738
0.18299973011016846
0.1795475333929062
0.18460363149642944
0.17820365726947784
0.18452997505664825
0.17629675567150116
0.18061110377311707
0.18051426112651825
0.18227562308311462
0.1862429827451706
0.1758744865655899
0.17473077774047852
0.17641505599021912
0.1881619542837143
0.18595397472381592
0.18494097888469696
0.19776757061481476
0.18324382603168488
0.18352249264717102
0.18154731392860413
0.1832241266965866
0.180069237947464
0.1779855638742447
0.17238664627075195
0.18245020508766174
0.18521474301815033
0.16847801208496094
0.17009763419628143
0.16962699592113495
0.17070439457893372
0.17935040593147278
0.17627136409282684
0.17649270594120026
0.18150046467781067
0.16973085701465607
0.1717757284641266
0.16495381295681
0.17657999694347382
0.18766236305236816
0.1706809401512146
0.17670637369155884
0.17701639235019684
0.18574100732803345
0.16635270416736603
0.17458947002887726
0.18766166269779205
0.18661409616470337
0.17923201620578766
0.17505481839179993
0.17994548380374908
0.18578729033470154
0.18151915073394775
0.17850106954574585
0.1872650384902954
0.1673552393913269
0.17485924065113068
0.17775540053844452
0.18014906346797943
0.1687629669904709
0.1794012188911438
0.1843877136707306
0.1774948239326477
0.16492070257663727
0.1771654635667801
0.18866091966629028
0.19110697507858276
0.18049119412899017
0.18041519820690155
0.17106206715106964
0.17779682576656342
0.1785912960767746
0.18982672691345215
0.1695955991744995
0.17333965003490448
0.17365673184394836
0.17172637581825256
0.1793290227651596
0.1673133373260498
0.17955663800239563
0.1670120805501938
0.17496846616268158
0.167758509516716
0.19449962675571442
0.17848558723926544
0.1753935068845749
0.1819615513086319
0.1781047284603119
0.16825823485851288
0.1757962703704834
0.17315548658370972
0.17836914956569672
0.174781933426857
0.16862984001636505
0.18083623051643372
0.17397135496139526
0.17435260117053986
0.17170283198356628
0.17047464847564697
0.17558535933494568
0.18477793037891388
0.1729479283094406
0.18692919611930847
0.18521881103515625
0.16524472832679749
0.18233616650104523
0.17447640001773834
0.1805686056613922
0.17417718470096588
0.17288604378700256
0.1856604367494583
0.1778460592031479
0.17285296320915222
0.17133113741874695
0.1703403890132904
0.17871569097042084
0.17713060975074768
0.18141187727451324
0.16364853084087372
0.17078962922096252
0.18671779334545135
0.17648018896579742
0.1754937320947647
0.17516380548477173
0.17623701691627502
0.17641913890838623
0.19074909389019012
0.171783447265625
0.17270690202713013
0.16644686460494995
0.17977765202522278
0.18476760387420654
0.16840122640132904
0.187808558344841
0.16506487131118774
0.18394653499126434
0.17526385188102722
0.18625135719776154
0.17349638044834137
0.19117262959480286
0.1786491423845291
0.17959725856781006
0.17332468926906586
0.15527881681919098
0.16601702570915222
0.17276251316070557
0.17546318471431732
0.18186073005199432
0.17764858901500702
0.1723046898841858
0.16233167052268982
0.16087481379508972
0.1825227588415146
0.17288348078727722
0.18832850456237793
0.173211008310318
0.16915516555309296
0.1746128499507904
0.17024388909339905
0.16433022916316986
0.18904682993888855
0.18079422414302826
0.17257778346538544
