0.6807562112808228
0.5001528859138489
0.4532248079776764
0.4321850538253784
0.41760560870170593
0.4241442084312439
0.4111981987953186
0.4069279730319977
0.40286359190940857
0.40017393231391907
0.39291685819625854
0.3941901624202728
0.39530256390571594
0.39262887835502625
0.39436450600624084
0.39553001523017883
0.3850250542163849
0.38822031021118164
0.38938942551612854
0.37734562158584595
0.3923201858997345
0.38349440693855286
0.3847590982913971
0.38426050543785095
0.38487038016319275
0.3708052337169647
0.37581536173820496
0.3783339560031891
0.3820233643054962
0.38149526715278625
0.3808498978614807
0.38110536336898804
0.3795686960220337
0.37481579184532166
0.37575870752334595
0.37299785017967224
0.3762989342212677
0.37381047010421753
0.3746759593486786
0.3752167820930481
0.37356096506118774
0.36847516894340515
0.3672201633453369
0.368538498878479
0.37146151065826416
0.3683571517467499
0.3721725344657898
0.3636457920074463
0.36183083057403564
0.372037798166275
0.3687831461429596
0.36329108476638794
0.3683830797672272
0.3613758385181427
0.35690855979919434
0.3608226180076599
0.36639687418937683
0.36456674337387085
0.3581775426864624
0.36572781205177307
0.36277347803115845
0.35866430401802063
0.35619136691093445
0.3544297516345978
0.36709773540496826
0.35812222957611084
0.35546875
0.359656423330307
0.36160367727279663
0.3630339801311493
0.35657262802124023
0.3546018600463867
0.34686145186424255
0.3584612309932709
0.3608391582965851
0.34864020347595215
0.3586997389793396
0.34644362330436707
0.3416922092437744
0.34516793489456177
0.35160455107688904
0.3486030101776123
0.34278663992881775
0.35006994009017944
0.3518470227718353
0.3366090953350067
0.3474104702472687
0.3461773693561554
0.3514586389064789
0.34253349900245667
0.34230512380599976
0.34173518419265747
0.3451234996318817
0.3457350730895996
0.3411673605442047
0.3348211646080017
0.34520286321640015
0.3430442214012146
0.34077706933021545
0.3378065526485443
0.33756232261657715
0.33167415857315063
0.3346332609653473
0.33267953991889954
0.3394709527492523
0.33932414650917053
0.34397366642951965
0.3329011797904968
0.3328632116317749
0.33383482694625854
0.3324398398399353
0.33867785334587097
0.3303925693035126
0.33280643820762634
0.3352145850658417
0.3316217362880707
0.3248899579048157
0.3282957375049591
0.32720664143562317
0.3320291042327881
0.32142308354377747
0.3262368440628052
0.32864683866500854
0.3222405016422272
0.32711878418922424
0.33320391178131104
0.3288413882255554
0.3296586871147156
0.3285936713218689
0.327490895986557
0.3304106891155243
0.32246124744415283
0.32176944613456726
0.3294023871421814
0.322835236787796
0.3203016519546509
0.3281019926071167
0.32401716709136963
0.31803691387176514
0.32733747363090515
0.31555598974227905
0.3194926083087921
0.3261713981628418
0.32072752714157104
0.3238566815853119
0.32864782214164734
0.3113255798816681
0.31604331731796265
0.3198305070400238
0.3140733540058136
0.3257715404033661
0.31871291995048523
0.3196242153644562
0.3149687945842743
0.3150441348552704
0.31356072425842285
0.3106192946434021
0.3013899326324463
0.3121279776096344
0.3124229311943054
0.31383374333381653
0.31280946731567383
0.30981096625328064
0.31379976868629456
0.31106212735176086
0.315792977809906
0.30970433354377747
0.3074266314506531
0.3101555407047272
0.3051306903362274
0.31860512495040894
0.31537115573883057
0.31352749466896057
0.30363404750823975
0.3098965287208557
0.30593207478523254
0.31162723898887634
0.30801263451576233
0.30272194743156433
0.3047066330909729
0.30271682143211365
0.3129267990589142
0.30936965346336365
0.30843934416770935
0.31145766377449036
0.30660557746887207
0.30832457542419434
0.30590182542800903
0.31497886776924133
0.3032589554786682
0.30890953540802
0.30530208349227905
0.3141995072364807
0.3066635727882385
0.30152347683906555
0.3058312237262726
0.30300983786582947
0.29677388072013855
0.3024134933948517
0.31020718812942505
0.31012651324272156
0.30862778425216675
0.30842912197113037
0.30602312088012695
0.30265143513679504
0.2982671558856964
0.30103108286857605
0.3087867498397827
0.310291051864624
0.2971542477607727
0.3042784333229065
0.30095431208610535
0.3023456633090973
0.2932433485984802
0.29754728078842163
0.29747727513313293
0.30242112278938293
0.29878008365631104
0.28880807757377625
0.29564863443374634
0.309669554233551
0.3056698739528656
0.29869145154953003
0.2987717092037201
0.29943716526031494
0.3000549077987671
0.2970173954963684
0.303212434053421
0.298399955034256
0.2989378571510315
0.29528236389160156
0.29404082894325256
0.2990621030330658
0.2988532483577728
0.28763285279273987
0.30425965785980225
0.29181721806526184
0.29838618636131287
0.2952810823917389
0.28742292523384094
0.2936880886554718
0.2955774664878845
0.29307451844215393
0.2890394628047943
0.29502904415130615
0.2914879322052002
0.30104005336761475
0.2889697253704071
0.29448196291923523
0.2941814064979553
0.2866760194301605
0.2958219349384308
0.2964191138744354
0.29736968874931335
0.2898654043674469
0.28683993220329285
0.2851058542728424
0.29149460792541504
0.28388410806655884
0.2897062301635742
0.29561948776245117
0.2972852885723114
0.2946110963821411
0.29266154766082764
0.2815234661102295
0.283588707447052
0.28097209334373474
0.29085540771484375
0.2950480580329895
0.285250723361969
0.3004394471645355
0.28910380601882935
0.2852446734905243
0.28987377882003784
0.2834782600402832
0.29002782702445984
0.2880841791629791
0.28797486424446106
0.28637221455574036
0.2895134389400482
0.28253352642059326
0.2908618152141571
0.2893602252006531
0.29580050706863403
0.2881110906600952
0.28348180651664734
0.28885889053344727
0.2897861897945404
0.28983432054519653
0.2951337397098541
0.28727978467941284
0.29056739807128906
0.2827669084072113
0.2850925326347351
0.2850635051727295
0.28899452090263367
0.2825436294078827
0.28395554423332214
0.2854782044887543
0.2973265051841736
0.29329556226730347
0.2849159240722656
0.28950145840644836
0.2873380482196808
0.2773515582084656
0.2882550358772278
0.2921943962574005
0.2834847569465637
0.2814086079597473
0.28398120403289795
0.27672114968299866
0.2848478853702545
0.2895818054676056
0.28447920083999634
0.2845400273799896
0.2841593325138092
0.2830796241760254
0.2847326099872589
0.2886570394039154
0.28101295232772827
0.28736716508865356
0.2803521454334259
0.28754135966300964
0.2817206382751465
0.2829231321811676
0.27941083908081055
0.2953512668609619
0.27887994050979614
0.2834371328353882
0.27996984124183655
0.2876633107662201
0.28320929408073425
0.2813730239868164
0.28348594903945923
0.28619906306266785
0.28096380829811096
0.2764248251914978
0.2787170708179474
0.2910432517528534
0.2885778546333313
0.2851705551147461
0.286818265914917
0.2817608714103699
0.28758805990219116
0.2817052900791168
0.291008323431015
0.27521756291389465
0.28271472454071045
0.2827405333518982
0.2888418734073639
0.26591232419013977
0.280658483505249
0.27394697070121765
0.27594494819641113
0.2887430787086487
0.28196072578430176
0.2742220163345337
0.2849346995353699
0.285614013671875
0.28438425064086914
0.2901204228401184
0.26999691128730774
0.2842308580875397
0.2832769751548767
0.28099602460861206
0.2779559791088104
0.2844061851501465
0.28100040555000305
0.28513142466545105
0.2770707607269287
0.28932949900627136
0.28532272577285767
0.28425413370132446
0.2826436758041382
0.28617292642593384
0.28648823499679565
0.28585171699523926
0.2803105413913727
0.28165292739868164
0.28047651052474976
0.2815365791320801
0.2791580259799957
0.28308776021003723
0.27036410570144653
0.2871663272380829
0.2829120457172394
0.28430813550949097
0.27914196252822876
0.279060423374176
0.2799416482448578
0.2736065685749054
0.281133770942688
0.29259324073791504
0.2810882031917572
0.2877149283885956
0.2874491214752197
0.2739598751068115
0.2663576900959015
0.2769351899623871
0.28266769647598267
0.28265440464019775
0.27475079894065857
0.286607950925827
0.27422094345092773
0.2818627655506134
0.27768051624298096
0.284079909324646
0.27342328429222107
0.2801814675331116
0.27698540687561035
0.2825336158275604
0.2817629277706146
0.2811415493488312
0.2754462957382202
0.2795621156692505
0.28368884325027466
0.2791968882083893
0.28535374999046326
0.2786716818809509
0.2831733524799347
0.28692862391471863
0.2754243016242981
0.2870650589466095
0.28307825326919556
0.2817550301551819
0.27286478877067566
0.2734220325946808
0.2804259657859802
0.2749566435813904
0.2900996506214142
0.2893870174884796
0.2859016954898834
0.27835050225257874
0.2797815203666687
0.27848726511001587
0.27508777379989624
0.28177541494369507
0.2767919898033142
0.28742653131484985
0.27728864550590515
0.2736491858959198
0.27526724338531494
0.27144622802734375
0.28040000796318054
0.2848469316959381
0.27174076437950134
0.2682737410068512
0.2832982838153839
0.28057408332824707
0.2808474600315094
0.2833573818206787
0.2807629108428955
0.29037976264953613
0.27650362253189087
0.2763633131980896
0.28793254494667053
0.2824976146221161
0.275063157081604
0.2861931324005127
0.28610002994537354
0.28356438875198364
0.2898685932159424
0.2768760323524475
0.27942511439323425
0.27954789996147156
0.2667602300643921
0.2734314501285553
0.2729557156562805
0.2773084044456482
0.2775079905986786
0.2873988151550293
0.2840062081813812
0.2762812376022339
0.2761596441268921
0.26978200674057007
0.281404584646225
0.2736501097679138
0.28591305017471313
0.2895946800708771
0.27314478158950806
0.268331915140152
0.27422696352005005
0.28004470467567444
0.27978479862213135
0.2765699625015259
0.27530306577682495
0.27675577998161316
0.2924988865852356
0.27783462405204773
0.2818244695663452
0.27619484066963196
0.27940255403518677
0.27976664900779724
0.288989394903183
0.28251832723617554
0.2776022255420685
0.2761521637439728
0.27158403396606445
0.2639656364917755
0.27984270453453064
0.278902530670166
0.27452993392944336
0.2805313766002655
0.27781641483306885
0.2718214690685272
0.2760584354400635
0.2773483097553253
0.28943541646003723
0.2826637625694275
0.29119163751602173
0.2734639644622803
0.2805726230144501
0.27942410111427307
0.27652958035469055
0.27572113275527954
0.2718100845813751
0.2865879535675049
0.2873919606208801
0.27399715781211853
0.28115347027778625
0.2673451006412506
0.26557573676109314
0.2811879515647888
0.2813543975353241
0.2896691560745239
0.28215011954307556
0.2749518156051636
0.27835795283317566
0.2764601409435272
0.2798048257827759
0.28117355704307556
0.2807484567165375
0.2786445617675781
0.28273844718933105
0.27215880155563354
0.27270951867103577
0.2842175364494324
0.27322670817375183
0.27549314498901367
0.2754567861557007
0.28137290477752686
0.27425286173820496
0.27131161093711853
0.2722996473312378
0.2755459249019623
0.27067235112190247
0.27529001235961914
0.28376495838165283
0.2810600697994232
0.27242282032966614
0.2746301293373108
0.2845333218574524
0.26970377564430237
0.2762102782726288
0.27446746826171875
0.27565717697143555
0.2728540301322937
0.27790334820747375
0.28554320335388184
0.2724924385547638
0.27563539147377014
0.26735812425613403
0.27285727858543396
0.2758466899394989
0.27514106035232544
0.2755167484283447
0.2721048891544342
0.27237677574157715
0.2786961793899536
0.2816918194293976
0.2785521149635315
0.2743571996688843
0.26605892181396484
0.28254592418670654
0.28185951709747314
0.27345865964889526
0.2830108106136322
0.2675294578075409
0.27870190143585205
0.28066369891166687
0.28420066833496094
0.27760589122772217
0.2846757173538208
0.28160983324050903
0.27140000462532043
0.2756064534187317
0.2823476493358612
0.26897647976875305
0.27229371666908264
0.27689674496650696
0.279034286737442
0.27196669578552246
0.2779601514339447
0.2768557667732239
0.28190839290618896
0.27352234721183777
0.2735038697719574
0.2708244323730469
0.2831413745880127
0.2848825752735138
0.2769794762134552
0.27391088008880615
0.27105334401130676
0.27531516551971436
0.2744485139846802
0.2616508901119232
