0.7749204039573669
0.5220264792442322
0.45110926032066345
0.4338291883468628
0.4295479655265808
0.41826993227005005
0.40926307439804077
0.4019099175930023
0.4165234863758087
0.4000930190086365
0.4085037112236023
0.40437790751457214
0.38788577914237976
0.3959924280643463
0.3914192020893097
0.3892684876918793
0.3844381272792816
0.3842376470565796
0.38451898097991943
0.3828003704547882
0.3826385736465454
0.3862234950065613
0.3822300136089325
0.3846549093723297
0.380563348531723
0.3811466097831726
0.3778499960899353
0.3850659132003784
0.3800763487815857
0.37532559037208557
0.3805234730243683
0.37769559025764465
0.3698683977127075
0.3748380243778229
0.37067103385925293
0.37759777903556824
0.37077397108078003
0.3722776174545288
0.3710225224494934
0.37088391184806824
0.3682996332645416
0.3633158802986145
0.37058696150779724
0.36491143703460693
0.3656586706638336
0.3656323254108429
0.36054474115371704
0.36627712845802307
0.3573535680770874
0.3588338792324066
0.3617553114891052
0.3634537160396576
0.3582909107208252
0.3560643494129181
0.35669657588005066
0.35780367255210876
0.3573501706123352
0.36091673374176025
0.3543611466884613
0.35566598176956177
0.35193878412246704
0.3548119068145752
0.3467191457748413
0.34952014684677124
0.35368800163269043
0.3525918126106262
0.34598156809806824
0.3518812954425812
0.34551700949668884
0.34332406520843506
0.3447212278842926
0.34150975942611694
0.3457178771495819
0.34730711579322815
0.34079986810684204
0.3348204493522644
0.3409009575843811
0.3383236527442932
0.3389952480792999
0.34113791584968567
0.3409323990345001
0.34354206919670105
0.3392973840236664
0.3374439775943756
0.33847105503082275
0.3372330665588379
0.334537148475647
0.341642826795578
0.335193008184433
0.33395451307296753
0.32828620076179504
0.3282722234725952
0.3306244909763336
0.3245905339717865
0.3253806531429291
0.329825222492218
0.32059237360954285
0.3258327543735504
0.3270167410373688
0.3300458490848541
0.3252149820327759
0.3291536271572113
0.3176596164703369
0.3226965665817261
0.32603269815444946
0.3222414553165436
0.3272421061992645
0.31720882654190063
0.3199976980686188
0.31171077489852905
0.3150564134120941
0.3130623698234558
0.31204232573509216
0.31421709060668945
0.3183828890323639
0.3205268979072571
0.3082232177257538
0.3160066306591034
0.3127065896987915
0.30674031376838684
0.31464245915412903
0.3094671368598938
0.3057701587677002
0.3080424964427948
0.30859440565109253
0.3107186555862427
0.3003734052181244
0.3074014484882355
0.3023315370082855
0.30542007088661194
0.3126026391983032
0.30515772104263306
0.2979046106338501
0.29799169301986694
0.30524149537086487
0.29490235447883606
0.2928991913795471
0.2954995632171631
0.2960488498210907
0.300870418548584
0.28985682129859924
0.28429216146469116
0.28373581171035767
0.28379765152931213
0.28277549147605896
0.29201778769493103
0.28879979252815247
0.28141918778419495
0.2832338511943817
0.28000473976135254
0.27726972103118896
0.2777538597583771
0.2816668450832367
0.2789941430091858
0.2873257100582123
0.28647246956825256
0.27227523922920227
0.2800571322441101
0.27682608366012573
0.27599087357521057
0.276669979095459
0.28128740191459656
0.2714572548866272
0.27173298597335815
0.27815210819244385
0.276592880487442
0.2735360264778137
0.2806505858898163
0.2758459746837616
0.27972960472106934
0.2728068232536316
0.26814335584640503
0.2668246626853943
0.268463671207428
0.27070122957229614
0.26866230368614197
0.2712706923484802
0.26660585403442383
0.2693573236465454
0.26582610607147217
0.27171045541763306
0.2647576928138733
0.2673823833465576
0.2671397626399994
0.26577576994895935
0.2713916003704071
0.26260891556739807
0.2685653865337372
0.2596021592617035
0.27864766120910645
0.26141539216041565
0.2654396593570709
0.2778284549713135
0.2644840478897095
0.2634091079235077
0.2776624858379364
0.2650444805622101
0.2692570686340332
0.2669769525527954
0.25833016633987427
0.25841328501701355
0.2720140516757965
0.2665470242500305
0.2551959753036499
0.2435503453016281
0.25049468874931335
0.2578311860561371
0.26166120171546936
0.2684197425842285
0.256723016500473
0.2600783109664917
0.25882524251937866
0.2516276240348816
0.2545437216758728
0.25688621401786804
0.2640531659126282
0.2661967873573303
0.2496844232082367
0.256534218788147
0.2570645809173584
0.25799018144607544
0.2534618079662323
0.2574321925640106
0.25810080766677856
0.2526506781578064
0.26090681552886963
0.25842422246932983
0.2573883831501007
0.2575424015522003
0.25249215960502625
0.25219598412513733
0.25115522742271423
0.2507915496826172
0.25757908821105957
0.2521992027759552
0.25490593910217285
0.24609774351119995
0.25407177209854126
0.25627508759498596
0.25217947363853455
0.25034067034721375
0.2532932162284851
0.24284164607524872
0.24867206811904907
0.2503882348537445
0.24868208169937134
0.2588213384151459
0.24304473400115967
0.24729689955711365
0.24550946056842804
0.2578374445438385
0.23854070901870728
0.2424405813217163
0.2446317970752716
0.2435859739780426
0.2445024847984314
0.24937042593955994
0.25780466198921204
0.2444721758365631
0.2402612268924713
0.22851070761680603
0.2408592402935028
0.23933199048042297
0.2440517395734787
0.2483462244272232
0.24616169929504395
0.24454450607299805
0.2459164261817932
0.24892297387123108
0.24429358541965485
0.2350967824459076
0.248984694480896
0.24368734657764435
0.2479603886604309
0.25226888060569763
0.2396097034215927
0.24394385516643524
0.24227260053157806
0.241212397813797
0.23820799589157104
0.24112913012504578
0.23318009078502655
0.24022454023361206
0.249282106757164
0.2326345592737198
0.24134236574172974
0.24493348598480225
0.24074573814868927
0.2519987225532532
0.2311304211616516
0.2280738204717636
0.2353580892086029
0.2326837033033371
0.24063216149806976
0.24219205975532532
0.23130251467227936
0.23281355202198029
0.24090874195098877
0.24035784602165222
0.24276050925254822
0.23633986711502075
0.23675388097763062
0.23643538355827332
0.23738956451416016
0.23164674639701843
0.2309553176164627
0.23508934676647186
0.24708575010299683
0.24294781684875488
0.2337619811296463
0.24062339961528778
0.24381676316261292
0.24319897592067719
0.2332577407360077
0.22704803943634033
0.23759526014328003
0.2360057234764099
0.23705562949180603
0.2300223410129547
0.22880108654499054
0.23349909484386444
0.23099766671657562
0.23269306123256683
0.230590358376503
0.23707543313503265
0.22607453167438507
0.24767400324344635
0.23645631968975067
0.2274589091539383
0.2410883903503418
0.22553759813308716
0.22892169654369354
0.23364846408367157
0.23798248171806335
0.22017048299312592
0.23380355536937714
0.22680898010730743
0.22821134328842163
0.23853462934494019
0.22836603224277496
0.2309328317642212
0.22070151567459106
0.23071865737438202
0.23553428053855896
0.23659689724445343
0.22737404704093933
0.23074255883693695
0.24007964134216309
0.22486181557178497
0.22725895047187805
0.22701407968997955
0.23180265724658966
0.23004606366157532
0.22487804293632507
0.22729066014289856
0.2296440452337265
0.2334587574005127
0.22080934047698975
0.23413050174713135
0.2344534546136856
0.22441647946834564
0.23246140778064728
0.2358359396457672
0.21955955028533936
0.2369505912065506
0.2332000434398651
0.22769394516944885
0.2359335869550705
0.23247240483760834
0.22623904049396515
0.24008619785308838
0.2212716042995453
0.2282518893480301
0.22634287178516388
0.2207336127758026
0.22396284341812134
0.23289036750793457
0.22260597348213196
0.22769644856452942
0.22587306797504425
0.2280530482530594
0.22001756727695465
0.22557899355888367
0.2335820496082306
0.23398922383785248
0.22973494231700897
0.22652341425418854
0.23320898413658142
0.22576507925987244
0.2317524403333664
0.22798775136470795
0.2318851500749588
0.2299896776676178
0.232943594455719
0.22748157382011414
0.22448934614658356
0.22598792612552643
0.23577938973903656
0.22025173902511597
0.22229386866092682
0.2307271659374237
0.23071052134037018
0.21643976867198944
0.21958313882350922
0.21855264902114868
0.2352978140115738
0.2248394936323166
0.22846366465091705
0.2179068624973297
0.22382095456123352
0.22063474357128143
0.22443996369838715
0.22103877365589142
0.23153717815876007
0.22292661666870117
0.22590474784374237
0.2181413471698761
0.22414782643318176
0.22809065878391266
0.23384729027748108
0.218179851770401
0.22774015367031097
0.2242460399866104
0.22744832932949066
0.23095302283763885
0.23752900958061218
0.2305072396993637
0.22544462978839874
0.22203461825847626
0.22024491429328918
0.21751768887043
0.22357268631458282
0.2246830314397812
0.21959899365901947
0.22505497932434082
0.2251233458518982
0.22506047785282135
0.2189205437898636
0.2274806946516037
0.22391030192375183
0.22791679203510284
0.21950626373291016
0.2342587113380432
0.22527936100959778
0.2212136685848236
0.22007811069488525
0.22760887444019318
0.22561238706111908
0.22294850647449493
0.2183358520269394
0.2214229702949524
0.21863263845443726
0.21530377864837646
0.22604058682918549
0.22108474373817444
0.2216596156358719
0.22210289537906647
0.22163169085979462
0.22846895456314087
0.22216671705245972
0.21556566655635834
0.2234511375427246
0.21219278872013092
0.22162315249443054
0.2319592982530594
0.22099919617176056
0.22280076146125793
0.21800734102725983
0.22720429301261902
0.22165192663669586
0.22315743565559387
0.22021380066871643
0.23689639568328857
0.21755601465702057
0.23485003411769867
0.22279590368270874
0.22254513204097748
0.21630649268627167
0.22129981219768524
0.22367411851882935
0.22707045078277588
0.2163705974817276
0.23400840163230896
0.22781305015087128
0.21858228743076324
0.21833647787570953
0.21587705612182617
0.22469688951969147
0.2233370840549469
0.2324894368648529
0.22002243995666504
0.213651642203331
0.2297523468732834
0.22145503759384155
0.2243817299604416
0.21917009353637695
0.22572650015354156
0.21773649752140045
0.21904416382312775
0.2234480232000351
0.2253546565771103
0.21492676436901093
0.2271123081445694
0.21592819690704346
0.21005499362945557
0.22718045115470886
0.21560417115688324
0.21272651851177216
0.21431386470794678
0.21568827331066132
0.23229438066482544
0.21812859177589417
0.20853391289710999
0.22958974540233612
0.22825759649276733
0.2123287469148636
0.2169874906539917
0.213796928524971
0.21838420629501343
0.22479325532913208
0.23700781166553497
0.21655899286270142
0.2229299396276474
0.22226713597774506
0.2188834846019745
0.22112032771110535
0.23289556801319122
0.2226850688457489
0.22174200415611267
0.20394398272037506
0.21610519289970398
0.21701161563396454
0.21570086479187012
0.21049602329730988
0.21872247755527496
0.22744715213775635
0.21169307827949524
0.22902455925941467
0.23162902891635895
0.2235073298215866
0.2236303687095642
0.21730521321296692
0.2202427238225937
0.21491874754428864
0.22335661947727203
0.21767091751098633
0.21834078431129456
0.23314130306243896
0.217158704996109
0.21780945360660553
0.21496009826660156
0.21193121373653412
0.21701081097126007
0.21510104835033417
0.2239217758178711
0.2216150462627411
0.21894152462482452
0.22228357195854187
0.2205066978931427
0.2185593694448471
0.22487060725688934
0.2199653685092926
0.2092285007238388
0.2195943295955658
0.2116311490535736
0.22385433316230774
0.21954579651355743
0.22004422545433044
0.21822795271873474
0.20859099924564362
0.21638910472393036
0.21428020298480988
0.21443548798561096
0.2179500013589859
0.22311322391033173
0.20687690377235413
0.21811147034168243
0.22470304369926453
0.21964895725250244
0.2144833654165268
0.2029188871383667
0.21606697142124176
0.21560318768024445
0.2196093201637268
0.22003521025180817
0.21611692011356354
0.223896786570549
0.21578048169612885
0.22268813848495483
0.2342880517244339
0.22048445045948029
0.22165174782276154
0.21395784616470337
0.22371676564216614
0.2170213907957077
0.22028248012065887
0.2237491011619568
0.22439071536064148
0.22848455607891083
0.22412800788879395
0.22099000215530396
0.2229197770357132
0.21975012123584747
0.21296186745166779
0.22470355033874512
0.2177676111459732
0.2155335247516632
