0.5553890466690063
0.45575857162475586
0.42453569173812866
0.4077480733394623
0.41463369131088257
0.40641313791275024
0.39894312620162964
0.40263471007347107
0.39453715085983276
0.39071664214134216
0.3861629366874695
0.3895520269870758
0.384183794260025
0.38662806153297424
0.3826790452003479
0.380416601896286
0.3788927495479584
0.3718419075012207
0.3785196840763092
0.36821117997169495
0.37657177448272705
0.3732150197029114
0.3787960708141327
0.37893739342689514
0.3659166097640991
0.37148964405059814
0.3709108531475067
0.3673410713672638
0.36914438009262085
0.3651202917098999
0.3597341477870941
0.3662470877170563
0.3612281084060669
0.3606894016265869
0.3619324862957001
0.3587474226951599
0.3564251959323883
0.3578294515609741
0.35760363936424255
0.35971885919570923
0.35103052854537964
0.34330499172210693
0.3456215262413025
0.3507690131664276
0.3521912693977356
0.3481304943561554
0.3476293087005615
0.3472703695297241
0.34849148988723755
0.3391670882701874
0.33625364303588867
0.3435353636741638
0.3453550934791565
0.3334158957004547
0.33631575107574463
0.3298334777355194
0.33633357286453247
0.3310903012752533
0.33194440603256226
0.3243824541568756
0.3238479197025299
0.3371494710445404
0.326736718416214
0.33432310819625854
0.3298362195491791
0.32758185267448425
0.31650835275650024
0.32589611411094666
0.32395049929618835
0.330323189496994
0.32453903555870056
0.317590594291687
0.316016286611557
0.31159308552742004
0.31720733642578125
0.3186721205711365
0.31331440806388855
0.3083651065826416
0.3124271631240845
0.313116192817688
0.3102107048034668
0.30190160870552063
0.3132728636264801
0.300992876291275
0.2978232502937317
0.29594266414642334
0.3038131296634674
0.29683253169059753
0.2997308075428009
0.30129876732826233
0.29536065459251404
0.29821252822875977
0.2925138473510742
0.2922062873840332
0.29630693793296814
0.2950561046600342
0.2926922142505646
0.2919951379299164
0.2920481562614441
0.28968197107315063
0.29301708936691284
0.2899390161037445
0.29237091541290283
0.2849135398864746
0.2765398919582367
0.2880297601222992
0.2823951542377472
0.2881283760070801
0.2796977162361145
0.29041388630867004
0.2801819145679474
0.27409428358078003
0.26656290888786316
0.28705015778541565
0.2649766206741333
0.27086859941482544
0.27765345573425293
0.27589115500450134
0.2778049111366272
0.2705411911010742
0.270840048789978
0.2642064392566681
0.25616931915283203
0.26063409447669983
0.26283493638038635
0.27066007256507874
0.2527393400669098
0.2574388086795807
0.24853181838989258
0.26442450284957886
0.24576008319854736
0.2518230974674225
0.25696754455566406
0.24339130520820618
0.24792999029159546
0.25277912616729736
0.242360919713974
0.2527810335159302
0.25007879734039307
0.2461223006248474
0.24843426048755646
0.24486540257930756
0.24893838167190552
0.25666314363479614
0.23828358948230743
0.2468264251947403
0.2541060447692871
0.24452075362205505
0.24361304938793182
0.2498592585325241
0.2525048553943634
0.24096836149692535
0.24160483479499817
0.24784831702709198
0.238053560256958
0.24101988971233368
0.25433531403541565
0.2435404360294342
0.24983711540699005
0.24257436394691467
0.24113456904888153
0.24611443281173706
0.2405579537153244
0.247862309217453
0.24546505510807037
0.2369687408208847
0.2440776228904724
0.23840463161468506
0.23882357776165009
0.237563818693161
0.2377469390630722
0.23062998056411743
0.240229994058609
0.23473118245601654
0.2350378781557083
0.2376212328672409
0.23949019610881805
0.2307615578174591
0.23926126956939697
0.23770993947982788
0.22074098885059357
0.22679854929447174
0.22638021409511566
0.24271933734416962
0.23787669837474823
0.23088116943836212
0.22752121090888977
0.22903196513652802
0.24742582440376282
0.23337478935718536
0.23326872289180756
0.2219112068414688
0.22364743053913116
0.2383057326078415
0.22125130891799927
0.2343778759241104
0.23073093593120575
0.2197933942079544
0.23669107258319855
0.2273193597793579
0.21781884133815765
0.23039627075195312
0.22882619500160217
0.23247367143630981
0.22512738406658173
0.22187434136867523
0.21702401340007782
0.22796423733234406
0.22405917942523956
0.20776325464248657
0.23190057277679443
0.24110060930252075
0.22446134686470032
0.21844089031219482
0.22850990295410156
0.23391738533973694
0.22770331799983978
0.2242746502161026
0.2253275215625763
0.22288917005062103
0.22256937623023987
0.23555751144886017
0.21953019499778748
0.23414652049541473
0.21996371448040009
0.22061826288700104
0.21632538735866547
0.22100886702537537
0.21998049318790436
0.21879686415195465
0.20561453700065613
0.22128398716449738
0.22564469277858734
0.21154102683067322
0.2139333039522171
0.22170957922935486
0.22067153453826904
0.21476958692073822
0.2187362164258957
0.21469050645828247
0.2220897674560547
0.22003132104873657
0.20906443893909454
0.21427293121814728
0.2122424691915512
0.20556697249412537
0.2131352722644806
0.20606058835983276
0.20664624869823456
0.20843864977359772
0.22930845618247986
0.21163827180862427
0.20379042625427246
0.21290333569049835
0.20889028906822205
0.2190973460674286
0.20563897490501404
0.23084399104118347
0.2169540375471115
0.2125302106142044
0.21436136960983276
0.2168116569519043
0.20540957152843475
0.21716837584972382
0.207085981965065
0.20147627592086792
0.215423583984375
0.21929560601711273
0.2148343175649643
0.22271910309791565
0.21139083802700043
0.2204046994447708
0.19891589879989624
0.21696580946445465
0.20622216165065765
0.21806618571281433
0.21956641972064972
0.19940711557865143
0.2065650075674057
0.21216699481010437
0.21404027938842773
0.21370276808738708
0.21252219378948212
0.2157415747642517
0.20310284197330475
0.21058613061904907
0.20355461537837982
0.2052464634180069
0.21119418740272522
0.21156416833400726
0.19931651651859283
0.2130316197872162
0.19759014248847961
0.2152804434299469
0.20033493638038635
0.20427833497524261
0.21462658047676086
0.20096437633037567
0.191421240568161
0.21352539956569672
0.19819170236587524
0.2002098113298416
0.2084122896194458
0.20239001512527466
0.20885393023490906
0.20624081790447235
0.20631511509418488
0.20549088716506958
0.2044227570295334
0.1947840005159378
0.21165089309215546
0.1982184499502182
0.20315033197402954
0.21344681084156036
0.20146054029464722
0.2107945829629898
0.20683211088180542
0.20743101835250854
0.2031145542860031
0.20735037326812744
0.19332264363765717
0.20462541282176971
0.2149987816810608
0.20218835771083832
0.20310325920581818
0.1985321193933487
0.20394836366176605
0.19588205218315125
0.2075127214193344
0.19552573561668396
0.20725464820861816
0.1982126384973526
0.1994161158800125
0.19773425161838531
0.19197824597358704
0.20448178052902222
0.19404180347919464
0.20293456315994263
0.20539364218711853
0.19678571820259094
0.20426078140735626
0.19780245423316956
0.2234928458929062
0.19934330880641937
0.20985165238380432
0.19381827116012573
0.1954524964094162
0.19972464442253113
0.19011497497558594
0.1978633552789688
0.2055063247680664
0.1962961107492447
0.19344928860664368
0.20510481297969818
0.20242147147655487
0.199840247631073
0.19408629834651947
0.2048475295305252
0.19437499344348907
0.18823498487472534
0.2022952288389206
0.19825969636440277
0.1987331509590149
0.1966465264558792
0.1925494372844696
0.19932225346565247
0.2009108066558838
0.19600583612918854
0.19873884320259094
0.2004794329404831
0.19130420684814453
0.1909770518541336
0.20040956139564514
0.19583061337471008
0.1908448338508606
0.19427651166915894
0.198245570063591
0.203103706240654
0.19953027367591858
0.19343112409114838
0.20139293372631073
0.1950937807559967
0.19022485613822937
0.19821465015411377
0.1918296068906784
0.1938595473766327
0.1936192512512207
0.20543889701366425
0.19999772310256958
0.20772770047187805
0.18825531005859375
0.1934807300567627
0.19178807735443115
0.19184763729572296
0.19440019130706787
0.1887168139219284
0.18801972270011902
0.19480666518211365
0.19779928028583527
0.20710141956806183
0.20090803503990173
0.19392503798007965
0.19707296788692474
0.21066077053546906
0.19959253072738647
0.19523639976978302
0.19872307777404785
0.18686676025390625
0.19696193933486938
0.19225946068763733
0.18697117269039154
0.19337275624275208
0.20117540657520294
0.19569724798202515
0.18349957466125488
0.19388684630393982
0.2031838595867157
0.21305903792381287
0.20763254165649414
0.19278471171855927
0.19778138399124146
0.2009391188621521
0.18912266194820404
0.2016841471195221
0.18382997810840607
0.20155666768550873
0.1861814260482788
0.19473643600940704
0.201082244515419
0.1930033415555954
0.18207724392414093
0.19164739549160004
0.19185709953308105
0.1978255808353424
0.19542591273784637
0.1952204704284668
0.20930390059947968
0.2015950232744217
0.18842968344688416
0.1946057230234146
0.17862190306186676
0.19559848308563232
0.18938463926315308
0.1917860358953476
0.18922697007656097
0.2004391849040985
0.19617325067520142
0.19907867908477783
0.19151104986667633
0.18737633526325226
0.18908081948757172
0.19500769674777985
0.1984187215566635
0.19265079498291016
0.2008236199617386
0.18570540845394135
0.19862346351146698
0.19466646015644073
0.20074516534805298
0.20334036648273468
0.19393163919448853
0.19908905029296875
0.19361095130443573
0.19567357003688812
0.17964497208595276
0.18821115791797638
0.18694137036800385
0.18283246457576752
0.19602258503437042
0.19975991547107697
0.19396981596946716
0.1981668770313263
0.18695737421512604
0.19760677218437195
0.20013034343719482
0.19099712371826172
0.19196388125419617
0.19804631173610687
0.18147601187229156
0.20432615280151367
0.1923268437385559
0.19054141640663147
0.18954996764659882
0.18180254101753235
0.20056575536727905
0.19442938268184662
0.19502601027488708
0.18831580877304077
0.19823697209358215
0.19326086342334747
0.19068913161754608
0.18812082707881927
0.20669741928577423
0.2050289660692215
0.19388684630393982
0.18222622573375702
0.1949804425239563
0.1885523796081543
0.18146532773971558
0.1895165741443634
0.19483190774917603
0.19710500538349152
0.19186455011367798
0.18833832442760468
0.1867361217737198
0.19048385322093964
0.18394629657268524
0.1927909553050995
0.18692530691623688
0.19140946865081787
0.1966833770275116
0.20417813956737518
0.2016255259513855
0.18960681557655334
0.19728408753871918
0.19161151349544525
0.19118236005306244
0.2004561424255371
0.1828179806470871
0.1957625448703766
0.18785443902015686
0.18406422436237335
0.18626844882965088
0.18133552372455597
0.19715164601802826
0.1945662647485733
0.19223691523075104
0.1868903785943985
0.19420133531093597
0.19531017541885376
0.1915711611509323
0.19378666579723358
0.19903139770030975
0.19518086314201355
0.18526038527488708
0.18690161406993866
0.1919330656528473
0.18442562222480774
0.19394271075725555
0.188752219080925
0.1916283518075943
0.18660973012447357
0.1857861429452896
0.1925051212310791
0.2000281661748886
0.19179537892341614
0.18597979843616486
0.19400379061698914
0.1882467120885849
0.18823425471782684
0.19587014615535736
0.1894044578075409
0.19120867550373077
0.19523212313652039
0.19487671554088593
0.2041822224855423
0.18762104213237762
0.18838618695735931
0.18510399758815765
0.1890350878238678
0.1926107257604599
0.1965276002883911
0.1848060041666031
0.19485878944396973
0.1948617696762085
0.19954699277877808
0.20673170685768127
0.19316084682941437
0.18981806933879852
0.1811997890472412
0.1966029852628708
0.20393317937850952
0.18596643209457397
0.18843387067317963
0.19925907254219055
0.18340055644512177
0.17939887940883636
0.19715803861618042
0.19992095232009888
0.19843690097332
0.1792709231376648
0.18608345091342926
0.18851736187934875
0.19038686156272888
0.19399341940879822
0.1784810721874237
0.19571749866008759
0.18350598216056824
0.19823262095451355
0.1836928278207779
0.18379728496074677
0.19012346863746643
0.17845512926578522
0.17582814395427704
0.1945859044790268
0.1768946349620819
0.19502680003643036
0.19507722556591034
0.1874052882194519
0.18858298659324646
0.19563359022140503
0.19101904332637787
0.1957172453403473
0.19102048873901367
