0.6785802841186523
0.6295153498649597
0.5858213305473328
0.5540233254432678
0.5243622064590454
0.5111108422279358
0.5002802610397339
0.47899314761161804
0.4617428779602051
0.46352726221084595
0.4491293728351593
0.4469952881336212
0.44225338101387024
0.43952444195747375
0.4266199469566345
0.4315493702888489
0.43539610505104065
0.4276868402957916
0.43266648054122925
0.4133555591106415
0.4237443208694458
0.427863746881485
0.43296873569488525
0.42459672689437866
0.42069774866104126
0.4245321452617645
0.4166271388530731
0.4072265028953552
0.4131666123867035
0.4255155920982361
0.41185587644577026
0.4226355254650116
0.4144696295261383
0.4200478196144104
0.406170517206192
0.40586400032043457
0.40755772590637207
0.412905216217041
0.4076659381389618
0.4044482409954071
0.41195812821388245
0.4075942933559418
0.39545631408691406
0.4084499478340149
0.40898895263671875
0.4027779698371887
0.40566495060920715
0.4068593382835388
0.3978523910045624
0.40643465518951416
0.40550142526626587
0.39749449491500854
0.39907363057136536
0.4033607542514801
0.40166518092155457
0.40562814474105835
0.399274080991745
0.3860316276550293
0.4028986394405365
0.3926142752170563
0.40309059619903564
0.40166932344436646
0.39757904410362244
0.3980564773082733
0.3973580002784729
0.3886074125766754
0.39554718136787415
0.3950812518596649
0.393248587846756
0.3945271074771881
0.386152982711792
0.3955375850200653
0.3857371509075165
0.39294660091400146
0.39833012223243713
0.3869224190711975
0.40185803174972534
0.3943358063697815
0.39176449179649353
0.4017387926578522
0.3851515054702759
0.3894140422344208
0.3948362469673157
0.38597917556762695
0.3960101306438446
0.3936662971973419
0.39916571974754333
0.37895193696022034
0.385259211063385
0.3845621943473816
0.3855874836444855
0.3929111957550049
0.3932742178440094
0.38586634397506714
0.3915554881095886
0.385554701089859
0.39198315143585205
0.39766260981559753
0.38964638113975525
0.3959856927394867
0.38454359769821167
0.38467657566070557
0.38101163506507874
0.38743335008621216
0.37613844871520996
0.3857370913028717
0.3850400745868683
0.3847196102142334
0.3986448347568512
0.38307106494903564
0.3825903832912445
0.39033541083335876
0.3922027349472046
0.37730076909065247
0.3836846947669983
0.3916349709033966
0.383169561624527
0.38452816009521484
0.3823002874851227
0.38801309466362
0.3891371190547943
0.37465569376945496
0.3894655406475067
0.37072446942329407
0.3884139955043793
0.3830123245716095
0.3760054111480713
0.38640475273132324
0.38136494159698486
0.38007232546806335
0.38268619775772095
0.38266414403915405
0.38384178280830383
0.38686081767082214
0.38151055574417114
0.37953895330429077
0.38940805196762085
0.3821861743927002
0.3735138773918152
0.3804507255554199
0.3781605362892151
0.37770670652389526
0.38511067628860474
0.3903830945491791
0.372858464717865
0.381501704454422
0.38867607712745667
0.37305310368537903
0.3850940465927124
0.37597745656967163
0.381333589553833
0.39985528588294983
0.3849906325340271
0.3775772750377655
0.38230109214782715
0.37420225143432617
0.37751296162605286
0.3814299404621124
0.3902009427547455
0.3956868052482605
0.38189610838890076
0.3826093077659607
0.37390992045402527
0.3760433495044708
0.3805757164955139
0.37894949316978455
0.3732801079750061
0.38550248742103577
0.3834931254386902
0.3833371698856354
0.3785236179828644
0.3786175847053528
0.37456801533699036
0.3728812634944916
0.38026338815689087
0.3836214244365692
0.3797301948070526
0.37999340891838074
0.3715445101261139
0.3749902844429016
0.3737099766731262
0.3836035132408142
0.3763768672943115
0.37599584460258484
0.36858323216438293
0.37454336881637573
0.374783992767334
0.37436872720718384
0.37320181727409363
0.37295621633529663
0.37513718008995056
0.3779197037220001
0.3718445599079132
0.371346116065979
0.3818531334400177
0.36842983961105347
0.3691251873970032
0.3742322027683258
0.3714817762374878
0.38607776165008545
0.3830496370792389
0.3806440830230713
0.3650149703025818
0.38252580165863037
0.37011250853538513
0.3698780834674835
0.37889811396598816
0.37775444984436035
0.38389846682548523
0.3697945773601532
0.3721693456172943
0.38035768270492554
0.373419851064682
0.3784753382205963
0.3659254014492035
0.3798915445804596
0.3642893433570862
0.3677959442138672
0.3806435465812683
0.376451313495636
0.3736417591571808
0.375888854265213
0.3647829294204712
0.37443047761917114
0.37115833163261414
0.3592703640460968
0.3783675730228424
0.3636751174926758
0.3671821057796478
0.3735273778438568
0.36271539330482483
0.3743923604488373
0.36822375655174255
0.36495140194892883
0.3682554066181183
0.3719911575317383
0.37063705921173096
0.3725009560585022
0.37046414613723755
0.3735581040382385
0.3708333373069763
0.36786526441574097
0.37040042877197266
0.3656783699989319
0.36315104365348816
0.3733656704425812
0.3789169192314148
0.3690528869628906
0.3700418472290039
0.36012697219848633
0.36954429745674133
0.3747815787792206
0.3596044182777405
0.3747875988483429
0.3653998374938965
0.3679668605327606
0.37756550312042236
0.36692139506340027
0.36666107177734375
0.37621280550956726
0.3702508509159088
0.3605334758758545
0.3689520061016083
0.3640700876712799
0.37109190225601196
0.37294113636016846
0.3700273633003235
0.376703679561615
0.36984655261039734
0.37303173542022705
0.377763032913208
0.37072670459747314
0.37757113575935364
0.3698827028274536
0.3720143139362335
0.3644629418849945
0.36702725291252136
0.3727632164955139
0.36545947194099426
0.36875805258750916
0.36297163367271423
0.35768646001815796
0.36581337451934814
0.3676008880138397
0.3695705831050873
0.374504953622818
0.36357301473617554
0.36169373989105225
0.3636695444583893
0.3734903037548065
0.3710537552833557
0.37862300872802734
0.3608810007572174
0.36305350065231323
0.3743939995765686
0.3625035881996155
0.3680112063884735
0.37029340863227844
0.3567635715007782
0.36119168996810913
0.3641394078731537
0.36795082688331604
0.3725200891494751
0.37291407585144043
0.36807215213775635
0.37206149101257324
0.36860474944114685
0.36856165528297424
0.3672478199005127
0.36868226528167725
0.35904332995414734
0.3608167767524719
0.37042343616485596
0.36050865054130554
0.3809095323085785
0.37370267510414124
0.3702228367328644
0.3661404252052307
0.3645803928375244
0.36641207337379456
0.3576061725616455
0.35750681161880493
0.3609422445297241
0.3591260015964508
0.37048619985580444
0.3603965640068054
0.3602616786956787
0.36033573746681213
0.3688020706176758
0.3710409104824066
0.3601325452327728
0.3739627003669739
0.36544230580329895
0.37245556712150574
0.3631904423236847
0.36356353759765625
0.36705783009529114
0.3637690842151642
0.36480778455734253
0.3621840476989746
0.36141860485076904
0.3605799674987793
0.37151795625686646
0.35622134804725647
0.3648335337638855
0.3715652525424957
0.3661113977432251
0.3653937578201294
0.36581552028656006
0.3598157465457916
0.378407746553421
0.3618258833885193
0.3691861927509308
0.36031484603881836
0.355127215385437
0.3628480136394501
0.36555323004722595
0.3624200224876404
0.3694818615913391
0.3723925054073334
0.3643956184387207
0.36449557542800903
0.3648400902748108
0.36173027753829956
0.3630075752735138
0.3708457052707672
0.35718557238578796
0.36690226197242737
0.36960408091545105
0.3631093502044678
0.36302798986434937
0.35559672117233276
0.3600448668003082
0.36460646986961365
0.3604497015476227
0.3714785575866699
0.35788753628730774
0.36969736218452454
0.3604361116886139
0.3586036264896393
0.3655468821525574
0.3675001859664917
0.37653353810310364
0.3650202751159668
0.36398616433143616
0.374613493680954
0.3651989996433258
0.36927545070648193
0.3655152916908264
0.3608582019805908
0.36466753482818604
0.35993605852127075
0.3664579391479492
0.36640065908432007
0.36837416887283325
0.37453868985176086
0.3602692782878876
0.364745169878006
0.35899072885513306
0.36898186802864075
0.3582831025123596
0.35721710324287415
0.36226019263267517
0.3561047613620758
0.3697930574417114
0.363557904958725
0.36097049713134766
0.36643481254577637
0.35834500193595886
0.3643917143344879
0.366385281085968
0.35972288250923157
0.3670286238193512
0.36122816801071167
0.37195974588394165
0.36313292384147644
0.36106279492378235
0.3578590154647827
0.35642576217651367
0.37318530678749084
0.36434224247932434
0.36877766251564026
0.36621007323265076
0.36435359716415405
0.3671683073043823
0.36726173758506775
0.3637234568595886
0.3639490306377411
0.36213254928588867
0.36221322417259216
0.3705344498157501
0.36078542470932007
0.36707356572151184
0.3611576557159424
0.3668070137500763
0.36933308839797974
0.36012062430381775
0.3524651527404785
0.35981613397598267
0.360298216342926
0.3723110258579254
0.3599887490272522
0.3624458312988281
0.36587071418762207
0.3598635196685791
0.3522546589374542
0.367439866065979
0.3689959943294525
0.3603568971157074
0.34913331270217896
0.36652469635009766
0.36244791746139526
0.35773566365242004
0.3653484582901001
0.3628508150577545
0.3615749776363373
0.3569983243942261
0.36461499333381653
0.36837777495384216
0.3621302545070648
0.3707963824272156
0.359575092792511
0.37098634243011475
0.3627063035964966
0.3583286702632904
0.3748007118701935
0.36727824807167053
0.3656426668167114
0.36376437544822693
0.37161803245544434
0.36328431963920593
0.36426103115081787
0.355112761259079
0.3668307960033417
0.3661752939224243
0.3633230924606323
0.35350966453552246
0.3646370768547058
0.36077484488487244
0.3569394052028656
0.3559970557689667
0.36930468678474426
0.3644196391105652
0.36585769057273865
0.36184293031692505
0.35862237215042114
0.3633948564529419
0.3702971339225769
0.3653380870819092
0.36008086800575256
0.3546155095100403
0.3560832440853119
0.364482581615448
0.3630523085594177
0.3697430491447449
0.36182770133018494
0.36146119236946106
0.3602692484855652
0.3549833297729492
0.37040090560913086
0.36168792843818665
0.36494678258895874
0.3655252158641815
0.3632008135318756
0.3635138273239136
0.358669251203537
0.3595292866230011
0.35150864720344543
0.35302793979644775
0.35784512758255005
0.3637237250804901
0.35513803362846375
0.3609810173511505
0.3612630069255829
0.36004599928855896
0.35874924063682556
0.3551762104034424
0.3725016713142395
0.3562798500061035
0.3626682162284851
0.3620031476020813
0.3632286489009857
0.3686714470386505
0.36327576637268066
0.363065242767334
0.3642207384109497
0.35658517479896545
0.3681880831718445
0.3599519431591034
0.35304689407348633
0.3565021753311157
0.36024099588394165
0.3640853464603424
0.36292123794555664
0.3604404628276825
0.3603113293647766
0.36376646161079407
0.36761391162872314
0.36183759570121765
0.3648790419101715
0.36496567726135254
0.3582211136817932
0.3631812334060669
0.36618831753730774
0.3679434657096863
0.36494529247283936
0.3614092171192169
0.36500996351242065
0.3644668757915497
0.3637599050998688
0.3672548234462738
0.35379835963249207
0.3641192317008972
0.3663008511066437
0.3595239818096161
0.37633731961250305
0.3603356182575226
0.36123281717300415
0.3703587055206299
0.3721640110015869
0.3564929962158203
0.36574485898017883
0.36610591411590576
0.36406874656677246
0.3648349940776825
0.3707781136035919
0.36528709530830383
0.3624630570411682
0.3615295886993408
0.36064860224723816
0.36953747272491455
0.3600461483001709
0.36616724729537964
0.361929714679718
0.36233603954315186
0.36649104952812195
0.36450570821762085
0.35052794218063354
0.3660361170768738
0.36052635312080383
0.36114874482154846
0.36339071393013
0.35347577929496765
0.3699824810028076
0.3643558919429779
0.3678007125854492
0.3669937252998352
0.3566030263900757
0.3625495135784149
0.3556186854839325
0.36929357051849365
0.3659096360206604
0.36240389943122864
0.3614678680896759
0.3576042950153351
0.3681029677391052
0.3613548278808594
0.3580501675605774
0.3579210042953491
0.3645494282245636
0.3612056076526642
0.36964094638824463
0.35738152265548706
0.36826008558273315
0.3613559901714325
0.36185574531555176
0.36328446865081787
0.366765558719635
0.35265183448791504
0.36738720536231995
0.3632458448410034
0.3607911467552185
0.3636999726295471
0.36470088362693787
0.3597414791584015
0.36593207716941833
0.36336836218833923
