0.5591699481010437
0.6489063501358032
0.6904094219207764
0.7134043574333191
0.724060595035553
0.7324733734130859
0.7464946508407593
0.76332026720047
0.7526640295982361
0.7605159878730774
0.7700504660606384
0.7666853666305542
0.7661244869232178
0.7734155654907227
0.7807067036628723
0.7840718030929565
0.782389223575592
0.7896803021430969
0.7924845814704895
0.7891194820404053
0.7851935029029846
0.794167160987854
0.7902411818504333
0.7891194820404053
0.7913628816604614
0.7896803021430969
0.7919237017631531
0.7902411818504333
0.7980930805206299
0.799214780330658
0.7947279810905457
0.803701639175415
0.803701639175415
0.7964105606079102
0.8031407594680786
0.8042624592781067
0.8065059185028076
0.803701639175415
0.8031407594680786
0.8003365397453308
0.8059450387954712
0.8042624592781067
0.8098710179328918
0.8065059185028076
0.8087493181228638
0.8059450387954712
0.8076276183128357
0.8087493181228638
0.8115535378456116
0.8081884384155273
0.8132361173629761
0.8143578171730042
0.8048233389854431
0.8143578171730042
0.8132361173629761
0.8104318380355835
0.8143578171730042
0.8053841590881348
0.8081884384155273
0.8008973598480225
0.812114417552948
0.8109927177429199
0.8076276183128357
0.8076276183128357
0.8031407594680786
0.8109927177429199
0.8126752376556396
0.8081884384155273
0.8104318380355835
0.8154795169830322
0.8076276183128357
0.8008973598480225
0.8109927177429199
0.8126752376556396
0.8109927177429199
0.8098710179328918
0.8087493181228638
0.8087493181228638
0.8031407594680786
0.8093101382255554
0.8059450387954712
0.8031407594680786
0.8149186968803406
0.8065059185028076
0.8093101382255554
0.8109927177429199
0.8098710179328918
0.8053841590881348
0.8109927177429199
0.8104318380355835
0.8059450387954712
0.8126752376556396
0.8087493181228638
0.8109927177429199
0.8149186968803406
0.8104318380355835
0.8081884384155273
0.8115535378456116
0.812114417552948
0.8104318380355835
0.8160403966903687
0.8070667386054993
0.821648895740509
0.812114417552948
0.8109927177429199
0.8115535378456116
0.8093101382255554
0.8126752376556396
0.8042624592781067
0.8137969970703125
0.8087493181228638
0.8042624592781067
0.8115535378456116
0.8166012167930603
0.8104318380355835
0.803701639175415
0.8059450387954712
0.8137969970703125
0.7975322604179382
0.8126752376556396
0.812114417552948
0.8059450387954712
0.8076276183128357
0.8143578171730042
0.8081884384155273
0.8065059185028076
0.8143578171730042
0.8149186968803406
0.8194054961204529
0.8014582395553589
0.8093101382255554
0.8171620965003967
0.8149186968803406
0.8070667386054993
0.8076276183128357
0.8076276183128357
0.8177229166030884
0.802579939365387
0.8109927177429199
0.8149186968803406
0.8008973598480225
0.8087493181228638
0.8059450387954712
0.8065059185028076
0.8137969970703125
0.8104318380355835
0.8031407594680786
0.8065059185028076
0.8065059185028076
0.7997756600379944
0.8059450387954712
0.7986539602279663
0.8104318380355835
0.8109927177429199
0.8014582395553589
0.8166012167930603
0.8059450387954712
0.8070667386054993
0.8003365397453308
0.8132361173629761
0.8132361173629761
0.8042624592781067
0.8065059185028076
0.8076276183128357
0.8093101382255554
0.8081884384155273
0.8132361173629761
0.8065059185028076
0.8053841590881348
0.8031407594680786
0.8059450387954712
0.8087493181228638
0.8070667386054993
0.8104318380355835
0.8115535378456116
0.8076276183128357
0.8008973598480225
0.802579939365387
0.7997756600379944
0.8093101382255554
0.8003365397453308
0.8098710179328918
0.8076276183128357
0.8059450387954712
0.8093101382255554
0.8065059185028076
0.8053841590881348
0.802579939365387
0.8166012167930603
0.8076276183128357
0.812114417552948
0.8115535378456116
0.8076276183128357
0.8053841590881348
0.8126752376556396
0.8059450387954712
0.8093101382255554
0.8182837963104248
0.8059450387954712
0.8081884384155273
0.802579939365387
0.8031407594680786
0.8014582395553589
0.8149186968803406
0.8042624592781067
0.8070667386054993
0.8042624592781067
0.8042624592781067
0.8020190596580505
0.8059450387954712
0.8070667386054993
0.8031407594680786
0.8087493181228638
0.8160403966903687
0.8003365397453308
0.8132361173629761
0.8093101382255554
0.8042624592781067
0.8104318380355835
0.8008973598480225
0.8098710179328918
0.8081884384155273
0.8081884384155273
0.7975322604179382
0.8115535378456116
0.8194054961204529
0.8020190596580505
0.802579939365387
0.8160403966903687
0.812114417552948
0.8048233389854431
0.8143578171730042
0.8104318380355835
0.812114417552948
0.7980930805206299
0.8093101382255554
0.8143578171730042
0.802579939365387
0.8070667386054993
0.8003365397453308
0.8070667386054993
0.8065059185028076
0.802579939365387
0.8020190596580505
0.8003365397453308
0.8059450387954712
0.8065059185028076
0.8104318380355835
0.8059450387954712
0.8137969970703125
0.8143578171730042
0.8137969970703125
0.7980930805206299
0.7975322604179382
0.802579939365387
0.8182837963104248
0.8053841590881348
0.8053841590881348
0.8160403966903687
0.7896803021430969
0.8137969970703125
0.8104318380355835
0.8081884384155273
0.8008973598480225
0.8182837963104248
0.8087493181228638
0.8132361173629761
0.8003365397453308
0.8132361173629761
0.8081884384155273
0.8081884384155273
0.8093101382255554
0.8160403966903687
0.8104318380355835
0.8070667386054993
0.8053841590881348
0.803701639175415
0.8154795169830322
0.8059450387954712
0.802579939365387
0.8093101382255554
0.8104318380355835
0.8048233389854431
0.8070667386054993
0.8109927177429199
0.8076276183128357
0.8042624592781067
0.8070667386054993
0.8087493181228638
0.8194054961204529
0.8070667386054993
0.8087493181228638
0.8042624592781067
0.8031407594680786
0.8098710179328918
0.8104318380355835
0.8059450387954712
0.803701639175415
0.812114417552948
0.8087493181228638
0.7975322604179382
0.8166012167930603
0.8104318380355835
0.8177229166030884
0.8143578171730042
0.8070667386054993
0.8076276183128357
0.8065059185028076
0.8048233389854431
0.8081884384155273
0.8076276183128357
0.8160403966903687
0.8104318380355835
0.8098710179328918
0.8109927177429199
0.8020190596580505
0.8104318380355835
0.8154795169830322
0.8143578171730042
0.8048233389854431
0.8087493181228638
0.8210880756378174
0.8081884384155273
0.8126752376556396
0.8093101382255554
0.8137969970703125
0.8126752376556396
0.8143578171730042
0.8115535378456116
0.8126752376556396
0.8093101382255554
0.8042624592781067
0.8076276183128357
0.8126752376556396
0.8171620965003967
0.8132361173629761
0.8104318380355835
0.8126752376556396
0.8093101382255554
0.7986539602279663
0.8109927177429199
0.8087493181228638
0.8109927177429199
0.8020190596580505
0.8160403966903687
0.8160403966903687
0.8093101382255554
0.8020190596580505
0.8042624592781067
0.812114417552948
0.8149186968803406
0.8115535378456116
0.8042624592781067
0.8171620965003967
0.8093101382255554
0.8104318380355835
0.803701639175415
0.8126752376556396
0.8104318380355835
0.8126752376556396
0.8070667386054993
0.8143578171730042
0.8154795169830322
0.8070667386054993
0.8115535378456116
0.8137969970703125
0.8059450387954712
0.8177229166030884
0.8093101382255554
0.8076276183128357
0.8126752376556396
0.8154795169830322
0.8059450387954712
0.8104318380355835
0.8177229166030884
0.8166012167930603
0.8093101382255554
0.8115535378456116
0.8081884384155273
0.8272574543952942
0.8087493181228638
0.8093101382255554
0.8126752376556396
0.8143578171730042
0.8048233389854431
0.8087493181228638
0.8065059185028076
0.8076276183128357
0.8087493181228638
0.8137969970703125
0.8070667386054993
0.8154795169830322
0.8053841590881348
0.8003365397453308
0.8098710179328918
0.8132361173629761
0.8109927177429199
0.8132361173629761
0.8233314752578735
0.8093101382255554
0.8126752376556396
0.8115535378456116
0.8031407594680786
0.8076276183128357
0.8098710179328918
0.812114417552948
0.8143578171730042
0.8166012167930603
0.8065059185028076
0.8042624592781067
0.8081884384155273
0.8194054961204529
0.8171620965003967
0.8149186968803406
0.8210880756378174
0.8160403966903687
0.8093101382255554
0.8098710179328918
0.8194054961204529
0.8109927177429199
0.8093101382255554
0.8048233389854431
0.8076276183128357
0.8115535378456116
0.7975322604179382
0.8104318380355835
0.8194054961204529
0.8160403966903687
0.8188446164131165
0.812114417552948
0.8048233389854431
0.8104318380355835
0.8188446164131165
0.812114417552948
0.8166012167930603
0.8076276183128357
0.8171620965003967
0.8104318380355835
0.8109927177429199
0.8177229166030884
0.8188446164131165
0.8160403966903687
0.8093101382255554
0.8104318380355835
0.812114417552948
0.8098710179328918
0.8171620965003967
0.8093101382255554
0.803701639175415
0.8132361173629761
0.8070667386054993
0.8059450387954712
0.8065059185028076
0.8081884384155273
0.8166012167930603
0.8059450387954712
0.8059450387954712
0.8053841590881348
0.8126752376556396
0.8093101382255554
0.8087493181228638
0.8087493181228638
0.8070667386054993
0.8098710179328918
0.8160403966903687
0.812114417552948
0.8098710179328918
0.8132361173629761
0.8031407594680786
0.8182837963104248
0.8149186968803406
0.8081884384155273
0.8053841590881348
0.8076276183128357
0.8132361173629761
0.8076276183128357
0.8115535378456116
0.8109927177429199
0.8087493181228638
0.8143578171730042
0.8166012167930603
0.8171620965003967
0.812114417552948
0.803701639175415
0.8081884384155273
0.8087493181228638
0.8059450387954712
0.8053841590881348
0.8031407594680786
0.8171620965003967
0.8087493181228638
0.8177229166030884
0.8048233389854431
0.8098710179328918
0.8109927177429199
0.8059450387954712
0.8126752376556396
0.8154795169830322
0.8137969970703125
0.8126752376556396
0.8053841590881348
0.8160403966903687
0.8115535378456116
0.8188446164131165
0.8048233389854431
0.8003365397453308
0.820527195930481
0.8132361173629761
0.8171620965003967
0.8177229166030884
0.8194054961204529
0.8166012167930603
0.8137969970703125
0.8233314752578735
0.8087493181228638
0.8160403966903687
0.8149186968803406
0.8070667386054993
0.8098710179328918
0.8137969970703125
0.8115535378456116
0.8070667386054993
0.8154795169830322
0.8199663758277893
0.8154795169830322
0.8104318380355835
0.8154795169830322
0.8126752376556396
0.8194054961204529
0.8166012167930603
0.8132361173629761
0.8143578171730042
0.8098710179328918
0.8098710179328918
0.8177229166030884
0.8020190596580505
0.8171620965003967
0.8233314752578735
0.8104318380355835
0.812114417552948
0.8020190596580505
0.8104318380355835
0.8008973598480225
0.8098710179328918
0.8031407594680786
0.8093101382255554
0.8093101382255554
0.8042624592781067
0.8104318380355835
0.8154795169830322
0.8126752376556396
0.8081884384155273
0.8093101382255554
0.8098710179328918
0.8059450387954712
0.8109927177429199
0.8087493181228638
0.8132361173629761
0.8177229166030884
0.8109927177429199
0.8059450387954712
0.8199663758277893
0.8182837963104248
0.812114417552948
0.8238922953605652
0.8160403966903687
0.8166012167930603
0.8149186968803406
0.8171620965003967
0.8093101382255554
0.8143578171730042
0.8081884384155273
0.821648895740509
0.8182837963104248
0.8149186968803406
0.8132361173629761
0.812114417552948
0.8177229166030884
0.8087493181228638
0.8132361173629761
0.8115535378456116
0.8109927177429199
0.8227705955505371
0.8154795169830322
0.8154795169830322
0.8126752376556396
0.8137969970703125
0.8194054961204529
0.8053841590881348
0.812114417552948
0.8098710179328918
0.8042624592781067
0.8098710179328918
0.8149186968803406
0.8081884384155273
0.8081884384155273
0.8132361173629761
0.8137969970703125
0.803701639175415
0.8143578171730042
0.8154795169830322
0.8042624592781067
0.8109927177429199
0.8076276183128357
0.8160403966903687
0.820527195930481
0.8104318380355835
0.8132361173629761
0.8177229166030884
0.8166012167930603
0.8137969970703125
0.8076276183128357
0.8199663758277893
0.8160403966903687
0.8210880756378174
0.812114417552948
0.8059450387954712
0.812114417552948
0.8154795169830322
0.8093101382255554
0.8166012167930603
0.8093101382255554
0.8087493181228638
0.8098710179328918
0.8132361173629761
0.8059450387954712
0.8048233389854431
0.8104318380355835
0.8143578171730042
0.8126752376556396
0.8188446164131165
0.8059450387954712
0.8177229166030884
0.8199663758277893
0.8154795169830322
0.8126752376556396
0.8149186968803406
0.8059450387954712
0.8149186968803406
0.8137969970703125
0.8166012167930603
0.8177229166030884
0.8154795169830322
0.8098710179328918
0.8154795169830322
0.8059450387954712
0.8042624592781067
0.8031407594680786
0.8104318380355835
0.8093101382255554
0.8104318380355835
0.8194054961204529
0.8166012167930603
0.8166012167930603
0.8076276183128357
0.8154795169830322
0.8093101382255554
0.8093101382255554
0.8115535378456116
0.8053841590881348
0.8177229166030884
0.8109927177429199
0.803701639175415
0.8098710179328918
0.8154795169830322
0.8182837963104248
0.8149186968803406
0.8182837963104248
0.8194054961204529
0.8188446164131165
0.802579939365387
0.812114417552948
0.8132361173629761
0.8166012167930603
0.8109927177429199
0.8053841590881348
0.8137969970703125
0.8154795169830322
0.8166012167930603
0.812114417552948
0.8171620965003967
0.8093101382255554
0.8143578171730042
0.8081884384155273
0.8087493181228638
0.812114417552948
0.8132361173629761
0.8098710179328918
0.8154795169830322
0.8137969970703125
0.8149186968803406
0.8104318380355835
0.8154795169830322
0.8053841590881348
0.8104318380355835
0.8171620965003967
0.8126752376556396
0.8048233389854431
0.812114417552948
0.8188446164131165
0.8070667386054993
0.8093101382255554
0.8109927177429199
0.8171620965003967
0.8255748748779297
0.812114417552948
0.8115535378456116
0.8154795169830322
0.8059450387954712
0.812114417552948
0.8093101382255554
0.8132361173629761
0.8081884384155273
0.8087493181228638
0.8149186968803406
0.8076276183128357
0.8171620965003967
0.8233314752578735
0.8194054961204529
0.8093101382255554
0.8093101382255554
0.8160403966903687
0.8104318380355835
0.8115535378456116
0.8171620965003967
0.821648895740509
0.8132361173629761
0.8115535378456116
0.8160403966903687
0.8160403966903687
0.8109927177429199
0.8104318380355835
0.8171620965003967
0.8143578171730042
0.8143578171730042
0.8115535378456116
0.8076276183128357
0.812114417552948
0.8126752376556396
0.8098710179328918
0.8137969970703125
0.8087493181228638
0.8065059185028076
0.8166012167930603
0.812114417552948
0.8137969970703125
0.8244531750679016
0.8149186968803406
0.8166012167930603
0.8109927177429199
0.8008973598480225
0.8143578171730042
0.8182837963104248
0.8059450387954712
0.8070667386054993
0.8182837963104248
0.8081884384155273
0.8166012167930603
0.8104318380355835
0.8171620965003967
0.8177229166030884
0.8132361173629761
0.8154795169830322
0.8070667386054993
0.812114417552948
0.8070667386054993
0.8171620965003967
0.8149186968803406
0.8109927177429199
0.8199663758277893
0.8182837963104248
0.8087493181228638
0.8143578171730042
0.8059450387954712
0.8160403966903687
0.8182837963104248
0.8182837963104248
0.8166012167930603
0.8008973598480225
0.8065059185028076
0.8182837963104248
0.820527195930481
0.8137969970703125
0.8115535378456116
0.8160403966903687
0.803701639175415
0.8048233389854431
0.8109927177429199
0.8132361173629761
0.8065059185028076
0.8076276183128357
0.8048233389854431
0.8081884384155273
0.8126752376556396
0.8137969970703125
0.8149186968803406
0.8171620965003967
0.8182837963104248
0.8093101382255554
0.8126752376556396
0.802579939365387
0.8098710179328918
0.8160403966903687
0.8222097754478455
0.8177229166030884
0.8143578171730042
0.8076276183128357
0.8059450387954712
0.802579939365387
0.8076276183128357
0.812114417552948
0.8087493181228638
0.8132361173629761
0.8087493181228638
0.8031407594680786
0.8109927177429199
0.8109927177429199
0.8143578171730042
0.8126752376556396
0.8132361173629761
0.8199663758277893
0.8188446164131165
0.8171620965003967
0.8154795169830322
0.8143578171730042
0.8160403966903687
0.8250139951705933
0.812114417552948
0.812114417552948
0.8194054961204529
0.8166012167930603
0.8053841590881348
0.8132361173629761
0.8137969970703125
0.8126752376556396
0.8104318380355835
0.8154795169830322
0.8149186968803406
0.8149186968803406
0.8160403966903687
0.8132361173629761
0.8137969970703125
0.8194054961204529
0.8109927177429199
0.8137969970703125
0.8238922953605652
0.8065059185028076
0.821648895740509
0.8149186968803406
0.8132361173629761
0.8109927177429199
0.812114417552948
0.8149186968803406
0.803701639175415
0.812114417552948
0.812114417552948
0.8065059185028076
0.8137969970703125
0.8182837963104248
0.8166012167930603
0.8098710179328918
0.8266965746879578
0.8098710179328918
0.8115535378456116
0.8137969970703125
0.812114417552948
0.8166012167930603
0.8160403966903687
0.8166012167930603
0.8132361173629761
0.8070667386054993
0.8154795169830322
0.8154795169830322
0.8143578171730042
0.8143578171730042
0.8115535378456116
0.8210880756378174
0.8087493181228638
0.8048233389854431
0.812114417552948
0.8194054961204529
0.8143578171730042
0.8149186968803406
0.8059450387954712
0.8166012167930603
0.8160403966903687
0.8137969970703125
0.8143578171730042
0.8115535378456116
0.812114417552948
0.8093101382255554
0.8177229166030884
0.8115535378456116
0.8059450387954712
0.8199663758277893
0.8070667386054993
0.821648895740509
0.8160403966903687
0.8194054961204529
0.8104318380355835
0.8177229166030884
0.8160403966903687
0.8065059185028076
0.8070667386054993
0.8171620965003967
0.8081884384155273
0.8115535378456116
0.8098710179328918
0.8149186968803406
0.8104318380355835
0.8182837963104248
0.8115535378456116
0.8143578171730042
0.8104318380355835
0.8059450387954712
0.8160403966903687
0.8160403966903687
0.8104318380355835
0.8098710179328918
0.8132361173629761
0.8109927177429199
0.8149186968803406
0.8076276183128357
0.8059450387954712
0.8109927177429199
0.8098710179328918
0.8199663758277893
0.8160403966903687
0.8115535378456116
0.8137969970703125
0.8132361173629761
0.8255748748779297
0.8166012167930603
0.8182837963104248
0.8070667386054993
0.8081884384155273
0.8166012167930603
0.8115535378456116
0.8115535378456116
0.8115535378456116
0.8210880756378174
0.8149186968803406
0.8166012167930603
0.8109927177429199
0.8166012167930603
0.8115535378456116
0.8154795169830322
0.8076276183128357
0.8048233389854431
0.8081884384155273
0.8109927177429199
0.812114417552948
0.8098710179328918
0.8160403966903687
0.8132361173629761
0.8126752376556396
0.8048233389854431
0.8188446164131165
0.812114417552948
0.8149186968803406
0.8115535378456116
0.8227705955505371
0.8132361173629761
0.8149186968803406
0.8210880756378174
0.8098710179328918
0.8070667386054993
0.8137969970703125
0.820527195930481
0.8098710179328918
0.8109927177429199
0.8115535378456116
0.8115535378456116
0.8194054961204529
0.8143578171730042
0.8042624592781067
0.812114417552948
0.8160403966903687
0.8160403966903687
0.8059450387954712
0.8149186968803406
0.8210880756378174
0.8109927177429199
0.8149186968803406
0.8250139951705933
0.8199663758277893
0.8132361173629761
0.821648895740509
0.812114417552948
0.8149186968803406
0.8042624592781067
0.8137969970703125
0.8048233389854431
0.8048233389854431
0.8182837963104248
0.8109927177429199
0.8154795169830322
0.8182837963104248
0.8115535378456116
0.8149186968803406
0.820527195930481
0.8160403966903687
0.8199663758277893
0.8143578171730042
0.8149186968803406
0.802579939365387
0.8087493181228638
0.8166012167930603
0.8104318380355835
0.8177229166030884
0.8149186968803406
0.8137969970703125
0.812114417552948
0.8093101382255554
0.812114417552948
0.8109927177429199
0.8188446164131165
0.8126752376556396
0.8149186968803406
0.8143578171730042
0.8087493181228638
0.8188446164131165
0.8087493181228638
0.8188446164131165
0.8104318380355835
0.8177229166030884
0.812114417552948
0.8149186968803406
0.8160403966903687
0.8160403966903687
0.8076276183128357
0.812114417552948
0.8081884384155273
0.8087493181228638
0.8048233389854431
0.8233314752578735
0.8154795169830322
0.8238922953605652
0.8143578171730042
0.8143578171730042
0.8070667386054993
0.8171620965003967
0.8087493181228638
0.8154795169830322
0.8171620965003967
0.8244531750679016
0.8109927177429199
0.8160403966903687
0.820527195930481
0.8126752376556396
0.8076276183128357
0.8104318380355835
0.8076276183128357
0.8149186968803406
0.8171620965003967
0.8154795169830322
0.8126752376556396
0.8188446164131165
0.8137969970703125
0.8154795169830322
0.8171620965003967
0.799214780330658
0.8081884384155273
0.8166012167930603
0.8126752376556396
0.8098710179328918
0.8042624592781067
0.8109927177429199
0.8137969970703125
0.8132361173629761
0.8070667386054993
0.8126752376556396
0.8194054961204529
0.8143578171730042
0.803701639175415
0.8160403966903687
0.8081884384155273
0.8137969970703125
0.8188446164131165
0.8109927177429199
0.8132361173629761
0.8098710179328918
0.8115535378456116
0.821648895740509
0.8109927177429199
0.8048233389854431
0.8154795169830322
0.8171620965003967
0.8194054961204529
0.8182837963104248
0.8126752376556396
0.8177229166030884
0.8126752376556396
0.8076276183128357
0.8132361173629761
0.8143578171730042
0.821648895740509
0.8160403966903687
0.8149186968803406
0.8065059185028076
0.8210880756378174
0.8166012167930603
0.8109927177429199
0.8143578171730042
0.8104318380355835
0.8115535378456116
0.8076276183128357
0.8188446164131165
0.8137969970703125
0.8115535378456116
0.8132361173629761
0.8104318380355835
0.8098710179328918
0.8182837963104248
0.8171620965003967
0.8137969970703125
0.8087493181228638
0.812114417552948
0.8053841590881348
0.8115535378456116
0.8087493181228638
0.8014582395553589
0.8104318380355835
0.8098710179328918
0.8177229166030884
0.8238922953605652
0.8154795169830322
0.8160403966903687
0.8143578171730042
0.8149186968803406
0.8177229166030884
0.8048233389854431
0.8143578171730042
0.8126752376556396
0.8137969970703125
0.8104318380355835
0.8081884384155273
0.8182837963104248
0.8149186968803406
0.8109927177429199
0.8042624592781067
0.8132361173629761
0.8081884384155273
0.8160403966903687
0.8177229166030884
0.8137969970703125
0.8143578171730042
0.8070667386054993
0.812114417552948
0.8160403966903687
0.8137969970703125
0.820527195930481
0.8115535378456116
0.8070667386054993
0.7997756600379944
0.8137969970703125
0.8087493181228638
0.812114417552948
0.8126752376556396
0.8132361173629761
0.8222097754478455
0.8087493181228638
0.8065059185028076
0.8098710179328918
0.8081884384155273
0.812114417552948
0.8087493181228638
0.8031407594680786
0.8020190596580505
0.812114417552948
0.8171620965003967
0.8104318380355835
0.8093101382255554
0.8177229166030884
0.8070667386054993
0.8093101382255554
0.8081884384155273
0.8143578171730042
0.812114417552948
0.8154795169830322
0.8070667386054993
0.8098710179328918
0.8042624592781067
0.8149186968803406
0.8081884384155273
0.8104318380355835
0.8109927177429199
0.8093101382255554
0.8098710179328918
0.812114417552948
0.8132361173629761
0.8177229166030884
0.8171620965003967
0.8149186968803406
0.821648895740509
0.8132361173629761
0.8137969970703125
0.8143578171730042
0.8087493181228638
0.8154795169830322
0.8076276183128357
0.8199663758277893
0.8160403966903687
0.8233314752578735
0.8104318380355835
0.8154795169830322
0.8194054961204529
0.8143578171730042
0.8115535378456116
0.8149186968803406
0.8109927177429199
0.821648895740509
0.8132361173629761
0.8093101382255554
0.820527195930481
0.8132361173629761
0.8143578171730042
0.8188446164131165
0.8177229166030884
0.8132361173629761
0.8222097754478455
0.8115535378456116
0.8065059185028076
0.8132361173629761
0.8166012167930603
0.8115535378456116
0.8149186968803406
0.8182837963104248
0.8115535378456116
0.8081884384155273
0.8182837963104248
0.820527195930481
0.8093101382255554
0.8109927177429199
0.8182837963104248
0.8081884384155273
0.8149186968803406
0.8160403966903687
0.8115535378456116
0.8081884384155273
0.8126752376556396
0.8177229166030884
0.8227705955505371
0.8194054961204529
0.8177229166030884
0.8160403966903687
0.8132361173629761
0.8098710179328918
0.8171620965003967
0.8199663758277893
0.8104318380355835
0.8143578171730042
0.8126752376556396
0.8132361173629761
0.8104318380355835
0.8143578171730042
0.8132361173629761
0.8154795169830322
0.8222097754478455
0.8087493181228638
0.8171620965003967
0.8166012167930603
0.8115535378456116
0.803701639175415
0.8104318380355835
0.8149186968803406
0.8166012167930603
0.8154795169830322
0.8104318380355835
0.8199663758277893
0.8149186968803406
0.8115535378456116
0.8177229166030884
0.8154795169830322
0.8149186968803406
0.8098710179328918
0.8081884384155273
0.8065059185028076
0.8166012167930603
0.821648895740509
0.8132361173629761
0.8250139951705933
0.8115535378456116
0.8104318380355835
0.8222097754478455
0.8199663758277893
0.8160403966903687
0.8182837963104248
0.8188446164131165
0.812114417552948
0.812114417552948
0.8171620965003967
0.8233314752578735
0.8160403966903687
0.812114417552948
0.8109927177429199
0.8238922953605652
0.8210880756378174
0.8109927177429199
0.812114417552948
0.8160403966903687
0.8137969970703125
0.8126752376556396
0.8188446164131165
0.8137969970703125
0.8093101382255554
0.8137969970703125
0.8154795169830322
0.8182837963104248
0.8194054961204529
0.8093101382255554
0.812114417552948
0.8261357545852661
0.8171620965003967
0.8081884384155273
0.8048233389854431
0.8132361173629761
0.8160403966903687
0.8137969970703125
0.8188446164131165
0.8076276183128357
0.8008973598480225
0.8109927177429199
0.8081884384155273
0.8137969970703125
0.8070667386054993
0.8199663758277893
0.812114417552948
0.812114417552948
0.8149186968803406
0.8160403966903687
0.8126752376556396
0.8199663758277893
0.8081884384155273
0.8098710179328918
0.8098710179328918
0.8076276183128357
0.8126752376556396
0.8166012167930603
0.8137969970703125
0.8166012167930603
0.820527195930481
0.8160403966903687
0.8065059185028076
0.812114417552948
0.8188446164131165
0.8166012167930603
0.8132361173629761
0.8160403966903687
0.8093101382255554
0.8070667386054993
0.8137969970703125
0.8149186968803406
0.8222097754478455
0.8166012167930603
0.8126752376556396
0.8166012167930603
0.8188446164131165
0.8182837963104248
0.8093101382255554
