0.6610046029090881
0.6269688010215759
0.6023593544960022
0.5797384977340698
0.5644782185554504
0.5366657376289368
0.5438482165336609
0.5337235331535339
0.5175028443336487
0.5151740908622742
0.5035046339035034
0.49608513712882996
0.479835569858551
0.482241690158844
0.47906294465065
0.46605992317199707
0.466289758682251
0.4541949927806854
0.4444623291492462
0.44828104972839355
0.4503859877586365
0.43600547313690186
0.4401078522205353
0.4332799017429352
0.4379917085170746
0.43040236830711365
0.43336719274520874
0.44036298990249634
0.4172634482383728
0.42839980125427246
0.4306158423423767
0.42176106572151184
0.42232823371887207
0.4241737425327301
0.4253349006175995
0.4148413836956024
0.42034444212913513
0.41211235523223877
0.4216751158237457
0.41612622141838074
0.41005581617355347
0.41274935007095337
0.42392778396606445
0.41655898094177246
0.414518803358078
0.4150484502315521
0.415803998708725
0.41900211572647095
0.419651061296463
0.4092092514038086
0.4209606945514679
0.4132789969444275
0.4159912168979645
0.4117487072944641
0.4064473509788513
0.41231247782707214
0.4155382513999939
0.41030141711235046
0.4074150025844574
0.41575556993484497
0.412902295589447
0.41611137986183167
0.41189104318618774
0.4042104184627533
0.4094706177711487
0.4041454792022705
0.40496131777763367
0.4076297879219055
0.4082459807395935
0.40529993176460266
0.41110265254974365
0.4093818664550781
0.4072284698486328
0.407492071390152
0.4120774269104004
0.407119482755661
0.4134429693222046
0.4095487594604492
0.4132881164550781
0.4073474407196045
0.40568044781684875
0.40282899141311646
0.40910622477531433
0.4036095142364502
0.40791645646095276
0.408098042011261
0.4041898548603058
0.3998362123966217
0.4026716947555542
0.40735989809036255
0.3973551392555237
0.4072325825691223
0.402360200881958
0.416869580745697
0.4115009307861328
0.40175533294677734
0.4028055667877197
0.40123414993286133
0.410509318113327
0.4002006947994232
0.408117413520813
0.4092911183834076
0.4077741801738739
0.40491095185279846
0.3984642028808594
0.3936309218406677
0.4046596586704254
0.4040934145450592
0.401138573884964
0.39234659075737
0.396936297416687
0.3987948000431061
0.40113961696624756
0.39215174317359924
0.3997254967689514
0.406681627035141
0.4010733962059021
0.4087821841239929
0.39601874351501465
0.40200337767601013
0.40543851256370544
0.396769255399704
0.4030836224555969
0.40123847126960754
0.4035746455192566
0.4058522880077362
0.3970676064491272
0.40322449803352356
0.3947533071041107
0.399580180644989
0.3953331410884857
0.3971387445926666
0.3978523910045624
0.39526039361953735
0.39518702030181885
0.40409302711486816
0.3992376923561096
0.40471217036247253
0.40238961577415466
0.38819655776023865
0.4001748263835907
0.4023498296737671
0.4016922414302826
0.406201034784317
0.40212324261665344
0.3966439962387085
0.403067022562027
0.3915922939777374
0.40567949414253235
0.3967900276184082
0.39964693784713745
0.3999199867248535
0.39930886030197144
0.39428189396858215
0.39623257517814636
0.39373117685317993
0.3951418995857239
0.4019726812839508
0.39332258701324463
0.3898615539073944
0.40166527032852173
0.3977932035923004
0.4015210270881653
0.3949389159679413
0.39655813574790955
0.39848583936691284
0.39723554253578186
0.4005650579929352
0.39669761061668396
0.399297297000885
0.39553728699684143
0.3968365490436554
0.3974989652633667
0.39715689420700073
0.39997291564941406
0.3917955160140991
0.3970283567905426
0.39859554171562195
0.38559046387672424
0.39131245017051697
0.39799392223358154
0.3943478763103485
0.3973084092140198
0.3897029757499695
0.40228748321533203
0.38959068059921265
0.3889029026031494
0.3989941477775574
0.4002974331378937
0.40097135305404663
0.39456188678741455
0.3899644911289215
0.38739013671875
0.40105852484703064
0.38965529203414917
0.3927968442440033
0.3934515118598938
0.38471683859825134
0.39648663997650146
0.3959495425224304
0.3844606876373291
0.39732614159584045
0.3950273096561432
0.39801010489463806
0.39968815445899963
0.4013006389141083
0.3917648196220398
0.38333722949028015
0.39976903796195984
0.3866971433162689
0.3982696831226349
0.3949235677719116
0.3944874703884125
0.39154285192489624
0.39695191383361816
0.4042336344718933
0.3797658085823059
0.3966531753540039
0.3858458995819092
0.3886001706123352
0.4001941978931427
0.39042338728904724
0.40694621205329895
0.39011627435684204
0.39285552501678467
0.38612040877342224
0.3883729577064514
0.40280213952064514
0.3966706693172455
0.38547658920288086
0.38725870847702026
0.3900163173675537
0.391476035118103
0.3933115005493164
0.39785680174827576
0.38912808895111084
0.39236968755722046
0.3950345516204834
0.3827730417251587
0.39883968234062195
0.39131495356559753
0.3944796919822693
0.39047083258628845
0.3908454477787018
0.3889464735984802
0.38865262269973755
0.3961178958415985
0.39437881112098694
0.3964186906814575
0.3986455202102661
0.3882594406604767
0.3957420587539673
0.3998168706893921
0.3977912366390228
0.3910773694515228
0.38943761587142944
0.39423835277557373
0.3913700580596924
0.3902781009674072
0.38344496488571167
0.3960084617137909
0.39372220635414124
0.3907391428947449
0.38962316513061523
0.3859374225139618
0.3889370262622833
0.3933223783969879
0.3989969789981842
0.3971653878688812
0.38038167357444763
0.3915257453918457
0.39385300874710083
0.38805848360061646
0.3979833126068115
0.39397531747817993
0.3970660865306854
0.39935553073883057
0.3962758481502533
0.3928230106830597
0.39161771535873413
0.3907721936702728
0.3874434232711792
0.3871344029903412
0.3940294086933136
0.39950528740882874
0.3881549835205078
0.4020231068134308
0.3876926004886627
0.3900128901004791
0.3896731734275818
0.3932601809501648
0.39195021986961365
0.38823556900024414
0.3936203718185425
0.3879775404930115
0.392594575881958
0.38355398178100586
0.3874978721141815
0.388322114944458
0.3886726498603821
0.39829137921333313
0.3917768597602844
0.39099735021591187
0.3888891041278839
0.39552170038223267
0.38390567898750305
0.39812397956848145
0.4021279811859131
0.3929172158241272
0.3886580467224121
0.39373549818992615
0.398397833108902
0.3882138133049011
0.3893790543079376
0.38736093044281006
0.3928658068180084
0.39253827929496765
0.3833620846271515
0.3904202878475189
0.38576531410217285
0.3894125521183014
0.39131829142570496
0.3928002417087555
0.37770599126815796
0.4039309322834015
0.3858395218849182
0.39688897132873535
0.39350810647010803
0.39061737060546875
0.3885859549045563
0.3903208374977112
0.392340749502182
0.3936194181442261
0.39419957995414734
0.3935512900352478
0.38912808895111084
0.39172595739364624
0.3893439471721649
0.39154911041259766
0.3929559290409088
0.38566136360168457
0.38295838236808777
0.3898727595806122
0.3909050226211548
0.38655558228492737
0.38907691836357117
0.38789087533950806
0.39359623193740845
0.398021399974823
0.3944428265094757
0.39245885610580444
0.3891507685184479
0.3896713852882385
0.38963907957077026
0.3970189690589905
0.39159244298934937
0.4013674557209015
0.3931978642940521
0.39278167486190796
0.39030250906944275
0.3943959176540375
0.387783020734787
0.389638215303421
0.38131290674209595
0.3949721157550812
0.39069119095802307
0.3914485573768616
0.37992429733276367
0.38743528723716736
0.39228981733322144
0.3993052840232849
0.38833045959472656
0.3903566896915436
0.389586865901947
0.38550662994384766
0.3874471187591553
0.3897375464439392
0.3927542567253113
0.3925122320652008
0.38932710886001587
0.39513736963272095
0.39238953590393066
0.3952561020851135
0.3927186131477356
0.38292333483695984
0.3932197690010071
0.38766276836395264
0.3965352773666382
0.3892810344696045
0.3863246738910675
0.38669225573539734
0.384033739566803
0.39369839429855347
0.3809056878089905
0.3943120837211609
0.3912634253501892
0.3895421028137207
0.39836499094963074
0.38857102394104004
0.3837674856185913
0.3857361376285553
0.39212217926979065
0.3947620689868927
0.3854410648345947
0.38854730129241943
0.3917538523674011
0.395393431186676
0.3909420967102051
0.394277423620224
0.3952261209487915
0.3940228521823883
0.3805754482746124
0.3892247974872589
0.39515039324760437
0.38055703043937683
0.3925432860851288
0.3884514570236206
0.38548704981803894
0.3817283511161804
0.38964328169822693
0.4037848711013794
0.38776496052742004
0.3900238573551178
0.3893946409225464
0.38410285115242004
0.4018571674823761
0.381697416305542
0.3833703100681305
0.38361695408821106
0.3855563998222351
0.3932645618915558
0.3994654417037964
0.3930242359638214
0.387322336435318
0.390023797750473
0.3853464722633362
0.39173009991645813
0.3950323462486267
0.3962145745754242
0.3807275593280792
0.39559972286224365
0.38297733664512634
0.3898073732852936
0.3830256462097168
0.3862146735191345
0.3927307724952698
0.3895625174045563
0.39039742946624756
0.3918791115283966
0.3967209756374359
0.38999003171920776
0.39977383613586426
0.3902699947357178
0.39631298184394836
0.39021027088165283
0.38334187865257263
0.3959962725639343
0.3888491690158844
0.3791254162788391
0.3851751387119293
0.38332927227020264
0.38519129157066345
0.3835170865058899
0.3816283345222473
0.3900434076786041
0.3838551938533783
0.387827605009079
0.3952839970588684
0.3920975923538208
0.38396182656288147
0.3898541033267975
0.3858981728553772
0.3908800482749939
0.38933685421943665
0.38129401206970215
0.3931918740272522
0.3791988492012024
0.3811439871788025
0.39116811752319336
0.3823467493057251
0.38867777585983276
0.39101463556289673
0.3939098119735718
0.3890702426433563
0.3841780722141266
0.39739367365837097
0.3940359652042389
0.39270567893981934
0.3919644057750702
0.3914382755756378
0.3874604105949402
0.3798760771751404
0.39273545145988464
0.39626556634902954
0.3927057981491089
0.39384549856185913
0.39401835203170776
0.39181286096572876
0.4013281762599945
0.38577190041542053
0.3852979242801666
0.39157262444496155
0.3862776756286621
0.3851228654384613
0.39796656370162964
0.39410004019737244
0.38592538237571716
0.3830149173736572
0.3850129246711731
0.4008494019508362
0.3826581537723541
0.38467344641685486
0.3806721568107605
0.38371217250823975
0.3958662748336792
0.3886725604534149
0.385023295879364
0.3898577094078064
0.39272341132164
0.3876577615737915
0.3988845646381378
0.3815416395664215
0.3868037164211273
0.3926352858543396
0.387726366519928
0.3864370286464691
0.3853969871997833
0.3854789733886719
0.38813820481300354
0.38424456119537354
0.3952344059944153
0.39235085248947144
0.3878627419471741
0.39524540305137634
0.3941461145877838
0.38790902495384216
0.39033451676368713
0.389267235994339
0.38205790519714355
0.39256376028060913
0.38984784483909607
0.3906465768814087
0.3807887136936188
0.38513901829719543
0.3904828727245331
0.39107900857925415
0.3790404796600342
0.3927290737628937
0.38474369049072266
0.38539010286331177
0.38744837045669556
0.37899863719940186
0.3819398283958435
0.3885626196861267
0.3882673382759094
0.3830205798149109
0.3929263949394226
0.3943382799625397
0.3868411183357239
0.39232543110847473
0.38413381576538086
0.39185214042663574
0.38278722763061523
0.38785243034362793
0.4006473422050476
0.3904851973056793
0.3885786235332489
0.3914802074432373
0.38997524976730347
0.39198601245880127
0.38486114144325256
0.38240373134613037
0.38199931383132935
0.3942296802997589
0.38561731576919556
0.38990655541419983
0.386029452085495
0.38549959659576416
0.3873283863067627
0.3868357837200165
0.3860771656036377
0.3945859670639038
0.3902755081653595
0.3860020637512207
0.3913063704967499
0.3860207796096802
0.3910709619522095
0.3957800567150116
0.3788850009441376
0.3940068185329437
0.3945935368537903
0.3832874298095703
0.38750872015953064
0.3892517387866974
0.3807789981365204
0.3832215964794159
0.390330970287323
0.38897836208343506
0.3896288275718689
0.3912753462791443
0.3805113136768341
0.3895895183086395
0.3856739401817322
0.3831612169742584
0.38380488753318787
0.3802022933959961
0.38467681407928467
0.39070674777030945
0.39402180910110474
0.39193785190582275
0.38667067885398865
0.3864409029483795
0.38306039571762085
0.38707709312438965
0.38791149854660034
0.38691040873527527
0.388480544090271
0.3793363571166992
0.3937125504016876
0.38607895374298096
0.38668516278266907
0.3813353180885315
0.39594537019729614
0.38835301995277405
0.3898659348487854
0.3816905617713928
0.3861602544784546
0.379332959651947
0.3869854807853699
0.38932985067367554
0.38988402485847473
0.3869210183620453
0.39357733726501465
0.3850599229335785
0.3908978998661041
0.3923141658306122
0.38703951239585876
0.38959699869155884
0.3858940005302429
0.3935267925262451
0.385816365480423
0.3871678411960602
0.3882756531238556
0.3889123499393463
0.3846694231033325
0.3796061873435974
0.3869248032569885
0.39160603284835815
0.39537888765335083
0.38055166602134705
0.39340928196907043
0.3840358257293701
0.3825337886810303
0.3853592574596405
0.38416141271591187
0.39620640873908997
0.38223978877067566
0.3834229111671448
0.3915531635284424
0.3914368748664856
0.3794378340244293
0.37941476702690125
0.3885778784751892
0.3871676027774811
0.39432618021965027
0.3869326710700989
0.38660553097724915
0.3816811442375183
0.38727372884750366
0.3901156187057495
0.3921787440776825
0.3842637538909912
0.3853764235973358
0.38795825839042664
0.3876052796840668
0.3903207778930664
0.3866346478462219
0.3863565921783447
0.38688915967941284
0.3885071575641632
0.39247986674308777
0.3908160924911499
0.38133594393730164
0.3888140320777893
0.3887009918689728
0.3869244456291199
0.3877280056476593
0.3944014310836792
0.3869023025035858
0.39144963026046753
0.3911423683166504
0.3960149884223938
0.38889533281326294
0.38355645537376404
0.39044779539108276
0.3837987780570984
0.39664360880851746
0.39337801933288574
0.38620904088020325
0.3838563859462738
0.38171449303627014
0.39272433519363403
0.3942212760448456
0.3899424970149994
0.3843342959880829
0.38544967770576477
0.38121265172958374
0.3885277211666107
0.3941681981086731
0.38500332832336426
0.38317546248435974
0.3869607746601105
0.3891535699367523
0.3854103684425354
0.3829983174800873
0.3827020227909088
0.3816317021846771
0.3886718153953552
0.3849497437477112
0.38481128215789795
0.38510051369667053
0.38637104630470276
0.38931360840797424
0.3914031982421875
0.38290029764175415
0.3937129080295563
0.3865202069282532
0.38742953538894653
0.38925236463546753
0.3821672201156616
0.3972257971763611
0.3869251608848572
0.37927836179733276
0.3822399079799652
0.3807879686355591
0.37818658351898193
0.388472318649292
0.3894515931606293
0.384204238653183
0.38401156663894653
0.38919565081596375
0.39551112055778503
0.391263872385025
0.38541826605796814
0.39118245244026184
0.3887929618358612
0.39043959975242615
0.39015331864356995
0.38308003544807434
0.3870372176170349
0.3865923285484314
0.38529172539711
0.3846418559551239
0.38927480578422546
0.38283056020736694
0.38390833139419556
0.3888753056526184
0.389925092458725
0.382325142621994
0.40079018473625183
0.3908354640007019
0.3799907863140106
0.3833116888999939
0.39557570219039917
0.3813607394695282
0.39567428827285767
0.38204753398895264
0.39060893654823303
0.3877425789833069
0.3907700777053833
0.3804451823234558
0.3850952386856079
0.3774992525577545
0.38144972920417786
0.3846316635608673
0.38758355379104614
0.3905775249004364
0.3983829915523529
0.3805975019931793
0.38224881887435913
0.3844856917858124
0.39005595445632935
0.3819164037704468
0.39657530188560486
0.3906426727771759
0.37965691089630127
0.38836273550987244
0.3873043954372406
0.3929615318775177
0.3835623264312744
0.3828456997871399
0.3877393901348114
0.3922748565673828
0.3827420473098755
0.3952741026878357
0.38750025629997253
0.38369807600975037
0.38642585277557373
0.3852013349533081
0.38840749859809875
0.3876940608024597
0.3840189278125763
0.3875542879104614
0.3784176707267761
0.3905099332332611
0.38847842812538147
0.3818754553794861
0.39573729038238525
0.3936314582824707
0.39319470524787903
0.38201606273651123
0.3861612379550934
0.3940526247024536
0.38374146819114685
0.3898300230503082
0.38462966680526733
0.3958108425140381
