1.0840277671813965
0.8737967014312744
0.7606967687606812
0.7169236540794373
0.6971288323402405
0.6768515110015869
0.6631866693496704
0.6518306732177734
0.649987518787384
0.641139030456543
0.6305808424949646
0.6256310343742371
0.622267484664917
0.6110091805458069
0.6094749569892883
0.6023330092430115
0.6025541424751282
0.5918494462966919
0.5883217453956604
0.5862900614738464
0.5827839374542236
0.5749498009681702
0.5752562284469604
0.5686023235321045
0.5650048851966858
0.5606142282485962
0.557105541229248
0.5533690452575684
0.552967369556427
0.5480785369873047
0.5429938435554504
0.538532018661499
0.5417128205299377
0.5364183187484741
0.534547746181488
0.5345126986503601
0.5332419872283936
0.5296027660369873
0.5290000438690186
0.5234555602073669
0.5241581797599792
0.5205263495445251
0.5180328488349915
0.5134039521217346
0.5180442333221436
0.5136887431144714
0.5057072639465332
0.5113649368286133
0.5101335048675537
0.5080488920211792
0.5088112354278564
0.5075536370277405
0.5079643130302429
0.5020207762718201
0.5099560022354126
0.4996936023235321
0.4983653426170349
0.5057966113090515
0.49777093529701233
0.5052972435951233
0.4988938271999359
0.5008346438407898
0.49798038601875305
0.4970017373561859
0.49699100852012634
0.493598610162735
0.49885591864585876
0.4961656630039215
0.4919095039367676
0.49004295468330383
0.4978529214859009
0.4911572337150574
0.4939047396183014
0.48741117119789124
0.488452285528183
0.48297879099845886
0.49302539229393005
0.4830732047557831
0.49040576815605164
0.47979918122291565
0.49050140380859375
0.48466333746910095
0.4941486716270447
0.4854360818862915
0.4819049537181854
0.48463183641433716
0.47497397661209106
0.47837013006210327
0.48172029852867126
0.4760492444038391
0.4659471809864044
0.48321840167045593
0.4789215326309204
0.4822580814361572
0.48261114954948425
0.46733930706977844
0.47104471921920776
0.4679509401321411
0.4713224470615387
0.4678723216056824
0.464226096868515
0.4624492824077606
0.46959590911865234
0.47408777475357056
0.46772369742393494
0.4664698541164398
0.4596484899520874
0.4660276174545288
0.4604882299900055
0.4677031934261322
0.4609079360961914
0.46763649582862854
0.45948249101638794
0.47154831886291504
0.4630361497402191
0.46754908561706543
0.46336373686790466
0.459788978099823
0.44670265913009644
0.4647587239742279
0.46193626523017883
0.4623490571975708
0.45571383833885193
0.4635344445705414
0.4765498638153076
0.4710477590560913
0.45183372497558594
0.4619382321834564
0.4639105498790741
0.4624654948711395
0.450462281703949
0.4562890827655792
0.4568658173084259
0.460068941116333
0.45286211371421814
0.4565689265727997
0.4631633162498474
0.45346203446388245
0.4574376046657562
0.44620567560195923
0.46650928258895874
0.4533986747264862
0.44885286688804626
0.44090309739112854
0.45513591170310974
0.46337273716926575
0.44982272386550903
0.45331263542175293
0.44429248571395874
0.45047178864479065
0.44745081663131714
0.45743492245674133
0.4599919617176056
0.4478924870491028
0.45796364545822144
0.4511759877204895
0.452035129070282
0.43504610657691956
0.4438633918762207
0.4602285921573639
0.4513232111930847
0.45418816804885864
0.45793667435646057
0.44708478450775146
0.4432121217250824
0.44907262921333313
0.4453105926513672
0.4449698030948639
0.4431391954421997
0.44837668538093567
0.4494190812110901
0.4425767958164215
0.4507831335067749
0.44156959652900696
0.44201818108558655
0.4411880671977997
0.4476871192455292
0.4397822916507721
0.43132808804512024
0.4424417316913605
0.4347081184387207
0.4274178445339203
0.4435272216796875
0.43543916940689087
0.4438651204109192
0.43558841943740845
0.43463775515556335
0.4474533200263977
0.4295303225517273
0.44092145562171936
0.42967697978019714
0.44011688232421875
0.4349026381969452
0.43701016902923584
0.4324110150337219
0.4512207508087158
0.43384358286857605
0.43263906240463257
0.43493127822875977
0.43511372804641724
0.4298303723335266
0.43068408966064453
0.4314379096031189
0.42941224575042725
0.43509089946746826
0.43333446979522705
0.42792874574661255
0.4312218427658081
0.4204259514808655
0.4189835488796234
0.4207035005092621
0.4266148507595062
0.4240085482597351
0.42456477880477905
0.41986531019210815
0.423545777797699
0.4220137894153595
0.4225941002368927
0.4284054934978485
0.4284760653972626
0.427688330411911
0.42311224341392517
0.4208665192127228
0.429133802652359
0.4263414144515991
0.4257701635360718
0.4169553220272064
0.4154624044895172
0.4298263192176819
0.4348439872264862
0.43169355392456055
0.42989251017570496
0.43850022554397583
0.415807843208313
0.42278149724006653
0.4226212501525879
0.4272632896900177
0.4161805808544159
0.4157599210739136
0.42508846521377563
0.4205142855644226
0.427071750164032
0.4162966310977936
0.41350993514060974
0.4069351255893707
0.4223547577857971
0.4187289774417877
0.42157813906669617
0.418927401304245
0.42278292775154114
0.41651901602745056
0.42480698227882385
0.4105038046836853
0.4168247580528259
0.41771629452705383
0.4162074625492096
0.4223061203956604
0.4169503450393677
0.414186030626297
0.428494930267334
0.41939154267311096
0.42005690932273865
0.4168703854084015
0.4105749726295471
0.4274246096611023
0.41095563769340515
0.4052247703075409
0.4160892367362976
0.4090462327003479
0.4170590043067932
0.41405296325683594
0.41770195960998535
0.40692415833473206
0.41329941153526306
0.4207463562488556
0.4143202304840088
0.42667078971862793
0.41347813606262207
0.4118904173374176
0.40115097165107727
0.4060809314250946
0.42264366149902344
0.41886815428733826
0.4157768189907074
0.4115614891052246
0.40991902351379395
0.40840208530426025
0.4046403169631958
0.4103519320487976
0.402018278837204
0.41900014877319336
0.40083351731300354
0.41594138741493225
0.4185169041156769
0.409976601600647
0.40877342224121094
0.4140019714832306
0.4154166281223297
0.4055308997631073
0.4139774441719055
0.4226481020450592
0.4153674840927124
0.41767627000808716
0.4112215042114258
0.40643471479415894
0.41655802726745605
0.4148002564907074
0.41578227281570435
0.41316720843315125
0.40930649638175964
0.4061093032360077
0.4194841980934143
0.417270690202713
0.4063909649848938
0.407053142786026
0.41243091225624084
0.412554532289505
0.40427640080451965
0.39943692088127136
0.41375941038131714
0.4012928605079651
0.4108656048774719
0.4150599539279938
0.41729041934013367
0.4073226749897003
0.40599438548088074
0.4066699743270874
0.4048745036125183
0.4081835448741913
0.4000612795352936
0.41530653834342957
0.4119453430175781
0.4042431712150574
0.4020545482635498
0.4089460074901581
0.40319177508354187
0.41078850626945496
0.3993670344352722
0.41353094577789307
0.405413955450058
0.41227981448173523
0.40450090169906616
0.40443122386932373
0.3995790481567383
0.40287312865257263
0.4012278616428375
0.40796127915382385
0.40172696113586426
0.40427839756011963
0.419973224401474
0.40676748752593994
0.4093336760997772
0.4088616967201233
0.40666595101356506
0.40351536870002747
0.40486592054367065
0.4105701148509979
0.40534165501594543
0.4084233045578003
0.39226970076560974
0.3999675214290619
0.40482568740844727
0.4116283059120178
0.407787948846817
0.4051811397075653
0.40748322010040283
0.4048278033733368
0.40839144587516785
0.41078677773475647
0.39354562759399414
0.4088152348995209
0.4111906588077545
0.39866599440574646
0.4015878140926361
0.4035995602607727
0.40059322118759155
0.39972808957099915
0.40321993827819824
0.4035002291202545
0.40669918060302734
0.40763983130455017
0.4076005518436432
0.4030199944972992
0.40643277764320374
0.40393686294555664
0.40343090891838074
0.4020313620567322
0.3973677456378937
0.4068354666233063
0.40339237451553345
0.40257272124290466
0.3974136710166931
0.4050118327140808
0.40015703439712524
0.39129751920700073
0.3998950719833374
0.41002458333969116
0.41614222526550293
0.4117336571216583
0.4001676142215729
0.40581440925598145
0.40122056007385254
0.40317755937576294
0.39993950724601746
0.39947348833084106
0.401809424161911
0.39647915959358215
0.3949356973171234
0.40453046560287476
0.408491313457489
0.39474037289619446
0.4026181101799011
0.3926856517791748
0.39675024151802063
0.3950253129005432
0.40933552384376526
0.40296369791030884
0.3960573673248291
0.4020163118839264
0.3991350531578064
0.3918282389640808
0.3938148021697998
0.40350425243377686
0.4114680886268616
0.40847477316856384
0.4082208275794983
0.4003394842147827
0.39893656969070435
0.39568614959716797
0.3864658772945404
0.4051469564437866
0.39681655168533325
0.3963415324687958
0.4090217649936676
0.4049081802368164
0.3973734378814697
0.40145283937454224
0.4108670651912689
0.41583022475242615
0.4025110602378845
0.4040209650993347
0.40154728293418884
0.40649744868278503
0.3988370895385742
0.3923833668231964
0.39534085988998413
0.4007250964641571
0.4042125940322876
0.41057369112968445
0.39112770557403564
0.39903026819229126
0.4033661186695099
0.39777693152427673
0.4037473499774933
0.4020150303840637
0.3927449584007263
0.4034285545349121
0.39170512557029724
0.40246474742889404
0.39963477849960327
0.4085906147956848
0.3991380035877228
0.3932661712169647
0.3933504819869995
0.39538025856018066
0.39195308089256287
0.39735397696495056
0.39608168601989746
0.39815881848335266
0.3982986509799957
0.39875078201293945
0.40767115354537964
0.3988349437713623
0.3977050483226776
0.39225733280181885
0.4037393629550934
0.4082818031311035
0.38926658034324646
0.4053448438644409
0.40121030807495117
0.4056895673274994
0.4057537913322449
0.40842315554618835
0.3972708284854889
0.41003280878067017
0.3959067463874817
0.3998362123966217
0.39563894271850586
0.3915758430957794
0.40329569578170776
0.4048170745372772
0.3933909833431244
0.40928521752357483
0.40226149559020996
0.39836564660072327
0.40426018834114075
0.4064178764820099
0.402511328458786
0.40136006474494934
0.4070933759212494
0.40014052391052246
0.3932531177997589
0.40201500058174133
0.39106452465057373
0.40204256772994995
0.3996793031692505
0.4009264409542084
0.4006059467792511
0.39086681604385376
0.4016055762767792
0.4035947620868683
0.4061061441898346
0.40055322647094727
0.3969038128852844
0.4108038544654846
0.40894952416419983
0.4008052945137024
0.4050764739513397
0.392267107963562
0.3970194458961487
0.39726054668426514
0.3949350416660309
0.40747734904289246
0.3918149173259735
0.39370813965797424
0.4028775990009308
0.39472609758377075
0.4113643169403076
0.3973102271556854
0.40114715695381165
0.3943774104118347
0.40470385551452637
0.3937029242515564
0.392328679561615
0.400155633687973
0.39053380489349365
0.3987477719783783
0.4035121500492096
0.398296594619751
0.4019825756549835
0.40129056572914124
0.38917115330696106
0.3951311707496643
0.40748995542526245
0.3936830461025238
0.39611881971359253
0.39551135897636414
0.3972667455673218
0.40142595767974854
0.4010750651359558
0.3964533507823944
0.3982640504837036
0.39551544189453125
0.38758933544158936
0.4057101309299469
0.39315447211265564
0.40774181485176086
0.395455002784729
0.39749592542648315
0.39924582839012146
0.3909875750541687
0.3896706998348236
0.3955973982810974
0.3955751359462738
0.3965337574481964
0.39362332224845886
0.4045870900154114
0.39649102091789246
0.3938528597354889
0.3900768458843231
0.3993867337703705
0.39794719219207764
0.4032646417617798
0.3977738618850708
0.39723455905914307
0.39220568537712097
0.4014092981815338
0.39700543880462646
0.4006839096546173
0.39550870656967163
0.4074508845806122
0.3936261534690857
0.4010806381702423
0.3943510949611664
0.4085666537284851
0.39487481117248535
0.3949967324733734
0.39164209365844727
0.40416499972343445
0.3910848796367645
0.39893561601638794
0.3994060456752777
0.40652117133140564
0.3978935182094574
0.39723339676856995
0.39374086260795593
0.4065864086151123
0.3944381773471832
0.39565059542655945
0.3944300711154938
0.397637277841568
0.40677377581596375
0.39673665165901184
0.39768436551094055
0.3956630527973175
0.39204373955726624
0.39828431606292725
0.3890063762664795
0.401446133852005
0.39380714297294617
0.3983299136161804
0.40203696489334106
0.4027021527290344
0.39579546451568604
0.3963669240474701
0.3977030813694
0.3916056454181671
0.39979150891304016
0.39377111196517944
0.39786702394485474
0.4028865694999695
0.39119425415992737
0.38485655188560486
0.39169490337371826
0.39879310131073
0.3969463109970093
0.4024568498134613
0.3946780264377594
0.40221577882766724
0.40831923484802246
0.3958692252635956
0.4091029167175293
0.3913814127445221
0.39570364356040955
0.3849373757839203
0.3975871205329895
0.3861640393733978
0.38736826181411743
0.39502719044685364
0.3967718482017517
0.397591233253479
0.3941245675086975
0.39424750208854675
0.406995564699173
0.38888153433799744
0.3948444426059723
0.39488494396209717
0.39052003622055054
0.3919125497341156
0.39738646149635315
0.39815330505371094
0.389864444732666
0.3923560678958893
0.398941308259964
0.4048425257205963
0.40376704931259155
0.39378106594085693
0.39998894929885864
0.40772995352745056
0.4046485722064972
0.39750951528549194
0.39926978945732117
0.4003824293613434
0.3882260322570801
0.39967209100723267
0.40365126729011536
0.3957301080226898
0.3946167826652527
0.39994388818740845
0.39495235681533813
0.4072749614715576
0.3939618766307831
0.40424132347106934
0.39961883425712585
0.39932334423065186
0.40157073736190796
0.3959514796733856
0.40196332335472107
0.38775634765625
0.39559316635131836
0.3938879668712616
0.39608266949653625
0.390137255191803
0.40718168020248413
0.4025323987007141
0.3955875635147095
0.3964563012123108
0.3948015868663788
0.3948957622051239
0.401244580745697
0.4013611674308777
0.3999755084514618
0.3957568109035492
0.3993232846260071
0.3949732184410095
0.39938920736312866
0.39529117941856384
0.39468562602996826
0.3975036144256592
0.38508233428001404
0.3938879072666168
0.3989870548248291
0.3978062868118286
0.4047772288322449
0.40093380212783813
0.3980892598628998
0.4004313349723816
0.3963145911693573
0.39976710081100464
0.3872848451137543
0.39587172865867615
0.40051448345184326
0.3930712342262268
0.40311628580093384
0.3982410132884979
0.4077337682247162
0.3966066241264343
0.4012123644351959
0.3991776704788208
0.39902162551879883
0.39618268609046936
0.39746084809303284
0.38218435645103455
0.4032532572746277
0.4067405164241791
0.39819517731666565
0.4018077254295349
0.3947390019893646
0.3895324468612671
0.4052252769470215
0.3926224410533905
0.40076106786727905
0.3895232081413269
0.40401938557624817
0.3984774053096771
0.386002779006958
0.395849347114563
0.40498316287994385
