0.7023073434829712
0.6509809494018555
0.602059006690979
0.5848917961120605
0.5436869263648987
0.5123599171638489
0.5795484781265259
0.5614978075027466
0.5011643171310425
0.5159139037132263
0.5027518272399902
0.49327659606933594
0.5101674795150757
0.5084871053695679
0.4827984869480133
0.4804385006427765
0.491251140832901
0.4886881113052368
0.493761271238327
0.448724627494812
0.4558073580265045
0.43921226263046265
0.47460097074508667
0.48698925971984863
0.462737113237381
0.45652103424072266
0.4146982729434967
0.44393137097358704
0.4589989185333252
0.4353335201740265
0.4091642498970032
0.4502415955066681
0.42950737476348877
0.4259240925312042
0.441938579082489
0.42194175720214844
0.4376964569091797
0.4429382383823395
0.4241778254508972
0.4265492856502533
0.40808385610580444
0.4180089831352234
0.41307851672172546
0.3992888629436493
0.41465097665786743
0.408490926027298
0.4276544749736786
0.43606826663017273
0.40953126549720764
0.41640886664390564
0.4065861701965332
0.38782650232315063
0.4044768214225769
0.41678333282470703
0.40594571828842163
0.42584940791130066
0.4011472165584564
0.380531907081604
0.3888639807701111
0.3981560468673706
0.38666725158691406
0.4078243672847748
0.3790885806083679
0.37659838795661926
0.40757983922958374
0.39607861638069153
0.3542681336402893
0.3884128928184509
0.3864247798919678
0.40516397356987
0.38828083872795105
0.38314661383628845
0.35425132513046265
0.38028275966644287
0.3806622326374054
0.362050861120224
0.40314432978630066
0.38260164856910706
0.3611193299293518
0.3618776500225067
0.36389100551605225
0.3763991892337799
0.361198365688324
0.33678096532821655
0.3923584222793579
0.3619336485862732
0.35863378643989563
0.35832542181015015
0.36751312017440796
0.3469788432121277
0.3434397578239441
0.34969890117645264
0.3710917532444
0.37892675399780273
0.34287235140800476
0.36957064270973206
0.35305678844451904
0.3348282277584076
0.3338319659233093
0.33087798953056335
0.33675089478492737
0.3486303389072418
0.3304705321788788
0.3363554775714874
0.3497457504272461
0.34676504135131836
0.3303649127483368
0.354081928730011
0.3403911888599396
0.3326870799064636
0.3094010353088379
0.33921951055526733
0.3471081852912903
0.3256976902484894
0.34637707471847534
0.33867213129997253
0.32868632674217224
0.3443295359611511
0.30112403631210327
0.3605094850063324
0.3191201388835907
0.3361278772354126
0.3146611750125885
0.30536210536956787
0.29668286442756653
0.308409184217453
0.3164198696613312
0.3019372522830963
0.31414222717285156
0.32482290267944336
0.325971394777298
0.31493666768074036
0.2903185486793518
0.2981386184692383
0.3176661431789398
0.31120437383651733
0.3164527416229248
0.3152143955230713
0.3343169093132019
0.33760347962379456
0.30806827545166016
0.3065476715564728
0.30600279569625854
0.3224048614501953
0.29283884167671204
0.3217872679233551
0.30894267559051514
0.2928938865661621
0.3160475194454193
0.27994072437286377
0.31561291217803955
0.29260632395744324
0.2864546775817871
0.33537542819976807
0.3007887899875641
0.30397748947143555
0.3170504868030548
0.3011196553707123
0.27964839339256287
0.28658822178840637
0.27542874217033386
0.28716662526130676
0.32498836517333984
0.30606481432914734
0.2935243546962738
0.26908499002456665
0.27574339509010315
0.2946820855140686
0.28848689794540405
0.291463702917099
0.3110676407814026
0.28691235184669495
0.2719394862651825
0.2829418182373047
0.2819877862930298
0.30594974756240845
0.2666911482810974
0.28862226009368896
0.2895437180995941
0.2996797263622284
0.26219987869262695
0.2975258231163025
0.29136431217193604
0.2736020088195801
0.27076834440231323
0.3011859953403473
0.28799882531166077
0.3052498996257782
0.2924645245075226
0.2701338231563568
0.2773432731628418
0.28279536962509155
0.27168917655944824
0.2659575045108795
0.29600298404693604
0.2551301419734955
0.2693933844566345
0.29587364196777344
0.26647621393203735
0.2452787458896637
0.2963810861110687
0.2935563623905182
0.25186869502067566
0.24538834393024445
0.27308225631713867
0.2660163640975952
0.27596619725227356
0.2462010383605957
0.25707465410232544
0.27178284525871277
0.240751251578331
0.28456148505210876
0.28362593054771423
0.275860458612442
0.2845509648323059
0.27166953682899475
0.26268500089645386
0.27805474400520325
0.2524956464767456
0.26922541856765747
0.26600340008735657
0.26582303643226624
0.28455859422683716
0.2427632361650467
0.27824732661247253
0.256738543510437
0.2596898376941681
0.2647664546966553
0.25097745656967163
0.2845626175403595
0.2685791552066803
0.27966415882110596
0.25327521562576294
0.24156762659549713
0.2633422315120697
0.25008493661880493
0.22962906956672668
0.2670060396194458
0.2595909833908081
0.2589902877807617
0.22957299649715424
0.24348388612270355
0.2626318335533142
0.22628960013389587
0.28789108991622925
0.2613055109977722
0.2649102807044983
0.243471160531044
0.24834172427654266
0.26114845275878906
0.2190401703119278
0.24383659660816193
0.26820650696754456
0.25215935707092285
0.26172876358032227
0.22912532091140747
0.25061720609664917
0.26071226596832275
0.2664034068584442
0.2435436099767685
0.22812657058238983
0.23768869042396545
0.23186010122299194
0.2600889801979065
0.2564179301261902
0.22637821733951569
0.2488187849521637
0.25046515464782715
0.24475957453250885
0.2408846765756607
0.23567135632038116
0.25412601232528687
0.2273595631122589
0.22199255228042603
0.2271820306777954
0.22705857455730438
0.25188010931015015
0.2772725224494934
0.23687182366847992
0.24717892706394196
0.22441130876541138
0.2383275330066681
0.26594775915145874
0.23069551587104797
0.2512182593345642
0.22358782589435577
0.2805980145931244
0.27442020177841187
0.2449827492237091
0.2733117938041687
0.2154112011194229
0.23889672756195068
0.23001810908317566
0.2538708448410034
0.23664596676826477
0.23846955597400665
0.22532546520233154
0.22884586453437805
0.2341328114271164
0.24576914310455322
0.20415762066841125
0.2318429946899414
0.24336498975753784
0.23897577822208405
0.22573015093803406
0.23298285901546478
0.21878521144390106
0.26935848593711853
0.22401218116283417
0.24085001647472382
0.21542304754257202
0.2451832890510559
0.22679731249809265
0.1982111930847168
0.22913280129432678
0.23323480784893036
0.22420743107795715
0.255204439163208
0.22114156186580658
0.23842082917690277
0.24594520032405853
0.2308288812637329
0.2307814210653305
0.2100580334663391
0.22765320539474487
0.22080150246620178
0.24635036289691925
0.22798612713813782
0.22467127442359924
0.24826395511627197
0.21836978197097778
0.2174564152956009
0.2346121221780777
0.230045348405838
0.20564790070056915
0.24361355602741241
0.22103846073150635
0.22168536484241486
0.22428187727928162
0.22821740806102753
0.23368489742279053
0.20752285420894623
0.23405636847019196
0.21902237832546234
0.2018444538116455
0.251477986574173
0.2330217957496643
0.21368122100830078
0.20038138329982758
0.23261727392673492
0.2438971847295761
0.23410694301128387
0.22422796487808228
0.2198316603899002
0.20336760580539703
0.21546056866645813
0.20615321397781372
0.23229041695594788
0.28060460090637207
0.20659442245960236
0.24510833621025085
0.208200603723526
0.21476155519485474
0.23976090550422668
0.23560111224651337
0.2544754147529602
0.21697402000427246
0.23069913685321808
0.2015049159526825
0.22669070959091187
0.24435065686702728
0.23714619874954224
0.24217407405376434
0.21816660463809967
0.20460329949855804
0.20925192534923553
0.21123246848583221
0.22457537055015564
0.2278018444776535
0.21876537799835205
0.19894374907016754
0.2197951227426529
0.23750761151313782
0.23341232538223267
0.22153419256210327
0.23463276028633118
0.21786625683307648
0.20743846893310547
0.1785656213760376
0.24240779876708984
0.21905569732189178
0.25838834047317505
0.22158227860927582
0.23413223028182983
0.2409200221300125
0.23608629405498505
0.22485795617103577
0.21427267789840698
0.2397250086069107
0.22397615015506744
0.23318396508693695
0.23560355603694916
0.21816386282444
0.20821352303028107
0.22162361443042755
0.2140408307313919
0.19834452867507935
0.23619669675827026
0.21800276637077332
0.22366279363632202
0.23790468275547028
0.21149428188800812
0.1842372566461563
0.21714475750923157
0.22954730689525604
0.24120277166366577
0.21913933753967285
0.2531013488769531
0.20820553600788116
0.25948527455329895
0.18667493760585785
0.2416486293077469
0.1989932656288147
0.21635545790195465
0.2417554408311844
0.22161071002483368
0.19358347356319427
0.22679191827774048
0.19632159173488617
0.2075050324201584
0.2156825065612793
0.22035051882266998
0.23722374439239502
0.23183059692382812
0.22752884030342102
0.2629244327545166
0.212463840842247
0.25220295786857605
0.22135138511657715
0.1948646754026413
0.21802836656570435
0.21927005052566528
0.2000347524881363
0.23010404407978058
0.22049903869628906
0.17628704011440277
0.21044276654720306
0.20354744791984558
0.20796214044094086
0.2181226909160614
0.22411412000656128
0.22525550425052643
0.21733032166957855
0.19709280133247375
0.200218066573143
0.18154367804527283
0.2004586011171341
0.18740490078926086
0.24539607763290405
0.18837763369083405
0.20643498003482819
0.22995641827583313
0.18756097555160522
0.21236714720726013
0.1953236311674118
0.23914721608161926
0.2574484646320343
0.2168094664812088
0.20349356532096863
0.20648734271526337
0.21275357902050018
0.23974859714508057
0.22804425656795502
0.20275208353996277
0.2177986055612564
0.2186022251844406
0.20967493951320648
0.24650710821151733
0.21646977961063385
0.21239851415157318
0.20706363022327423
0.23427002131938934
0.23675113916397095
0.2026590257883072
0.22120891511440277
0.215404212474823
0.1713685691356659
0.22943511605262756
0.23530834913253784
0.2067076712846756
0.21492654085159302
0.20917369425296783
0.20917296409606934
0.19333045184612274
0.24684742093086243
0.21932478249073029
0.1956290900707245
0.2048467993736267
0.20040099322795868
0.19171489775180817
0.23116664588451385
0.23348763585090637
0.21338367462158203
0.1998264342546463
0.18816421926021576
0.1818705052137375
0.21656456589698792
0.2274809181690216
0.22954097390174866
0.18262489140033722
0.2342396229505539
0.2174748033285141
0.20903660356998444
0.1925378143787384
0.20844857394695282
0.21303488314151764
0.19069604575634003
0.1880405992269516
0.20251597464084625
0.23358561098575592
0.20212332904338837
0.1996501237154007
0.21238628029823303
0.1693885177373886
0.23279969394207
0.22296413779258728
0.20645610988140106
0.2065752148628235
0.21342170238494873
0.20239584147930145
0.21782271564006805
0.22625203430652618
0.2216489166021347
0.20067466795444489
0.2039959728717804
0.24055218696594238
0.20928438007831573
0.19990630447864532
0.23038168251514435
0.2333168238401413
0.21398508548736572
0.2170044481754303
0.23180373013019562
0.17305989563465118
0.19367487728595734
0.19840505719184875
0.18292206525802612
0.21178211271762848
0.20137302577495575
0.21081528067588806
0.2072763293981552
0.23225095868110657
0.18300935626029968
0.23890019953250885
0.20414341986179352
0.2311265468597412
0.19409862160682678
0.20298150181770325
0.2458527535200119
0.1969452202320099
0.20569396018981934
0.2556191384792328
0.2154286801815033
0.2138386368751526
0.23033922910690308
0.2192295640707016
0.1933271735906601
0.21199311316013336
0.2076457142829895
0.22215817868709564
0.19501686096191406
0.18503564596176147
0.20254847407341003
0.2018960565328598
0.24963164329528809
0.20798377692699432
0.19319400191307068
0.20126807689666748
0.19126123189926147
0.21449875831604004
0.22251002490520477
0.2040834128856659
0.1940266191959381
0.22693052887916565
0.23757906258106232
0.2142268866300583
0.23623116314411163
0.19642958045005798
0.21897166967391968
0.20518963038921356
0.2400061935186386
0.2781546413898468
0.22869142889976501
0.1978580504655838
0.20671476423740387
0.2119155377149582
0.2363690286874771
0.20122453570365906
0.22957532107830048
0.18262924253940582
0.2315344214439392
