0.7230109572410583
0.7047621011734009
0.7137346863746643
0.7107712626457214
0.6849668622016907
0.7016522288322449
0.7017365097999573
0.6925317645072937
0.6798743009567261
0.6773511171340942
0.6833413243293762
0.670722246170044
0.6715871691703796
0.6641291975975037
0.6704288721084595
0.6681244373321533
0.666287899017334
0.6634047627449036
0.6530618071556091
0.6545659303665161
0.6563105583190918
0.647930383682251
0.640529990196228
0.6374971866607666
0.6460889577865601
0.6326271891593933
0.6383552551269531
0.6258427500724792
0.6371239423751831
0.6277992129325867
0.6215153932571411
0.6317388415336609
0.6316385269165039
0.6251183748245239
0.6262014508247375
0.6224605441093445
0.6153498291969299
0.6112020015716553
0.6271563172340393
0.6156408786773682
0.6058406233787537
0.6122575998306274
0.6093890070915222
0.6005451083183289
0.6213233470916748
0.5995916128158569
0.605963408946991
0.597428023815155
0.6124389171600342
0.6107724905014038
0.5946405529975891
0.5938193202018738
0.5913903713226318
0.5807734131813049
0.5941435098648071
0.5798899531364441
0.5843521952629089
0.5941977500915527
0.5897964835166931
0.5863893628120422
0.5725576877593994
0.5816194415092468
0.5718889236450195
0.5785400867462158
0.5761813521385193
0.5775810480117798
0.5622473955154419
0.575626790523529
0.5772200226783752
0.5684685707092285
0.5628159642219543
0.5764256119728088
0.5667455196380615
0.5704898238182068
0.5556497573852539
0.5502398014068604
0.5405046343803406
0.5796436071395874
0.538196861743927
0.556902289390564
0.5314522981643677
0.546816349029541
0.5542629957199097
0.5421363711357117
0.5415968894958496
0.5417899489402771
0.53252112865448
0.516673743724823
0.5500767230987549
0.5514121055603027
0.545688807964325
0.5319592952728271
0.542870283126831
0.5308420658111572
0.5154188871383667
0.551858127117157
0.5206079483032227
0.5370199084281921
0.5238977074623108
0.5067428946495056
0.5158261060714722
0.5260419249534607
0.4986760914325714
0.5027045011520386
0.5151874423027039
0.499946653842926
0.5335986614227295
0.5147863030433655
0.5380675792694092
0.4944817125797272
0.5125550031661987
0.49021899700164795
0.5251742005348206
0.4931035339832306
0.49569424986839294
0.5058969855308533
0.4927223324775696
0.49919378757476807
0.4711247384548187
0.4978092610836029
0.49268925189971924
0.5073424577713013
0.4938480257987976
0.5022250413894653
0.5062574744224548
0.4798071086406708
0.5107548832893372
0.49100515246391296
0.4897458255290985
0.47044020891189575
0.4998556077480316
0.5008226633071899
0.4674310088157654
0.515472948551178
0.47585397958755493
0.4956631064414978
0.4666513502597809
0.48047733306884766
0.46921873092651367
0.48383575677871704
0.493243932723999
0.4802773892879486
0.48525944352149963
0.49189481139183044
0.5041842460632324
0.48041674494743347
0.4837046265602112
0.4970136880874634
0.4724985957145691
0.45614129304885864
0.4699041545391083
0.4534203112125397
0.49770599603652954
0.4662436544895172
0.47329506278038025
0.49482670426368713
0.4976577162742615
0.487383097410202
0.47198396921157837
0.4666562080383301
0.49692150950431824
0.48296791315078735
0.47444331645965576
0.47177907824516296
0.47578752040863037
0.478494793176651
0.4724847376346588
0.45080748200416565
0.47453370690345764
0.4536113440990448
0.49094158411026
0.4737921953201294
0.4634877145290375
0.4819232225418091
0.4874488115310669
0.4819071888923645
0.46127310395240784
0.4849802255630493
0.4489501416683197
0.47620365023612976
0.4509943723678589
0.4631824493408203
0.4484795928001404
0.4375363886356354
0.49090737104415894
0.45497050881385803
0.49089834094047546
0.478122353553772
0.44411396980285645
0.4529425799846649
0.47050365805625916
0.4441603720188141
0.4802049994468689
0.486721396446228
0.4463905692100525
0.4501568675041199
0.4490286409854889
0.46189478039741516
0.45876890420913696
0.4508018493652344
0.45643454790115356
0.4749873876571655
0.4541156589984894
0.4534306228160858
0.4613919258117676
0.4678824841976166
0.4445652961730957
0.4609816074371338
0.4537277817726135
0.4606338143348694
0.46205461025238037
0.4469720125198364
0.4417104423046112
0.44385018944740295
0.4694332480430603
0.43256890773773193
0.46287021040916443
0.46597036719322205
0.45775970816612244
0.4690309464931488
0.4240930676460266
0.45844975113868713
0.45685845613479614
0.42906323075294495
0.4328630566596985
0.45899075269699097
0.4388059973716736
0.4626763164997101
0.45714259147644043
0.452289342880249
0.4595257043838501
0.4335346817970276
0.4612584114074707
0.44488605856895447
0.4340728521347046
0.4575514495372772
0.42607420682907104
0.42769911885261536
0.4342100918292999
0.43629521131515503
0.4184030592441559
0.4392410218715668
0.4643418788909912
0.4411472678184509
0.46544551849365234
0.44583195447921753
0.4493713676929474
0.42873311042785645
0.4252086877822876
0.4418489634990692
0.41478827595710754
0.4463948905467987
0.4618423879146576
0.4628141224384308
0.4434981644153595
0.44995611906051636
0.4344552457332611
0.43332329392433167
0.4396103322505951
0.4468529224395752
0.44254499673843384
0.4386141002178192
0.4272819757461548
0.42794716358184814
0.43060681223869324
0.4315268099308014
0.4379448890686035
0.4211980402469635
0.4103192090988159
0.41121628880500793
0.42805805802345276
0.41605818271636963
0.4535776972770691
0.4281553030014038
0.4271235466003418
0.4066295325756073
0.43201586604118347
0.4202960729598999
0.44526904821395874
0.42418086528778076
0.4469354450702667
0.40897348523139954
0.43180879950523376
0.4470243752002716
0.41400521993637085
0.4512098431587219
0.4075634181499481
0.4284384846687317
0.42147982120513916
0.43732592463493347
0.4361574053764343
0.4635917544364929
0.4335397183895111
0.4307405948638916
0.4317534267902374
0.44097527861595154
0.41980215907096863
0.42834392189979553
0.4319169521331787
0.41477903723716736
0.4084227979183197
0.42654284834861755
0.4369805157184601
0.4324425160884857
0.4366610050201416
0.41938263177871704
0.44608795642852783
0.43455925583839417
0.43781715631484985
0.4169493317604065
0.43076324462890625
0.47977402806282043
0.4325164258480072
0.44183221459388733
0.4392199218273163
0.4328792691230774
0.43118715286254883
0.4482780396938324
0.4355749487876892
0.4070822596549988
0.43287670612335205
0.45007431507110596
0.42179417610168457
0.42431581020355225
0.4463464319705963
0.41472792625427246
0.4379156231880188
0.4068773686885834
0.4370197057723999
0.43159255385398865
0.4279770255088806
0.44929659366607666
0.44049930572509766
0.43887820839881897
0.4435443878173828
0.4254753887653351
0.40547478199005127
0.4226410686969757
0.4172227084636688
0.43553781509399414
0.42920374870300293
0.41460657119750977
0.3938978910446167
0.43282824754714966
0.41702234745025635
0.440093994140625
0.4243543744087219
0.4265795052051544
0.4527142643928528
0.41931256651878357
0.4366603195667267
0.42715394496917725
0.433910608291626
0.37625306844711304
0.456603467464447
0.4429410398006439
0.40148183703422546
0.4500211775302887
0.4380548894405365
0.4234904944896698
0.4267728626728058
0.411268025636673
0.4209904074668884
0.4397246539592743
0.4277566075325012
0.4290033280849457
0.4080311059951782
0.44174471497535706
0.44260093569755554
0.42746713757514954
0.4156608283519745
0.4323188364505768
0.4036463499069214
0.4076322913169861
0.432964950799942
0.4196878671646118
0.40131276845932007
0.4211902618408203
0.4098210632801056
0.4243769645690918
0.4319111704826355
0.4311143755912781
0.4313797354698181
0.4136456549167633
0.4430222511291504
0.40814292430877686
0.4158552587032318
0.43098217248916626
0.43542057275772095
0.4339192807674408
0.39166897535324097
0.4064738154411316
0.4410112202167511
0.4286000728607178
0.44002076983451843
0.45005089044570923
0.41384780406951904
0.4228017032146454
0.42729485034942627
0.4625687003135681
0.41966915130615234
0.4183521270751953
0.4415571689605713
0.42036184668540955
0.4309975802898407
0.4100051820278168
0.44094395637512207
0.42477917671203613
0.43157801032066345
0.4062153100967407
0.4290955662727356
0.4166722595691681
0.4344869554042816
0.42524996399879456
0.4039202034473419
0.40536439418792725
0.4264914393424988
0.42847198247909546
0.41937389969825745
0.43300697207450867
0.41098466515541077
0.4307689070701599
0.3988513946533203
0.39464449882507324
0.42403745651245117
0.4151122272014618
0.4220519959926605
0.417971670627594
0.4288046658039093
0.44239795207977295
0.4272826313972473
0.4061554968357086
0.4176805019378662
0.43403732776641846
0.4008302688598633
0.4319099485874176
0.4212372303009033
0.39820119738578796
0.43297356367111206
0.4264526665210724
0.4057560861110687
0.4281648099422455
0.4104609489440918
0.42743661999702454
0.4032672047615051
0.44304102659225464
0.41233864426612854
0.42633944749832153
0.44532492756843567
0.40957388281822205
0.39509648084640503
0.4175686240196228
0.4226663410663605
0.4326026439666748
0.40104180574417114
0.42578551173210144
0.4192204177379608
0.408419668674469
0.4344845414161682
0.422684907913208
0.40936070680618286
0.430720716714859
0.4308305084705353
0.417831689119339
0.4141426682472229
0.4209783375263214
0.42823290824890137
0.43048131465911865
0.4287880063056946
0.4131360948085785
0.4409395158290863
0.3827161490917206
0.43113893270492554
0.4238840341567993
0.44775083661079407
0.4373994469642639
0.4207373559474945
0.3960980772972107
0.4207923114299774
0.4392240345478058
0.42944926023483276
0.41947534680366516
0.4162757098674774
0.4255153238773346
0.42704445123672485
0.40434327721595764
0.4187420904636383
0.38154762983322144
0.42102745175361633
0.40673893690109253
0.434470534324646
0.43778863549232483
0.4300888180732727
0.43446168303489685
0.41974496841430664
0.4135582149028778
0.40848392248153687
0.41480138897895813
0.42365211248397827
0.40715980529785156
0.4293273687362671
0.4429425001144409
0.4392603635787964
0.4182468056678772
0.4149399995803833
0.4327962100505829
0.4417855143547058
0.3922432065010071
0.4262431859970093
0.4141111969947815
0.4047964811325073
0.4167573153972626
0.4046463370323181
0.4118771553039551
0.39860445261001587
0.43198543787002563
0.42398303747177124
0.42457565665245056
0.4300943911075592
0.41385191679000854
0.42252445220947266
0.41097018122673035
0.4214453101158142
0.40924301743507385
0.41038304567337036
0.4333999752998352
0.4309847354888916
0.4372953474521637
0.42613810300827026
0.39741164445877075
0.4015522003173828
0.42091992497444153
0.41707929968833923
0.42006492614746094
0.42341718077659607
0.4324696660041809
0.4198940098285675
0.40122923254966736
0.43046802282333374
0.39875179529190063
0.42086029052734375
0.4138849377632141
0.4008626937866211
0.4252780079841614
0.4120806157588959
0.41185811161994934
0.4010481536388397
0.4174392521381378
0.4255136251449585
0.42329710721969604
0.4286823570728302
0.42737939953804016
0.41651463508605957
0.4111274480819702
0.4543905556201935
0.4151381850242615
0.44548237323760986
0.42712655663490295
0.4145810902118683
0.432995468378067
0.41002029180526733
0.4165444076061249
0.41837334632873535
0.42794516682624817
0.44226932525634766
0.4101204574108124
0.3905310034751892
0.3999042510986328
0.4130190312862396
0.4126047194004059
0.41402533650398254
0.4008978307247162
0.4314851462841034
0.4197717607021332
0.42690372467041016
0.4278009235858917
0.41896411776542664
0.42965570092201233
0.4353683888912201
0.41964277625083923
0.4048822820186615
0.4101864695549011
0.38419923186302185
0.43876227736473083
0.42321425676345825
0.4252539873123169
0.42232656478881836
0.4254849851131439
0.4222438633441925
0.43517446517944336
0.43250375986099243
0.4244733154773712
0.43238797783851624
0.4400791823863983
0.3998863995075226
0.40445199608802795
0.4115482568740845
0.4173298180103302
0.4334401786327362
0.4380950331687927
0.41811704635620117
0.41360288858413696
0.39370790123939514
0.407918244600296
0.42618122696876526
0.4392419755458832
0.408514142036438
0.41098904609680176
0.42105230689048767
0.43025365471839905
0.4158581793308258
0.45201581716537476
0.3986552059650421
0.4130198359489441
0.41775912046432495
0.4169646203517914
0.4303370714187622
0.4141148328781128
0.40673449635505676
0.4228591322898865
0.41853615641593933
0.4108904004096985
0.41305750608444214
0.40046337246894836
0.4019152820110321
0.43132826685905457
0.4015834629535675
0.422521710395813
0.4194505512714386
0.41897186636924744
0.4191397726535797
0.41111141443252563
0.4317820370197296
0.40527766942977905
0.4149085581302643
0.4136800765991211
0.3993813395500183
0.40781912207603455
0.41480955481529236
0.3957346975803375
0.3992276191711426
0.3945692181587219
0.43929263949394226
0.44367077946662903
0.407493531703949
0.4225892424583435
