1.3800933361053467
0.8783156871795654
0.7028169631958008
0.6542282104492188
0.614755392074585
0.5533132553100586
0.529534637928009
0.548734724521637
0.4717629849910736
0.4683598279953003
0.4923413097858429
0.48605942726135254
0.47049635648727417
0.48024094104766846
0.4922591745853424
0.4668823182582855
0.4383506774902344
0.45865607261657715
0.44307267665863037
0.41980355978012085
0.4493446946144104
0.4195176959037781
0.44686952233314514
0.38413792848587036
0.4327273964881897
0.42038053274154663
0.4046191871166229
0.4217512607574463
0.4066673815250397
0.41840410232543945
0.37728649377822876
0.4102697968482971
0.3916343152523041
0.37237775325775146
0.40618857741355896
0.39454174041748047
0.3813237249851227
0.3935447931289673
0.35977256298065186
0.38730090856552124
0.3751848638057709
0.37690451741218567
0.3913924992084503
0.36365142464637756
0.3584738075733185
0.326289564371109
0.3752603530883789
0.3335251808166504
0.33817845582962036
0.39205867052078247
0.3503516912460327
0.32255056500434875
0.35979440808296204
0.33635738492012024
0.34524574875831604
0.31556937098503113
0.34738853573799133
0.323448121547699
0.3419482707977295
0.31439390778541565
0.3317963778972626
0.3318036198616028
0.30343541502952576
0.36135613918304443
0.3246813714504242
0.30981913208961487
0.2974090874195099
0.3053215444087982
0.308719277381897
0.2980683743953705
0.28703129291534424
0.32958564162254333
0.32567042112350464
0.3175985515117645
0.30541476607322693
0.32566240429878235
0.30736562609672546
0.31803661584854126
0.31180042028427124
0.30961883068084717
0.3109976351261139
0.29235610365867615
0.29122647643089294
0.27559611201286316
0.2622559368610382
0.2564258575439453
0.30836692452430725
0.29109930992126465
0.27165284752845764
0.2572496235370636
0.25999030470848083
0.26545241475105286
0.2724440395832062
0.2689459025859833
0.25688835978507996
0.242975115776062
0.23899677395820618
0.24509555101394653
0.2636973559856415
0.23619595170021057
0.22832319140434265
0.2562173008918762
0.26100581884384155
0.2527311444282532
0.2516956329345703
0.23940399289131165
0.22870615124702454
0.2381754368543625
0.22313101589679718
0.23787513375282288
0.21990376710891724
0.22901621460914612
0.21493801474571228
0.2483837604522705
0.23113805055618286
0.2219838947057724
0.2265879064798355
0.2018842101097107
0.23105327785015106
0.23334655165672302
0.21053709089756012
0.2149452567100525
0.243938609957695
0.2224157601594925
0.2099948227405548
0.21558302640914917
0.20371201634407043
0.20415325462818146
0.21119554340839386
0.19026044011116028
0.1851479560136795
0.1888038069009781
0.17985643446445465
0.16349777579307556
0.19907242059707642
0.19786900281906128
0.18990445137023926
0.21380752325057983
0.18001587688922882
0.17688007652759552
0.20392067730426788
0.21456880867481232
0.15746083855628967
0.1709771454334259
0.1777397245168686
0.18963561952114105
0.18047519028186798
0.18606621026992798
0.17682892084121704
0.21756386756896973
0.21387270092964172
0.193046435713768
0.1754578799009323
0.1618567407131195
0.17250359058380127
0.19620324671268463
0.19172662496566772
0.19875361025333405
0.1951514035463333
0.1778251975774765
0.16967931389808655
0.16988329589366913
0.20285728573799133
0.19875334203243256
0.14272281527519226
0.19550056755542755
0.17095448076725006
0.16761921346187592
0.1605490744113922
0.15418726205825806
0.18147914111614227
0.17083220183849335
0.18985722959041595
0.180722177028656
0.19157470762729645
0.20113976299762726
0.15149402618408203
0.17749908566474915
0.17713770270347595
0.1587519645690918
0.17695748805999756
0.19885802268981934
0.17254392802715302
0.16343452036380768
0.13199882209300995
0.1770138293504715
0.15846717357635498
0.16425809264183044
0.13927747309207916
0.1725948005914688
0.13561326265335083
0.14094150066375732
0.15854676067829132
0.15780134499073029
0.15796823799610138
0.15751264989376068
0.14183296263217926
0.15214769542217255
0.14271260797977448
0.14815911650657654
0.14950448274612427
0.14482106268405914
0.14736643433570862
0.1739668846130371
0.14525817334651947
0.1514696180820465
0.1294597089290619
0.221915140748024
0.14102120697498322
0.1543521136045456
0.1389351487159729
0.1340886652469635
0.14149537682533264
0.15561798214912415
0.14281980693340302
0.12797485291957855
0.11464674770832062
0.12419497221708298
0.14749541878700256
0.13141576945781708
0.12771588563919067
0.14529238641262054
0.14443184435367584
0.13203704357147217
0.14300428330898285
0.1282033771276474
0.1630641222000122
0.1255512535572052
0.1469847559928894
0.13461758196353912
0.16413506865501404
0.1400001496076584
0.11704066395759583
0.13417798280715942
0.13672944903373718
0.11517658084630966
0.1420217752456665
0.12054363638162613
0.12085127830505371
0.12779542803764343
0.1167868822813034
0.12817245721817017
0.12605665624141693
0.12009789049625397
0.13192133605480194
0.1428728550672531
0.1255597323179245
0.1297198385000229
0.11197300255298615
0.11980073153972626
0.11865958571434021
0.10955005884170532
0.13504241406917572
0.14779898524284363
0.10502229630947113
0.13569249212741852
0.11980720609426498
0.09171655029058456
0.13164637982845306
0.1072317436337471
0.12023404985666275
0.12432614713907242
0.09197939932346344
0.11838531494140625
0.11969051510095596
0.11625751107931137
0.1273478865623474
0.11115094274282455
0.11178595572710037
0.10746175795793533
0.12371733039617538
0.12411322444677353
0.09030379354953766
0.1536167562007904
0.12463540583848953
0.17849133908748627
0.08845172077417374
0.12122761458158493
0.11494293808937073
0.11954423040151596
0.11121629923582077
0.12915979325771332
0.11117856949567795
0.10166903585195541
0.12469518929719925
0.10439105331897736
0.1116224154829979
0.10357653349637985
0.09850582480430603
0.08453989028930664
0.12683965265750885
0.1197640523314476
0.0891176238656044
0.12477940320968628
0.0986492782831192
0.10949725657701492
0.09357275813817978
0.1134454682469368
0.11037485301494598
0.1280622035264969
0.11350534856319427
0.08058835566043854
0.10092238336801529
0.1065780520439148
0.11394740641117096
0.11314158141613007
0.10997240245342255
0.10578122735023499
0.09728600829839706
0.10703828930854797
0.10015318542718887
0.12758368253707886
0.12660112977027893
0.08689737319946289
0.09803456813097
0.08072599768638611
0.09512591361999512
0.13117673993110657
0.11328206956386566
0.0982351154088974
0.09896796941757202
0.09139638394117355
0.10154353082180023
0.11413134634494781
0.11432494968175888
0.09300800412893295
0.08235272765159607
0.1128651574254036
0.09602715075016022
0.11462250351905823
0.10072841495275497
0.11313220858573914
0.08466751873493195
0.0870087668299675
0.10652737319469452
0.07158210873603821
0.0878918245434761
0.10292530804872513
0.080103300511837
0.06794896721839905
0.0868862047791481
0.10068345069885254
0.14747367799282074
0.10623300075531006
0.10392087697982788
0.10138613730669022
0.05823996290564537
0.09268511831760406
0.09617047756910324
0.11018835753202438
0.06926116347312927
0.0995267704129219
0.13036878407001495
0.09628740698099136
0.12449950724840164
0.10608521103858948
0.08127249777317047
0.10392194986343384
0.0719551369547844
0.09098577499389648
0.09972451627254486
0.08748207986354828
0.10174679011106491
0.08623500913381577
0.09791941195726395
0.10124866664409637
0.08202396333217621
0.12922555208206177
0.07091515511274338
0.0854719877243042
0.1125001385807991
0.0868150070309639
0.10733949393033981
0.08639789372682571
0.09731116145849228
0.07588881254196167
0.10116284340620041
0.10002420097589493
0.10905124247074127
0.09673330187797546
0.08573909103870392
0.09406132251024246
0.07366815954446793
0.09228348731994629
0.11140276491641998
0.09480491280555725
0.11479871720075607
0.08593777567148209
0.1314382553100586
0.10139397531747818
0.10035955905914307
0.1591636687517166
0.0798063650727272
0.10673382878303528
0.09433894604444504
0.07127761840820312
0.09697624295949936
0.07257577031850815
0.07933694869279861
0.07057801634073257
0.14112597703933716
0.09138976037502289
0.08556529134511948
0.09023095667362213
0.08404529094696045
0.08727534115314484
0.10515118390321732
0.09269654005765915
0.08250578492879868
0.09043455123901367
0.09636625647544861
0.08110304176807404
0.07670360058546066
0.08218620717525482
0.07555118203163147
0.0886167585849762
0.09106013923883438
0.09689211845397949
0.09063227474689484
0.10512367635965347
0.07861992716789246
0.07454127818346024
0.08507281541824341
0.09562379121780396
0.07304345071315765
0.09121596068143845
0.08060453832149506
0.0774669423699379
0.07537318021059036
0.1052311435341835
0.09001016616821289
0.06737585365772247
0.09500037878751755
0.08833086490631104
0.09217245876789093
0.09228426963090897
0.08735424280166626
0.07647265493869781
0.08646450191736221
0.08843645453453064
0.08469277620315552
0.07969105243682861
0.0998319461941719
0.07838993519544601
0.07657390832901001
0.06554915010929108
0.06148674711585045
0.08207818120718002
0.07992906868457794
0.09535004943609238
0.08961152285337448
0.09674197435379028
0.12140482664108276
0.0712323859333992
0.10597170889377594
0.09267213195562363
0.09210757166147232
0.11591802537441254
0.05851535499095917
0.08711247891187668
0.08396033942699432
0.06798889487981796
0.08874835819005966
0.09252044558525085
0.10415080189704895
0.07857511192560196
0.06760910898447037
0.08514098823070526
0.07523856312036514
0.0641508549451828
0.07181227952241898
0.09485747665166855
0.08274627476930618
0.08339724689722061
0.07145547866821289
0.09074681997299194
0.08479005098342896
0.07656905055046082
0.0866871103644371
0.07736607640981674
0.072956882417202
0.08383887261152267
0.06292768567800522
0.12155409157276154
0.0629759281873703
0.11163526028394699
0.10798614472150803
0.05985202267765999
0.08535505086183548
0.09028519690036774
0.09853236377239227
0.09966712445020676
0.12265323847532272
0.10040834546089172
0.10567460209131241
0.06837473064661026
0.07636574655771255
0.09047048538923264
0.08456946909427643
0.05518551170825958
0.0904257670044899
0.07217295467853546
0.1032244935631752
0.09294689446687698
0.07350664585828781
0.06684943288564682
0.068438820540905
0.07994531840085983
0.10236997157335281
0.0585121251642704
0.09111683815717697
0.10441973805427551
0.09583976864814758
0.09159968048334122
0.08616277575492859
0.06679841130971909
0.07676590979099274
0.07065726816654205
0.07675067335367203
0.06375385075807571
0.07350120693445206
0.0942196324467659
0.08404578268527985
0.09986872971057892
0.07795275747776031
0.09841741621494293
0.07011058181524277
0.05460280925035477
0.061841052025556564
0.07052089273929596
0.11206840723752975
0.1347276121377945
0.07568211853504181
0.10989732295274734
0.1025669053196907
0.0780177041888237
0.07337451726198196
0.10259540379047394
0.07763820886611938
0.08248376846313477
0.10739562660455704
0.09927791357040405
0.07320506125688553
0.07174275815486908
0.054550014436244965
0.09480511397123337
0.06580758094787598
0.06573859602212906
0.11739236861467361
0.09330859035253525
0.05773318186402321
0.06970906257629395
0.0827755555510521
0.07374542206525803
0.07053625583648682
0.08291343599557877
0.08785830438137054
0.05317998304963112
0.09255069494247437
0.08042408525943756
0.07059842348098755
0.07486356794834137
0.06359865516424179
0.10187384486198425
0.07004553824663162
0.09163849800825119
0.08482590317726135
0.09032157808542252
0.10650703310966492
0.06522887200117111
0.05762653797864914
0.07183375954627991
0.08542320132255554
0.08814381062984467
0.08868859708309174
0.10444935411214828
0.06976410001516342
0.08594942837953568
0.08045180886983871
0.07007508724927902
0.08865915238857269
0.07579009234905243
0.0648900642991066
0.08194159716367722
0.05525902286171913
0.11697996407747269
0.06043587997555733
0.09073393791913986
0.05927186831831932
0.05924014747142792
0.055908214300870895
0.07923553138971329
0.061360061168670654
0.09809888154268265
0.08062686026096344
0.06344298273324966
0.07756741344928741
0.10652383416891098
0.08699420839548111
0.047041155397892
0.1095525324344635
0.10249637812376022
0.10629402846097946
0.05832437053322792
