0.7745217680931091
0.7246757745742798
0.6936774849891663
0.6709004044532776
0.6675410270690918
0.6473079323768616
0.6516492962837219
0.5990771055221558
0.6068857312202454
0.588187038898468
0.5910664200782776
0.5669729709625244
0.5712746977806091
0.5497734546661377
0.5728967189788818
0.5831737518310547
0.5545937418937683
0.5263051390647888
0.5390186309814453
0.5177229642868042
0.547823429107666
0.5287767648696899
0.5285784006118774
0.5183716416358948
0.5393985509872437
0.4923258423805237
0.5022242069244385
0.5032479763031006
0.47345131635665894
0.547110915184021
0.49817848205566406
0.4819030165672302
0.4853295087814331
0.5008341670036316
0.49351945519447327
0.4610486924648285
0.47931644320487976
0.47979801893234253
0.4747092127799988
0.4628204107284546
0.48333802819252014
0.4607565104961395
0.4861741364002228
0.5010379552841187
0.4409692585468292
0.4591880738735199
0.44367367029190063
0.4449120759963989
0.4540390074253082
0.4426579773426056
0.4372466504573822
0.46245086193084717
0.49613842368125916
0.44194698333740234
0.44244706630706787
0.4575159251689911
0.446416437625885
0.43680617213249207
0.44736775755882263
0.43002036213874817
0.43709883093833923
0.4311479926109314
0.40097129344940186
0.42568179965019226
0.4541538953781128
0.4444250464439392
0.4706558883190155
0.40437471866607666
0.44951125979423523
0.4423072934150696
0.41927772760391235
0.43623143434524536
0.41581371426582336
0.43530264496803284
0.44132426381111145
0.43490859866142273
0.41670605540275574
0.4086938202381134
0.42241352796554565
0.3986198604106903
0.4123169183731079
0.4321094751358032
0.4140925705432892
0.4209325611591339
0.40620189905166626
0.42112651467323303
0.42027944326400757
0.43340960144996643
0.419771671295166
0.41205382347106934
0.40360453724861145
0.4133874177932739
0.39424338936805725
0.4031210243701935
0.39697960019111633
0.4043947458267212
0.39212220907211304
0.3778230845928192
0.4111127555370331
0.3979087173938751
0.3976680040359497
0.4235248267650604
0.4404267370700836
0.3808780014514923
0.3761984705924988
0.39488160610198975
0.3943195343017578
0.39891356229782104
0.4254090487957001
0.39498844742774963
0.3915714919567108
0.4163556396961212
0.3849000632762909
0.3727792203426361
0.3896273076534271
0.38419243693351746
0.4070526957511902
0.3933973014354706
0.38527968525886536
0.3678673505783081
0.39705735445022583
0.3572486937046051
0.35461246967315674
0.35212182998657227
0.4192350208759308
0.3798157572746277
0.3579763174057007
0.3686729073524475
0.3687053322792053
0.35695430636405945
0.3771081268787384
0.35316699743270874
0.3799537122249603
0.35582882165908813
0.3612995147705078
0.3653227388858795
0.3743828535079956
0.34333670139312744
0.37130630016326904
0.33884525299072266
0.3940145671367645
0.3281349837779999
0.36419057846069336
0.3799408972263336
0.3738347589969635
0.3245154023170471
0.3383437693119049
0.3325231373310089
0.34690433740615845
0.3252324163913727
0.3540557026863098
0.3316487669944763
0.32168519496917725
0.3597055971622467
0.35511910915374756
0.3581925928592682
0.35887208580970764
0.3538052439689636
0.33757686614990234
0.3409842550754547
0.3576948046684265
0.3782634437084198
0.32540684938430786
0.33654361963272095
0.37963518500328064
0.3385160267353058
0.3506288230419159
0.35119977593421936
0.3276715576648712
0.3413504958152771
0.33273494243621826
0.3446686267852783
0.3625013828277588
0.359464555978775
0.33116042613983154
0.3409176766872406
0.3387545347213745
0.36442846059799194
0.3464863896369934
0.34692057967185974
0.36055806279182434
0.34363895654678345
0.3331192433834076
0.3251655101776123
0.3148910403251648
0.3401123583316803
0.3150377869606018
0.33956292271614075
0.3516826927661896
0.3333417773246765
0.30260029435157776
0.3373647928237915
0.3186839520931244
0.340743750333786
0.3172525465488434
0.3401728868484497
0.30708324909210205
0.34811413288116455
0.32999497652053833
0.3377995491027832
0.3267654478549957
0.33560559153556824
0.35591232776641846
0.3229261636734009
0.3180845081806183
0.3495248854160309
0.31172242760658264
0.31606248021125793
0.3318350911140442
0.3291980028152466
0.3087237477302551
0.3166484832763672
0.318010538816452
0.323696106672287
0.3050878643989563
0.3530539572238922
0.31875288486480713
0.3253170847892761
0.336115300655365
0.31470224261283875
0.3447583019733429
0.32612064480781555
0.3350299298763275
0.3248344957828522
0.3041911721229553
0.3362876772880554
0.32160454988479614
0.31751111149787903
0.3151891827583313
0.27815285325050354
0.3381328582763672
0.3001258671283722
0.31696653366088867
0.3250082731246948
0.31524062156677246
0.3223607838153839
0.33861225843429565
0.31598547101020813
0.32216429710388184
0.2935459017753601
0.31470444798469543
0.28419047594070435
0.29821333289146423
0.2957007586956024
0.3440156579017639
0.34559378027915955
0.31957975029945374
0.29756903648376465
0.3127022981643677
0.31178033351898193
0.288943886756897
0.32402560114860535
0.29628798365592957
0.294461190700531
0.3182370364665985
0.29763516783714294
0.33030059933662415
0.29171615839004517
0.34449273347854614
0.30667644739151
0.2973144054412842
0.33260077238082886
0.2893848717212677
0.3106466829776764
0.30996644496917725
0.3186015188694
0.3194828927516937
0.30113357305526733
0.3040376603603363
0.3020602762699127
0.2971290946006775
0.3159215748310089
0.3017789423465729
0.2793857753276825
0.3001636564731598
0.313265323638916
0.28729143738746643
0.30000269412994385
0.31170549988746643
0.29807427525520325
0.3108620047569275
0.33629679679870605
0.32900193333625793
0.3144108057022095
0.2887832224369049
0.30103135108947754
0.2895560562610626
0.28514549136161804
0.31027117371559143
0.31548362970352173
0.3082025945186615
0.31096935272216797
0.3141292929649353
0.27735549211502075
0.31773942708969116
0.28925371170043945
0.2955840528011322
0.3110904395580292
0.29991763830184937
0.2733369469642639
0.30251309275627136
0.3288082480430603
0.31476736068725586
0.2997820973396301
0.31326279044151306
0.28356558084487915
0.28759896755218506
0.2712183892726898
0.2948501408100128
0.2878539562225342
0.3194720149040222
0.31876006722450256
0.269211083650589
0.2702425420284271
0.29781392216682434
0.31566640734672546
0.3075629472732544
0.3034220337867737
0.29936841130256653
0.3147754967212677
0.30826225876808167
0.2933265268802643
0.30785268545150757
0.3355276882648468
0.30057093501091003
0.29635894298553467
0.32660460472106934
0.28257766366004944
0.27942782640457153
0.2840050160884857
0.30001378059387207
0.27083125710487366
0.30804741382598877
0.3134942948818207
0.27709531784057617
0.29370206594467163
0.29009491205215454
0.3117757737636566
0.3140249252319336
0.2765110731124878
0.2771437466144562
0.32799792289733887
0.2910594940185547
0.2902354598045349
0.2782678008079529
0.27334898710250854
0.3140473961830139
0.26891255378723145
0.2883094251155853
0.33659425377845764
0.26815176010131836
0.2901131808757782
0.294068306684494
0.3015234172344208
0.2981683909893036
0.2710806727409363
0.29586556553840637
0.2890665531158447
0.2939606010913849
0.3442080020904541
0.2702474296092987
0.2941444516181946
0.2949775457382202
0.26474398374557495
0.3153955638408661
0.2937109172344208
0.3010314702987671
0.25639522075653076
0.28236308693885803
0.3113029897212982
0.3084198236465454
0.2994166314601898
0.31277960538864136
0.2792412340641022
0.31704261898994446
0.30259835720062256
0.29712507128715515
0.2915714383125305
0.2946280837059021
0.2956464886665344
0.2809692323207855
0.27140799164772034
0.29929041862487793
0.2648301124572754
0.2933194935321808
0.3079114258289337
0.28527185320854187
0.2767876088619232
0.2827826738357544
0.2716202735900879
0.2850167453289032
0.2786688506603241
0.2790084481239319
0.31892797350883484
0.29650455713272095
0.29404786229133606
0.27628132700920105
0.32365861535072327
0.3188681900501251
0.31250688433647156
0.30964195728302
0.2813172936439514
0.27192190289497375
0.31380558013916016
0.3166029751300812
0.3143230080604553
0.3168594539165497
0.28028813004493713
0.3018050789833069
0.3144408166408539
0.3071272671222687
0.28800585865974426
0.2880144715309143
0.2819749116897583
0.29116788506507874
0.2473093569278717
0.27141913771629333
0.29117968678474426
0.2936417758464813
0.2740142345428467
0.2769138216972351
0.2806059420108795
0.3008301258087158
0.29397645592689514
0.2817794680595398
0.2932591438293457
0.3061312735080719
0.26702627539634705
0.2710394859313965
0.27706533670425415
0.3126538097858429
0.275764137506485
0.2995258569717407
0.26180216670036316
0.272854745388031
0.2828351557254791
0.310305118560791
0.3164219856262207
0.29595470428466797
0.2712905704975128
0.28704264760017395
0.28763413429260254
0.269887238740921
0.2831515073776245
0.2867623269557953
0.2639941871166229
0.251912921667099
0.2846737504005432
0.2785242795944214
0.31746095418930054
0.29009270668029785
0.28611844778060913
0.2775079905986786
0.258157342672348
0.27817171812057495
0.3008871376514435
0.26813459396362305
0.2872188091278076
0.28186485171318054
0.2646164894104004
0.2613760232925415
0.26506105065345764
0.2757895588874817
0.28089019656181335
0.2961234748363495
0.2721496522426605
0.3037387728691101
0.2633943557739258
0.2891850769519806
0.2996951937675476
0.27332034707069397
0.2567375898361206
0.28193438053131104
0.2924761176109314
0.2992466688156128
0.29762446880340576
0.27322450280189514
0.27912256121635437
0.29993391036987305
0.3079938590526581
0.2808363139629364
0.27491655945777893
0.2734481990337372
0.26160919666290283
0.2811453938484192
0.2957450747489929
0.2955363690853119
0.2829625904560089
0.270497590303421
0.29510170221328735
0.3013041019439697
0.28746211528778076
0.264371395111084
0.2768366038799286
0.2617809772491455
0.28202110528945923
0.24676202237606049
0.28877878189086914
0.2607424855232239
0.26419374346733093
0.2801567614078522
0.2706150710582733
0.2566899359226227
0.2888166904449463
0.2797695994377136
0.2951963245868683
0.27411016821861267
0.28716227412223816
0.2659560441970825
0.26609814167022705
0.30601754784584045
0.2907729744911194
0.3074142038822174
0.2984583079814911
0.28894785046577454
0.31107285618782043
0.2853814661502838
0.30122658610343933
0.30172470211982727
0.3004458248615265
0.27756625413894653
0.2936444580554962
0.2659120261669159
0.26435425877571106
0.3052186369895935
0.27279332280158997
0.2684954106807709
0.29701271653175354
0.2639957368373871
0.29764777421951294
0.2870481312274933
0.27367860078811646
0.29620233178138733
0.2843134105205536
0.2698630690574646
0.29474350810050964
0.2385658174753189
0.29588744044303894
0.2686273455619812
0.2701413929462433
0.27914348244667053
0.28181058168411255
0.29574063420295715
0.2886655628681183
0.29039713740348816
0.30467697978019714
0.26586148142814636
0.28514423966407776
0.2564687728881836
0.26003214716911316
0.2702694833278656
0.26598644256591797
0.2828342318534851
0.2930549681186676
0.2796463668346405
0.3076925575733185
0.3182436525821686
0.2915552258491516
0.24543748795986176
0.30201199650764465
0.2568136155605316
0.2936672270298004
0.3093932867050171
0.31866851449012756
0.2936302721500397
0.2741585671901703
0.2715536057949066
0.26196491718292236
0.2809988558292389
0.2536773085594177
0.28235435485839844
0.2884937822818756
0.2868412733078003
0.29164019227027893
0.2821653485298157
0.29817327857017517
0.27031874656677246
0.2602723240852356
0.29024001955986023
0.28597399592399597
0.28743815422058105
0.2785245180130005
0.2752392292022705
0.26006191968917847
0.24348193407058716
0.2987900376319885
0.3039456009864807
0.26572185754776
0.2747976779937744
0.30375367403030396
0.257220596075058
0.27533799409866333
0.31530290842056274
0.26869919896125793
0.2980777621269226
0.2700536549091339
0.3098144829273224
0.29232990741729736
0.2892528474330902
0.2837402820587158
0.27230778336524963
0.26183852553367615
0.2891678214073181
