1.0997018814086914
1.053643822669983
0.8582668304443359
0.8469306230545044
0.7695616483688354
0.7597877383232117
0.6971204280853271
0.6881343126296997
0.6430218815803528
0.622647225856781
0.6082601547241211
0.6349033117294312
0.5642483830451965
0.5278655290603638
0.5731391906738281
0.5387594103813171
0.5483105182647705
0.5327836275100708
0.5231055021286011
0.4965020716190338
0.5045526027679443
0.5119892358779907
0.5207991003990173
0.5233423709869385
0.4654673635959625
0.48393481969833374
0.500800609588623
0.49424174427986145
0.482475221157074
0.45401015877723694
0.454542338848114
0.4777865409851074
0.4999881386756897
0.4704307019710541
0.46321263909339905
0.45918548107147217
0.49411240220069885
0.48556217551231384
0.4664342403411865
0.4560672342777252
0.4710276126861572
0.4658891558647156
0.430602103471756
0.47620201110839844
0.4458819627761841
0.4575549364089966
0.4681757986545563
0.4635922312736511
0.4306976795196533
0.4527636766433716
0.44290369749069214
0.4388538897037506
0.43957212567329407
0.42411237955093384
0.42239072918891907
0.44567057490348816
0.4173472225666046
0.43443334102630615
0.41203993558883667
0.4102606475353241
0.4333438277244568
0.4120940566062927
0.43662187457084656
0.42010390758514404
0.42425069212913513
0.41545525193214417
0.43822646141052246
0.4108160734176636
0.41253116726875305
0.4069935381412506
0.4415283799171448
0.4128057360649109
0.4166080355644226
0.4176514148712158
0.4065644145011902
0.41949698328971863
0.40264853835105896
0.43363073468208313
0.41778564453125
0.4051869511604309
0.4033442735671997
0.4142410159111023
0.4123755991458893
0.4041447043418884
0.4428265690803528
0.4088252782821655
0.4063352644443512
0.3919548988342285
0.4114140272140503
0.40671584010124207
0.4154913127422333
0.4086794853210449
0.3834209144115448
0.40479812026023865
0.41791120171546936
0.3921754062175751
0.4038615822792053
0.4041807949542999
0.3959113359451294
0.39583709836006165
0.3917832374572754
0.42027536034584045
0.41092365980148315
0.4029496908187866
0.3860768973827362
0.3950500190258026
0.3816124200820923
0.381021112203598
0.395597904920578
0.3879992961883545
0.37461239099502563
0.41471201181411743
0.3930995464324951
0.41087642312049866
0.3883584439754486
0.3842219114303589
0.3847074508666992
0.37788671255111694
0.39245155453681946
0.3748111426830292
0.39875203371047974
0.39405232667922974
0.37498143315315247
0.38461926579475403
0.3870905935764313
0.4009532332420349
0.3892415761947632
0.3748357892036438
0.3834165930747986
0.40708592534065247
0.3851845860481262
0.4022458493709564
0.38453420996665955
0.37703844904899597
0.35613763332366943
0.3674992322921753
0.3999057114124298
0.37908679246902466
0.365905225276947
0.3926246762275696
0.3724239766597748
0.3685704171657562
0.3750878572463989
0.3636529743671417
0.3799979090690613
0.37916335463523865
0.35511893033981323
0.35765767097473145
0.3751819133758545
0.3708038926124573
0.3682207465171814
0.3807326555252075
0.37081342935562134
0.37070316076278687
0.3717052638530731
0.37287670373916626
0.369072288274765
0.36611559987068176
0.3698418438434601
0.37205180525779724
0.3867541253566742
0.3514050841331482
0.3767562508583069
0.3645211458206177
0.3623270094394684
0.3760317862033844
0.3596877157688141
0.3856472671031952
0.36550217866897583
0.34287136793136597
0.368877649307251
0.35892122983932495
0.3537532389163971
0.35775208473205566
0.363142728805542
0.3581269383430481
0.3622400462627411
0.38904738426208496
0.37686246633529663
0.36062824726104736
0.3783012330532074
0.3520685136318207
0.3610207438468933
0.36673739552497864
0.3604825437068939
0.34743115305900574
0.3733753561973572
0.3639652132987976
0.3593118190765381
0.3553897738456726
0.3743914067745209
0.3544919788837433
0.3545548617839813
0.3488428294658661
0.3698144555091858
0.346484512090683
0.34684646129608154
0.3511826992034912
0.3525765836238861
0.3664007782936096
0.34034276008605957
0.3628508150577545
0.34796977043151855
0.3576906621456146
0.3505934178829193
0.36344826221466064
0.3498092293739319
0.34801438450813293
0.34721094369888306
0.35703811049461365
0.3486916720867157
0.37814196944236755
0.36637601256370544
0.3480992913246155
0.3689471185207367
0.3684057891368866
0.36889153718948364
0.3638083338737488
0.3496616780757904
0.3526439666748047
0.34480559825897217
0.36000922322273254
0.33212408423423767
0.3443509340286255
0.3394297659397125
0.3466402292251587
0.34993278980255127
0.3558903634548187
0.3706663250923157
0.34148746728897095
0.3733752965927124
0.33710965514183044
0.3536771535873413
0.3533850908279419
0.3631773889064789
0.3538316488265991
0.36298689246177673
0.3452589511871338
0.3459482789039612
0.33988767862319946
0.35506972670555115
0.34618523716926575
0.33621352910995483
0.33924055099487305
0.3427884876728058
0.3238462805747986
0.3343571424484253
0.34729674458503723
0.3388689458370209
0.34020698070526123
0.3551309406757355
0.3563925325870514
0.3625521659851074
0.32828468084335327
0.34760239720344543
0.34857746958732605
0.35065340995788574
0.34729430079460144
0.3583658039569855
0.3488883972167969
0.33528968691825867
0.3627094328403473
0.3396959602832794
0.3416546583175659
0.35541895031929016
0.34822389483451843
0.3417346477508545
0.3219931423664093
0.3556481897830963
0.3554084897041321
0.3337520956993103
0.3519099950790405
0.35808148980140686
0.3282994329929352
0.34805816411972046
0.34033021330833435
0.33958086371421814
0.34227392077445984
0.33917883038520813
0.3425823152065277
0.33643919229507446
0.3374018371105194
0.3443661034107208
0.34337231516838074
0.3201117515563965
0.3390500247478485
0.3360970616340637
0.3447343707084656
0.3467540144920349
0.35005638003349304
0.3404877781867981
0.3575878441333771
0.344576895236969
0.32478928565979004
0.35263413190841675
0.349031001329422
0.32961294054985046
0.3467409312725067
0.33861222863197327
0.36774858832359314
0.3374682068824768
0.3308121860027313
0.33864831924438477
0.3457127511501312
0.34302544593811035
0.3363325893878937
0.33911043405532837
0.34500905871391296
0.3400860130786896
0.34194085001945496
0.32912471890449524
0.3491504490375519
0.31832849979400635
0.32539433240890503
0.3492012321949005
0.32572758197784424
0.3423616290092468
0.35459449887275696
0.34463372826576233
0.3224640190601349
0.33806112408638
0.32798025012016296
0.33136582374572754
0.3325813114643097
0.32408687472343445
0.3390086889266968
0.33758655190467834
0.36311522126197815
0.33296993374824524
0.3228827714920044
0.33087801933288574
0.33684971928596497
0.32234570384025574
0.3357292413711548
0.3455311059951782
0.33073702454566956
0.34720760583877563
0.3352362811565399
0.31078973412513733
0.3333229124546051
0.33389174938201904
0.325094074010849
0.35157668590545654
0.3439634442329407
0.32694211602211
0.3467693328857422
0.35301530361175537
0.3320230543613434
0.33845552802085876
0.341183066368103
0.3492152690887451
0.3559592664241791
0.3439819812774658
0.3310795724391937
0.3282054662704468
0.34083670377731323
0.3822239339351654
0.33116957545280457
0.33284926414489746
0.32618066668510437
0.3202884793281555
0.3368526101112366
0.33437979221343994
0.32711318135261536
0.3398246169090271
0.3098245859146118
0.3364647328853607
0.33774900436401367
0.35292309522628784
0.30784279108047485
0.3434106111526489
0.3258085548877716
0.33550962805747986
0.3389749526977539
0.32623180747032166
0.31741154193878174
0.3229227364063263
0.3429807126522064
0.34324201941490173
0.3184541165828705
0.35341525077819824
0.3169376254081726
0.32972174882888794
0.34660372138023376
0.34432902932167053
0.34058770537376404
0.33016207814216614
0.3184165954589844
0.34449467062950134
0.3260698616504669
0.3202156722545624
0.3375021517276764
0.3292599618434906
0.3331274688243866
0.3232918679714203
0.3235238492488861
0.3103404641151428
0.3349882662296295
0.35222625732421875
0.32791969180107117
0.33231666684150696
0.34450554847717285
0.3367096781730652
0.31446385383605957
0.332455039024353
0.3418826162815094
0.3330625295639038
0.317889541387558
0.3474692404270172
0.33399060368537903
0.34879815578460693
0.33255547285079956
0.33369091153144836
0.334043949842453
0.336102157831192
0.30754053592681885
0.3092418313026428
0.36080363392829895
0.32433372735977173
0.3335192799568176
0.3352808952331543
0.3170439600944519
0.3275555968284607
0.3027661442756653
0.34720462560653687
0.32220104336738586
0.3179761469364166
0.33520951867103577
0.3249902129173279
0.318727970123291
0.3160148859024048
0.3258554935455322
0.3315747082233429
0.34168434143066406
0.3309353291988373
0.3358253538608551
0.34418267011642456
0.3229683041572571
0.3073677122592926
0.3234792649745941
0.30997973680496216
0.32569420337677
0.32603204250335693
0.323068767786026
0.3300108015537262
0.3423636257648468
0.3319736421108246
0.32148653268814087
0.33614155650138855
0.32169491052627563
0.3250221014022827
0.3214908540248871
0.33550167083740234
0.31362199783325195
0.34118038415908813
0.3515927791595459
0.3265568017959595
0.3424247205257416
0.3459203243255615
0.3423122763633728
0.31722620129585266
0.33044636249542236
0.3500317335128784
0.30562710762023926
0.32850492000579834
0.32516175508499146
0.3369816541671753
0.328034907579422
0.32948946952819824
0.3254491984844208
0.319551557302475
0.34207746386528015
0.3350120484828949
0.32702726125717163
0.33800628781318665
0.3331652581691742
0.34642836451530457
0.343361496925354
0.32548078894615173
0.34060752391815186
0.31731337308883667
0.33984890580177307
0.32961612939834595
0.3018798232078552
0.333596795797348
0.31481993198394775
0.3136431872844696
0.3297107517719269
0.3316492736339569
0.3245808780193329
0.34836289286613464
0.3287279009819031
0.3182951509952545
0.3133728504180908
0.3203553855419159
0.3274144232273102
0.3182777762413025
0.3319723308086395
0.316234290599823
0.3433016836643219
0.33938074111938477
0.32193151116371155
0.33035650849342346
0.3142258822917938
0.336692214012146
0.3180590867996216
0.3192625641822815
0.3240238428115845
0.3435390293598175
0.3279501497745514
0.320788711309433
0.3036208748817444
0.3220141530036926
0.32637345790863037
0.3261678218841553
0.31130725145339966
0.31026583909988403
0.32942917943000793
0.3197328746318817
0.33293867111206055
0.31149911880493164
0.3344060182571411
0.30869928002357483
0.3240984082221985
0.3583435118198395
0.31919679045677185
0.3415593206882477
0.3509761393070221
0.3253219425678253
0.3223862051963806
0.32462549209594727
0.317146897315979
0.34136924147605896
0.32099661231040955
0.334769606590271
0.32916975021362305
0.33143678307533264
0.32292860746383667
0.3147202730178833
0.33162403106689453
0.32581770420074463
0.35825929045677185
0.32608017325401306
0.3034214675426483
0.3191477954387665
0.3238287568092346
0.32007572054862976
0.3134460151195526
0.324161559343338
0.33551543951034546
0.3251878023147583
0.3307921588420868
0.34304895997047424
0.31111836433410645
0.3546026647090912
0.32466086745262146
0.3307825028896332
0.3375093340873718
0.31319352984428406
0.32463714480400085
0.31902241706848145
0.3304162621498108
0.3220144510269165
0.3325277268886566
0.3347926437854767
0.3284129202365875
0.3273714780807495
0.31535804271698
0.3661735951900482
0.31862592697143555
0.3173488676548004
0.32732510566711426
0.3322620391845703
0.31822919845581055
0.3345564305782318
0.3253093361854553
0.31577950716018677
0.306781142950058
0.30188223719596863
0.32015079259872437
0.33093369007110596
0.33333155512809753
0.31748586893081665
0.34012511372566223
0.3285943865776062
0.319873183965683
0.31655624508857727
0.3351731598377228
0.3288155794143677
0.3209686875343323
0.33076801896095276
0.3281090557575226
0.3143935799598694
0.32421502470970154
0.3347991108894348
0.32133689522743225
0.32024499773979187
0.3226185441017151
0.3176763653755188
0.3157249391078949
0.29477187991142273
