0.6536957621574402
0.627264142036438
0.636601448059082
0.6140740513801575
0.6230888962745667
0.569474458694458
0.5884166955947876
0.5755874514579773
0.5889459848403931
0.5683597922325134
0.5729467868804932
0.537258505821228
0.5496424436569214
0.5210083723068237
0.5434081554412842
0.529075562953949
0.5518238544464111
0.5368167161941528
0.5106472969055176
0.5226535201072693
0.5033183693885803
0.5195467472076416
0.5050540566444397
0.5017639398574829
0.47773101925849915
0.4954531490802765
0.46714508533477783
0.5150264501571655
0.48915377259254456
0.477250874042511
0.48681461811065674
0.4650695025920868
0.46767571568489075
0.47289732098579407
0.47996458411216736
0.4763467609882355
0.46860241889953613
0.4632890224456787
0.44849109649658203
0.4694478511810303
0.47272151708602905
0.45291000604629517
0.45710453391075134
0.47172412276268005
0.4432496428489685
0.4439910054206848
0.4354131817817688
0.4418882727622986
0.44217491149902344
0.4173438549041748
0.4567932188510895
0.46739882230758667
0.4459972381591797
0.401592880487442
0.4362794756889343
0.4620881974697113
0.42945852875709534
0.4209592938423157
0.41997408866882324
0.4200863540172577
0.4255688488483429
0.41164204478263855
0.40585044026374817
0.39825817942619324
0.41833364963531494
0.4121372401714325
0.39101913571357727
0.41265180706977844
0.4306454062461853
0.39553195238113403
0.40451499819755554
0.4057748019695282
0.38145238161087036
0.3906210958957672
0.38594457507133484
0.3933565318584442
0.3993987441062927
0.38316479325294495
0.4013538658618927
0.3680005371570587
0.39114394783973694
0.3903081715106964
0.3775399327278137
0.37889841198921204
0.39044952392578125
0.3769664168357849
0.3672923743724823
0.3950147032737732
0.36682310700416565
0.3788208067417145
0.38738328218460083
0.34629008173942566
0.3746770918369293
0.37018218636512756
0.3564225435256958
0.358664333820343
0.3582460284233093
0.36370009183883667
0.3844507932662964
0.34543874859809875
0.3724943995475769
0.36160239577293396
0.3797914981842041
0.3717942237854004
0.37337711453437805
0.3460550904273987
0.3688000440597534
0.3430348336696625
0.35956183075904846
0.3420860767364502
0.3418995141983032
0.35130274295806885
0.3601674437522888
0.3266991376876831
0.3379684090614319
0.33385100960731506
0.343676894903183
0.35820111632347107
0.34453085064888
0.3347070813179016
0.3395105004310608
0.3554455041885376
0.3217540681362152
0.3369477391242981
0.3509214520454407
0.32762932777404785
0.3214919865131378
0.3473140597343445
0.3480038046836853
0.34388241171836853
0.311321884393692
0.327617347240448
0.30490291118621826
0.3139612376689911
0.3233671188354492
0.3251611292362213
0.36468249559402466
0.3407890498638153
0.3525683581829071
0.3217318058013916
0.33096086978912354
0.3122556209564209
0.31765303015708923
0.3269573450088501
0.34428808093070984
0.3202076554298401
0.2992871403694153
0.3188389539718628
0.3299803137779236
0.3228795528411865
0.33355507254600525
0.32215416431427
0.30422917008399963
0.3168860673904419
0.3166024386882782
0.35393568873405457
0.3684364855289459
0.328409343957901
0.3083623945713043
0.3370935916900635
0.30891892313957214
0.3294436037540436
0.29851895570755005
0.3238872289657593
0.3198271691799164
0.296427845954895
0.2981579303741455
0.27919816970825195
0.3149190843105316
0.30972421169281006
0.2981037497520447
0.2910246253013611
0.2999382019042969
0.2943321168422699
0.311767578125
0.3276662230491638
0.30107569694519043
0.3081204295158386
0.3301485776901245
0.31636106967926025
0.31506749987602234
0.3202512562274933
0.3046771287918091
0.28778693079948425
0.29666322469711304
0.3127226233482361
0.3069290816783905
0.2960919141769409
0.29938891530036926
0.29884737730026245
0.31557390093803406
0.33131805062294006
0.305254191160202
0.2845732271671295
0.321351557970047
0.28589075803756714
0.28833985328674316
0.2921447157859802
0.3053400218486786
0.32101210951805115
0.28041404485702515
0.32124021649360657
0.29649075865745544
0.313271164894104
0.2904534339904785
0.31580641865730286
0.31237131357192993
0.2928696572780609
0.2918604910373688
0.2984248399734497
0.2847321629524231
0.294608473777771
0.2946816384792328
0.2871626019477844
0.27316582202911377
0.29958227276802063
0.26916396617889404
0.2920457720756531
0.298584908246994
0.30873918533325195
0.30263879895210266
0.2804437577724457
0.3091855049133301
0.28034907579421997
0.2858542799949646
0.2923102080821991
0.28697195649147034
0.2944270670413971
0.282652348279953
0.27013248205184937
0.3011513352394104
0.29634368419647217
0.2959594428539276
0.28564462065696716
0.32985344529151917
0.277458518743515
0.3018847107887268
0.30436813831329346
0.2690708637237549
0.2818181812763214
0.2845775783061981
0.2924201488494873
0.2983643412590027
0.2655969560146332
0.29813051223754883
0.2776574194431305
0.27897509932518005
0.26652997732162476
0.2897239625453949
0.30759352445602417
0.31212350726127625
0.2841690480709076
0.288203626871109
0.2801632285118103
0.2873438000679016
0.2905336916446686
0.2694756090641022
0.2855425775051117
0.28696760535240173
0.287852942943573
0.2952396869659424
0.27540528774261475
0.28255853056907654
0.3018377423286438
0.2738777697086334
0.28695598244667053
0.29787477850914
0.27366065979003906
0.26163578033447266
0.3062058389186859
0.28965505957603455
0.28561198711395264
0.2701353430747986
0.2869429290294647
0.2725789248943329
0.2729029953479767
0.3014908730983734
0.3021402955055237
0.2745031714439392
0.2858012020587921
0.25183358788490295
0.2660638391971588
0.2648179233074188
0.28496527671813965
0.2926110327243805
0.2748264968395233
0.29782795906066895
0.28201690316200256
0.27764892578125
0.28077277541160583
0.272280216217041
0.26806187629699707
0.2629453241825104
0.26937389373779297
0.2996017336845398
0.2823352813720703
0.27411630749702454
0.26616522669792175
0.2875727117061615
0.2935766577720642
0.26745671033859253
0.26956263184547424
0.2774420380592346
0.28573596477508545
0.299058198928833
0.26270899176597595
0.2996351718902588
0.2777382731437683
0.29357147216796875
0.28333112597465515
0.272879421710968
0.30047738552093506
0.2894543707370758
0.25513356924057007
0.2561231851577759
0.285524845123291
0.26438385248184204
0.26013240218162537
0.2616320848464966
0.279196560382843
0.26581037044525146
0.2676577866077423
0.2813897132873535
0.297954261302948
0.26698625087738037
0.28021904826164246
0.289999783039093
0.2798379957675934
0.2858702838420868
0.3045139014720917
0.2682226002216339
0.24728143215179443
0.2619273364543915
0.2835325002670288
0.28948232531547546
0.2767307162284851
0.26192283630371094
0.26768428087234497
0.2962224781513214
0.2879437804222107
0.2939673066139221
0.26636072993278503
0.26501035690307617
0.2837161719799042
0.2714356780052185
0.29153481125831604
0.2976059317588806
0.2579042911529541
0.2744554877281189
0.27949127554893494
0.26543933153152466
0.2726554870605469
0.28951528668403625
0.26206061244010925
0.2704482972621918
0.2646077871322632
0.29678675532341003
0.2807689309120178
0.26699233055114746
0.2671336829662323
0.2906065285205841
0.25456148386001587
0.2741020917892456
0.26711469888687134
0.27675846219062805
0.262698769569397
0.2640663683414459
0.2695428431034088
0.2795327603816986
0.2833644449710846
0.2553548812866211
0.24723854660987854
0.28064605593681335
0.2662074863910675
0.2698027789592743
0.2783701419830322
0.24681267142295837
0.2697794437408447
0.2524334490299225
0.2783749997615814
0.26157522201538086
0.27101677656173706
0.2557392418384552
0.263869971036911
0.2689262926578522
0.26255083084106445
0.2618906795978546
0.26477327942848206
0.2599892020225525
0.30317744612693787
0.2726706564426422
0.266516774892807
0.27270936965942383
0.27087974548339844
0.2484021931886673
0.28739628195762634
0.24974586069583893
0.2869409918785095
0.2709212005138397
0.2676656246185303
0.28294748067855835
0.2682260572910309
0.28178757429122925
0.2629466950893402
0.2725234925746918
0.2794985771179199
0.2642635703086853
0.28422772884368896
0.26837068796157837
0.2759452760219574
0.28202110528945923
0.26897892355918884
0.2573346793651581
0.2549842894077301
0.26072901487350464
0.3003082275390625
0.26836544275283813
0.276067852973938
0.2561405897140503
0.28094762563705444
0.2585115432739258
0.2775927484035492
0.2746117413043976
0.2672443687915802
0.28092050552368164
0.2723751962184906
0.24554020166397095
0.2912663221359253
0.2736295163631439
0.27966544032096863
0.24822892248630524
0.26509225368499756
0.2778015434741974
0.27893975377082825
0.26314422488212585
0.2630728483200073
0.26732316613197327
0.2576553523540497
0.26166045665740967
0.2440553605556488
0.28007158637046814
0.3086618185043335
0.24814942479133606
0.2804192304611206
0.2636083662509918
0.24480599164962769
0.2855014204978943
0.26985594630241394
0.25286975502967834
0.2835746705532074
0.270251601934433
0.26143762469291687
0.2701304852962494
0.26200705766677856
0.24955527484416962
0.2485666424036026
0.2788827121257782
0.2746738791465759
0.27564746141433716
0.26300784945487976
0.28505104780197144
0.26254692673683167
0.2529429495334625
0.27176380157470703
0.2808447778224945
0.2713298797607422
0.24408042430877686
0.2573094367980957
0.2940925359725952
0.25815603137016296
0.2551933228969574
0.24839437007904053
0.250514417886734
0.2383592426776886
0.2610061466693878
0.2700244188308716
0.24260079860687256
0.2631145417690277
0.26553237438201904
0.2684517800807953
0.2797293961048126
0.2551162540912628
0.2674431800842285
0.2683197855949402
0.2691996991634369
0.27698901295661926
0.2532729506492615
0.2503369450569153
0.27925732731819153
0.2903706431388855
0.2653478980064392
0.2834705114364624
0.2807339131832123
0.27830979228019714
0.283371239900589
0.28232088685035706
0.2516613304615021
0.2608009874820709
0.24112027883529663
0.2657201588153839
0.2634422481060028
0.25650855898857117
0.25762608647346497
0.2699590027332306
0.27440810203552246
0.25735577940940857
0.26457658410072327
0.2629197835922241
0.2388201504945755
0.2892007827758789
0.2436993420124054
0.29753637313842773
0.25424110889434814
0.2564389407634735
0.2697839140892029
0.2697831690311432
0.2823133170604706
0.2544771134853363
0.25068041682243347
0.25913867354393005
0.3034379780292511
0.28264933824539185
0.25456947088241577
0.26644545793533325
0.2735999822616577
0.2681635618209839
0.2790677547454834
0.2913418710231781
0.2596471607685089
0.26088863611221313
0.28562888503074646
0.2614066004753113
0.26530370116233826
0.27834466099739075
0.2914179563522339
0.2580491006374359
0.27053502202033997
0.25524038076400757
0.27872079610824585
0.25925296545028687
0.24467137455940247
0.26239514350891113
0.2523308992385864
0.25855112075805664
0.2532675564289093
0.2702254056930542
0.2621525526046753
0.2536100149154663
0.2533808648586273
0.2739820182323456
0.2613295018672943
0.2710273563861847
0.2470904141664505
0.256637841463089
0.2515900135040283
0.2556597888469696
0.2770005464553833
0.2506570816040039
0.2639540731906891
0.2674756646156311
0.25854015350341797
0.24439537525177002
0.2656767666339874
0.2538740336894989
0.27308592200279236
0.2663809657096863
0.2687135934829712
0.2584048807621002
0.2858278155326843
0.2625882923603058
0.2493671476840973
0.27219358086586
0.2546382248401642
0.26119014620780945
0.26038146018981934
0.2624795436859131
0.2537503242492676
0.26309436559677124
0.2746719717979431
0.25836315751075745
0.25085338950157166
0.30042392015457153
0.2716371715068817
0.28423112630844116
0.26528120040893555
0.2518860697746277
0.2653512954711914
0.25695735216140747
0.24805085361003876
0.2564825117588043
0.2576308846473694
0.27400481700897217
0.2727205157279968
0.24913723766803741
0.2584656774997711
0.27120617032051086
0.25628262758255005
0.2457239180803299
0.2837361991405487
0.28058674931526184
0.2708263397216797
0.2611837685108185
0.24654051661491394
0.2761684060096741
0.25712263584136963
0.2847112715244293
0.25226911902427673
