1.2696000337600708
1.1086304187774658
0.990760862827301
0.9442206621170044
0.7950994968414307
0.8139771223068237
0.7011095881462097
0.7106976509094238
0.6863168478012085
0.6151853799819946
0.651419997215271
0.6171748638153076
0.6104488968849182
0.60987389087677
0.6202386021614075
0.6487073302268982
0.5776495933532715
0.5736586451530457
0.6256639361381531
0.5823987126350403
0.5444576144218445
0.5892340540885925
0.5369663834571838
0.5237371921539307
0.562121570110321
0.5318313241004944
0.5759362578392029
0.5183404684066772
0.49252569675445557
0.4925212562084198
0.5401623845100403
0.5289814472198486
0.5192574858665466
0.5363316535949707
0.4920513927936554
0.48517897725105286
0.4452073872089386
0.47744596004486084
0.48827433586120605
0.5060223340988159
0.4698910117149353
0.46145161986351013
0.48123881220817566
0.46557411551475525
0.5040584802627563
0.47141027450561523
0.4529108703136444
0.4433039426803589
0.4386545419692993
0.4449853003025055
0.4738539457321167
0.435874879360199
0.42453497648239136
0.43800488114356995
0.4263058304786682
0.46699854731559753
0.4601617753505707
0.4334709644317627
0.43958580493927
0.4323015809059143
0.42634117603302
0.3963201344013214
0.43114033341407776
0.4221585690975189
0.43510156869888306
0.3770490288734436
0.40531420707702637
0.38600611686706543
0.43785029649734497
0.42980965971946716
0.40905866026878357
0.45612406730651855
0.4058721363544464
0.44131794571876526
0.41725432872772217
0.43043383955955505
0.40463536977767944
0.41442933678627014
0.4266897141933441
0.3898370862007141
0.39129507541656494
0.40520328283309937
0.3706510365009308
0.4144788384437561
0.40127336978912354
0.39937084913253784
0.3846237361431122
0.380062073469162
0.40010130405426025
0.40592819452285767
0.4161037504673004
0.4051482081413269
0.4195636510848999
0.4010351598262787
0.3921066224575043
0.40802037715911865
0.38236331939697266
0.38431087136268616
0.3801640272140503
0.38008642196655273
0.37032797932624817
0.39075782895088196
0.3916167616844177
0.3883601725101471
0.3734957277774811
0.37133514881134033
0.36871835589408875
0.37225914001464844
0.36509135365486145
0.38593050837516785
0.40857255458831787
0.40050312876701355
0.39091014862060547
0.36894726753234863
0.3789588510990143
0.3768191635608673
0.374499648809433
0.3762706220149994
0.3502075672149658
0.3704756796360016
0.38405942916870117
0.34764528274536133
0.3731047809123993
0.3323115110397339
0.3481166362762451
0.3474431037902832
0.39260196685791016
0.370879590511322
0.3625621795654297
0.3555726408958435
0.366308331489563
0.3757322132587433
0.34907737374305725
0.3644467890262604
0.3752741813659668
0.33245599269866943
0.3872039020061493
0.35370537638664246
0.3556394577026367
0.330953449010849
0.3466958999633789
0.33102789521217346
0.3447437584400177
0.33807477355003357
0.34244975447654724
0.3304639160633087
0.33735325932502747
0.35659530758857727
0.36253049969673157
0.3627256155014038
0.3467550575733185
0.3355376422405243
0.33652377128601074
0.3583858609199524
0.3644372224807739
0.34715062379837036
0.3676014542579651
0.3703318238258362
0.32196807861328125
0.3316892385482788
0.34114718437194824
0.3429562747478485
0.34928590059280396
0.34795963764190674
0.34894266724586487
0.3239433169364929
0.34615957736968994
0.3234888017177582
0.31518566608428955
0.345246285200119
0.336892306804657
0.3386782109737396
0.3455715775489807
0.32968923449516296
0.3343120813369751
0.32607942819595337
0.3346751928329468
0.34328269958496094
0.33894750475883484
0.35889574885368347
0.34183329343795776
0.32722869515419006
0.34303852915763855
0.3533082902431488
0.3264467418193817
0.35093727707862854
0.3191105127334595
0.32307830452919006
0.3343157172203064
0.299974262714386
0.3399384319782257
0.33198320865631104
0.3287130892276764
0.3145062029361725
0.3197805881500244
0.3209047019481659
0.30368632078170776
0.33221372961997986
0.3307287395000458
0.3109377324581146
0.32769134640693665
0.33206433057785034
0.3394734263420105
0.33155301213264465
0.3142435550689697
0.3069675862789154
0.33674904704093933
0.3320905566215515
0.30876851081848145
0.33532941341400146
0.34341344237327576
0.34695225954055786
0.3336437940597534
0.3104323446750641
0.32587379217147827
0.31576526165008545
0.3324314057826996
0.3185720443725586
0.322857528924942
0.33246707916259766
0.3451855778694153
0.30921199917793274
0.3224264085292816
0.29632192850112915
0.32549208402633667
0.291832834482193
0.3306646943092346
0.32185056805610657
0.31210142374038696
0.325381875038147
0.30372628569602966
0.3278455138206482
0.3009204864501953
0.29661300778388977
0.3376957178115845
0.3143623471260071
0.31995847821235657
0.3295775353908539
0.3418731689453125
0.3089773654937744
0.31989407539367676
0.36166173219680786
0.30993813276290894
0.32847505807876587
0.30769944190979004
0.2897738218307495
0.3171248137950897
0.32059672474861145
0.3292293846607208
0.2879602015018463
0.3157726228237152
0.30627188086509705
0.31028828024864197
0.3131241202354431
0.3123701214790344
0.3083766996860504
0.3175095021724701
0.2984010577201843
0.3229735493659973
0.3127259314060211
0.2886589765548706
0.2930275797843933
0.3016700744628906
0.31785908341407776
0.2818187475204468
0.29988253116607666
0.3034088909626007
0.2942529320716858
0.3006441295146942
0.2922917306423187
0.2967482805252075
0.3038376271724701
0.3120892345905304
0.3058159351348877
0.3045993149280548
0.299539178609848
0.28844887018203735
0.29656973481178284
0.30850979685783386
0.3093463182449341
0.2887774407863617
0.30464571714401245
0.29069867730140686
0.27671417593955994
0.29823359847068787
0.2966083288192749
0.31276383996009827
0.33107396960258484
0.318115770816803
0.2792966365814209
0.29019275307655334
0.3093060255050659
0.33016836643218994
0.306041955947876
0.3038650155067444
0.2841239273548126
0.2745225131511688
0.29321470856666565
0.3130439519882202
0.2933381497859955
0.29793450236320496
0.30238857865333557
0.2793959379196167
0.2886117100715637
0.3243136405944824
0.29341018199920654
0.2815057933330536
0.30116069316864014
0.2821976840496063
0.30709564685821533
0.30173176527023315
0.325055330991745
0.3025919795036316
0.2938472628593445
0.317233145236969
0.29798436164855957
0.2996733486652374
0.3146836459636688
0.3169418275356293
0.28080710768699646
0.3152603805065155
0.3097476661205292
0.29061952233314514
0.27784350514411926
0.3030765950679779
0.273209810256958
0.32529354095458984
0.30054107308387756
0.3087133467197418
0.27480149269104004
0.2729967534542084
0.2858220338821411
0.260159432888031
0.2924891710281372
0.3033357858657837
0.3200657367706299
0.30595481395721436
0.29418519139289856
0.2932261824607849
0.2903461456298828
0.29702097177505493
0.2677970230579376
0.29215356707572937
0.2885206341743469
0.28051915764808655
0.2808399200439453
0.29510653018951416
0.2922748923301697
0.28166359663009644
0.29676327109336853
0.30642497539520264
0.2841053009033203
0.27854225039482117
0.28459814190864563
0.2861751616001129
0.2721639573574066
0.2839319407939911
0.29330745339393616
0.2903904318809509
0.28225091099739075
0.2965809106826782
0.33266130089759827
0.32448726892471313
0.28365859389305115
0.29208874702453613
0.27460941672325134
0.2812725603580475
0.2719907760620117
0.2872670888900757
0.30319005250930786
0.33951836824417114
0.286495566368103
0.2885899543762207
0.26620519161224365
0.2949090898036957
0.2919014096260071
0.30703869462013245
0.2759842872619629
0.29388153553009033
0.2978718876838684
0.2989060580730438
0.30480772256851196
0.2854452133178711
0.2828116714954376
0.28241580724716187
0.2785359025001526
0.2802359163761139
0.29194092750549316
0.276515930891037
0.2648407816886902
0.2638531029224396
0.28740525245666504
0.2704218924045563
0.2910751402378082
0.3148563802242279
0.29546037316322327
0.26062992215156555
0.29017946124076843
0.3013232350349426
0.3073015809059143
0.3136919140815735
0.2729046940803528
0.27888113260269165
0.29898005723953247
0.2989214062690735
0.27611732482910156
0.26791349053382874
0.28864970803260803
0.29350170493125916
0.2800294756889343
0.27739158272743225
0.2939053773880005
0.28874263167381287
0.2764333188533783
0.2806505858898163
0.2560155689716339
0.27052128314971924
0.2770313322544098
0.3036169409751892
0.2568763792514801
0.28681817650794983
0.27389517426490784
0.2844351530075073
0.28117480874061584
0.273937463760376
0.2925806939601898
0.28424879908561707
0.28141874074935913
0.27937281131744385
0.27618536353111267
0.2893025577068329
0.30652347207069397
0.28536367416381836
0.26030662655830383
0.29104170203208923
0.26932886242866516
0.2837798297405243
0.25171205401420593
0.30572056770324707
0.26076680421829224
0.3003772497177124
0.2892669439315796
0.2621840834617615
0.2989981174468994
0.2721356749534607
0.28549811244010925
0.31631460785865784
0.2815585732460022
0.301888108253479
0.2847304344177246
0.2946721613407135
0.2718218266963959
0.2894604206085205
0.27554208040237427
0.25445330142974854
0.2791031301021576
0.31568750739097595
0.2791488468647003
0.2909783124923706
0.27538803219795227
0.3010239601135254
0.2658595144748688
0.2877138555049896
0.2768031358718872
0.2983510494232178
0.27425575256347656
0.25051143765449524
0.26275044679641724
0.28010571002960205
0.26313579082489014
0.3011123836040497
0.29204508662223816
0.28376856446266174
0.2972441017627716
0.2951636016368866
0.2737264931201935
0.2804538905620575
0.2936710715293884
0.28422003984451294
0.30499976873397827
0.2905716598033905
0.2856852114200592
0.2921411395072937
0.291256844997406
0.3026963174343109
0.2718202471733093
0.27655115723609924
0.2751224935054779
0.26161065697669983
0.2589104175567627
0.2778964638710022
0.28854089975357056
0.282367080450058
0.2635214328765869
0.27508437633514404
0.29887694120407104
0.27786967158317566
0.3062082529067993
0.27591678500175476
0.2658334970474243
0.2740991413593292
0.2713410258293152
0.27869507670402527
0.2731090784072876
0.27637729048728943
0.27720341086387634
0.2911520004272461
0.30626916885375977
0.2629966735839844
0.2792038917541504
0.2849692106246948
0.2609477639198303
0.2642207145690918
0.2931537628173828
0.2647397816181183
0.30821436643600464
0.2629953622817993
0.2827835977077484
0.27455317974090576
0.2770054340362549
0.28115811944007874
0.2999690771102905
0.26933056116104126
0.2661097049713135
0.29223668575286865
0.2703140676021576
0.2754875719547272
0.28305482864379883
0.2766677737236023
0.28018707036972046
0.27766555547714233
0.29093408584594727
0.276959091424942
0.268180787563324
0.29835718870162964
0.2691483199596405
0.2930906116962433
0.28892576694488525
0.2984273433685303
0.32294002175331116
0.2717016041278839
0.2974618077278137
0.2648753821849823
0.2746424078941345
0.27338486909866333
0.30570080876350403
0.26038041710853577
0.28589770197868347
0.26028332114219666
0.3140107989311218
0.2941787540912628
0.2842174172401428
0.26232486963272095
0.2617562413215637
0.28816407918930054
0.27997153997421265
0.2808249592781067
0.24974636733531952
0.2766432464122772
0.27799203991889954
0.29111868143081665
0.2621285319328308
0.290592759847641
0.2640920877456665
0.2849581837654114
0.2412623167037964
0.2878936231136322
0.26447594165802
0.2764827013015747
0.25467923283576965
0.28489378094673157
0.2624254524707794
0.27489396929740906
0.27084288001060486
0.2952214181423187
0.27868714928627014
0.27825674414634705
0.2964138090610504
0.27255716919898987
0.28214550018310547
0.26954925060272217
0.28616076707839966
0.26627618074417114
0.2836729884147644
0.2660980224609375
0.27951082587242126
0.2996763586997986
0.2819392681121826
0.30209171772003174
0.2838877737522125
0.25764134526252747
0.28619492053985596
0.27010539174079895
0.27376788854599
0.272634357213974
0.2912921607494354
0.2692472040653229
0.2895052134990692
0.26805874705314636
0.301028311252594
0.2879737615585327
0.2965605556964874
0.2848355174064636
0.27934813499450684
