0.6707735061645508
0.6309519410133362
0.6227826476097107
0.5874927043914795
0.5597784519195557
0.5402200222015381
0.556601345539093
0.5160892009735107
0.55538409948349
0.5298900008201599
0.5232419371604919
0.5504434108734131
0.5438068509101868
0.49809566140174866
0.5064603686332703
0.4958162009716034
0.49120670557022095
0.48507222533226013
0.48578715324401855
0.4648509919643402
0.48104414343833923
0.4769758880138397
0.4620843529701233
0.44791051745414734
0.4711090922355652
0.4541233479976654
0.46082863211631775
0.44845396280288696
0.4712536633014679
0.44398292899131775
0.43644946813583374
0.46089473366737366
0.4397035241127014
0.4582415223121643
0.4214874804019928
0.4493708908557892
0.4330172538757324
0.43093764781951904
0.4026612937450409
0.4409453272819519
0.402351438999176
0.43650802969932556
0.43747639656066895
0.4337240159511566
0.4077482223510742
0.40675756335258484
0.42573750019073486
0.4305266737937927
0.43007493019104004
0.4198600947856903
0.41533321142196655
0.4001487195491791
0.41495707631111145
0.414884090423584
0.4368108808994293
0.37788063287734985
0.4166150689125061
0.42942726612091064
0.3920326828956604
0.4105401635169983
0.4161485433578491
0.3876611292362213
0.3973013460636139
0.35217994451522827
0.39798474311828613
0.37207940220832825
0.3669328987598419
0.4022696018218994
0.3460071384906769
0.379131019115448
0.40726616978645325
0.3847200870513916
0.37865936756134033
0.40788036584854126
0.38348284363746643
0.3633095920085907
0.3586108982563019
0.37256941199302673
0.376994788646698
0.38239404559135437
0.3761477768421173
0.36226290464401245
0.3422830402851105
0.34970128536224365
0.37482959032058716
0.3406091034412384
0.37371397018432617
0.34965673089027405
0.35349953174591064
0.37758028507232666
0.36981961131095886
0.34423163533210754
0.3819544017314911
0.3362109959125519
0.3298361301422119
0.32853469252586365
0.3562083840370178
0.35170552134513855
0.34405267238616943
0.3390238881111145
0.3350274860858917
0.31802695989608765
0.3233310282230377
0.3361491858959198
0.2972918152809143
0.340876966714859
0.334620863199234
0.3325732350349426
0.3209380805492401
0.3498637080192566
0.33565425872802734
0.3509540557861328
0.3258478343486786
0.34611770510673523
0.31938472390174866
0.3151577413082123
0.31551799178123474
0.3386920690536499
0.30167356133461
0.3072437644004822
0.3232386112213135
0.3052524924278259
0.3189769983291626
0.3035701811313629
0.3191783130168915
0.30344173312187195
0.32211530208587646
0.3089697062969208
0.3221200108528137
0.3141779899597168
0.2971074879169464
0.3005850613117218
0.2942729890346527
0.2928581237792969
0.30981069803237915
0.28349748253822327
0.27625635266304016
0.30108606815338135
0.29314637184143066
0.33240631222724915
0.3008568584918976
0.299887478351593
0.2856323719024658
0.30861538648605347
0.27835533022880554
0.2834457755088806
0.29392117261886597
0.31242457032203674
0.259337842464447
0.3133189380168915
0.27265721559524536
0.2720322012901306
0.3155626356601715
0.2711699604988098
0.28010690212249756
0.271906316280365
0.2870118021965027
0.27552393078804016
0.28138574957847595
0.2920571267604828
0.2987726032733917
0.29219305515289307
0.29285895824432373
0.2855941355228424
0.2803919315338135
0.26951634883880615
0.3021112084388733
0.27854257822036743
0.30252206325531006
0.2862556576728821
0.2790571451187134
0.2682701051235199
0.284799724817276
0.29008951783180237
0.28014886379241943
0.2939809262752533
0.2922246754169464
0.3048073351383209
0.2833772599697113
0.29044485092163086
0.2707376182079315
0.28727930784225464
0.2833995521068573
0.27767041325569153
0.27223947644233704
0.272542804479599
0.2816430628299713
0.25181207060813904
0.302878201007843
0.2582285702228546
0.2593841850757599
0.29569366574287415
0.27083516120910645
0.2870634198188782
0.2866601049900055
0.25409168004989624
0.2799035608768463
0.2658250629901886
0.2661934494972229
0.2719293236732483
0.24595674872398376
0.2742730677127838
0.2592121660709381
0.25377705693244934
0.2579929828643799
0.27767014503479004
0.2476542741060257
0.27837616205215454
0.26787301898002625
0.25418612360954285
0.30831846594810486
0.2596430778503418
0.2512221932411194
0.2773166000843048
0.24239695072174072
0.24760626256465912
0.24388930201530457
0.26533961296081543
0.2731943130493164
0.24005424976348877
0.2575364112854004
0.2655317485332489
0.25981414318084717
0.2605733871459961
0.25036677718162537
0.2475823163986206
0.2650991976261139
0.24298451840877533
0.2576630115509033
0.2486882507801056
0.24244751036167145
0.2570403516292572
0.24672231078147888
0.268192857503891
0.24185489118099213
0.24622946977615356
0.26999273896217346
0.25510674715042114
0.25001800060272217
0.25589731335639954
0.2618105113506317
0.24389363825321198
0.2499329298734665
0.2581639587879181
0.26290127635002136
0.26520997285842896
0.23489725589752197
0.2484998255968094
0.24718709290027618
0.25727760791778564
0.25697019696235657
0.2501540184020996
0.22470571100711823
0.25625553727149963
0.22690753638744354
0.25195837020874023
0.24031172692775726
0.24297410249710083
0.23697765171527863
0.2262382060289383
0.23752042651176453
0.2541831433773041
0.23914609849452972
0.2489864081144333
0.24885687232017517
0.2465323507785797
0.2533852756023407
0.2733956277370453
0.24568156898021698
0.23270609974861145
0.2322956919670105
0.2559232711791992
0.22801554203033447
0.26572784781455994
0.2485688179731369
0.2371247559785843
0.24675677716732025
0.25209635496139526
0.2644316256046295
0.2500748932361603
0.2641772925853729
0.239272341132164
0.23857879638671875
0.23583436012268066
0.23961544036865234
0.24805210530757904
0.23871910572052002
0.238286092877388
0.2539771497249603
0.2458963394165039
0.24929989874362946
0.24721501767635345
0.2560272514820099
0.22730912268161774
0.23354539275169373
0.28353825211524963
0.2433289885520935
0.2612091898918152
0.2427196353673935
0.236568421125412
0.2438988834619522
0.25669658184051514
0.24517351388931274
0.25738638639450073
0.2638324499130249
0.24388086795806885
0.22814521193504333
0.2606026232242584
0.22998403012752533
0.2347894161939621
0.2478010058403015
0.2414012849330902
0.24869509041309357
0.24410802125930786
0.23455749452114105
0.24395504593849182
0.2199029177427292
0.24957317113876343
0.22763259708881378
0.2260233759880066
0.25650107860565186
0.26401668787002563
0.22591456770896912
0.24809066951274872
0.2276865392923355
0.2351597100496292
0.23181742429733276
0.2619081437587738
0.24192751944065094
0.2361239194869995
0.2355811893939972
0.2540260851383209
0.246956929564476
0.22763915359973907
0.2351001799106598
0.22185510396957397
0.24298931658267975
0.2407790720462799
0.22986455261707306
0.23446020483970642
0.2152998149394989
0.2184879332780838
0.2602068781852722
0.26126205921173096
0.22676415741443634
0.22172215580940247
0.24036529660224915
0.24973243474960327
0.22160455584526062
0.25022271275520325
0.22453366219997406
0.24090364575386047
0.2597702443599701
0.2722792625427246
0.22513426840305328
0.24468576908111572
0.22941367328166962
0.2153400033712387
0.21316799521446228
0.22296319901943207
0.24227921664714813
0.24606236815452576
0.2475181370973587
0.23738303780555725
0.21182213723659515
0.21469619870185852
0.21454642713069916
0.230608269572258
0.22879622876644135
0.2261788696050644
0.2371138483285904
0.21731413900852203
0.2297677844762802
0.261861652135849
0.2425997108221054
0.2380128800868988
0.2351815104484558
0.21890966594219208
0.24847665429115295
0.2230617254972458
0.21371127665042877
0.22206450998783112
0.24557863175868988
0.23849701881408691
0.2300996035337448
0.22105351090431213
0.23626260459423065
0.2347775250673294
0.24413850903511047
0.22170062363147736
0.2494286298751831
0.2450282871723175
0.23401135206222534
0.2249249964952469
0.2566737234592438
0.21747146546840668
0.22778868675231934
0.222023606300354
0.21636860072612762
0.2357482612133026
0.22028066217899323
0.22371670603752136
0.21881774067878723
0.24464820325374603
0.2230384200811386
0.2253856509923935
0.19886445999145508
0.20292885601520538
0.2586152255535126
0.22109049558639526
0.22546172142028809
0.25081324577331543
0.2567152678966522
0.23302525281906128
0.26142850518226624
0.23826749622821808
0.23050573468208313
0.21415254473686218
0.23253966867923737
0.22417624294757843
0.23357798159122467
0.24243779480457306
0.23537945747375488
0.22030439972877502
0.24123795330524445
0.2152957320213318
0.2093639224767685
0.22655464708805084
0.20597238838672638
0.2181694656610489
0.23530207574367523
0.22873644530773163
0.22029098868370056
0.23986424505710602
0.21925088763237
0.20091316103935242
0.22078464925289154
0.2302038073539734
0.22484610974788666
0.25797736644744873
0.20642821490764618
0.22682026028633118
0.20171134173870087
0.21453595161437988
0.20657308399677277
0.22680090367794037
0.2121887505054474
0.20310987532138824
0.2424510270357132
0.24030563235282898
0.2192993313074112
0.22805900871753693
0.20543529093265533
0.23157821595668793
0.23825421929359436
0.21821428835391998
0.2431761771440506
0.22869214415550232
0.22100023925304413
0.22663657367229462
0.24931700527668
0.20632217824459076
0.2246912568807602
0.20787402987480164
0.2393261194229126
0.2077440619468689
0.21538227796554565
0.23719069361686707
0.24243618547916412
0.24849998950958252
0.2066725194454193
0.21837309002876282
0.23185768723487854
0.21040356159210205
0.2233065515756607
0.21394053101539612
0.22149747610092163
0.22126808762550354
0.21103520691394806
0.22147496044635773
0.22262121737003326
0.22542370855808258
0.2522127330303192
0.23967015743255615
0.21978938579559326
0.22467467188835144
0.23902826011180878
0.22785669565200806
0.2267245203256607
0.23286810517311096
0.218361034989357
0.23476910591125488
0.24569638073444366
0.236113503575325
0.24840381741523743
0.21598628163337708
0.21042858064174652
0.23078978061676025
0.23099066317081451
0.21158269047737122
0.21545322239398956
0.2256321758031845
0.19349724054336548
0.23312555253505707
0.21640069782733917
0.23275549709796906
0.21262367069721222
0.2375023514032364
0.23417647182941437
0.21346145868301392
0.2353040874004364
0.257340669631958
0.20400550961494446
0.23134079575538635
0.21199990808963776
0.2203177511692047
0.2116868793964386
0.24220359325408936
0.24829953908920288
0.22286894917488098
0.2040930688381195
0.22886358201503754
0.21992602944374084
0.22805574536323547
0.2122478038072586
0.22397956252098083
0.23582112789154053
0.20563367009162903
0.24099215865135193
0.21474827826023102
0.22184902429580688
0.2211657166481018
0.21532747149467468
0.22914546728134155
0.24213793873786926
0.19761471450328827
0.21235084533691406
0.22120323777198792
0.20810386538505554
0.21506594121456146
0.23782841861248016
0.20801101624965668
0.20107902586460114
0.23978100717067719
0.22666119039058685
0.22951540350914001
0.23088869452476501
0.21754534542560577
0.21374909579753876
0.2110203504562378
0.2045024186372757
0.23163826763629913
0.23398634791374207
0.22410708665847778
0.21949012577533722
0.21619725227355957
0.20559996366500854
0.22779273986816406
0.22586430609226227
0.23055027425289154
0.23278264701366425
0.21843568980693817
0.22514091432094574
0.22275422513484955
0.21843217313289642
0.23814648389816284
0.20589348673820496
0.21565671265125275
0.20689697563648224
0.24167029559612274
0.24374094605445862
0.2099834382534027
0.22088739275932312
0.2262117862701416
0.23995369672775269
0.23304148018360138
0.20919044315814972
0.21424591541290283
0.21838460862636566
0.21714481711387634
0.22647874057292938
0.22725597023963928
0.21842080354690552
0.22132466733455658
0.2103264331817627
0.20243726670742035
0.20785535871982574
0.22560101747512817
0.21467526257038116
0.24073852598667145
0.2415369153022766
0.22381412982940674
0.19887450337409973
0.224117711186409
0.22494666278362274
0.20570114254951477
0.2004089206457138
0.22305689752101898
0.21631968021392822
0.2271168828010559
0.21327079832553864
