0.9086559414863586
0.884037971496582
0.8631494641304016
0.8418921828269958
0.8230856657028198
0.8037084341049194
0.7868523001670837
0.7713819146156311
0.7557895183563232
0.7416859865188599
0.7266561985015869
0.7130092978477478
0.7000764608383179
0.688762903213501
0.6780982613563538
0.6669642329216003
0.6568602919578552
0.647897481918335
0.6386347413063049
0.6294521689414978
0.6214489936828613
0.614274263381958
0.6069463491439819
0.5996426939964294
0.5931087732315063
0.5871136784553528
0.5809611082077026
0.5743793845176697
0.5686649084091187
0.5628623366355896
0.5572021007537842
0.5526079535484314
0.5474086999893188
0.543156623840332
0.53814697265625
0.5340469479560852
0.5299745202064514
0.525607705116272
0.5218901038169861
0.5182720422744751
0.5147758722305298
0.5113703012466431
0.5080146789550781
0.5049018263816833
0.5018602609634399
0.4986356794834137
0.4956429600715637
0.4933469593524933
0.4897935390472412
0.48660001158714294
0.4840364158153534
0.48132774233818054
0.4790407121181488
0.4763890206813812
0.4743190109729767
0.4718700349330902
0.47008341550827026
0.4679063558578491
0.4661189317703247
0.46416592597961426
0.4621577560901642
0.4604184627532959
0.45857784152030945
0.45678645372390747
0.4551616907119751
0.4537164866924286
0.4519929885864258
0.45023196935653687
0.4486590325832367
0.4470856487751007
0.4457610845565796
0.44395193457603455
0.4424821734428406
0.44108179211616516
0.4396940767765045
0.4385225176811218
0.43711450695991516
0.4358707368373871
0.4344373941421509
0.43309149146080017
0.4321124255657196
0.43110620975494385
0.42972657084465027
0.4286818206310272
0.427759051322937
0.426563024520874
0.42567506432533264
0.42458227276802063
0.42349162697792053
0.4227147102355957
0.4218716025352478
0.42086127400398254
0.4202156662940979
0.41935285925865173
0.41825976967811584
0.41765445470809937
0.41683563590049744
0.4160742163658142
0.41522812843322754
0.41463491320610046
0.41377195715904236
0.41291746497154236
0.41240137815475464
0.4116879105567932
0.4109448492527008
0.41024529933929443
0.40960514545440674
0.40876564383506775
0.40836483240127563
0.4077901244163513
0.40707337856292725
0.4063688814640045
0.4056730568408966
0.40524598956108093
0.4045664370059967
0.4039931297302246
0.4035683870315552
0.4028749167919159
0.40238407254219055
0.4016689956188202
0.4012933671474457
0.4006933867931366
0.4000253677368164
0.39950937032699585
0.39918503165245056
0.39860448241233826
0.39845380187034607
0.39800307154655457
0.39755532145500183
0.39694294333457947
0.3964812457561493
0.39610210061073303
0.395704448223114
0.39536136388778687
0.3948374092578888
0.3942846953868866
0.39387062191963196
0.39359337091445923
0.39317646622657776
0.3928540349006653
0.3925754427909851
0.39211177825927734
0.3920459747314453
0.39124271273612976
0.3908645808696747
0.3905263841152191
0.3902241885662079
0.389762818813324
0.3896505534648895
0.38930845260620117
0.38898730278015137
0.3886643946170807
0.38822802901268005
0.38784152269363403
0.3876543641090393
0.3873964846134186
0.3869778513908386
0.3866523504257202
0.3864594101905823
0.38603442907333374
0.3857945203781128
0.3854137063026428
0.38498976826667786
0.38482433557510376
0.38444405794143677
0.3841513991355896
0.3839467763900757
0.38371899724006653
0.38337796926498413
0.38296425342559814
0.38272708654403687
0.38235488533973694
0.38211363554000854
0.3817317485809326
0.3815988302230835
0.38134557008743286
0.3810257315635681
0.38081738352775574
0.380515456199646
0.3802148997783661
0.3800230920314789
0.37975072860717773
0.37933725118637085
0.37907910346984863
0.3790249824523926
0.3786705434322357
0.3783750534057617
0.3780851662158966
0.377704918384552
0.37742549180984497
0.37714144587516785
0.3768541216850281
0.37652426958084106
0.3763142228126526
0.3761378526687622
0.3758833110332489
0.37548211216926575
0.37537214159965515
0.3749932646751404
0.3747155964374542
0.37445637583732605
0.37406304478645325
0.3738059997558594
0.373532772064209
0.37318864464759827
0.3729228079319
0.3728804886341095
0.3725712299346924
0.3722221851348877
0.37208855152130127
0.3717183470726013
0.37139177322387695
0.37110963463783264
0.3708977997303009
0.37068626284599304
0.37035107612609863
0.37008801102638245
0.3697073757648468
0.36950019001960754
0.36929386854171753
0.3690411448478699
0.36881372332572937
0.3685482144355774
0.36813265085220337
0.3678909242153168
0.36755433678627014
0.3673277199268341
0.36700597405433655
0.36680009961128235
0.3663841187953949
0.3661164939403534
0.36586108803749084
0.3656448423862457
0.365521639585495
0.3650166392326355
0.36495307087898254
0.3644603490829468
0.3642846345901489
0.3640436828136444
0.3637200593948364
0.3635491132736206
0.3631822168827057
0.36286818981170654
0.36257076263427734
0.36241188645362854
0.3622790277004242
0.3621615171432495
0.3620372414588928
0.36188504099845886
0.36175429821014404
0.3615754544734955
0.36142563819885254
0.3612426817417145
0.3612229526042938
0.3609715700149536
0.3608280122280121
0.3607046902179718
0.36057916283607483
0.36041393876075745
0.3603666424751282
0.36018943786621094
0.36007341742515564
0.3598741292953491
0.35995298624038696
0.359655499458313
0.35949042439460754
0.35939478874206543
0.3593149483203888
0.3590480089187622
0.3589819073677063
0.3587896227836609
0.35868725180625916
0.3585444986820221
0.358419269323349
0.3583342134952545
0.35818353295326233
0.3581642210483551
0.35800081491470337
0.3578212857246399
0.35771268606185913
0.3575759530067444
0.35751286149024963
0.3573746085166931
0.35714662075042725
0.3571520149707794
0.3568589389324188
0.35691219568252563
0.3565777540206909
0.3564511239528656
0.3562258780002594
0.3562205135822296
0.35605621337890625
0.35586023330688477
0.3557112216949463
0.35568001866340637
0.3554699718952179
0.35528528690338135
0.355173259973526
0.35504350066185
0.35490068793296814
0.3547676205635071
0.35461869835853577
0.35441187024116516
0.3546227812767029
0.3542623817920685
0.3541863262653351
0.35406550765037537
0.3539190888404846
0.3537871837615967
0.3535774052143097
0.3534719944000244
0.35329410433769226
0.35320964455604553
0.35298120975494385
0.3528442680835724
0.3527422845363617
0.3527710437774658
0.35252270102500916
0.3523772954940796
0.3522738516330719
0.3520628809928894
0.3519316017627716
0.35179752111434937
0.3516732454299927
0.35152867436408997
0.35142040252685547
0.35123229026794434
0.35109496116638184
0.3509109914302826
0.3507779836654663
0.3506990671157837
0.3506064713001251
0.35059428215026855
0.3503081202507019
0.35021260380744934
0.3502430021762848
0.3498605489730835
0.3497810959815979
0.3495829105377197
0.34946489334106445
0.34935182332992554
0.34921881556510925
0.34920158982276917
0.3489561378955841
0.3488674461841583
0.3488461375236511
0.3487313389778137
0.3486543595790863
0.34859615564346313
0.3485564589500427
0.3484588861465454
0.34837380051612854
0.348366916179657
0.3483058214187622
0.3481752574443817
0.3481689989566803
0.3480689227581024
0.34805113077163696
0.34794527292251587
0.3478575348854065
0.3478502631187439
0.34771081805229187
0.3476446270942688
0.3475687503814697
0.34754449129104614
0.34749412536621094
0.34736230969429016
0.3472748100757599
0.34719622135162354
0.3471660614013672
0.34707728028297424
0.3470423221588135
0.3469436466693878
0.3468973636627197
0.3468140959739685
0.34675630927085876
0.3466932475566864
0.34660059213638306
0.34659555554389954
0.34652042388916016
0.3464198410511017
0.34634166955947876
0.3462834060192108
0.3462843596935272
0.34616929292678833
0.3460874557495117
0.34602704644203186
0.3459642827510834
0.3459013104438782
0.34587404131889343
0.34575745463371277
0.34572935104370117
0.3456052243709564
0.3455718159675598
0.34545013308525085
0.34541749954223633
0.34538689255714417
0.3452948331832886
0.34521621465682983
0.3451690673828125
0.34510910511016846
0.3450429439544678
0.3449714779853821
0.3449052572250366
0.3448637127876282
0.3447742462158203
0.3447382152080536
0.3446463346481323
0.3445931375026703
0.344526469707489
0.34447532892227173
0.3443796932697296
0.3443029820919037
0.344280868768692
0.3442104756832123
0.344147652387619
0.3441135287284851
0.34399065375328064
0.34394240379333496
0.34387409687042236
0.343797892332077
0.3437492251396179
0.34371861815452576
0.34365415573120117
0.34357523918151855
0.343532532453537
0.34342455863952637
0.34342896938323975
0.34329691529273987
0.3432307243347168
0.3431910574436188
0.34315332770347595
0.34304335713386536
0.34300974011421204
0.34296929836273193
0.3428845703601837
0.34284454584121704
0.34276720881462097
0.342772901058197
0.3426818251609802
0.34258735179901123
0.34253567457199097
0.34246569871902466
0.3424002230167389
0.34237271547317505
0.3423421382904053
0.3423187732696533
0.3422948718070984
0.34225213527679443
0.3422142267227173
0.34216371178627014
0.34214940667152405
0.3421059548854828
0.34206917881965637
0.3420475721359253
0.3420056104660034
0.3420139253139496
0.3419853448867798
0.34192755818367004
0.34191131591796875
0.34186887741088867
0.3418523371219635
0.34180769324302673
0.34177863597869873
0.3417806327342987
0.3417367935180664
0.34169864654541016
0.3416523039340973
0.3416339159011841
0.34158721566200256
0.34155166149139404
0.3415283262729645
0.34150585532188416
0.341456800699234
0.3414301574230194
0.3414197564125061
0.34138545393943787
0.34137752652168274
0.3413392901420593
0.34129905700683594
0.34127891063690186
0.34124094247817993
0.34121668338775635
0.34119513630867004
0.34115666151046753
0.3411310613155365
0.3411075472831726
0.3410629630088806
0.34102863073349
0.3410055637359619
0.34096866846084595
0.34094610810279846
0.34090450406074524
0.34090837836265564
0.3408518433570862
0.34080591797828674
0.34076815843582153
0.3407263159751892
0.3406906723976135
0.3406665027141571
0.34064409136772156
0.34060099720954895
0.3405868411064148
0.3405689597129822
0.34051206707954407
0.340488076210022
0.34044840931892395
0.34041303396224976
0.3403785228729248
0.3403528928756714
0.3403516411781311
0.34031611680984497
0.34027519822120667
0.340261310338974
0.3401980996131897
0.3401656150817871
0.34013745188713074
0.3400942385196686
0.34007370471954346
0.34004801511764526
0.3400236666202545
0.33997440338134766
0.33996689319610596
0.3399016857147217
0.33987876772880554
0.3398456573486328
0.33981630206108093
0.33979034423828125
0.33975642919540405
0.33973097801208496
0.33969414234161377
0.3396596610546112
0.3396476209163666
0.33960360288619995
0.33958420157432556
0.3395589590072632
0.3395279049873352
0.33948057889938354
0.33944323658943176
0.3394414484500885
0.33942022919654846
0.33937913179397583
0.33933618664741516
0.3393006920814514
0.33929574489593506
0.33927690982818604
0.3392527997493744
0.3392406404018402
0.3392336070537567
0.3392055630683899
0.3391875624656677
0.33917903900146484
0.33915776014328003
0.3391372859477997
0.33912423253059387
0.33910924196243286
0.3390999734401703
0.33907368779182434
0.33905768394470215
0.3390427827835083
0.3390263319015503
0.3390151560306549
0.33900022506713867
0.338977187871933
0.33895736932754517
0.33894455432891846
0.3389323949813843
0.33892008662223816
0.33889633417129517
0.33888232707977295
0.3388633131980896
0.33886289596557617
0.33883795142173767
0.33882012963294983
0.3388039171695709
0.3387981355190277
0.338778018951416
0.33875542879104614
0.33874210715293884
0.33873218297958374
0.33871522545814514
0.3386901617050171
0.33867523074150085
0.33866140246391296
0.3386375606060028
0.33862850069999695
0.33861300349235535
0.3385954797267914
0.33857470750808716
0.33855998516082764
0.33854439854621887
0.3385479748249054
0.3385217785835266
0.3385014832019806
0.3384968042373657
0.3384774327278137
0.33846592903137207
0.33846306800842285
0.33843082189559937
0.3384075164794922
0.3384126126766205
0.33837783336639404
0.33836689591407776
0.3383537530899048
0.3383462429046631
0.33832836151123047
0.33829593658447266
0.3382851183414459
0.338272362947464
0.3382645845413208
0.33824658393859863
0.3382224440574646
0.338211327791214
0.33819904923439026
0.3381730616092682
0.3381643295288086
0.33814314007759094
0.33812886476516724
0.33811336755752563
0.3380900025367737
0.33807599544525146
0.33805638551712036
0.33804652094841003
0.3380279242992401
0.3380122482776642
0.33799487352371216
0.3379857540130615
0.3379676938056946
0.3379520773887634
0.3379337787628174
0.33792006969451904
0.33789896965026855
0.3378886580467224
0.33787763118743896
0.3378731310367584
0.33785438537597656
0.3378356993198395
0.33781567215919495
0.33782145380973816
0.33779123425483704
0.33777832984924316
0.33775976300239563
0.33774277567863464
