1.0169293880462646
1.0051467418670654
0.7676202058792114
0.8098013997077942
0.6828213334083557
0.765714168548584
0.7305088639259338
0.6798445582389832
0.7128376960754395
0.7074230313301086
0.7024879455566406
0.6615511775016785
0.6798762679100037
0.6900222301483154
0.6466262340545654
0.657808780670166
0.6404733657836914
0.6619044542312622
0.6456258296966553
0.6539784669876099
0.6424062252044678
0.6255700588226318
0.662278950214386
0.6346449255943298
0.6561083197593689
0.6465510129928589
0.657687246799469
0.6532235145568848
0.6426404714584351
0.6450924277305603
0.622431218624115
0.6189699769020081
0.6199477910995483
0.5944669842720032
0.6128925681114197
0.6028969287872314
0.5981926918029785
0.5977308750152588
0.5864078402519226
0.5819469094276428
0.5986230969429016
0.5737817287445068
0.6020447611808777
0.5893403887748718
0.6079158186912537
0.5657348036766052
0.5632373094558716
0.6035299301147461
0.6163346767425537
0.5482897758483887
0.5664892196655273
0.5739589333534241
0.5806916952133179
0.5592488050460815
0.5877599716186523
0.5761460065841675
0.5445781350135803
0.5692182183265686
0.549234926700592
0.5443301200866699
0.5457819104194641
0.5713410973548889
0.5802456736564636
0.5472748875617981
0.5777842998504639
0.5301755666732788
0.5186423659324646
0.5611851215362549
0.5449494123458862
0.5071231722831726
0.5435455441474915
0.5294023752212524
0.524466872215271
0.5428751111030579
0.517829179763794
0.5396501421928406
0.5221097469329834
0.5250808000564575
0.5419105887413025
0.5290296673774719
0.5343505144119263
0.5389418601989746
0.5137478113174438
0.5482789278030396
0.553638756275177
0.501003086566925
0.5221806764602661
0.5140664577484131
0.5280853509902954
0.49351629614830017
0.5186154842376709
0.5106226205825806
0.5100929737091064
0.48392292857170105
0.5136769413948059
0.5077769160270691
0.5188993215560913
0.510089099407196
0.5112228989601135
0.49079158902168274
0.4865559935569763
0.4833664298057556
0.5044490098953247
0.47899171710014343
0.4767940640449524
0.5071495175361633
0.4773443639278412
0.5003134608268738
0.4740751087665558
0.49099859595298767
0.49772822856903076
0.4626474380493164
0.48189565539360046
0.47762131690979004
0.48202675580978394
0.47365128993988037
0.4494386613368988
0.46923765540122986
0.47954314947128296
0.4584912955760956
0.4711681306362152
0.4486287236213684
0.46250346302986145
0.4405079483985901
0.45472976565361023
0.4632571041584015
0.47111940383911133
0.44866058230400085
0.4460390508174896
0.4375312030315399
0.4563139081001282
0.468085914850235
0.4672764241695404
0.44691574573516846
0.4696977734565735
0.4519699811935425
0.4423061013221741
0.48502734303474426
0.4627133309841156
0.4453915059566498
0.49212753772735596
0.4528660178184509
0.44049519300460815
0.43586280941963196
0.45649269223213196
0.46204873919487
0.46085935831069946
0.46003997325897217
0.4337100684642792
0.4353807866573334
0.4815428853034973
0.41606438159942627
0.4599541425704956
0.419219046831131
0.45859140157699585
0.4518551826477051
0.4381370544433594
0.4311750829219818
0.4169549345970154
0.44303128123283386
0.4233950674533844
0.44467979669570923
0.4483925998210907
0.4205676019191742
0.43124666810035706
0.4313703179359436
0.43202275037765503
0.4314163029193878
0.4380893111228943
0.43101564049720764
0.4357061982154846
0.43277236819267273
0.435474693775177
0.42838752269744873
0.44234299659729004
0.41985177993774414
0.41904371976852417
0.45166054368019104
0.42016762495040894
0.42843544483184814
0.4552271068096161
0.41205236315727234
0.3880489468574524
0.41021648049354553
0.40220287442207336
0.3985545337200165
0.4455379843711853
0.44356569647789
0.39932599663734436
0.40693017840385437
0.4089198708534241
0.4127284288406372
0.4244966208934784
0.39799755811691284
0.40580183267593384
0.38980674743652344
0.4020867645740509
0.4391057789325714
0.3822808861732483
0.4043620824813843
0.4244217574596405
0.38777315616607666
0.40313854813575745
0.4118179678916931
0.410566508769989
0.37135547399520874
0.4328930079936981
0.4251711070537567
0.39889436960220337
0.4050713777542114
0.4044518768787384
0.41498085856437683
0.38805249333381653
0.37186408042907715
0.3869464099407196
0.4156215786933899
0.37591877579689026
0.411663293838501
0.41623666882514954
0.3884919583797455
0.3718988001346588
0.39594581723213196
0.36445072293281555
0.3876981735229492
0.38173213601112366
0.39152616262435913
0.3823471665382385
0.40018969774246216
0.39010685682296753
0.3840157389640808
0.4168660640716553
0.3701818287372589
0.4178324043750763
0.3767243027687073
0.39206230640411377
0.4040580689907074
0.3844550549983978
0.38270318508148193
0.3863421678543091
0.3745318651199341
0.3879576027393341
0.40983787178993225
0.4193985164165497
0.37564507126808167
0.3663662374019623
0.39641210436820984
0.4068312644958496
0.37197068333625793
0.3674111068248749
0.36265283823013306
0.38474327325820923
0.38704487681388855
0.37308189272880554
0.3609415888786316
0.3450565040111542
0.36994078755378723
0.3543458580970764
0.36333444714546204
0.3699627220630646
0.36880049109458923
0.3653656244277954
0.3953615725040436
0.37681904435157776
0.34896767139434814
0.3575488030910492
0.3721032440662384
0.3616749048233032
0.37462306022644043
0.3739107549190521
0.3651966452598572
0.3638959228992462
0.3991733491420746
0.36655527353286743
0.37395331263542175
0.36095502972602844
0.3391812741756439
0.38472434878349304
0.36280229687690735
0.3889997899532318
0.37332919239997864
0.3559191823005676
0.3778076171875
0.354573130607605
0.3745778799057007
0.3639501631259918
0.412698894739151
0.3461945652961731
0.35224008560180664
0.36113983392715454
0.3790401816368103
0.33285850286483765
0.33017581701278687
0.36019301414489746
0.3552376925945282
0.37379077076911926
0.37383389472961426
0.3566943109035492
0.37006086111068726
0.3505447506904602
0.37293562293052673
0.37760061025619507
0.41179323196411133
0.35981109738349915
0.3637031018733978
0.35595929622650146
0.3798788785934448
0.3793938159942627
0.37402820587158203
0.3651115596294403
0.3857099115848541
0.3739316761493683
0.3822312653064728
0.34441086649894714
0.33655890822410583
0.34504562616348267
0.35256266593933105
0.34612104296684265
0.37326550483703613
0.3630012571811676
0.3446215093135834
0.3594103157520294
0.34965598583221436
0.3759230375289917
0.35831278562545776
0.3497215509414673
0.36612629890441895
0.36422476172447205
0.3532394468784332
0.3504177927970886
0.3418576419353485
0.36229270696640015
0.34756070375442505
0.3387432098388672
0.3429170548915863
0.35141900181770325
0.3728475570678711
0.33823350071907043
0.3301656246185303
0.3678220808506012
0.32468584179878235
0.35240909457206726
0.35299134254455566
0.34869277477264404
0.36361202597618103
0.34141549468040466
0.34218311309814453
0.36162707209587097
0.344800740480423
0.3494679629802704
0.3584844768047333
0.33063188195228577
0.3223775625228882
0.33401957154273987
0.3245692253112793
0.37257349491119385
0.3268761932849884
0.3620048463344574
0.35257619619369507
0.35608726739883423
0.32607507705688477
0.35668322443962097
0.3633352816104889
0.31854453682899475
0.3357246518135071
0.32453206181526184
0.3293569087982178
0.3548113703727722
0.34489116072654724
0.37078315019607544
0.31888547539711
0.35851261019706726
0.3358813226222992
0.3312704861164093
0.33185312151908875
0.35399508476257324
0.36471155285835266
0.33226048946380615
0.34258827567100525
0.3278597295284271
0.35929879546165466
0.34602853655815125
0.33996883034706116
0.33876949548721313
0.35646969079971313
0.3530137240886688
0.3301449120044708
0.3278379738330841
0.37482643127441406
0.3489694893360138
0.35433465242385864
0.3192760944366455
0.32809650897979736
0.31657540798187256
0.33465152978897095
0.36504825949668884
0.35086193680763245
0.33807316422462463
0.3570139408111572
0.34631115198135376
0.34068211913108826
0.33909735083580017
0.34186702966690063
0.3363138735294342
0.3501160442829132
0.32440385222435
0.34898102283477783
0.3283807635307312
0.32063189148902893
0.3542610704898834
0.3464537560939789
0.3181411921977997
0.3259733021259308
0.334609717130661
0.3267110288143158
0.33566659688949585
0.36107274889945984
0.3259114623069763
0.33614540100097656
0.3457925021648407
0.3329358398914337
0.3232438564300537
0.33482828736305237
0.3386048674583435
0.3252560794353485
0.3275344669818878
0.3405015468597412
0.3534289300441742
0.3459918797016144
0.3315165638923645
0.3380098342895508
0.31660738587379456
0.34455835819244385
0.33112233877182007
0.3581397235393524
0.3775097727775574
0.3119441270828247
0.32289037108421326
0.29810163378715515
0.3339439928531647
0.32686424255371094
0.33170223236083984
0.33921679854393005
0.33699220418930054
0.3198036849498749
0.31760185956954956
0.3343236446380615
0.33933940529823303
0.34398379921913147
0.33123335242271423
0.3386644124984741
0.3738800883293152
0.3238668143749237
0.34006914496421814
0.34729844331741333
0.34494635462760925
0.29702362418174744
0.333450049161911
0.35558003187179565
0.3278369903564453
0.3448117673397064
0.3303488790988922
0.3518407642841339
0.33548158407211304
0.34752801060676575
0.35628142952919006
0.32762840390205383
0.34217843413352966
0.34277915954589844
0.32248884439468384
0.31896913051605225
0.3775590658187866
0.32539838552474976
0.3465155065059662
0.34205856919288635
0.3212824761867523
0.35993531346321106
0.3428615629673004
0.32600897550582886
0.3357604444026947
0.35179221630096436
0.3289240896701813
0.3264836072921753
0.3461562991142273
0.3569824993610382
0.3521561026573181
0.30289265513420105
0.3328782320022583
0.3037277162075043
0.34789252281188965
0.33887866139411926
0.3374767601490021
0.34842899441719055
0.3284100294113159
0.3540376126766205
0.33102676272392273
0.30762287974357605
0.3139010965824127
0.3105664849281311
0.32669198513031006
0.34284844994544983
0.34449753165245056
0.308830201625824
0.32304325699806213
0.3464045524597168
0.32690027356147766
0.35299360752105713
0.3146464228630066
0.308885395526886
0.3263493478298187
0.33193445205688477
0.312777042388916
0.30942705273628235
0.35823559761047363
0.30025503039360046
0.32961082458496094
0.3088793158531189
0.36326003074645996
0.32696694135665894
0.3117005527019501
0.33548831939697266
0.32411834597587585
0.3287694454193115
0.3457027077674866
0.33410003781318665
0.3114113211631775
0.3388904929161072
0.31950801610946655
0.32864660024642944
0.3136361539363861
0.32434988021850586
0.3304682672023773
0.31684550642967224
0.3455882966518402
0.3212709128856659
0.3260616660118103
0.3245728611946106
0.3111841082572937
0.3354077637195587
0.3380481004714966
0.319293737411499
0.33657577633857727
0.33309295773506165
0.3237491846084595
0.31401821970939636
0.3171026110649109
0.31448692083358765
0.3173884451389313
0.32595381140708923
0.305233895778656
0.29563233256340027
0.3186696767807007
0.34212443232536316
0.3273653984069824
0.3083353638648987
0.3515392243862152
0.32320350408554077
0.33118176460266113
0.36209940910339355
0.3436132073402405
0.31004273891448975
0.32461437582969666
0.34324589371681213
0.3229706585407257
0.3745555281639099
0.3071412146091461
0.3170679807662964
0.33629342913627625
0.31834957003593445
0.36985644698143005
0.33403462171554565
0.3118097186088562
0.3214253783226013
0.3134889304637909
0.3220335841178894
0.3156464993953705
0.2866526246070862
0.3167591691017151
0.3332307040691376
0.30912235379219055
0.31959420442581177
0.33249029517173767
0.32711172103881836
0.3233306407928467
0.35887411236763
0.334016889333725
0.3483668565750122
0.32506245374679565
0.3090885579586029
0.3387625217437744
0.3486529588699341
0.32671695947647095
0.33590230345726013
0.32230526208877563
0.31897738575935364
0.33837634325027466
0.3101739287376404
0.31132587790489197
0.3133278787136078
0.3091089725494385
0.3037899434566498
0.3288257122039795
0.32558178901672363
0.31638434529304504
0.31458142399787903
0.3170085549354553
0.3141084611415863
0.31859153509140015
0.3373524844646454
0.3222958743572235
0.30375877022743225
0.3313397169113159
0.3218767046928406
0.3397946059703827
0.3063475489616394
0.3304484188556671
0.3176563084125519
0.3162730038166046
0.30858367681503296
0.3042370676994324
0.34436553716659546
0.3082440495491028
0.34152111411094666
0.30388155579566956
0.3226795196533203
0.30239540338516235
0.3427528738975525
0.3174169063568115
0.36743980646133423
0.309938907623291
0.32809361815452576
0.3438173234462738
0.34952646493911743
0.33108916878700256
0.30375128984451294
0.3254522383213043
0.3033757507801056
0.3497485816478729
0.3172856867313385
0.3066421151161194
0.3672108054161072
0.32262304425239563
0.31351086497306824
0.3524617850780487
0.3166896402835846
0.3152930438518524
0.33853110671043396
0.32005977630615234
0.3240077495574951
