0.7385237812995911
0.6516082286834717
0.6545301079750061
0.6049813032150269
0.6257813572883606
0.5761287212371826
0.5851877927780151
0.5791265964508057
0.547186553478241
0.5368976593017578
0.5199851989746094
0.5186849236488342
0.5193661451339722
0.4982200562953949
0.5179985761642456
0.5171419978141785
0.5123003721237183
0.5074849724769592
0.5106318593025208
0.4825546443462372
0.4927061200141907
0.4702815115451813
0.4737144410610199
0.4467983841896057
0.49166107177734375
0.4680725932121277
0.45965826511383057
0.4664943516254425
0.47906726598739624
0.458458811044693
0.4596059024333954
0.44243526458740234
0.44494515657424927
0.4625024199485779
0.443307101726532
0.4481618106365204
0.4472399652004242
0.4385606348514557
0.433957576751709
0.43279510736465454
0.44955065846443176
0.42575109004974365
0.432693749666214
0.4289856553077698
0.4104069471359253
0.40228694677352905
0.4188705384731293
0.4098466634750366
0.4157184362411499
0.41364943981170654
0.40866824984550476
0.41438373923301697
0.3977256417274475
0.41562363505363464
0.4033767282962799
0.403560072183609
0.412939190864563
0.4021173417568207
0.38807931542396545
0.41402024030685425
0.4054984748363495
0.40867456793785095
0.3825555145740509
0.4020594358444214
0.39773115515708923
0.39850372076034546
0.4262756407260895
0.3817703425884247
0.3874167501926422
0.38461172580718994
0.3655197024345398
0.3831612765789032
0.3993133008480072
0.4026734232902527
0.38378098607063293
0.3757156729698181
0.3690052926540375
0.391580730676651
0.37923553586006165
0.36846914887428284
0.3695327937602997
0.3712521493434906
0.3732031285762787
0.38114646077156067
0.3761610984802246
0.37619537115097046
0.3763313889503479
0.36123400926589966
0.35026079416275024
0.3864697217941284
0.3621097505092621
0.36797210574150085
0.3672797381877899
0.3594730794429779
0.35698044300079346
0.35614800453186035
0.3733195960521698
0.3561802804470062
0.34775370359420776
0.3686758577823639
0.36124441027641296
0.35866227746009827
0.3554074466228485
0.3711596131324768
0.3396296501159668
0.3642134964466095
0.3549852669239044
0.35368117690086365
0.34892383217811584
0.35541263222694397
0.3402153253555298
0.3417581617832184
0.3486984968185425
0.3274039328098297
0.359598845243454
0.34395304322242737
0.3573875427246094
0.3612045645713806
0.35189831256866455
0.3303050398826599
0.3404504358768463
0.34603258967399597
0.3367654085159302
0.3550448715686798
0.3507799208164215
0.35186856985092163
0.3379639685153961
0.3373120129108429
0.3401567339897156
0.34758687019348145
0.33976003527641296
0.3338366150856018
0.3314529061317444
0.34348931908607483
0.33022540807724
0.33963826298713684
0.33120861649513245
0.3214307129383087
0.32184332609176636
0.3238585293292999
0.3212272822856903
0.31664353609085083
0.3346879184246063
0.33983272314071655
0.3323172926902771
0.3260926604270935
0.32635432481765747
0.3322799801826477
0.32009387016296387
0.29839757084846497
0.32190608978271484
0.31767335534095764
0.3385038673877716
0.3329792022705078
0.305917888879776
0.3189745545387268
0.32439517974853516
0.3004300892353058
0.3103615939617157
0.3186730146408081
0.3111150562763214
0.32610541582107544
0.3122675120830536
0.3198086619377136
0.32243800163269043
0.3126605153083801
0.3277905583381653
0.3187793493270874
0.30724194645881653
0.3093314468860626
0.2995224893093109
0.30916839838027954
0.3177860379219055
0.3071681559085846
0.31867608428001404
0.31931644678115845
0.3085843622684479
0.2918602526187897
0.3120993673801422
0.3118531405925751
0.295858234167099
0.30872178077697754
0.31543582677841187
0.3079996407032013
0.30204588174819946
0.29016005992889404
0.2985823154449463
0.30972328782081604
0.3057984411716461
0.301528662443161
0.3045366406440735
0.29729607701301575
0.28398221731185913
0.292601615190506
0.31189635396003723
0.30460795760154724
0.2858928143978119
0.28536349534988403
0.2922365367412567
0.28483709692955017
0.2982083261013031
0.2995065748691559
0.29851001501083374
0.29979604482650757
0.28662851452827454
0.3059186637401581
0.29906535148620605
0.27954861521720886
0.3020656704902649
0.29995304346084595
0.31243452429771423
0.31756192445755005
0.28982099890708923
0.28171539306640625
0.3023163974285126
0.2908031940460205
0.293161541223526
0.29770341515541077
0.29586902260780334
0.29489871859550476
0.2976650893688202
0.2805684804916382
0.28805437684059143
0.2877304255962372
0.2869679927825928
0.3156612515449524
0.3024933636188507
0.2998599410057068
0.28829967975616455
0.28477585315704346
0.29755112528800964
0.2921038866043091
0.29377081990242004
0.2910781502723694
0.28151026368141174
0.292463093996048
0.2917793095111847
0.2793561816215515
0.2788263261318207
0.28344494104385376
0.28716880083084106
0.29558029770851135
0.2813246250152588
0.2980440855026245
0.26657605171203613
0.28341442346572876
0.2970724105834961
0.2880040109157562
0.27920594811439514
0.2864462435245514
0.28670647740364075
0.2796616852283478
0.29050442576408386
0.27802029252052307
0.2968957722187042
0.2822222113609314
0.281048983335495
0.2708338499069214
0.27450400590896606
0.2750806510448456
0.27640584111213684
0.2816040813922882
0.27385976910591125
0.28090956807136536
0.2715376019477844
0.27953946590423584
0.26195815205574036
0.26712921261787415
0.2848977744579315
0.2933363914489746
0.29594162106513977
0.27966970205307007
0.27590280771255493
0.28025779128074646
0.26425766944885254
0.27957311272621155
0.26824870705604553
0.27974000573158264
0.28429171442985535
0.2747533619403839
0.28184831142425537
0.28550004959106445
0.2611118257045746
0.2773229479789734
0.2692085802555084
0.2907995879650116
0.27458393573760986
0.2795989215373993
0.2614489495754242
0.26451215147972107
0.2739238739013672
0.26321014761924744
0.2717060446739197
0.272083044052124
0.28228068351745605
0.2634011507034302
0.26071155071258545
0.2673921287059784
0.2739294171333313
0.2768687903881073
0.2593216300010681
0.27391982078552246
0.287863552570343
0.27259361743927
0.2704705595970154
0.27368807792663574
0.2941448986530304
0.2624224126338959
0.26577723026275635
0.2492522895336151
0.27660709619522095
0.2807907462120056
0.27441707253456116
0.27265647053718567
0.2775977849960327
0.2790724039077759
0.2617887556552887
0.27368009090423584
0.2643328607082367
0.2650395631790161
0.25512126088142395
0.2706083655357361
0.2637748718261719
0.2726823389530182
0.2822471261024475
0.27695465087890625
0.26909226179122925
0.2663557827472687
0.24694497883319855
0.27235808968544006
0.26339900493621826
0.26739826798439026
0.2642345726490021
0.2698447108268738
0.254515141248703
0.2652210593223572
0.28134992718696594
0.272246390581131
0.26486736536026
0.2759896516799927
0.27104461193084717
0.2585572302341461
0.26347389817237854
0.26239070296287537
0.2729957699775696
0.27554455399513245
0.2647106349468231
0.2712623178958893
0.2780899405479431
0.2540672719478607
0.2757824957370758
0.2517417073249817
0.26323410868644714
0.2681904137134552
0.26259857416152954
0.27937451004981995
0.26631784439086914
0.2646668553352356
0.2639063894748688
0.27777862548828125
0.25364768505096436
0.2510865032672882
0.2639215290546417
0.26570025086402893
0.27243778109550476
0.2684391438961029
0.2580885887145996
0.2604372203350067
0.24990911781787872
0.2857765257358551
0.2821718454360962
0.2569710612297058
0.26905107498168945
0.25075384974479675
0.2824420928955078
0.2846048176288605
0.26870664954185486
0.25047969818115234
0.2652668058872223
0.2561172544956207
0.2577754259109497
0.25242677330970764
0.26437485218048096
0.2520838975906372
0.2520594298839569
0.2694220244884491
0.25834566354751587
0.25845035910606384
0.26050958037376404
0.2664231061935425
0.2567148208618164
0.2535826563835144
0.2309776246547699
0.2711304724216461
0.2534857392311096
0.2569640278816223
0.2561783194541931
0.2629449963569641
0.25719958543777466
0.26217666268348694
0.26461923122406006
0.275298148393631
0.26367121934890747
0.2529025375843048
0.2519143521785736
0.25994494557380676
0.26302769780158997
0.2681562900543213
0.2658269703388214
0.26143115758895874
0.257587194442749
0.2551251947879791
0.2515427768230438
0.24549643695354462
0.2522972524166107
0.2630068063735962
0.2604498267173767
0.2535664439201355
0.2590040862560272
0.25513625144958496
0.25977376103401184
0.2652937173843384
0.25742223858833313
0.2832983434200287
0.2601960599422455
0.27747127413749695
0.25269606709480286
0.26550787687301636
0.2434934675693512
0.2467140406370163
0.25383415818214417
0.2506745755672455
0.26250845193862915
0.2547537684440613
0.25948554277420044
0.2512873709201813
0.25857672095298767
0.2798733115196228
0.26091238856315613
0.2667602300643921
0.24907492101192474
0.2578992247581482
0.2612918019294739
0.2714966833591461
0.252584308385849
0.2502179741859436
0.2829490602016449
0.25668662786483765
0.25301527976989746
0.25240540504455566
0.2458363026380539
0.23284359276294708
0.2409147322177887
0.25722235441207886
0.24105116724967957
0.25505682826042175
0.2364196479320526
0.25470206141471863
0.2405804544687271
0.26471656560897827
0.26404598355293274
0.2520987391471863
0.2631347179412842
0.2606663405895233
0.25087878108024597
0.24612507224082947
0.26912790536880493
0.2562623620033264
0.2371695637702942
0.25063425302505493
0.2553107738494873
0.24778419733047485
0.2575882375240326
0.2450835257768631
0.24214737117290497
0.26036393642425537
0.2540627717971802
0.24829483032226562
0.2448345422744751
0.2601674497127533
0.25494763255119324
0.24763745069503784
0.26504310965538025
0.2751055061817169
0.2397831231355667
0.24621868133544922
0.2452896237373352
0.24763981997966766
0.22809529304504395
0.24259112775325775
0.23886355757713318
0.24346914887428284
0.2553556263446808
0.23758678138256073
0.25306910276412964
0.266889750957489
0.23292957246303558
0.23611661791801453
0.24540944397449493
0.2644695043563843
0.24802818894386292
0.23916254937648773
0.2530384361743927
0.24451616406440735
0.24325458705425262
0.25679636001586914
0.24201805889606476
0.2750830352306366
0.24134188890457153
0.24711185693740845
0.25392529368400574
0.24998947978019714
0.25184890627861023
0.26678454875946045
0.2620680332183838
0.25896626710891724
0.23388555645942688
0.2549827992916107
0.26558005809783936
0.2580452263355255
0.25065749883651733
0.23793308436870575
0.2645045518875122
0.25872552394866943
0.25070011615753174
0.24683015048503876
0.24521899223327637
0.24371476471424103
0.2646839916706085
0.2690974473953247
0.25259461998939514
0.2512018084526062
0.2559663951396942
0.2558746039867401
0.24697421491146088
0.2511722445487976
0.24414516985416412
0.25362518429756165
0.2556194067001343
0.2168964445590973
0.23829634487628937
0.2545543611049652
0.2525254487991333
0.2575535774230957
0.2586403489112854
0.2698449194431305
0.24096336960792542
0.2582778334617615
0.22877542674541473
0.2378934919834137
0.2707200348377228
0.25481101870536804
0.25487837195396423
0.2544519901275635
0.2574615478515625
0.2549661695957184
0.26659926772117615
0.270957887172699
0.26280477643013
0.25119754672050476
0.24943706393241882
0.26753222942352295
0.2657531499862671
0.24780626595020294
0.26234835386276245
0.2589794099330902
0.24449914693832397
0.24197034537792206
0.23824848234653473
0.25231269001960754
0.25027868151664734
0.24814558029174805
0.2389659732580185
0.24929597973823547
0.2424168884754181
0.2527938187122345
0.23877190053462982
0.2506043016910553
0.23362360894680023
0.25592517852783203
0.25086793303489685
0.25109291076660156
0.23378124833106995
0.24818158149719238
0.25535309314727783
0.2543986141681671
0.25581634044647217
0.2636919319629669
0.23326627910137177
0.2511686086654663
0.26436686515808105
0.25922492146492004
0.2595156729221344
0.26363804936408997
0.2543594241142273
0.22790494561195374
0.255666047334671
0.2636599838733673
0.24099449813365936
0.25339433550834656
0.24742494523525238
0.24657504260540009
0.2718313932418823
0.2683884799480438
0.25992387533187866
0.24603736400604248
0.24892620742321014
0.25287407636642456
