1.1113603115081787
1.0718984603881836
0.974541962146759
0.9212645888328552
0.8939839601516724
0.8330680727958679
0.782309889793396
0.7482982277870178
0.7121801376342773
0.6842166781425476
0.66423100233078
0.6285337209701538
0.6177057027816772
0.6161873936653137
0.5934198498725891
0.5548610091209412
0.537352979183197
0.5505315661430359
0.5376660823822021
0.5240142941474915
0.5152361392974854
0.5073684453964233
0.49407753348350525
0.4893270432949066
0.4775852859020233
0.47846081852912903
0.47250211238861084
0.483207643032074
0.4943273961544037
0.47640714049339294
0.4547947347164154
0.446690171957016
0.45112040638923645
0.47990739345550537
0.4483604431152344
0.45353808999061584
0.44049426913261414
0.4531904458999634
0.45636069774627686
0.45017218589782715
0.4439776539802551
0.41754260659217834
0.43826231360435486
0.44859951734542847
0.4298781752586365
0.43110746145248413
0.4354245662689209
0.4359346330165863
0.45117542147636414
0.4385779798030853
0.42375364899635315
0.413522869348526
0.4246043264865875
0.42421209812164307
0.4198321998119354
0.4267151355743408
0.4216386079788208
0.43537041544914246
0.4171980917453766
0.4014030396938324
0.4181042015552521
0.40777337551116943
0.3958997130393982
0.40619900822639465
0.4123436510562897
0.42048129439353943
0.41308578848838806
0.3928763270378113
0.4176342487335205
0.40608659386634827
0.39938610792160034
0.40286362171173096
0.39275407791137695
0.4007485806941986
0.3928700387477875
0.41614338755607605
0.4042723476886749
0.39488205313682556
0.3835682272911072
0.39252063632011414
0.3953188359737396
0.39455509185791016
0.39608922600746155
0.39367786049842834
0.40051016211509705
0.37984994053840637
0.3897132873535156
0.4006860554218292
0.4069856107234955
0.38588735461235046
0.3817426860332489
0.39060476422309875
0.3877014219760895
0.39453649520874023
0.3832927644252777
0.3840428292751312
0.38175806403160095
0.3858531713485718
0.3715429902076721
0.3753231167793274
0.3850001394748688
0.3930423855781555
0.37610626220703125
0.3819299638271332
0.38256508111953735
0.3667299449443817
0.37932026386260986
0.37684720754623413
0.3793943226337433
0.3782583177089691
0.3633773624897003
0.37517866492271423
0.38540250062942505
0.3661693036556244
0.372938334941864
0.38814109563827515
0.3471677899360657
0.38002440333366394
0.3589961528778076
0.38027289509773254
0.3742355704307556
0.3671652376651764
0.3631404638290405
0.35681474208831787
0.36161473393440247
0.35786905884742737
0.35903847217559814
0.35924771428108215
0.35321033000946045
0.3716256618499756
0.36053064465522766
0.3727585971355438
0.36070990562438965
0.3612552285194397
0.36184045672416687
0.3516368269920349
0.35424989461898804
0.3796530067920685
0.35535019636154175
0.3560250699520111
0.3545304238796234
0.3616492748260498
0.3615117073059082
0.3456842601299286
0.33355340361595154
0.35309895873069763
0.3503872752189636
0.35724395513534546
0.3527235984802246
0.3617786467075348
0.33921530842781067
0.346445232629776
0.35367903113365173
0.34684625267982483
0.3593657612800598
0.34510672092437744
0.3515857756137848
0.3392411470413208
0.34987789392471313
0.3500281870365143
0.34584304690361023
0.33615538477897644
0.33927664160728455
0.34587302803993225
0.3372940123081207
0.34869033098220825
0.3427773714065552
0.34233394265174866
0.3367481529712677
0.32593128085136414
0.32892218232154846
0.3340059220790863
0.33405303955078125
0.3394266664981842
0.3352569043636322
0.33672896027565
0.3244440257549286
0.33958864212036133
0.33304643630981445
0.3201703727245331
0.32493409514427185
0.34736233949661255
0.3358490467071533
0.35142454504966736
0.3122147023677826
0.32298362255096436
0.3423069715499878
0.3384057581424713
0.3409292995929718
0.32473668456077576
0.340151846408844
0.3243432343006134
0.344431608915329
0.3128645420074463
0.34282535314559937
0.34310242533683777
0.34138238430023193
0.3365879952907562
0.3373377025127411
0.3386133015155792
0.3310205638408661
0.32956260442733765
0.33397218585014343
0.3214067816734314
0.3456753194332123
0.32902491092681885
0.32638248801231384
0.32179194688796997
0.33737629652023315
0.33329686522483826
0.3244975507259369
0.3352943956851959
0.3208104074001312
0.33601948618888855
0.3226679563522339
0.3321112394332886
0.33779364824295044
0.33220013976097107
0.3279757797718048
0.32636258006095886
0.305937796831131
0.325568825006485
0.3350865840911865
0.33367517590522766
0.33281323313713074
0.3201715648174286
0.3412744700908661
0.3399001359939575
0.3260954022407532
0.31637755036354065
0.32939937710762024
0.333752304315567
0.3306295871734619
0.32044532895088196
0.32854586839675903
0.3279514014720917
0.32819926738739014
0.32698145508766174
0.3230306804180145
0.3035997152328491
0.3234376907348633
0.32714882493019104
0.31418150663375854
0.32839271426200867
0.3150767683982849
0.3184145987033844
0.32267364859580994
0.3264463245868683
0.31537342071533203
0.33073627948760986
0.30908361077308655
0.31488165259361267
0.3164239525794983
0.3173266351222992
0.3189469277858734
0.32204169034957886
0.30960723757743835
0.32390862703323364
0.30725201964378357
0.3442838191986084
0.3025745153427124
0.31322890520095825
0.33803653717041016
0.3019028902053833
0.3046228587627411
0.3151179850101471
0.3122996389865875
0.30755412578582764
0.2992327809333801
0.3227647542953491
0.31790781021118164
0.3237503170967102
0.30295848846435547
0.31341320276260376
0.3120754659175873
0.3126145899295807
0.32093968987464905
0.3041447401046753
0.3195720314979553
0.32511621713638306
0.3119645416736603
0.3144126832485199
0.3270985782146454
0.3074050545692444
0.3112574815750122
0.3198743462562561
0.3135311007499695
0.32495445013046265
0.32216745615005493
0.3176037073135376
0.31427955627441406
0.32152092456817627
0.31147652864456177
0.3155955672264099
0.2943327724933624
0.319036066532135
0.30041754245758057
0.3108775317668915
0.2943302094936371
0.3003263771533966
0.33689936995506287
0.32012683153152466
0.31805694103240967
0.31779468059539795
0.3193345367908478
0.29834023118019104
0.32550549507141113
0.3129938542842865
0.3130953907966614
0.30642735958099365
0.29151642322540283
0.30693507194519043
0.3075990676879883
0.3024219870567322
0.31375131011009216
0.3016885817050934
0.29397404193878174
0.30633100867271423
0.30313917994499207
0.3260553777217865
0.31198322772979736
0.30637842416763306
0.3002152740955353
0.31916114687919617
0.3194732069969177
0.31580573320388794
0.31328073143959045
0.3096766769886017
0.3091050982475281
0.30943214893341064
0.30224302411079407
0.3034074604511261
0.31627386808395386
0.3150920569896698
0.30136632919311523
0.31438544392585754
0.33263155817985535
0.2927103638648987
0.30387449264526367
0.30662548542022705
0.33046236634254456
0.3132901191711426
0.29715970158576965
0.30881139636039734
0.31828176975250244
0.30141183733940125
0.3115598261356354
0.31637001037597656
0.3017961084842682
0.3041512966156006
0.3033505380153656
0.2965061068534851
0.28897517919540405
0.29886487126350403
0.3018028736114502
0.29608017206192017
0.306875616312027
0.3142223060131073
0.31512507796287537
0.29485487937927246
0.3216697871685028
0.3007109761238098
0.31355106830596924
0.3099084198474884
0.30697691440582275
0.3013528287410736
0.30756914615631104
0.3082284927368164
0.30123990774154663
0.30307242274284363
0.3055792450904846
0.2836773693561554
0.30263423919677734
0.31356826424598694
0.33023878931999207
0.2905544936656952
0.3119625151157379
0.31561222672462463
0.2906327545642853
0.30266857147216797
0.29692399501800537
0.29904794692993164
0.3132566213607788
0.295881986618042
0.3156680166721344
0.29680928587913513
0.27687934041023254
0.31745073199272156
0.308343768119812
0.29845818877220154
0.31655266880989075
0.3159857392311096
0.2878142297267914
0.3136885166168213
0.31034237146377563
0.28217747807502747
0.3140365481376648
0.31026309728622437
0.2833949029445648
0.29193851351737976
0.3060362637042999
0.32412734627723694
0.3096999526023865
0.2952720820903778
0.3003142178058624
0.28914347290992737
0.2948048710823059
0.29210472106933594
0.29770150780677795
0.3124472200870514
0.30959218740463257
0.30307868123054504
0.307574987411499
0.3062704801559448
0.2978588938713074
0.3163132071495056
0.30430686473846436
0.30913248658180237
0.3242270350456238
0.29266810417175293
0.28931084275245667
0.30235862731933594
0.30588603019714355
0.30612853169441223
0.27964457869529724
0.2916853129863739
0.29504913091659546
0.29328832030296326
0.28789031505584717
0.2889896035194397
0.2942596673965454
0.2842027246952057
0.2925398051738739
0.2918355464935303
0.2981025278568268
0.311924546957016
0.306444376707077
0.2965397536754608
0.30699679255485535
0.3019257187843323
0.3043009340763092
0.28418463468551636
0.31531766057014465
0.31712478399276733
0.2857537865638733
0.3004472553730011
0.30101925134658813
0.3014947474002838
0.2932395040988922
0.2839891314506531
0.29232338070869446
0.316942036151886
0.30031388998031616
0.2911146283149719
0.2932698130607605
0.3000359833240509
0.2867714762687683
0.306751012802124
0.2896682024002075
0.2885236442089081
0.30558231472969055
0.30044522881507874
0.3088098168373108
0.3020940124988556
0.3039190173149109
0.29733073711395264
0.2914407253265381
0.29649290442466736
0.30486446619033813
0.30428245663642883
0.29849499464035034
0.30478790402412415
0.2883763611316681
0.301175594329834
0.28749021887779236
0.29794543981552124
0.3004191815853119
0.2833925187587738
0.30100107192993164
0.30910083651542664
0.29584330320358276
0.2995072305202484
0.3108290433883667
0.30234983563423157
0.3092488944530487
0.2926351726055145
0.30114421248435974
0.30414879322052
0.30176016688346863
0.29560771584510803
0.29433396458625793
0.2851581573486328
0.30590617656707764
0.29930394887924194
0.3117241859436035
0.303619921207428
0.2845218777656555
0.28581374883651733
0.31891703605651855
0.3027186691761017
0.29729193449020386
0.28193092346191406
0.2882581055164337
0.3032984435558319
0.30304422974586487
0.3093789219856262
0.28588154911994934
0.3115640878677368
0.2953721880912781
0.2743946611881256
0.2938327491283417
0.30382177233695984
0.2975498139858246
0.2929956018924713
0.29649507999420166
0.3136547803878784
0.30027350783348083
0.3038904070854187
0.2900680899620056
0.28333398699760437
0.28533926606178284
0.29081660509109497
0.2982874810695648
0.3126996159553528
0.302215576171875
0.29735657572746277
0.29060542583465576
0.304137647151947
0.3004063069820404
0.28299185633659363
0.30762791633605957
0.30077511072158813
0.2724716067314148
0.294787734746933
0.2957655191421509
0.2924325168132782
0.29614925384521484
0.27833259105682373
0.31027984619140625
0.30724143981933594
0.3129231631755829
0.2942921817302704
0.2858901619911194
0.3057349920272827
0.29381126165390015
0.295411616563797
0.2922888994216919
0.28310513496398926
0.29941558837890625
0.2895209789276123
0.2937704622745514
0.3027614951133728
0.2969592213630676
0.3029739558696747
0.3110789954662323
0.2999289333820343
0.3082025945186615
0.28927144408226013
0.310330867767334
0.30811387300491333
0.29345211386680603
0.2948029637336731
0.2945740818977356
0.29438352584838867
0.29210349917411804
0.3057747483253479
0.2812556028366089
0.2875414490699768
0.27516162395477295
0.30047813057899475
0.301676481962204
0.29990994930267334
0.2987724542617798
0.2842266857624054
0.2858876585960388
0.300484299659729
0.29012033343315125
0.2980005145072937
0.32068291306495667
0.29167741537094116
0.29696929454803467
0.28961512446403503
0.2985638380050659
0.3142264187335968
0.28208789229393005
0.2996721565723419
0.29611530900001526
0.31289926171302795
0.28792133927345276
0.2989678680896759
0.27989065647125244
0.2910858988761902
0.3138217329978943
0.3010212779045105
0.30112820863723755
0.3157927989959717
0.28721824288368225
0.2883247435092926
0.3020271360874176
0.28419387340545654
0.30969172716140747
