0.8151877522468567
0.7405985593795776
0.7650540471076965
0.7276780009269714
0.6967396140098572
0.699809193611145
0.6694350242614746
0.6609348654747009
0.6777070164680481
0.700434684753418
0.6083440780639648
0.6954289078712463
0.6570264101028442
0.6159420609474182
0.6394323110580444
0.6290058493614197
0.6302831172943115
0.6227539777755737
0.6341627240180969
0.6004073023796082
0.6120913028717041
0.6319217085838318
0.6094245910644531
0.6048784255981445
0.6049927473068237
0.6005444526672363
0.6075076460838318
0.5777328014373779
0.5900447368621826
0.5915368795394897
0.6111022233963013
0.5790334343910217
0.5766723155975342
0.5699667930603027
0.5671148300170898
0.5866062641143799
0.5819358229637146
0.5468491315841675
0.5537471175193787
0.5809663534164429
0.5725845098495483
0.5569711923599243
0.5669599771499634
0.5382907390594482
0.5589140057563782
0.5518949627876282
0.5357449650764465
0.5564795732498169
0.543242871761322
0.5433650612831116
0.5301114916801453
0.5655104517936707
0.5571411848068237
0.5810509920120239
0.5630817413330078
0.5431580543518066
0.5576742887496948
0.5230057835578918
0.5369465351104736
0.5078973770141602
0.537676990032196
0.5376696586608887
0.5124686360359192
0.5414472222328186
0.5314934253692627
0.517505407333374
0.5089516043663025
0.5225710868835449
0.5300858616828918
0.5307134389877319
0.5270981788635254
0.5363532900810242
0.5335707068443298
0.5256170630455017
0.5437753796577454
0.524969220161438
0.5448542833328247
0.5490519404411316
0.4993075132369995
0.5401926636695862
0.49085119366645813
0.49899280071258545
0.5385521650314331
0.4972831606864929
0.5009252429008484
0.5626280903816223
0.5159905552864075
0.5207192897796631
0.5356195569038391
0.49806123971939087
0.5210015773773193
0.503876268863678
0.5041024684906006
0.5226315259933472
0.5088571906089783
0.4953572154045105
0.5028781890869141
0.5025278329849243
0.4918919503688812
0.5106110572814941
0.5103095769882202
0.4869080185890198
0.4807334840297699
0.5080062747001648
0.5027018785476685
0.4994809925556183
0.5142090320587158
0.5185772180557251
0.48758986592292786
0.4916408061981201
0.4871119558811188
0.5002428293228149
0.49899402260780334
0.48212990164756775
0.47886985540390015
0.5305095314979553
0.46614688634872437
0.4995967447757721
0.4799414277076721
0.46616512537002563
0.47007784247398376
0.4669835865497589
0.4717719554901123
0.5119204521179199
0.46203312277793884
0.45872464776039124
0.4823814034461975
0.48419812321662903
0.4697979986667633
0.46730995178222656
0.5014026165008545
0.4868614077568054
0.47062617540359497
0.46020710468292236
0.4952976107597351
0.4733629524707794
0.4573497176170349
0.4699689745903015
0.44371989369392395
0.49280446767807007
0.47959592938423157
0.4843786656856537
0.4713182747364044
0.44961056113243103
0.48127514123916626
0.45866045355796814
0.4648173749446869
0.48250797390937805
0.492233544588089
0.4664801359176636
0.46069803833961487
0.4817098379135132
0.470243364572525
0.454984575510025
0.4471110999584198
0.45445358753204346
0.4706551730632782
0.46525514125823975
0.46657559275627136
0.47527197003364563
0.4513281285762787
0.46694618463516235
0.47056323289871216
0.4733783006668091
0.45753100514411926
0.46322542428970337
0.43160757422447205
0.468122661113739
0.46098029613494873
0.4505704641342163
0.45784229040145874
0.4451828598976135
0.4773417115211487
0.46048837900161743
0.44945383071899414
0.46035343408584595
0.46608221530914307
0.445791631937027
0.4518639147281647
0.4440361261367798
0.4419121742248535
0.4465818703174591
0.4297938346862793
0.4633026719093323
0.4420349597930908
0.48321598768234253
0.43843334913253784
0.4352704882621765
0.4747626781463623
0.47279998660087585
0.4651626944541931
0.4382690191268921
0.43455177545547485
0.4546348452568054
0.46737349033355713
0.45447248220443726
0.42356833815574646
0.4648328125476837
0.43017032742500305
0.4434816837310791
0.4387245178222656
0.43069055676460266
0.47143828868865967
0.4610905647277832
0.4489639401435852
0.43066704273223877
0.45110470056533813
0.4133780300617218
0.43082162737846375
0.4606393873691559
0.44242063164711
0.45424824953079224
0.4560198485851288
0.4376600384712219
0.43480384349823
0.4439501166343689
0.44475874304771423
0.44066235423088074
0.43402954936027527
0.4367847442626953
0.4648663103580475
0.43331024050712585
0.4420909583568573
0.43610161542892456
0.43264275789260864
0.4489319622516632
0.48082220554351807
0.42381054162979126
0.4186263382434845
0.4531756639480591
0.43509483337402344
0.43164655566215515
0.4429042637348175
0.446172833442688
0.4388371407985687
0.4407874047756195
0.4380817413330078
0.4377606511116028
0.4339759945869446
0.4328133761882782
0.4582754671573639
0.41198796033859253
0.45608803629875183
0.43620413541793823
0.47345009446144104
0.43382909893989563
0.43277448415756226
0.4241275191307068
0.41272127628326416
0.423587441444397
0.4183086156845093
0.43424004316329956
0.4345587193965912
0.42398592829704285
0.4426223635673523
0.4243899881839752
0.428409218788147
0.4524376392364502
0.43629327416419983
0.447844535112381
0.42864054441452026
0.4264983832836151
0.456442654132843
0.4610947072505951
0.41758471727371216
0.4447883069515228
0.4254496693611145
0.4359317421913147
0.42751601338386536
0.4518190026283264
0.44043582677841187
0.44778138399124146
0.4390210211277008
0.4347730278968811
0.42366886138916016
0.43163377046585083
0.4540223181247711
0.44911623001098633
0.44787508249282837
0.4354873299598694
0.41952770948410034
0.42108193039894104
0.44140997529029846
0.4232616424560547
0.4254894554615021
0.43225786089897156
0.42651164531707764
0.42310240864753723
0.426127552986145
0.44638776779174805
0.4270815849304199
0.4308696687221527
0.43215760588645935
0.4233933687210083
0.42548713088035583
0.46033355593681335
0.43283820152282715
0.42503729462623596
0.43727365136146545
0.4323405921459198
0.4203518033027649
0.42458468675613403
0.42144477367401123
0.4235014319419861
0.4263586401939392
0.42158201336860657
0.44162049889564514
0.44015926122665405
0.4255206882953644
0.4311332702636719
0.42172056436538696
0.41128766536712646
0.42223745584487915
0.42769375443458557
0.4149501621723175
0.4193364679813385
0.4309971332550049
0.4271278977394104
0.4387040436267853
0.41125601530075073
0.42419978976249695
0.4197666645050049
0.4079698324203491
0.430330365896225
0.43525657057762146
0.4244832992553711
0.42539453506469727
0.4080377221107483
0.4368276298046112
0.4425116777420044
0.4303027391433716
0.4223085939884186
0.42857205867767334
0.44956326484680176
0.41943660378456116
0.45078521966934204
0.4339962601661682
0.4272155463695526
0.40864935517311096
0.4170941710472107
0.4133281111717224
0.4244377017021179
0.42083990573883057
0.4324076175689697
0.42919832468032837
0.42486563324928284
0.4258989691734314
0.42724746465682983
0.42910951375961304
0.42424505949020386
0.4041697382926941
0.4069840610027313
0.4277612864971161
0.4242341220378876
0.40891316533088684
0.45647045969963074
0.423643559217453
0.4218904972076416
0.42062637209892273
0.4005681872367859
0.42115360498428345
0.420302152633667
0.4217805564403534
0.42968249320983887
0.4120957553386688
0.3970898687839508
0.40456390380859375
0.44456759095191956
0.4032197594642639
0.4184471666812897
0.4394012689590454
0.44122248888015747
0.42425864934921265
0.42629867792129517
0.43885359168052673
0.41283321380615234
0.41611799597740173
0.4188552498817444
0.4146304726600647
0.4242991805076599
0.4102698266506195
0.41867274045944214
0.4104836583137512
0.415775865316391
0.4102514386177063
0.4375740587711334
0.42862972617149353
0.4350695013999939
0.4155149459838867
0.39946746826171875
0.4162328243255615
0.41195353865623474
0.41094252467155457
0.421100914478302
0.40257200598716736
0.42354917526245117
0.41794905066490173
0.39185631275177
0.42629262804985046
0.3930571377277374
0.41575154662132263
0.42233991622924805
0.43077829480171204
0.4090951085090637
0.4505254626274109
0.4299372732639313
0.40244191884994507
0.4147913455963135
0.4303538501262665
0.4090821146965027
0.4139954447746277
0.4216148257255554
0.4147305190563202
0.4342242181301117
0.41394490003585815
0.43945810198783875
0.4354599118232727
0.42730391025543213
0.4227285385131836
0.42539024353027344
0.40291377902030945
0.4166426956653595
0.4163203835487366
0.40592625737190247
0.3919825851917267
0.40942251682281494
0.4160671830177307
0.41358983516693115
0.4079122841358185
0.41283443570137024
0.39517268538475037
0.41616764664649963
0.39998167753219604
0.40123048424720764
0.41748425364494324
0.41345712542533875
0.3982316255569458
0.42711588740348816
0.4168911576271057
0.40417584776878357
0.4075552821159363
0.4163621962070465
0.42315518856048584
0.4061378836631775
0.3969407081604004
0.4143849015235901
0.3937760889530182
0.433667927980423
0.41463643312454224
0.42155176401138306
0.4178394377231598
0.40820378065109253
0.4183023273944855
0.4065764248371124
0.4265661835670471
0.41220882534980774
0.4110826849937439
0.4021953344345093
0.4212293028831482
0.4116469919681549
0.42253413796424866
0.4195362329483032
0.4074426591396332
0.4368627071380615
0.40421703457832336
0.41159290075302124
0.42684611678123474
0.4285828769207001
0.41361987590789795
0.4152522683143616
0.39745962619781494
0.42961785197257996
0.42034712433815
0.4169342517852783
0.41235077381134033
0.41807618737220764
0.4159403145313263
0.4192303419113159
0.4147884249687195
0.39445698261260986
0.39773237705230713
0.40032684803009033
0.4025280177593231
0.41174328327178955
0.4021361768245697
0.42586269974708557
0.4207671880722046
0.4105934202671051
0.4147617220878601
0.42752665281295776
0.41622066497802734
0.4155997931957245
0.4107505977153778
0.3868618905544281
0.420221745967865
0.4264262616634369
0.4295580983161926
0.41218486428260803
0.3999996781349182
0.39807063341140747
0.3921095132827759
0.4343878924846649
0.40051960945129395
0.4335309863090515
0.41023901104927063
0.4268553853034973
0.4358241856098175
0.4082169532775879
0.42215341329574585
0.4275587201118469
0.4191746115684509
0.39474642276763916
0.4127174913883209
0.4163702130317688
0.4183940291404724
0.4325360357761383
0.37621670961380005
0.42859959602355957
0.3997628688812256
0.42871174216270447
0.39823150634765625
0.38863083720207214
0.4127625823020935
0.43047359585762024
0.4152178168296814
0.4176952838897705
0.4255228340625763
0.4124821722507477
0.37295037508010864
0.41976603865623474
0.4142453968524933
0.4117432236671448
0.39953720569610596
0.41940000653266907
0.40347975492477417
0.42075520753860474
0.4067500829696655
0.4112398326396942
0.39297881722450256
0.4145888090133667
0.41589248180389404
0.4042001962661743
0.4215690493583679
0.4064958095550537
0.41961050033569336
0.41030803322792053
0.3921390473842621
0.3961634635925293
0.3979796767234802
0.4241454601287842
0.39928561449050903
0.3983185589313507
0.4045484662055969
0.3970406949520111
0.42934519052505493
0.41717538237571716
0.3982290029525757
0.39427992701530457
0.40163108706474304
0.4349338412284851
0.4108920991420746
0.43213674426078796
0.43340635299682617
0.4048478603363037
0.4229556620121002
0.42878445982933044
0.39753878116607666
0.39986705780029297
0.4014352858066559
0.4063647389411926
0.43080297112464905
0.42377540469169617
0.4221779406070709
0.38582122325897217
0.4417198896408081
0.40996813774108887
0.3898243308067322
0.41399726271629333
0.4397718012332916
0.4030528664588928
0.42541778087615967
0.39689719676971436
0.4237113296985626
0.37615394592285156
0.3716801702976227
0.43627482652664185
0.4049352705478668
0.41521334648132324
0.400711327791214
0.3981941044330597
0.42924436926841736
0.4079265594482422
0.4304404854774475
0.446723073720932
0.4091191589832306
0.4696248769760132
0.37236282229423523
0.3967228829860687
0.4218052625656128
0.3908323049545288
0.4131643772125244
