0.8937697410583496
0.8062621355056763
0.7656813263893127
0.7000203728675842
0.6918841600418091
0.6544266939163208
0.630599319934845
0.6423497796058655
0.5780522227287292
0.5909053087234497
0.5435581207275391
0.5615461468696594
0.5501722097396851
0.5509307980537415
0.5265151262283325
0.5256989598274231
0.5342309474945068
0.4985731244087219
0.5175567269325256
0.5004039406776428
0.48932185769081116
0.5232207179069519
0.48831406235694885
0.5050219893455505
0.5064289569854736
0.4882734417915344
0.4483465552330017
0.5024248957633972
0.4660150706768036
0.4513280689716339
0.4536725878715515
0.46952351927757263
0.4780535101890564
0.44075435400009155
0.4474097490310669
0.4439064860343933
0.45580339431762695
0.42908626794815063
0.4491707682609558
0.4584343135356903
0.43465882539749146
0.43870705366134644
0.44758278131484985
0.4233938455581665
0.4215744733810425
0.4357575476169586
0.44570392370224
0.4100518226623535
0.392528772354126
0.4177793562412262
0.4288325309753418
0.40819746255874634
0.41836440563201904
0.42181017994880676
0.4155764877796173
0.3964388072490692
0.41012436151504517
0.3890608549118042
0.3962041735649109
0.43518850207328796
0.3892747163772583
0.39596548676490784
0.416169673204422
0.3933946192264557
0.384906142950058
0.38824135065078735
0.3905704915523529
0.38892650604248047
0.380501389503479
0.3957628905773163
0.4219400882720947
0.39833030104637146
0.38227909803390503
0.35383838415145874
0.39188987016677856
0.36810949444770813
0.39518478512763977
0.37960371375083923
0.3693280816078186
0.3545820713043213
0.4015040099620819
0.3347983658313751
0.36587488651275635
0.37754300236701965
0.3390342891216278
0.337142676115036
0.364777147769928
0.36272478103637695
0.3515609800815582
0.35714009404182434
0.3459928631782532
0.3536089360713959
0.3250751495361328
0.38882216811180115
0.35736146569252014
0.344845712184906
0.3444540798664093
0.37226131558418274
0.3485550582408905
0.3373431861400604
0.3253638446331024
0.34830766916275024
0.35138261318206787
0.3656683564186096
0.3318468928337097
0.3321765661239624
0.36528900265693665
0.32328733801841736
0.31466636061668396
0.3391834795475006
0.3436462879180908
0.32336536049842834
0.3128364682197571
0.3076828122138977
0.30414849519729614
0.3232870101928711
0.32612892985343933
0.313615620136261
0.3163425624370575
0.30080580711364746
0.31282278895378113
0.3019837439060211
0.31074798107147217
0.30218207836151123
0.3211181163787842
0.32818177342414856
0.31041109561920166
0.30059289932250977
0.28951239585876465
0.27946367859840393
0.2923887073993683
0.29048794507980347
0.3268440365791321
0.28859642148017883
0.31999215483665466
0.31061187386512756
0.29245319962501526
0.2950030267238617
0.2810777425765991
0.3116097152233124
0.3210182189941406
0.2872292697429657
0.29584065079689026
0.2998487055301666
0.2761687934398651
0.3102477490901947
0.3086075484752655
0.29209965467453003
0.30277979373931885
0.304267555475235
0.2842530906200409
0.28101271390914917
0.3133627474308014
0.30040279030799866
0.27066102623939514
0.2990064024925232
0.2859925925731659
0.29049789905548096
0.2801719307899475
0.2635863423347473
0.2856884002685547
0.30346840620040894
0.257418692111969
0.3060779273509979
0.2642088234424591
0.305351585149765
0.30163145065307617
0.25942152738571167
0.2747342884540558
0.26766330003738403
0.25902077555656433
0.2833890914916992
0.274703711271286
0.2770833969116211
0.28321728110313416
0.3136819899082184
0.2750057876110077
0.2986908257007599
0.2612716853618622
0.2831496000289917
0.28854653239250183
0.278070867061615
0.2889120578765869
0.29212191700935364
0.26091551780700684
0.281697541475296
0.2783704102039337
0.27550527453422546
0.2615002691745758
0.27381056547164917
0.31933313608169556
0.2778511345386505
0.2538037896156311
0.2849687337875366
0.2602992057800293
0.2892771363258362
0.25736913084983826
0.2728040814399719
0.26024460792541504
0.2672208547592163
0.2867671251296997
0.25430503487586975
0.26227256655693054
0.2613014280796051
0.2443057745695114
0.25506356358528137
0.27207517623901367
0.2327992022037506
0.23421494662761688
0.25217512249946594
0.2364681512117386
0.2834881544113159
0.2600725591182709
0.3012474477291107
0.26768866181373596
0.25491055846214294
0.2433656007051468
0.26363605260849
0.25970226526260376
0.24787229299545288
0.2553792893886566
0.252620130777359
0.2511240541934967
0.2445296198129654
0.2694859504699707
0.2588356137275696
0.22057366371154785
0.25213423371315
0.251785010099411
0.2753017842769623
0.22926871478557587
0.25669288635253906
0.25315386056900024
0.2507769763469696
0.25471967458724976
0.2631644010543823
0.2493310570716858
0.2551645040512085
0.2554677128791809
0.2536907196044922
0.243300199508667
0.2438022792339325
0.24928486347198486
0.27589210867881775
0.2556753158569336
0.25155365467071533
0.2406395971775055
0.25741639733314514
0.2412530928850174
0.22277604043483734
0.24384845793247223
0.2361171990633011
0.2507535219192505
0.24910174310207367
0.26455214619636536
0.2572091519832611
0.24285981059074402
0.23369383811950684
0.2518855333328247
0.252424955368042
0.24075458943843842
0.23112986981868744
0.27207836508750916
0.2209583818912506
0.23487411439418793
0.2281886339187622
0.26700982451438904
0.2452937215566635
0.21360403299331665
0.25605544447898865
0.24381200969219208
0.2525385618209839
0.23182988166809082
0.22015684843063354
0.23816101253032684
0.263907253742218
0.2436899095773697
0.2346688210964203
0.23459503054618835
0.2793685495853424
0.2412010282278061
0.2421744465827942
0.25031840801239014
0.24978695809841156
0.2602521479129791
0.2165367305278778
0.2542575001716614
0.2486557811498642
0.2548997700214386
0.22451144456863403
0.22786113619804382
0.23933875560760498
0.23010092973709106
0.22427450120449066
0.23566561937332153
0.2659728527069092
0.22991451621055603
0.2215520143508911
0.23320196568965912
0.23735716938972473
0.24548682570457458
0.23506824672222137
0.24136048555374146
0.2480579912662506
0.23964665830135345
0.23333871364593506
0.21676208078861237
0.2453048825263977
0.2242921143770218
0.2070116400718689
0.23125675320625305
0.23905739188194275
0.2366352528333664
0.2596742808818817
0.23816154897212982
0.21313507854938507
0.22374524176120758
0.2286459058523178
0.2373405545949936
0.23885759711265564
0.25027284026145935
0.230170339345932
0.22957301139831543
0.21935783326625824
0.2353837788105011
0.22392816841602325
0.23528356850147247
0.23500749468803406
0.22636283934116364
0.2254592925310135
0.21639026701450348
0.25336983799934387
0.2122071385383606
0.22548460960388184
0.21349318325519562
0.22637751698493958
0.222752183675766
0.24656087160110474
0.20868542790412903
0.20815326273441315
0.21774384379386902
0.2139061689376831
0.2178162932395935
0.18145176768302917
0.2191033661365509
0.19615978002548218
0.23070640861988068
0.22834385931491852
0.213227778673172
0.1894230991601944
0.24242228269577026
0.20228490233421326
0.22471189498901367
0.23023802042007446
0.22992412745952606
0.22906775772571564
0.2563444972038269
0.23007026314735413
0.21485236287117004
0.20772302150726318
0.21701790392398834
0.2219022512435913
0.2210109680891037
0.21245725452899933
0.26355189085006714
0.22151143848896027
0.2254161536693573
0.20638729631900787
0.21581199765205383
0.22722536325454712
0.20452457666397095
0.23030227422714233
0.2156502902507782
0.21574842929840088
0.2111426591873169
0.21992841362953186
0.22646361589431763
0.2432142049074173
0.2075560986995697
0.2123248279094696
0.19900040328502655
0.20014594495296478
0.2219078540802002
0.20109884440898895
0.21153829991817474
0.24166037142276764
0.2544081211090088
0.21293102204799652
0.2160956710577011
0.23804229497909546
0.207631453871727
0.21399123966693878
0.23161303997039795
0.21474295854568481
0.21737387776374817
0.2301112413406372
0.2215030938386917
0.22177712619304657
0.20298944413661957
0.20572398602962494
0.21710628271102905
0.21476970613002777
0.23907509446144104
0.21759498119354248
0.20536719262599945
0.21099521219730377
0.21252864599227905
0.23171165585517883
0.2213791459798813
0.22058707475662231
0.20603512227535248
0.19696001708507538
0.20116108655929565
0.23568613827228546
0.22009322047233582
0.20444481074810028
0.21473738551139832
0.2210959941148758
0.22692044079303741
0.22233819961547852
0.212412029504776
0.24128678441047668
0.20767657458782196
0.22742103040218353
0.20456987619400024
0.21232870221138
0.223919078707695
0.22206194698810577
0.21363098919391632
0.1938641220331192
0.21020902693271637
0.1920568197965622
0.20632660388946533
0.21377302706241608
0.20079874992370605
0.2024746984243393
0.21857519447803497
0.22307948768138885
0.19923792779445648
0.2402365803718567
0.2334601730108261
0.23515990376472473
0.22349029779434204
0.20307298004627228
0.20420509576797485
0.22569678723812103
0.20406758785247803
0.21998721361160278
0.21955403685569763
0.222703218460083
0.23456835746765137
0.20426984131336212
0.20353758335113525
0.19906555116176605
0.19033315777778625
0.25944119691848755
0.21976955235004425
0.21676434576511383
0.2093002200126648
0.2152634859085083
0.2270902842283249
0.19814033806324005
0.2170756608247757
0.2121633142232895
0.22169996798038483
0.21291425824165344
0.23294582962989807
0.21978238224983215
0.20832818746566772
0.207401841878891
0.198942169547081
0.2067308872938156
0.20907950401306152
0.21672460436820984
0.2295304238796234
0.20895376801490784
0.21656104922294617
0.2220643013715744
0.21504196524620056
0.19917422533035278
0.23329348862171173
0.2191755622625351
0.24485915899276733
0.23923476040363312
0.22501878440380096
0.2107553631067276
0.22117462754249573
0.21976278722286224
0.20353080332279205
0.19642014801502228
0.2255871444940567
0.2101535052061081
0.2037685215473175
0.2245417684316635
0.20414671301841736
0.20465297996997833
0.20778751373291016
0.22041141986846924
0.2065950483083725
0.25707119703292847
0.22025394439697266
0.2094230055809021
0.19046539068222046
0.19837744534015656
0.18909277021884918
0.21811364591121674
0.19752444326877594
0.20452271401882172
0.20723730325698853
0.22046667337417603
0.20876821875572205
0.20336216688156128
0.2103627473115921
0.20827409625053406
0.2336588352918625
0.2112991213798523
0.21016541123390198
0.19085796177387238
0.20254893600940704
0.21358777582645416
0.21116414666175842
0.22320646047592163
0.2047748863697052
0.2212989777326584
0.1883077174425125
0.21092306077480316
0.20379583537578583
0.2032950222492218
0.2370433658361435
0.22684676945209503
0.2052679806947708
0.20470896363258362
0.19550634920597076
0.1958029717206955
0.19308064877986908
0.20762185752391815
0.2249903380870819
0.2302028387784958
0.22329197824001312
0.1974886804819107
0.2211989015340805
0.20832481980323792
0.24467512965202332
0.20182998478412628
0.22833125293254852
0.21319209039211273
0.21348801255226135
0.2079887092113495
0.20330041646957397
0.21999090909957886
0.21050365269184113
0.2149783968925476
0.20085252821445465
0.21417731046676636
0.23601838946342468
0.207726389169693
0.23190657794475555
0.22811061143875122
0.21032598614692688
0.21416983008384705
0.21630750596523285
0.20762291550636292
0.23383083939552307
0.22415299713611603
0.19548384845256805
0.22436973452568054
0.23730657994747162
0.2232351303100586
0.21836824715137482
0.2185056358575821
0.2142757624387741
0.22126686573028564
0.2019154280424118
0.19417984783649445
0.20428034663200378
0.20926550030708313
0.194483682513237
0.22241145372390747
0.1976814866065979
0.21396562457084656
0.1938755363225937
0.1847332864999771
0.2249957174062729
0.2106369137763977
0.19744816422462463
0.22080950438976288
0.22037522494792938
0.19709640741348267
0.20223581790924072
0.19558516144752502
0.18918870389461517
0.22614654898643494
0.1971689611673355
0.20444601774215698
0.19233903288841248
0.22709199786186218
0.21054893732070923
0.2214348465204239
0.20397059619426727
0.19354936480522156
0.22433626651763916
