1.3537650108337402
1.269972801208496
1.171600341796875
1.1647166013717651
1.042609691619873
1.0153743028640747
0.9741942882537842
0.9281386137008667
0.9171802401542664
0.8866972327232361
0.7825308442115784
0.8216237425804138
0.7735502123832703
0.730108916759491
0.7305349707603455
0.7083866000175476
0.7264533042907715
0.6710867881774902
0.6454288363456726
0.5982170104980469
0.6839789748191833
0.6189420223236084
0.6156607866287231
0.5981714725494385
0.6121533513069153
0.5989864468574524
0.603199303150177
0.6155234575271606
0.6061527729034424
0.5741802453994751
0.6062196493148804
0.5852254033088684
0.5791217088699341
0.5870966911315918
0.5631002187728882
0.5837088227272034
0.5405044555664062
0.5666041970252991
0.5809853672981262
0.5533207058906555
0.5451462864875793
0.5448715686798096
0.5291512608528137
0.5172995328903198
0.5338057279586792
0.5651065707206726
0.5084372758865356
0.5472883582115173
0.5570778250694275
0.5136248469352722
0.5346123576164246
0.5092470645904541
0.5232694745063782
0.5454049110412598
0.5099586248397827
0.514317512512207
0.5294801592826843
0.5232701301574707
0.5007063746452332
0.4964359700679779
0.5199318528175354
0.4901328682899475
0.5068230628967285
0.5194281339645386
0.5053282976150513
0.5138699412345886
0.5047271251678467
0.488537460565567
0.4941127300262451
0.49206972122192383
0.517268717288971
0.49251824617385864
0.4880473017692566
0.4978324770927429
0.47810792922973633
0.5104361772537231
0.4973098933696747
0.48665985465049744
0.4791513681411743
0.4690261483192444
0.47442010045051575
0.47350138425827026
0.46966180205345154
0.4679645597934723
0.4709680378437042
0.47102344036102295
0.4735862612724304
0.47582098841667175
0.44484850764274597
0.4784952402114868
0.47532030940055847
0.4574979245662689
0.45295700430870056
0.46203893423080444
0.45988452434539795
0.4671051800251007
0.462963730096817
0.47765421867370605
0.4306981563568115
0.4531278610229492
0.4816327691078186
0.4685420095920563
0.4327975809574127
0.45343464612960815
0.4533472955226898
0.4569339156150818
0.4642987847328186
0.453549861907959
0.4403620660305023
0.43531885743141174
0.4410179853439331
0.4362506866455078
0.4399773180484772
0.44048255681991577
0.44627782702445984
0.42257487773895264
0.43886905908584595
0.4290088415145874
0.4306432604789734
0.42896321415901184
0.4264865517616272
0.43319234251976013
0.4244738817214966
0.42640188336372375
0.43496832251548767
0.4424401521682739
0.4215468466281891
0.4302941858768463
0.4238109290599823
0.42736202478408813
0.422054648399353
0.44663006067276
0.4119413197040558
0.432101845741272
0.4230390787124634
0.421181321144104
0.41444993019104004
0.4264448285102844
0.40494149923324585
0.4250371754169464
0.4149850308895111
0.40535610914230347
0.4213728904724121
0.42379260063171387
0.41626328229904175
0.4268987774848938
0.4189881384372711
0.41946691274642944
0.39734700322151184
0.41429153084754944
0.39778587222099304
0.42243868112564087
0.41040554642677307
0.3960360586643219
0.4090993106365204
0.42746859788894653
0.4231867492198944
0.3980540931224823
0.40569478273391724
0.38700467348098755
0.4138757884502411
0.4160482585430145
0.39041799306869507
0.41143834590911865
0.4159773588180542
0.38952958583831787
0.41094279289245605
0.39307233691215515
0.4001990854740143
0.39413219690322876
0.4133402407169342
0.3841996490955353
0.42580321431159973
0.4029799699783325
0.40570974349975586
0.3934580087661743
0.40155160427093506
0.3979145586490631
0.39711591601371765
0.41527679562568665
0.39851123094558716
0.39420822262763977
0.40084439516067505
0.39527830481529236
0.3964252471923828
0.40771424770355225
0.4083063006401062
0.39760804176330566
0.4284228980541229
0.39575618505477905
0.39599528908729553
0.3836365342140198
0.3916546404361725
0.409199595451355
0.3960477113723755
0.38676267862319946
0.3870830535888672
0.3830544650554657
0.3926512598991394
0.38143637776374817
0.38577550649642944
0.3812277019023895
0.3952280282974243
0.39129093289375305
0.3904390335083008
0.38306891918182373
0.38269996643066406
0.41124647855758667
0.38699987530708313
0.40060850977897644
0.39497384428977966
0.39612868428230286
0.38780319690704346
0.3646930754184723
0.3940209746360779
0.379777193069458
0.39445069432258606
0.38101503252983093
0.3839621841907501
0.38311856985092163
0.3803720772266388
0.3903338611125946
0.3769969344139099
0.38562554121017456
0.3738740086555481
0.3746843636035919
0.371841162443161
0.3938642144203186
0.3827831447124481
0.3672054708003998
0.3712714910507202
0.3859557509422302
0.3616601228713989
0.386665016412735
0.3802763819694519
0.3781130313873291
0.36015212535858154
0.3753046691417694
0.38169562816619873
0.37115296721458435
0.39435791969299316
0.37953123450279236
0.381597101688385
0.3843679130077362
0.38099297881126404
0.3847515285015106
0.37582850456237793
0.3898671567440033
0.39277803897857666
0.36424118280410767
0.3783748745918274
0.3799797594547272
0.37022632360458374
0.3765045404434204
0.3813501000404358
0.3780292272567749
0.3689741790294647
0.38590314984321594
0.3659193813800812
0.36860254406929016
0.35520195960998535
0.37350207567214966
0.37455374002456665
0.3790842592716217
0.37831249833106995
0.3847196400165558
0.36446186900138855
0.3600400388240814
0.3745437264442444
0.3486368954181671
0.37768450379371643
0.3742041289806366
0.3765861392021179
0.3799566626548767
0.36994901299476624
0.38591885566711426
0.3694825768470764
0.3649391233921051
0.3817920684814453
0.37258380651474
0.35970255732536316
0.3740806579589844
0.3825874626636505
0.3780948221683502
0.37075075507164
0.3740096092224121
0.35456210374832153
0.3704328238964081
0.37343910336494446
0.37590354681015015
0.3615016043186188
0.36227142810821533
0.35871127247810364
0.3809390366077423
0.377591997385025
0.3736366629600525
0.3697532117366791
0.3800782859325409
0.3681109845638275
0.3605117201805115
0.38382458686828613
0.39061814546585083
0.3493092358112335
0.3665657341480255
0.3673343360424042
0.3654443919658661
0.3618631958961487
0.3725427985191345
0.37279650568962097
0.3555804193019867
0.3615052103996277
0.3614143431186676
0.36314815282821655
0.3802264332771301
0.37947386503219604
0.3693825304508209
0.3643721044063568
0.35675111413002014
0.3745913803577423
0.3773803412914276
0.36510205268859863
0.3897775709629059
0.37310320138931274
0.3615245819091797
0.3692118227481842
0.36864855885505676
0.357795387506485
0.3849485218524933
0.38288432359695435
0.3706355094909668
0.3713333308696747
0.3870580494403839
0.3591240346431732
0.39096081256866455
0.3561764359474182
0.3690885305404663
0.3800581693649292
0.3572711646556854
0.37254995107650757
0.36314913630485535
0.3528541922569275
0.3569396734237671
0.39306068420410156
0.3811338543891907
0.36684519052505493
0.3660881817340851
0.3691551983356476
0.3799571990966797
0.3714771568775177
0.3634018301963806
0.36707085371017456
0.35488682985305786
0.3758254647254944
0.3748042583465576
0.37299078702926636
0.36435818672180176
0.36980336904525757
0.35960015654563904
0.3789742887020111
0.35876742005348206
0.3692949712276459
0.35884255170822144
0.36586830019950867
0.37895774841308594
0.37049683928489685
0.3673483729362488
0.3735044598579407
0.363953560590744
0.349421888589859
0.36386212706565857
0.3642059564590454
0.36085808277130127
0.3604208528995514
0.36467236280441284
0.371101438999176
0.36821839213371277
0.3700655698776245
0.3607574701309204
0.35351914167404175
0.3726305067539215
0.3578101694583893
0.3674953877925873
0.3636445105075836
0.3746086061000824
0.3646669387817383
0.35725337266921997
0.37963369488716125
0.35627061128616333
0.36302536725997925
0.3505690097808838
0.36928069591522217
0.3590778112411499
0.36070477962493896
0.3776261806488037
0.36883845925331116
0.3553336560726166
0.36381351947784424
0.364472359418869
0.37119388580322266
0.3671155273914337
0.36381056904792786
0.3782869577407837
0.3677684962749481
0.34616413712501526
0.36173760890960693
0.37341809272766113
0.3725397288799286
0.3630313277244568
0.3449457585811615
0.3685724437236786
0.3674248456954956
0.3636474907398224
0.3532181680202484
0.3621334135532379
0.3493827283382416
0.36870062351226807
0.35448241233825684
0.37397533655166626
0.37275969982147217
0.349199503660202
0.3627152442932129
0.3677522838115692
0.3695273697376251
0.37296074628829956
0.36945220828056335
0.3703273832798004
0.3470037281513214
0.366476446390152
0.37111520767211914
0.35815268754959106
0.36569681763648987
0.3679720163345337
0.36548343300819397
0.3707802891731262
0.35524293780326843
0.36006802320480347
0.36535874009132385
0.36081448197364807
0.3603169620037079
0.36899375915527344
0.3569517433643341
0.3640407621860504
0.3727092146873474
0.35355255007743835
0.3575904965400696
0.3658241033554077
0.3693637251853943
0.37746018171310425
0.3542138934135437
0.36232879757881165
0.36229556798934937
0.3610855042934418
0.3533927798271179
0.36716821789741516
0.36454322934150696
0.35506537556648254
0.3621599078178406
0.37297943234443665
0.3746238350868225
0.36147981882095337
0.36476099491119385
0.3735734820365906
0.3624763786792755
0.36512938141822815
0.36265552043914795
0.3615300953388214
0.3782442808151245
0.3581114709377289
0.3759270906448364
0.3588084876537323
0.36349865794181824
0.3611154854297638
0.3590679168701172
0.3607993721961975
0.3633185923099518
0.3632403016090393
0.36395740509033203
0.37048107385635376
0.3624263405799866
0.3762282133102417
0.3635781705379486
0.3346817195415497
0.36900773644447327
0.3686741590499878
0.36295509338378906
0.3665250241756439
0.3598273992538452
0.37073051929473877
0.37911686301231384
0.35888904333114624
0.359031081199646
0.37128347158432007
0.38614270091056824
0.3653165102005005
0.35060542821884155
0.3628530204296112
0.35241636633872986
0.3477344810962677
0.3571873903274536
0.3563399910926819
0.3671475648880005
0.3631247580051422
0.36775317788124084
0.3571110963821411
0.3562128245830536
0.3605116009712219
0.3643958568572998
0.3626474440097809
0.3521110415458679
0.35186120867729187
0.35162460803985596
0.3663853704929352
0.3516295254230499
0.364473819732666
0.3489517271518707
0.3726934790611267
0.35183456540107727
0.36847060918807983
0.34910836815834045
0.34838417172431946
0.36229899525642395
0.36360034346580505
0.36910614371299744
0.34684860706329346
0.3649595379829407
0.3526265025138855
0.36194148659706116
0.36550673842430115
0.3510320484638214
0.3569791615009308
0.3679691553115845
0.3789343535900116
0.364065945148468
0.3631565272808075
0.3690185844898224
0.3643118739128113
0.36503884196281433
0.36766529083251953
0.36630260944366455
0.34184566140174866
0.3645319640636444
0.3673393726348877
0.372050017118454
0.35002434253692627
0.3655252754688263
0.36183032393455505
0.360809862613678
0.3462781012058258
0.36878809332847595
0.3502871096134186
0.36038938164711
0.36920440196990967
0.36476314067840576
0.36305832862854004
0.36487463116645813
0.3547654449939728
0.3532679080963135
0.3576407730579376
0.36304494738578796
0.3527229130268097
0.37381163239479065
0.3510834276676178
0.3810097277164459
0.3542502522468567
0.3689209520816803
0.3597787916660309
0.3463521897792816
0.3618273437023163
0.3668506443500519
0.35272660851478577
0.3520389795303345
0.3460898995399475
0.348550945520401
0.36455291509628296
0.34631919860839844
0.3609243929386139
0.34657788276672363
0.3534821569919586
0.3476802110671997
0.3729480504989624
0.3618720471858978
0.3462144136428833
0.34902024269104004
0.35714197158813477
0.3720787465572357
0.3570842444896698
0.35248780250549316
0.3615621328353882
0.34946998953819275
0.36077943444252014
0.35635679960250854
0.34992504119873047
0.35445454716682434
0.36707988381385803
0.3634152114391327
0.350452721118927
0.35501277446746826
0.34827423095703125
0.3653547763824463
0.3756670653820038
0.35113999247550964
0.354474812746048
0.36390748620033264
0.35728248953819275
0.34797993302345276
0.3669808804988861
0.3663736581802368
0.361131489276886
0.3784028887748718
0.35631200671195984
0.366717666387558
0.35906246304512024
0.35899975895881653
0.3587234616279602
0.3783423900604248
0.3578760325908661
0.3497191369533539
0.3617904484272003
0.36681777238845825
0.35985302925109863
0.35483670234680176
0.350201815366745
0.37144771218299866
0.35145094990730286
0.352059006690979
0.36754193902015686
