2.6329503
2.6144521
2.5922518
2.5676095
2.5407515
2.510602
2.4780157
2.4425724
2.4045944
2.3644876
2.3221688
2.2767158
2.2286446
2.1778183
2.1248486
2.0693548
2.0123725
1.9539852
1.8942969
1.8340518
1.7729598
1.7121806
1.651201
1.5919094
1.5328704
1.475239
1.4185714
1.3643272
1.3130574
1.2642794
1.2179667
1.1750315
1.1351322
1.0985183
1.0648415
1.0337511
1.0050043
0.9789833
0.9543137
0.9315692
0.91043204
0.8909057
0.87337595
0.85736686
0.8426315
0.82940185
0.81683964
0.80484754
0.79298234
0.781703
0.7711806
0.7611983
0.7512343
0.74174476
0.7327032
0.7239379
0.71523935
0.7067598
0.6984379
0.6902741
0.6822181
0.67442256
0.66682917
0.6595233
0.6522282
0.6449484
0.63772744
0.6307011
0.62360597
0.61673814
0.60997576
0.6034471
0.5971021
0.5908008
0.58464193
0.5785649
0.57256687
0.5666211
0.5607106
0.5549779
0.5493215
0.54360133
0.5379416
0.53232497
0.5269708
0.5219102
0.5170381
0.51221263
0.5075151
0.5028799
0.49832898
0.49391305
0.48964715
0.4854448
0.48135686
0.47728917
0.47319606
0.46929255
0.46550134
0.46168536
0.4580121
0.45429796
0.45072663
0.4471574
0.443644
0.44021046
0.4368101
0.4335251
0.4302985
0.42708382
0.42397267
0.42094553
0.41804084
0.41521746
0.41247493
0.4098506
0.40730953
0.40486193
0.4024986
0.40025067
0.39803013
0.3958206
0.39364693
0.39158598
0.3895793
0.3875771
0.38561523
0.3836712
0.38176742
0.37991512
0.37802544
0.37611812
0.3742947
0.37251064
0.37072986
0.36902732
0.36731762
0.36556554
0.3638929
0.36223832
0.36062935
0.35896242
0.35732332
0.35570607
0.3540576
0.35247743
0.35086668
0.34927237
0.34764844
0.34605184
0.34447578
0.34295714
0.34144196
0.3399477
0.33848703
0.33704093
0.33562708
0.33425206
0.33291286
0.33158836
0.3302745
0.32900092
0.32775375
0.3265057
0.32528406
0.3239924
0.32266054
0.32139152
0.32014012
0.31889552
0.31761375
0.31637514
0.31513917
0.31394517
0.31278098
0.31166545
0.31052083
0.30936375
0.3081973
0.3070419
0.30591267
0.30479
0.30366248
0.30257514
0.30141917
0.30033633
0.29929942
0.29831195
0.29731312
0.29636505
0.29542583
0.29446024
0.29352066
0.29262844
0.29171965
0.2907994
0.28986594
0.2889319
0.28806746
0.2872328
0.28641215
0.28560257
0.28474957
0.2839023
0.28304994
0.28221673
0.2813345
0.28044596
0.2795812
0.2787307
0.27789894
0.2770142
0.27610418
0.27523065
0.27438474
0.27355844
0.27275077
0.27196404
0.27120006
0.2704348
0.26969907
0.26896694
0.2682203
0.26751155
0.2668039
0.2661197
0.2654383
0.2647771
0.26413566
0.2635363
0.2629435
0.26233795
0.2617151
0.26108536
0.26047635
0.25989443
0.2593403
0.25875837
0.25819623
0.25760722
0.25703415
0.25648677
0.25591058
0.25531033
0.25474554
0.25417432
0.25361383
0.25308114
0.25253636
0.25202522
0.2515297
0.25107315
0.25060493
0.2501207
0.24962097
0.2491404
0.24869075
0.24823858
0.24778274
0.24730963
0.24678826
0.24630728
0.24583939
0.24537927
0.24491115
0.24447185
0.24403669
0.24362668
0.24322627
0.24283059
0.24244003
0.24206774
0.24169353
0.24129209
0.240904
0.24047555
0.24003492
0.23960792
0.2392094
0.23881225
0.23840544
0.23799732
0.23761278
0.23722048
0.23684038
0.23645872
0.23605017
0.23566517
0.2352678
0.23489574
0.23451261
0.23413365
0.23377447
0.23341669
0.2330566
0.23270859
0.2323569
0.23200358
0.23165134
0.23131797
0.2310119
0.23069662
0.2303772
0.23005994
0.22975028
0.22945711
0.22914363
0.22881605
0.22850865
0.22818996
0.22787438
0.22754948
0.22722225
0.22690123
0.22658883
0.22626632
0.22594796
0.22562079
0.2253004
0.22500744
0.22470656
0.22440857
0.22408892
0.2237809
0.22343859
0.22310822
0.22277978
0.22244951
0.22211711
0.22177821
0.22143014
0.22111775
0.22080745
0.22042413
0.22003542
0.21967998
0.21933284
0.21901034
0.21869947
0.21839349
0.21808973
0.2177927
0.2175094
0.21722306
0.21694316
0.216661
0.21640274
0.21617456
0.21593224
0.21571751
0.21548267
0.21519169
0.21494557
0.2146606
0.2143628
0.21400553
0.2136683
0.21334802
0.2130337
0.21271308
0.21241528
0.21213385
0.21187839
0.21163286
0.21134835
0.21106488
0.21078496
0.21050093
0.21023814
0.21000327
0.20976602
0.20954469
0.20934922
0.20913842
0.2089337
0.20872147
0.20851293
0.20833328
0.20816761
0.20801963
0.20786569
0.20768811
0.20751713
0.20737438
0.20721479
0.2070276
0.2068197
0.20661588
0.20639622
0.20619579
0.20600699
0.20583104
0.20565549
0.20546252
0.20525089
0.20502147
0.20479113
0.2045556
0.20429957
0.20404762
0.20382293
0.20359553
0.20335843
0.20313089
0.20292772
0.20273824
0.20254447
0.20236546
0.20218979
0.20201024
0.20183107
0.20165375
0.2014771
0.20129819
0.20112036
0.20098257
0.20085445
0.20071211
0.20057552
0.20042641
0.2002962
0.20011978
0.19995174
0.1998054
0.19967465
0.19957271
0.19947532
0.19937721
0.19923142
0.19911169
0.19900438
0.19892201
0.19880766
0.19869058
0.19851929
0.19835211
0.19816026
0.1979601
0.1977792
0.19761142
0.19743796
0.1973106
0.19718195
0.19702965
0.1969142
0.19681033
0.1967113
0.19659674
0.19648103
0.19639613
0.19629209
0.19620773
0.19613902
0.19612184
0.19614655
0.1962078
0.1962689
0.19631882
0.19642968
0.19642547
0.19630973
0.19621783
0.19622454
0.19620529
0.19610237
0.19598965
0.19581431
0.1956432
0.19535817
0.19505787
0.19470952
0.1944323
0.19415669
0.19391076
0.1936609
0.19341703
0.19315404
0.19293696
0.19330731
0.19416426
0.19480973
0.19559377
0.19650364
0.19693376
0.19709174
0.19694269
0.19635433
0.19567263
0.19479413
0.1937851
0.19287747
0.1920352
0.1913424
0.19085349
0.19030741
0.18985558
0.18959394
0.18942894
0.18925035
0.18916306
0.18906893
0.18896565
0.188913
0.18881632
0.18866974
0.18842179
0.188223
0.18808748
0.18781294
0.1875741
0.18736319
0.18716837
0.18692295
0.18673053
0.18652923
0.18624718
0.1858026
0.18540509
0.18495266
0.18448721
0.1841174
0.18375325
0.18346198
0.18320648
0.18297487
0.1827483
0.18254507
0.18234198
0.18206325
0.18174577
0.18141577
0.18106578
0.18071549
0.18032385
0.1799447
0.17960586
0.1793006
0.17905878
0.17878123
0.17852345
0.17838553
0.17832822
0.17838003
0.17847422
0.17848237
0.17852373
0.17856231
0.17855933
0.17858002
0.17843871
0.17803502
0.17739747
0.1767843
0.17614946
0.1755257
0.17489998
0.17431869
0.17387164
0.1736694
0.17368971
0.17383549
0.17389452
0.17399025
0.17420188
0.17434508
0.17444107
0.17460337
0.1745433
0.17433758
0.17410156
0.17358552
0.17303911
0.17258857
0.17215131
0.17177926
0.17130393
0.1708816
0.17043251
0.1700055
0.16969517
0.16948481
0.16934432
0.16924295
0.16915853
0.16904332
0.16887264
0.16868606
0.16845162
0.16827402
0.16809213
0.16795795
0.16778305
0.16761363
0.16743153
0.16727883
0.16712679
0.16699125
0.16688013
0.16676573
0.16662595
0.16651897
0.16643122
0.166326
0.16620384
0.1660373
0.16592966
0.16597854
0.16598016
0.16591081
0.16570245
0.16555312
0.16536675
0.16523756
0.16503859
0.16483156
0.16468368
0.16450007
0.16432725
0.16403607
0.16372757
0.16341782
0.1630952
0.16285786
0.16266717
0.16251108
0.1624061
0.16236281
0.16236892
0.16241628
0.16249031
0.16256073
0.16276586
0.16309994
0.1634248
0.1639266
0.16444503
0.16494305
0.16544408
0.1659059
0.16632454
0.16639043
0.16616938
0.16589597
0.16555865
0.16514239
0.16449498
0.16370153
0.16306162
0.16232397
0.16174133
0.16130379
0.16097718
0.1607868
0.1606524
0.16044389
0.16022305
0.16001993
0.15965518
0.15936302
0.15912932
0.1589014
0.15882532
0.15873985
0.1587408
0.15870528
0.15860383
0.15858495
0.15857194
0.15833673
0.15801746
0.1575366
0.15718915
0.15687272
0.15657136
0.1562739
0.15603825
0.15588248
0.15583217
0.15581152
0.15584992
0.15589707
0.15590629
0.15580636
0.15566497
0.15549865
0.155375
0.15514669
0.1550127
0.15479273
0.15452698
0.15423036
0.1539409
0.15371862
0.15354343
0.15337864
0.15324737
0.15310238
0.15295325
0.15281008
0.15274458
0.15261754
0.1524896
0.15232417
0.152154
0.15199423
0.15186524
0.15179655
0.15172975
0.15165617
0.15159807
0.15156105
0.15213883
0.15221332
0.15232204
0.15225385
0.15219197
0.15219486
0.1522603
0.15212663
0.15194564
0.15182443
0.15164788
0.15127018
0.15095492
0.15066521
0.1504012
0.15015776
0.14994815
0.1497678
0.14962496
0.14953637
0.14944445
0.14934686
0.14917126
0.14898326
0.14874561
0.14850597
0.14825508
0.14803508
0.14778724
0.14762723
0.14749247
0.14737827
0.14726338
0.14704661
0.14687757
0.14674364
0.14664464
0.14657389
0.14641331
0.14631347
0.14618824
0.14607982
0.14599052
0.1459439
0.14590244
0.14587446
0.14588587
0.14592203
0.14592548
