2.6460497
1.9182208
1.3525516
1.1195989
0.9703895
0.85068136
0.7671544
0.7085977
0.6616912
0.6230885
0.5851814
0.550296
0.52119666
0.49871808
0.48147133
0.46718842
0.45499617
0.44255355
0.43141502
0.42229536
0.4142694
0.40649337
0.39880285
0.39213482
0.3857527
0.38041943
0.37428248
0.36873847
0.36400387
0.35796547
0.35326552
0.34881967
0.3449506
0.34223473
0.33743143
0.3333027
0.3291777
0.32527146
0.32205188
0.31998911
0.3176563
0.31582892
0.31415263
0.3106915
0.3087092
0.30673563
0.3063554
0.30412266
0.30202687
0.2990393
0.29903927
0.29710498
0.29475603
0.29270557
0.291356
0.29089168
0.29096603
0.29001272
0.28919664
0.28948927
0.28812802
0.28691012
0.2866037
0.28548694
0.28613305
0.2852447
0.28389296
0.2837119
0.2832619
0.28250363
0.28261107
0.28263995
0.28093958
0.2814722
0.28273764
0.28178316
0.27977526
0.27997452
0.2801709
0.27830228
0.27750418
0.27764106
0.27839065
0.2785544
0.27725127
0.27805975
0.27571005
0.27619097
0.27590427
0.27656457
0.27603647
0.27625084
0.27536535
0.27631786
0.2758663
0.2752822
0.27487057
0.27382317
0.27598405
0.27629972
0.27276576
0.27372652
0.27401417
0.2740285
0.2737394
0.27321637
0.2727344
0.27270144
0.27093926
0.27217788
0.27115577
0.2723952
0.27284044
0.27134117
0.27093616
0.2711613
0.27075407
0.27097222
0.26983988
0.27025455
0.27034947
0.26868662
0.26838657
0.26753765
0.2688518
0.2687304
0.27158085
0.27217245
0.2684714
0.2679076
0.2673051
0.2669368
0.26999462
0.26964512
0.26759422
0.2661261
0.26566553
0.26602525
0.26548755
0.26726088
0.26486775
0.26675212
0.26690242
0.2641264
0.26311412
0.26107475
0.26270872
0.26137382
0.25915343
0.2581844
0.25763366
0.25861165
0.25806156
0.2580448
0.25874868
0.2576013
0.25692275
0.25523695
0.25529173
0.2562482
0.25382623
0.25394773
0.25484565
0.25407228
0.25310314
0.25273448
0.25228247
0.25189084
0.25266528
0.25135925
0.25172493
0.2494483
0.2500259
0.2507814
0.24886508
0.24886255
0.24857979
0.25124204
0.25221735
0.24985352
0.25123224
0.24878061
0.2502278
0.24750425
0.24747208
0.24639805
0.2460573
0.24571143
0.24598336
0.24700321
0.24900825
0.24668236
0.2447102
0.24349928
0.24426743
0.24489817
0.24447383
0.24232067
0.24227051
0.2419933
0.24198532
0.24155976
0.24193506
0.24033484
0.24054566
0.24189256
0.24172328
0.24141058
0.24031718
0.23930454
0.2386771
0.23784222
0.23960103
0.23893067
0.23917623
0.24027508
0.23899764
0.23720841
0.23658986
0.23889191
0.23723418
0.23543668
0.2369357
0.24179506
0.23649266
0.24108566
0.24129578
0.23893161
0.23789364
0.2376848
0.23714808
0.2349412
0.23537867
0.23611772
0.23450805
0.23472561
0.23475422
0.23522271
0.23523101
0.23478945
0.23408283
0.23410112
0.23383069
0.23466128
0.2413294
0.2368601
0.23655884
0.23563237
0.23385252
0.2333735
0.23296799
0.2327032
0.232215
0.23356044
0.2336152
0.23296279
0.23213352
0.23181416
0.2324681
0.23200804
0.23275805
0.23429121
0.2332889
0.2332076
0.23158832
