0.54128444
0.54128444
0.54128444
0.5443425
0.53516823
0.5382263
0.5504587
0.54740065
0.587156
0.5902141
0.62691134
0.6574924
0.6788991
0.69724774
0.72477067
0.72477067
0.72477067
0.7308869
0.7492355
0.7492355
0.7553517
0.76146793
0.77370036
0.78287464
0.78287464
0.79510707
0.80428135
0.81039757
0.81039757
0.8134557
0.82263
0.82263
0.8287462
0.8348624
0.8409786
0.8440367
0.8348624
0.8348624
0.8409786
0.8501529
0.84709483
0.85321105
0.84709483
0.8562691
0.86850154
0.87461776
0.8776759
0.87461776
0.86544347
0.86850154
0.86238533
0.8715597
0.8715597
0.8776759
0.8899083
0.9021407
0.9021407
0.9021407
0.8899083
0.89602447
0.8929664
0.89602447
0.8899083
0.8899083
0.8899083
0.8899083
0.8929664
0.8990826
0.8990826
0.9021407
0.8990826
0.89602447
0.8929664
0.8929664
0.8899083
0.8899083
0.8929664
0.8929664
0.8929664
0.8929664
0.8929664
0.8990826
0.9082569
0.91743124
0.9204893
0.92354745
0.92354745
0.92354745
0.9204893
0.91743124
0.91743124
0.91743124
0.911315
0.911315
0.911315
0.9143731
0.9143731
0.9143731
0.91743124
0.91743124
0.92354745
0.92966366
0.9204893
0.9266055
0.9204893
0.92354745
0.9266055
0.9266055
0.92966366
0.92354745
0.92354745
0.92966366
0.92966366
0.93272173
0.9266055
0.92966366
0.92966366
0.92966366
0.93272173
0.93577987
0.93272173
0.93272173
0.93577987
0.93883795
0.93883795
0.94495416
0.94495416
0.93883795
0.9418961
0.93883795
0.9418961
0.93883795
0.94495416
0.9480123
0.95107037
0.9480123
0.9480123
0.9480123
0.95107037
0.9480123
0.9418961
0.93883795
0.93883795
0.93883795
0.93883795
0.93883795
0.95107037
0.9418961
0.94495416
0.93577987
0.93577987
0.93577987
0.9418961
0.9418961
0.9418961
0.9418961
0.93883795
0.93272173
0.93272173
0.93883795
0.93272173
0.93577987
0.93577987
0.93577987
0.93577987
0.93883795
0.93577987
0.93883795
0.93883795
0.93883795
0.93883795
0.93883795
0.93883795
0.93883795
0.9418961
0.94495416
0.9480123
0.9480123
0.9480123
