2.4995353
2.230538
1.8360386
1.4392194
1.1599503
0.98895884
0.88181
0.8030382
0.73935926
0.6859421
0.6421894
0.6054908
0.5752301
0.5485552
0.5259765
0.5077115
0.49272844
0.4798293
0.4681438
0.4578572
0.4486172
0.44084433
0.43432707
0.4278672
0.42163405
0.41590127
0.41042957
0.40472835
0.39940435
0.39396006
0.38937423
0.38562626
0.38196507
0.37821966
0.37470916
0.37159395
0.36906153
0.36700487
0.3645999
0.36239454
0.3604375
0.35842982
0.35685894
0.3550208
0.35320818
0.3514677
0.34995618
0.34882957
0.34780088
0.34635353
0.3445595
0.34279615
0.3415112
0.34020916
0.33908206
0.33777782
0.3367949
0.33590403
0.33496615
0.33416092
0.33296898
0.331501
0.3304579
0.3298439
0.32953683
0.32862133
0.32739606
0.32631046
0.3255119
0.32510728
0.32401875
0.322964
0.32165864
0.32072118
0.32012972
0.31986874
0.31961477
0.3188903
0.31829172
0.31752864
0.31675255
0.31617555
0.3157216
0.3152043
0.31485644
0.31476673
0.3140354
0.31343585
0.31302714
0.31293806
0.31260175
0.31187922
0.31130067
0.311126
0.31117207
0.31082317
0.310857
0.31059638
0.3102301
0.3101034
0.30972603
0.3098032
0.30988693
0.3094501
0.3090348
0.30875015
0.3086298
0.30854797
0.3085638
0.30871707
0.3081861
0.30802932
0.30848062
0.30830863
0.30810928
0.30752218
0.3072216
0.30739525
0.30703408
0.30653074
0.30649805
0.30683374
0.3069464
0.3063756
0.3058884
0.3054887
0.30547383
0.30564016
0.3057873
0.3058025
0.30588225
0.3056348
0.30561388
0.30537298
0.3052914
0.30539712
0.30494764
0.3044058
0.30415606
0.30426586
0.30433735
0.3044293
0.30437866
0.3045322
0.3040241
0.30370393
0.30316898
0.30315813
0.30349234
0.30370268
0.30367005
0.3040185
0.30373666
0.30275583
0.30263656
0.30287057
0.30262908
0.30239326
0.3022677
0.30271372
0.30229697
0.30224696
0.30275372
0.30319732
0.30277684
0.30227652
0.30233002
0.3024752
0.30250704
0.30193797
0.30181587
0.30156532
0.30121517
0.30053762
0.3000823
0.30042908
0.29967853
0.29898804
0.29902637
0.29915443
0.29926598
0.29959732
0.29924327
0.29841837
0.29789668
0.2974895
0.29738173
0.2972432
0.2968817
0.29675758
0.29732937
0.2979656
0.29701903
0.29655746
0.2961382
0.29573143
0.29559344
0.29562315
0.29544017
0.29539484
0.2951654
0.29528216
0.2952431
0.29518646
0.29463854
0.2945242
0.29429966
0.2939403
0.29439402
0.294085
0.29362527
0.29339814
0.29367357
0.2938089
0.29358724
0.29307243
0.29271367
0.29265556
0.29267207
0.29287854
0.29309145
0.29301572
0.29267016
0.2926314
0.29315755
0.29303685
0.29383573
0.29422995
0.29219383
0.29112753
0.29132634
0.29204136
0.29172567
0.2911013
0.29140478
0.29130685
0.29122064
0.29096052
0.2909389
0.2906261
0.29040334
0.29051685
0.29018775
0.29022193
0.29211205
0.29266977
0.29201314
0.29115084
0.2904641
0.29052413
0.29059362
0.28967434
0.28956744
0.28924623
0.28891754
0.28910425
0.28918016
0.28874597
0.28912592
0.2892245
0.28826487
0.28892928
0.28899223
0.2892503
0.28829923
0.28777876
0.28758258
0.28734702
0.28759012
0.28730363
0.28697786
0.28673786
0.2868976
0.28688365
0.2867775
0.28641096
0.28639278
0.28641483
0.28625447
0.28673282
0.28639126
0.28542727
0.28586894
0.28585026
0.2854339
0.28528872
0.2849808
0.28455427
0.2842669
0.28442752
0.2842935
0.2846603
0.28574312
0.28461248
0.28426903
0.28424907
0.2840526
0.2839471
0.2835352
0.283962
0.28391352
0.28361782
0.28311324
0.2827882
0.28249785
0.28194433
0.28199005
0.28203312
0.2809299
0.28020376
0.28008997
0.27994102
0.279914
0.28004882
0.2806297
0.28108618
0.28077602
0.27994108
0.2793406
0.27917343
0.27866337
0.27870366
0.27888945
0.27850994
0.2780981
0.27899742
0.27807432
0.27775428
0.27876815
0.27921802
0.27955335
0.2799931
0.2797054
0.27874827
0.2779177
0.27757093
0.2768154
0.27720976
0.2784169
0.27859622
0.27734065
0.27707472
0.27688822
0.27687654
0.27780458
0.27759483
0.27672833
0.27677476
0.27721557
0.27713874
0.27611384
0.27555192
0.27619982
0.27612603
0.27615494
0.27736914
0.27883402
0.27710718
0.27675787
0.27614743
0.2766541
0.2761872
0.27628043
0.2756116
0.27536714
0.27598047
0.27548847
0.27545986
0.27582404
0.27625194
0.27700996
0.27546185
0.27591646
0.27503738
0.2749428
0.27581415
0.27587935
0.2751741
0.2744345
0.27407408
0.27427375
0.27497542
0.27492338
0.27491957
0.2747001
0.2750454
0.27454248
0.27436095
0.27394107
0.27320865
0.27311572
0.27302724
0.27462667
0.27441135
0.27347845
0.27367163
0.2734613
0.27539206
0.27433226
0.27332368
0.27291194
0.27260682
0.27281895
0.27287185
0.27244514
0.27133912
0.27201805
0.27150887
0.2715362
0.2712753
0.27331808
0.27349973
0.27313372
0.27231854
0.27165738
0.27145025
0.2710827
0.2702426
0.27075696
0.27053905
0.27050304
0.2712991
0.27412245
0.27156845
0.2701439
0.26956803
0.26979083
0.2702098
0.27061662
0.27053156
0.2701083
0.2698155
0.2698561
0.2695483
0.26958665
0.26997796
0.26987746
0.26965317
0.26956242
0.26908705
0.27000555
0.26945654
0.26866007
0.26903218
0.26883784
0.2689554
0.26961932
0.27121055
0.26924288
0.26960018
0.26908204
0.26898062
0.26923966
0.26886404
0.26881078
0.26925617
0.26944512
0.2694675
0.26928136
0.26943827
0.26948836
0.26877162
0.26906526
0.26855937
0.26893777
0.2692006
0.2688782
0.26891598
0.2696117
0.27026322
0.26986274
0.26912177
0.2684691
0.26823255
0.26891404
0.26855212
0.26836833
0.2684332
0.2688888
0.26911798
0.26926312
0.26863348
0.26789266
0.267743
0.26859665
0.26881215
0.26851028
0.2690601
0.26997197
0.2695034
0.26869428
0.26804456
0.26762047
0.26771694
0.2686489
0.2685393
0.2683934
0.26828867
0.26790318
0.2677141
0.26775748
0.2683476
0.26957485
0.26898822
0.2683308
0.2682927
0.26858762
0.26865005
0.26829153
0.26800466
0.26816556
0.267878
0.26780888
0.26745436
0.2676158
0.26917017
0.2682211
0.26856232
0.2688466
0.2682898
0.2678909
0.2674641
0.26805806
0.26842543
0.26882282
0.268796
0.2685285
0.26816365
0.26808983
0.26784706
0.26789793
0.26841033
0.26821744
0.26754802
0.2682228
0.268597
0.26855883
0.26902914
0.26857942
0.26773736
0.26802576
0.26775172
0.268505
0.2688749
0.2690952
0.26811153
0.26824945
0.26892373
0.26839373
0.26815805
0.27008858
0.27012795
0.26893535
0.270146
0.26861238
0.26775548
0.267426
0.26693633
0.2666124
0.26721936
0.2675868
0.26759425
0.26795456
0.26743507
0.26723295
0.2674633
0.26759046
0.26731455
0.2678839
0.26749513
0.26726034
0.26859194
0.26932904
0.2679856
0.26730406
0.26769626
0.26715606
0.26692992
0.26739663
0.2681083
0.26759654
0.26693538
0.26667503
0.26725665
0.2678309
0.2676872
0.26809168
0.26962194
0.2699293
0.26886556
0.26797745
0.26692218
0.26670846
0.26647925
0.26689917
0.26858214
0.26902655
0.2698113
0.26785973
0.26687884
0.2667016
0.26692086
0.26754484
0.26787654
0.26757678
0.26707524
0.26693302
0.26732987
0.2668521
0.2662837
0.2663818
0.26642308
0.2667545
0.26718667
0.26814196
0.26899013
0.26946482
0.26900542
0.26817712
0.2678985
0.26770663
0.26748
0.26712185
0.26703954
0.26748756
0.26692942
0.26739505
0.26812664
0.26907295
0.26817557
0.26809308
0.2682286
0.26820457
0.26782125
0.26752228
0.2675971
0.26750275
0.2672746
0.26697233
0.2661186
0.26620865
0.2673833
0.26715627
0.26659647
0.2664949
0.2666591
0.26689443
0.26648253
0.26739347
0.26881075
0.2686592
0.2673683
0.26699492
0.26668903
0.2663111
0.26630938
0.26647657
0.26593858
0.26593632
0.26604837
0.26687965
0.26753554
0.26776803
0.2672344
0.26656476
0.26731333
0.26671004
0.2659168
0.26579246
0.26649496
0.26737985
0.2663842
0.26620302
0.2666917
0.26678094
0.26674768
0.26711586
0.26695767
0.26691738
0.26745215
0.26806894
0.26771405
0.2661804
0.26610202
0.26710308
0.26705766
0.26635978
0.26617503
0.26646408
0.26677006
0.2663432
0.26665166
0.26689172
0.26688933
0.26604062
0.26575273
0.26616558
0.2662361
