2.631759
2.6130455
2.590286
2.5649784
2.537223
2.5058644
2.4718356
2.4347606
2.3947468
2.3522391
2.3071086
2.2584538
2.2067118
2.1519094
2.0947423
2.0347655
1.9731909
1.9101287
1.8456613
1.7805444
1.7146701
1.6491092
1.5834616
1.5198941
1.4569471
1.3958918
1.336325
1.2796932
1.2266021
1.1766471
1.1296955
1.0864391
1.0465361
1.0100942
0.9767909
0.94614214
0.9179407
0.89243704
0.8682313
0.8459526
0.8253364
0.8063356
0.7892518
0.7736126
0.7593273
0.7465267
0.734447
0.7229919
0.7118843
0.70150155
0.6918454
0.68278456
0.67381793
0.6653307
0.6573775
0.64969176
0.6420851
0.6347749
0.6277291
0.6209026
0.61429965
0.6080353
0.6019661
0.59627795
0.5906902
0.5851673
0.57968014
0.5744679
0.56925476
0.56421167
0.5593234
0.55463
0.5501162
0.5457152
0.54143304
0.5372197
0.5330588
0.5289135
0.5248617
0.520932
0.517081
0.51314694
0.50921875
0.5052837
0.5015046
0.49791157
0.49441853
0.49092758
0.4875846
0.4843009
0.48101628
0.47777453
0.4746229
0.47146833
0.468369
0.46529078
0.46211666
0.45910597
0.45616758
0.45327863
0.4504632
0.44770238
0.44508767
0.44234806
0.43954313
0.43672106
0.43384576
0.43103132
0.4283143
0.4256266
0.42290348
0.42022923
0.41767696
0.4151424
0.412626
0.41015878
0.40773886
0.4053792
0.40309104
0.4008961
0.398637
0.39634705
0.3940877
0.39192766
0.38986516
0.38782573
0.38582513
0.38382256
0.3818712
0.3799855
0.37804404
0.37611037
0.37427676
0.37244904
0.37062785
0.36887178
0.36709982
0.3653182
0.36361432
0.36189386
0.36023673
0.35849378
0.3567794
0.35507286
0.35332227
0.35162497
0.3498859
0.34816784
0.34643283
0.34474394
0.3430687
0.3414469
0.33982596
0.33821845
0.3366631
0.33511224
0.33359796
0.33212894
0.33068857
0.32926267
0.3278638
0.3265178
0.32519248
0.32386538
0.32256502
0.32119635
0.31982058
0.31851596
0.31726336
0.3160179
0.3147009
0.31341997
0.31214717
0.31088835
0.3096745
0.30850714
0.30730507
0.30608198
0.30489057
0.3037033
0.3025334
0.30137965
0.30018404
0.29902664
0.29780295
0.29663953
0.29554155
0.29447216
0.29339498
0.2923932
0.29137215
0.29031244
0.28931028
0.2883463
0.28736708
0.28638634
0.28538436
0.28438342
0.28344923
0.28253302
0.28165913
0.28083223
0.27999592
0.27918032
0.27835923
0.27754283
0.27670434
0.27588812
0.27508494
0.27427799
0.27348804
0.2726661
0.2718118
0.27100176
0.27021736
0.26943007
0.26869556
0.26797915
0.26727188
0.26658794
0.2659172
0.26520303
0.26448467
0.26378626
0.2631056
0.26244816
0.26180047
0.26118192
0.26055622
0.25996667
0.25938973
0.2588136
0.2582454
0.2576732
0.25711736
0.25657532
0.25606236
0.25550726
0.25497007
0.25441074
0.25385857
0.2533399
0.2527957
0.25225478
0.25173098
0.2512094
0.25070527
0.2502178
0.24972582
0.24927065
0.24883379
0.24840857
0.24795933
0.2474935
0.2469976
0.24651162
0.24604115
0.24557269
0.24514702
0.24472128
0.24426903
0.24384096
0.24341328
0.2429875
0.24255885
0.24212296
0.24167888
0.24123745
0.24080746
0.24040848
0.24001232
0.23962086
0.23924832
0.2388853
0.23853314
0.23818839
0.2378281
0.23747826
0.23712641
0.23676032
0.23640901
0.23604909
0.23569253
0.2353331
0.23497994
0.23461317
0.23422241
0.23384283
0.23345529
0.23308027
0.2327116
0.23229411
0.23188947
0.23149405
0.23111817
0.23073974
0.23037805
0.2300294
0.22968255
0.22935012
0.22902139
0.22869344
0.22837582
0.22805685
0.22776136
0.2274693
0.22715366
0.22683156
0.22651519
0.22617465
0.22581929
0.22545129
0.22509278
0.2247367
0.22439863
0.22407681
0.22375903
0.22343485
0.2231168
0.22282231
0.22254096
0.22226427
0.2219981
0.22174619
0.22148208
0.2212379
0.221007
0.22076225
0.22050582
0.22025554
0.22000776
0.21979608
0.21958484
0.2192983
0.2190314
0.21880654
0.2185932
0.21839096
0.21818732
0.2179686
0.21772888
0.21746336
0.21722822
0.21698898
0.21675232
0.21650946
0.21627386
0.21605065
0.21583512
0.21565385
0.21544306
0.21519284
0.21498871
0.21476233
0.21454474
0.21428129
0.2140007
0.21368867
0.21339574
0.21308155
0.2127761
0.21248147
0.2122319
0.21199578
0.21171091
0.21141201
0.21112584
0.21084289
0.21060176
0.21036647
0.21011819
0.20989512
0.20968087
0.20945463
0.20923436
0.20900506
0.2087649
0.20856485
0.208361
0.20816092
0.20793472
0.20770608
0.20748176
0.20728566
0.20706055
0.206829
0.20659523
0.20637202
0.20616047
0.20595379
0.2057403
0.20553516
0.20533197
0.20509814
0.20485102
0.20459597
0.20432997
0.2040645
0.20378207
0.20347436
0.20319127
0.20290473
0.20257998
0.20227788
0.20197226
0.20168321
0.20139864
0.20115341
0.20092227
0.2006762
0.20043758
0.20020026
0.19993943
0.19967991
0.19941726
0.1991524
0.19891864
0.19870064
0.19850008
0.19830057
0.19810663
0.19789632
0.19767608
0.19746824
0.19726458
0.19707029
0.19686466
0.19665901
0.1964521
0.1962523
0.19605649
0.19587363
0.19569997
0.19551887
0.19531764
0.19512428
0.1949178
0.19470027
0.19449827
0.19432193
0.19414823
0.19399026
0.19382805
0.19366342
0.1935063
0.19332626
0.19313836
0.19295014
0.19275253
0.19258699
0.19243313
0.19227919
0.19212086
0.19202118
0.19196117
0.19193988
0.1919218
0.19193251
0.19199829
0.19190837
0.19172683
0.19156729
0.1914791
0.19133021
0.19104028
0.19078575
0.19051386
0.1902286
0.18989411
0.18956861
0.189216
0.18890856
0.18862005
0.18836647
0.1881201
0.1878888
0.18763165
0.18737589
0.18735148
0.18746747
0.1875284
0.18764086
0.1878645
0.18799113
0.18776894
0.18735561
0.18680796
0.18614334
0.18550688
0.18459593
0.18369053
0.18288933
0.18208939
0.1813301
0.18056194
0.17986895
0.17930222
0.17879309
0.17833023
0.1779307
0.17754087
0.17718627
0.17685719
0.17654087
0.17622104
0.17586033
0.17552215
0.17519999
0.1748036
0.17445926
0.1741514
0.17382742
0.17351724
0.17330422
0.1731377
0.17291027
0.17230009
0.17161937
0.17092523
0.17032431
0.16973263
0.16914561
0.16864304
0.16822249
0.16777064
0.16731985
0.16684414
0.16637608
0.16586325
0.16536614
0.16489683
0.16441628
0.16392487
0.16349143
0.16306171
0.16267225
0.16230635
0.16196391
0.16159679
0.16126184
0.16099963
0.16080277
0.16073322
0.16075172
0.16069797
0.16070364
0.16072798
0.16057931
0.16044873
0.1601785
0.1596741
0.15896933
0.15824988
0.15754776
0.1569526
0.15643226
0.15600213
0.15567681
0.15553439
0.15562397
0.155854
0.15592672
0.15599336
0.15617639
0.1562759
0.15631528
0.15634611
0.15621912
0.1560391
0.1558254
0.15515657
0.15452462
0.15393698
0.15328579
0.15264803
0.15184087
0.15111071
0.15043034
0.14976475
0.1493401
0.14906272
0.14887688
0.14870891
0.14854813
0.14841998
0.14819583
0.14791943
0.14755355
0.1472215
0.14690033
0.14661591
0.14630988
0.14599788
0.14570622
0.14546186
0.14525649
0.14507693
0.14491495
0.14478724
0.14463758
0.14452931
0.14451502
0.14438264
0.14424792
0.14401019
0.14380166
0.14372201
0.14357677
0.14344503
0.14324912
0.14364056
0.14357087
0.14344196
0.14298984
0.14243802
0.14209126
0.14189193
0.14181052
0.14172074
0.14156608
0.14138646
0.14126843
0.14128749
0.14140473
0.14148161
0.14150007
0.14149904
0.14149588
0.14138891
0.14135271
0.14127663
0.14132038
0.14152242
0.14160368
0.14193296
0.14221686
0.1424491
0.14279643
0.14303918
0.14327309
0.14313641
0.14282262
0.14236616
0.14203265
0.1417098
0.14112741
0.14035328
0.13978584
0.13914222
0.13870601
0.13841234
0.13821223
0.13808036
0.137964
0.13775995
0.13752489
0.13728444
0.13692701
0.1366476
0.13645828
