0.6478877067565918
0.6144614815711975
0.586876630783081
0.5642403364181519
0.5400652885437012
0.5177470445632935
0.4978199899196625
0.4798084497451782
0.46587151288986206
0.4507068991661072
0.44014137983322144
0.4282357692718506
0.4162556827068329
0.406257688999176
0.39743363857269287
0.39046236872673035
0.3830086886882782
0.3754538297653198
0.3689715564250946
0.36598411202430725
0.35945889353752136
0.3546445965766907
0.3513123095035553
0.3532801568508148
0.35781633853912354
0.35065537691116333
0.34277021884918213
0.3387693762779236
0.33764591813087463
0.3349679112434387
0.3303256928920746
0.328396201133728
0.3258727490901947
0.3248427212238312
0.32226842641830444
0.32064011693000793
0.31912466883659363
0.317164808511734
0.316424697637558
0.3131665587425232
0.31151774525642395
0.3103320598602295
0.3076406419277191
0.3048820495605469
0.304229199886322
0.30192703008651733
0.3001875877380371
0.2985925078392029
0.29697319865226746
0.2953658998012543
0.2944149672985077
0.293127179145813
0.29146769642829895
0.2900908887386322
0.2887159585952759
0.28777971863746643
0.28652718663215637
0.28527870774269104
0.2838316857814789
0.2835844159126282
0.28024449944496155
0.27878886461257935
0.27676936984062195
0.2779669165611267
0.2774933874607086
0.27363476157188416
0.2715243399143219
0.2706263065338135
0.2700442373752594
0.2707005441188812
0.27214959263801575
0.26818203926086426
0.2671375572681427
0.26778286695480347
0.2652340829372406
0.26342806220054626
0.26281243562698364
0.26267507672309875
0.265072226524353
0.26190605759620667
0.2600593566894531
0.25865206122398376
0.2577468752861023
0.2569074034690857
0.2554847300052643
0.2552056908607483
0.25371053814888
0.25300607085227966
0.2521008849143982
0.2571485638618469
0.26398324966430664
0.25496456027030945
0.2535758912563324
0.2506885230541229
0.24877405166625977
0.25003623962402344
0.24761708080768585
0.24893644452095032
0.2463245987892151
0.2469664216041565
0.24602974951267242
0.24622684717178345
0.24517495930194855
0.24361607432365417
0.2434871792793274
0.2418454885482788
0.2407805323600769
0.24366740882396698
0.24410519003868103
0.24024224281311035
0.23895330727100372
0.23846404254436493
0.23688875138759613
0.23666270077228546
0.23515962064266205
0.2356565296649933
0.2363578826189041
0.2346847653388977
0.23374120891094208
0.23319153487682343
0.23226085305213928
0.23086896538734436
0.23003330826759338
0.22955642640590668
0.2288404256105423
0.2304067462682724
0.2286033034324646
0.22690004110336304
0.22639916837215424
0.2291044145822525
0.22735907137393951
0.22322548925876617
0.22561238706111908
0.2233755737543106
0.22209236025810242
0.2219640016555786
0.22209890186786652
0.2238646149635315
0.22277289628982544
0.22097359597682953
0.22674252092838287
0.2322036623954773
0.223661407828331
0.21897803246974945
0.2170793116092682
0.21811476349830627
0.22007575631141663
0.21570736169815063
0.21464914083480835
0.21450844407081604
0.2137192040681839
0.21292473375797272
0.21295121312141418
0.21161812543869019
0.21175312995910645
0.21016596257686615
0.2093638777732849
0.20880253612995148
0.20834816992282867
0.20918333530426025
0.21490395069122314
0.21711522340774536
0.21288686990737915
0.21115542948246002
0.20863258838653564
0.20652315020561218
0.2052292674779892
0.20434162020683289
0.20409861207008362
0.2035171389579773
0.20240092277526855
0.20345257222652435
0.20287665724754333
0.20214974880218506
0.20237739384174347
0.20148463547229767
0.20131239295005798
0.20272760093212128
0.20409409701824188
0.20199497044086456
0.20062512159347534
0.20003481209278107
0.20343507826328278
0.20649415254592896
0.20438827574253082
0.19994772970676422
0.19986563920974731
0.19911275804042816
0.19933441281318665
0.19989372789859772
0.19908463954925537
0.19769620895385742
0.1971205770969391
0.19763538241386414
0.19780628383159637
0.19661463797092438
0.19641146063804626
0.1973324716091156
0.19834867119789124
0.19761985540390015
0.19544123113155365
0.1947668045759201
0.19440099596977234
0.1943080723285675
0.19433332979679108
0.19517086446285248
0.1955106556415558
0.19445769488811493
0.1934475600719452
0.1930268406867981
0.19254551827907562
0.19238856434822083
0.1921306848526001
0.19151999056339264
0.1915063112974167
0.19149160385131836
0.19156917929649353
0.19271597266197205
0.19207416474819183
0.19142146408557892
0.19086943566799164
0.19040541350841522
0.1940915882587433
0.19541101157665253
0.19266937673091888
0.19088135659694672
0.1896786391735077
0.18863479793071747
0.18830958008766174
0.1880684792995453
0.18797235190868378
0.18787111341953278
0.18736465275287628
0.18749865889549255
0.1874065399169922
0.18690405786037445
0.1900806874036789
0.19190745055675507
0.18885737657546997
0.18773089349269867
0.18677732348442078
0.18604609370231628
0.1856505423784256
0.18513688445091248
0.18558740615844727
0.185055211186409
0.1847323179244995
0.18478348851203918
0.185712993144989
0.18541178107261658
0.18427489697933197
0.18390324711799622
0.18355168402194977
0.18464496731758118
0.1878093183040619
0.1859705150127411
0.18568779528141022
0.18492604792118073
0.18381841480731964
0.18374766409397125
0.1836617887020111
0.18237809836864471
0.18145616352558136
0.18087589740753174
0.180959552526474
0.18027363717556
0.18026882410049438
0.18041296303272247
0.18040451407432556
0.1807163506746292
0.18087026476860046
0.1803523749113083
0.17862026393413544
0.17977365851402283
0.18024218082427979
0.17956669628620148
0.17968682944774628
0.17908108234405518
0.17888320982456207
0.17868672311306
0.17844165861606598
0.17831556499004364
0.1782142072916031
0.17858701944351196
0.17884215712547302
0.17881233990192413
0.17827259004116058
0.17828871309757233
0.17754390835762024
0.17762979865074158
0.17796315252780914
0.17832382023334503
0.17856527864933014
0.1780378222465515
0.17742504179477692
0.17709729075431824
0.17681442201137543
0.17719899117946625
0.17741890251636505
0.17688250541687012
0.17635761201381683
0.17643795907497406
0.1766081601381302
0.17772327363491058
0.17788514494895935
0.17733651399612427
0.1767718642950058
0.17624448239803314
0.17591623961925507
0.1751808524131775
0.17604778707027435
0.17594864964485168
0.17545080184936523
0.1746102124452591
0.17513881623744965
0.17475411295890808
0.1745031774044037
0.17440970242023468
0.17425601184368134
0.17404671013355255
0.17395693063735962
0.17460572719573975
0.17587831616401672
0.17531250417232513
0.1741754412651062
0.17402036488056183
0.17427513003349304
0.17453864216804504
0.17434699833393097
0.17383956909179688
0.17358525097370148
0.1730557680130005
0.17313991487026215
0.17296825349330902
0.17278210818767548
0.17257873713970184
0.17244401574134827
0.1722615361213684
0.17223525047302246
0.1720810830593109
0.17194269597530365
0.1717682033777237
0.17200975120067596
0.17237189412117004
0.1721029430627823
0.17165236175060272
0.1715901494026184
0.17145265638828278
0.1714673787355423
0.17140719294548035
0.17121776938438416
0.17104630172252655
0.17096543312072754
0.17079676687717438
0.1708287000656128
0.17074252665042877
0.17080344259738922
0.17099502682685852
0.17062155902385712
0.17042139172554016
0.1710396409034729
0.171461284160614
0.17086708545684814
0.1702343374490738
0.16988682746887207
0.1698564887046814
0.16977034509181976
0.16991552710533142
0.1705600768327713
0.1701146364212036
0.16991156339645386
0.16966652870178223
0.16948479413986206
0.16935205459594727
0.16938161849975586
0.16909107565879822
0.16910238564014435
0.1690988391637802
0.16910304129123688
0.16888689994812012
0.16894744336605072
0.16909238696098328
0.16892141103744507
0.16877731680870056
0.1687445193529129
0.1688767522573471
0.1687161922454834
0.1685747355222702
0.16855987906455994
0.16851265728473663
0.1683618575334549
0.16832885146141052
0.1682669073343277
0.16816605627536774
0.16804271936416626
0.16796472668647766
0.16788098216056824
0.16795533895492554
0.16800634562969208
0.16799034178256989
0.16829830408096313
0.16812697052955627
0.16803359985351562
0.16776682436466217
0.16752779483795166
0.16746360063552856
0.16725566983222961
0.1672147661447525
0.16715864837169647
0.16716346144676208
0.16703136265277863
0.16714715957641602
0.16715486347675323
0.16705331206321716
0.16695146262645721
0.16683116555213928
0.16679343581199646
0.16671203076839447
0.16669243574142456
0.16656605899333954
0.1666005700826645
0.16650624573230743
0.1665453016757965
0.16636258363723755
0.16638696193695068
0.16638913750648499
0.16631010174751282
0.16618895530700684
0.1661965399980545
0.16611795127391815
0.16621708869934082
0.16608884930610657
0.16623209416866302
0.1663481593132019
0.16636620461940765
0.16614800691604614
0.16594253480434418
0.16607119143009186
0.16601447761058807
0.1658913493156433
0.16579364240169525
0.16573993861675262
0.16559243202209473
0.1656956970691681
0.1658850461244583
0.16568930447101593
0.16552098095417023
0.16527315974235535
0.16519343852996826
0.1651301234960556
0.1650889813899994
0.16503645479679108
0.16509047150611877
0.16495272517204285
0.16483265161514282
0.16486325860023499
0.16479015350341797
0.1647261083126068
0.1644577533006668
0.16514195501804352
0.1651172935962677
0.16489776968955994
0.16456513106822968
0.16446858644485474
0.16439814865589142
0.16432903707027435
0.16417261958122253
0.16427630186080933
0.16422586143016815
0.16408339142799377
0.1641140729188919
0.16404210031032562
0.16402356326580048
0.16395166516304016
0.1637953817844391
0.16380245983600616
0.1637406349182129
0.1638202965259552
0.16381943225860596
0.163703054189682
0.16372482478618622
0.1636887490749359
0.16364045441150665
0.16360418498516083
0.16354873776435852
0.16353152692317963
0.16344738006591797
0.16348527371883392
0.16344833374023438
0.1635298728942871
0.16347736120224
0.1633879840373993
0.16334296762943268
0.1633514016866684
0.16331635415554047
0.16328947246074677
0.16321098804473877
0.16328312456607819
0.16323284804821014
0.16314460337162018
0.16322019696235657
0.163129985332489
0.16311027109622955
0.16306298971176147
0.1630314290523529
0.16307634115219116
0.16305950284004211
0.1630462110042572
0.16311252117156982
0.16300137341022491
0.16298824548721313
0.16294822096824646
0.16294004023075104
0.16284295916557312
0.16278009116649628
0.1627511978149414
0.16272187232971191
0.16274094581604004
0.16290146112442017
0.16296111047267914
0.16289450228214264
0.16282908618450165
0.16275334358215332
0.16273264586925507
0.16270220279693604
0.1626487374305725
0.16259124875068665
0.16254688799381256
0.1627243012189865
0.1626724898815155
0.16262762248516083
0.16257235407829285
0.16247603297233582
0.16249771416187286
0.1624399870634079
0.16235598921775818
0.16231103241443634
0.16236832737922668
0.16259346902370453
0.16264085471630096
0.16303889453411102
0.16296730935573578
0.16279096901416779
0.16265428066253662
0.1625051647424698
0.16245633363723755
0.16234609484672546
0.1623018980026245
0.16225142776966095
0.16222991049289703
0.16227729618549347
0.16217690706253052
0.1621190458536148
0.1620430052280426
0.16188755631446838
0.16183093190193176
0.16177894175052643
0.16174030303955078
0.1616913080215454
0.16166362166404724
0.16159357130527496
0.16166791319847107
0.16162168979644775
0.16170468926429749
0.1616213023662567
0.16161930561065674
0.1615234762430191
0.16155651211738586
0.16151005029678345
0.16147276759147644
0.16144195199012756
0.1614493876695633
0.16140688955783844
0.16138236224651337
0.16134464740753174
0.1613227277994156
0.1613008677959442
0.16128739714622498
0.1612672656774521
0.16126765310764313
0.1612662971019745
0.16135063767433167
0.16126999258995056
0.16129183769226074
0.16131378710269928
0.1612231582403183
0.16121172904968262
0.16122882068157196
0.1611708104610443
0.1611568033695221
0.16119465231895447
0.16116593778133392
0.16120067238807678
0.16120386123657227
0.1611505001783371
0.16115446388721466
0.16105371713638306
0.16102580726146698
0.16101832687854767
0.16100209951400757
0.16097807884216309
0.16103865206241608
0.16099445521831512
0.1610240787267685
0.16103440523147583
0.1610187590122223
0.1610061526298523
