0.6870237588882446
0.6853978633880615
0.6838135719299316
0.6823608875274658
0.6809282898902893
0.6790451407432556
0.6769967675209045
0.6744506359100342
0.6713842749595642
0.6682919859886169
0.6642977595329285
0.6597965359687805
0.6537792086601257
0.6475045084953308
0.6395464539527893
0.6304000020027161
0.620824933052063
0.6096590757369995
0.5967816710472107
0.5830516219139099
0.5686691999435425
0.5540711879730225
0.5396454930305481
0.5217463970184326
0.5043091177940369
0.48654836416244507
0.4674396514892578
0.44997528195381165
0.43546658754348755
0.42353859543800354
0.4123828411102295
0.40388280153274536
0.39758604764938354
0.3929294943809509
0.38602009415626526
0.38003700971603394
0.375531405210495
0.37197595834732056
0.36969688534736633
0.36773401498794556
0.3660246729850769
0.3652476370334625
0.3641456067562103
0.3628564178943634
0.3611156642436981
0.3588825464248657
0.35749635100364685
0.35646852850914
0.35492637753486633
0.35418766736984253
0.35331958532333374
0.35228878259658813
0.35222822427749634
0.351394385099411
0.3498236835002899
0.348957896232605
0.3481754660606384
0.3472123146057129
0.3464921712875366
0.34543707966804504
0.34483662247657776
0.3443821370601654
0.3437802791595459
0.3427742123603821
0.34185612201690674
0.34085941314697266
0.3401796221733093
0.3392251133918762
0.33857080340385437
0.33800867199897766
0.3371821939945221
0.33658918738365173
0.33608561754226685
0.33611902594566345
0.33574825525283813
0.3354531228542328
0.33490991592407227
0.3342813551425934
0.33366918563842773
0.33360055088996887
0.3332076072692871
0.33212247490882874
0.3315408527851105
0.3309990167617798
0.33056753873825073
0.33105286955833435
0.3303961753845215
0.32984262704849243
0.3292146623134613
0.3283960223197937
0.3277356028556824
0.32822564244270325
0.32749485969543457
0.3268330991268158
0.3260210156440735
0.3257293701171875
0.3254771828651428
0.32507002353668213
0.32436686754226685
0.3239293694496155
0.3233194351196289
0.32275232672691345
0.322387158870697
0.32203319668769836
0.32173845171928406
0.3217041492462158
0.32126525044441223
0.3206738531589508
0.3208901584148407
0.3209701478481293
0.32032400369644165
0.31972548365592957
0.31957003474235535
0.3191007673740387
0.31846365332603455
0.31815576553344727
0.31781670451164246
0.3173939287662506
0.31726959347724915
0.31711775064468384
0.3166574537754059
0.31662261486053467
0.3162417709827423
0.31573766469955444
0.3152330219745636
0.3152540326118469
0.31599971652030945
0.3162977695465088
0.315533846616745
0.31471583247184753
0.3142869174480438
0.313677579164505
0.31328916549682617
0.31355828046798706
0.3131799101829529
0.3125755786895752
0.3118537962436676
0.3115045130252838
0.31104353070259094
0.3105006814002991
0.30995410680770874
0.3093785047531128
0.3088415861129761
0.3092394769191742
0.3090168535709381
0.308334618806839
0.30743467807769775
0.3070480227470398
0.3064599335193634
0.30601564049720764
0.30614086985588074
0.3056398332118988
0.3051128387451172
0.3057182729244232
0.3060978055000305
0.30563443899154663
0.30527085065841675
0.3046988546848297
0.3044735789299011
0.30390655994415283
0.3038102686405182
0.3033379316329956
0.30329465866088867
0.3035391569137573
0.30378785729408264
0.3030400276184082
0.30263373255729675
0.30225318670272827
0.3018096387386322
0.30167123675346375
0.3014334440231323
0.301146000623703
0.3015936017036438
0.30117523670196533
0.30081966519355774
0.3006320297718048
0.3004898428916931
0.3004281520843506
0.30026471614837646
0.30007827281951904
0.29977238178253174
0.2997869849205017
0.30036991834640503
0.3004985451698303
0.2997859716415405
0.30108049511909485
0.300824373960495
0.3003016412258148
0.2997758090496063
0.29959291219711304
0.29913395643234253
0.29888680577278137
0.298626184463501
0.29855188727378845
0.2984703779220581
0.298272967338562
0.2989013195037842
0.29969242215156555
0.29970309138298035
0.29934781789779663
0.2996833324432373
0.2991199791431427
0.2984963357448578
0.2983982563018799
0.29839959740638733
0.29798901081085205
0.29763245582580566
0.2975608706474304
0.29728877544403076
0.2975000739097595
0.2976856231689453
0.2976173460483551
0.29714590311050415
0.29733285307884216
0.29708197712898254
0.29662904143333435
0.2963172197341919
0.29614394903182983
0.2961173951625824
0.2963794469833374
0.2961254417896271
0.29555609822273254
0.2954600751399994
0.2955421507358551
0.29592031240463257
0.2954677641391754
0.2953362762928009
0.29504701495170593
0.29490944743156433
0.2947658598423004
0.29472872614860535
0.2947237491607666
0.2947905659675598
0.29439693689346313
0.29443827271461487
0.29424649477005005
0.29425570368766785
0.294224351644516
0.2946385145187378
0.2946884036064148
0.29435592889785767
0.2941552400588989
0.2941257357597351
0.29429057240486145
0.2938936650753021
0.29394590854644775
0.2937695384025574
0.2935694754123688
0.2934204041957855
0.29332464933395386
0.2936970591545105
0.29373854398727417
0.29346537590026855
0.2933036684989929
0.29321470856666565
0.2930464744567871
0.29286524653434753
0.29280710220336914
0.29269155859947205
0.2928119897842407
0.29276329278945923
0.2929378151893616
0.2927325963973999
0.2923816442489624
0.29220420122146606
0.2919849753379822
0.29187533259391785
0.29171204566955566
0.29140812158584595
0.2923496663570404
0.2916174530982971
0.2917362451553345
0.2916491627693176
0.2915235757827759
0.29144608974456787
0.2916363775730133
0.2915547788143158
0.29124629497528076
0.2910507917404175
0.2908898591995239
0.2912168800830841
0.2906292974948883
0.29112139344215393
0.2909785509109497
0.2907503545284271
0.2905895709991455
0.29037079215049744
0.29029381275177
0.29013755917549133
0.2898956537246704
0.28986090421676636
0.2897211015224457
0.2899465262889862
0.29049164056777954
0.2900761663913727
0.28967562317848206
0.2893892824649811
0.2897668778896332
0.28969696164131165
0.28945663571357727
0.28920572996139526
0.28903743624687195
0.2887583076953888
0.2891395390033722
0.2891376316547394
0.288887619972229
0.28866246342658997
0.28863757848739624
0.28844109177589417
0.2883232533931732
0.2882843315601349
0.2881529629230499
0.28807833790779114
0.28826814889907837
0.2882310748100281
0.28798261284828186
0.28774523735046387
0.2883322834968567
0.28878816962242126
0.2885696291923523
0.28841814398765564
0.28823399543762207
0.2884933054447174
0.2881549000740051
0.2878465950489044
0.287722110748291
0.2876972556114197
0.2875751256942749
0.2874198853969574
0.28735971450805664
0.28737735748291016
0.28752514719963074
0.28740251064300537
0.2873104512691498
0.2874678075313568
0.2875802218914032
0.2873483896255493
0.2871886193752289
0.28707796335220337
0.2870349884033203
0.28693056106567383
0.2870652675628662
0.2868981659412384
0.2868703603744507
0.28683361411094666
0.28670957684516907
0.2867366671562195
0.28662484884262085
0.28661152720451355
0.2865212857723236
0.286439448595047
0.2863893210887909
0.286543071269989
0.2865264117717743
0.28648796677589417
0.286344975233078
0.28616800904273987
0.2862835228443146
0.28682941198349
0.28655144572257996
0.2862144410610199
0.2861655652523041
0.2861176133155823
0.28600820899009705
0.2860322892665863
0.2862379252910614
0.28621628880500793
0.2860705554485321
0.2859687805175781
0.28592944145202637
0.2857479751110077
0.2856975197792053
0.2856123745441437
0.28559496998786926
0.2856660783290863
0.2857043743133545
0.28555309772491455
0.28549423813819885
0.2853587865829468
0.2853339910507202
0.2852481007575989
0.2851252257823944
0.28510260581970215
0.28507381677627563
0.2850479781627655
0.2850187122821808
0.2849796712398529
0.28494003415107727
0.28491389751434326
0.2848806083202362
0.28484997153282166
0.2848590314388275
0.2848641872406006
0.2848453223705292
0.28476226329803467
0.284903883934021
0.28519609570503235
0.285180002450943
0.2850417196750641
0.284959614276886
0.2848809063434601
0.28469914197921753
0.28468233346939087
0.28468671441078186
0.28465747833251953
0.2846499979496002
0.2846097946166992
0.2845539152622223
0.2845228910446167
0.2844926714897156
0.28447625041007996
0.2844521999359131
0.284396231174469
0.2843785583972931
0.2844068109989166
0.2843237817287445
0.2843641936779022
0.2842576801776886
0.2842292785644531
0.2842150926589966
0.2842007279396057
0.2841747999191284
0.28419432044029236
0.2841613292694092
0.2841481864452362
0.28421175479888916
0.28440016508102417
0.2844119071960449
0.2843022048473358
0.2842482030391693
0.2841586470603943
0.2841559648513794
0.28409117460250854
0.2840668261051178
0.28405365347862244
0.2840403914451599
0.2842746376991272
0.2842254638671875
0.28411710262298584
0.28402867913246155
0.28394991159439087
0.2839280366897583
0.284000962972641
0.28407397866249084
0.28401410579681396
0.2839607298374176
0.2838849127292633
0.28407445549964905
0.2840665578842163
0.28393301367759705
0.2838550806045532
0.2837739884853363
0.2837562561035156
0.2837143540382385
0.2837514579296112
0.2837802767753601
0.28372353315353394
0.2837046980857849
0.2836448550224304
0.28365883231163025
0.2837914526462555
0.28392618894577026
0.2838441729545593
0.2838420271873474
0.28369948267936707
0.2836335301399231
0.2836265563964844
0.2835768759250641
0.28353190422058105
0.28352421522140503
0.28360801935195923
0.28364014625549316
0.2835439443588257
0.28365328907966614
0.28364717960357666
0.2835657596588135
0.28354108333587646
0.28358906507492065
0.2835769057273865
0.2835501730442047
0.28350818157196045
0.28349414467811584
0.28344041109085083
0.2834107279777527
0.2834893465042114
0.2835286557674408
0.28358185291290283
0.28354862332344055
0.28353044390678406
0.2834954261779785
0.2834516763687134
0.2834149897098541
0.28338295221328735
0.2833557724952698
0.28333407640457153
0.283328652381897
0.28332218527793884
0.2834256887435913
0.2833879292011261
0.28339868783950806
0.2834172248840332
0.28337913751602173
0.28335288166999817
0.28332754969596863
0.2833065092563629
0.2832655608654022
0.2832753658294678
0.28326088190078735
0.28321728110313416
0.2832660675048828
0.2832663953304291
0.2832488715648651
0.2832288146018982
0.28319036960601807
0.2831825613975525
0.2831493020057678
0.28314700722694397
0.2831531763076782
0.2831272482872009
0.2831190824508667
0.28313109278678894
0.2830944359302521
0.28311222791671753
0.2832029461860657
0.2832031548023224
0.2831699848175049
0.2831679880619049
0.2831203043460846
0.28309425711631775
0.28307974338531494
0.2830711603164673
0.28305983543395996
0.2830677628517151
0.28306832909584045
0.2830609679222107
0.28304600715637207
0.2830685079097748
0.28297120332717896
0.28309711813926697
0.2831084430217743
0.2830383777618408
0.28301483392715454
0.2829934358596802
0.28297919034957886
0.28297266364097595
0.2829707860946655
0.2829618453979492
0.2829109728336334
0.2829200029373169
0.28292587399482727
0.28291431069374084
0.2828822731971741
0.2828737497329712
0.2829020321369171
0.2828974723815918
0.2828885614871979
0.28286081552505493
0.2828776240348816
0.2828678488731384
0.2828609347343445
0.282831072807312
0.28282320499420166
0.2828066945075989
0.28279954195022583
0.2828395962715149
0.2828267514705658
0.2828077971935272
0.28278347849845886
0.2827902138233185
0.2827949821949005
0.2827686667442322
0.2827727794647217
0.28273826837539673
0.282723069190979
0.2827189266681671
0.28268930315971375
0.2826746702194214
0.28266653418540955
0.2826507091522217
0.2826670706272125
0.2827211618423462
0.2826809883117676
0.2826404571533203
0.28262969851493835
0.28263697028160095
0.2825939953327179
0.28258585929870605
0.28259074687957764
0.2825896143913269
0.2825973629951477
0.28259047865867615
0.28258684277534485
0.282581627368927
0.2825825810432434
0.2825813591480255
0.2825813293457031
0.2825586795806885
0.28258177638053894
0.2825891673564911
0.2825916111469269
0.2825731635093689
0.2825615406036377
0.2825586795806885
0.2825503349304199
0.2825806438922882
0.2825973629951477
0.28261831402778625
0.28260135650634766
0.282572478055954
0.28254440426826477
0.2825155258178711
0.2825268805027008
0.2825247645378113
0.28252679109573364
0.2825087904930115
0.28250744938850403
0.2825014293193817
0.2824946343898773
0.2825005054473877
0.28249430656433105
0.28249692916870117
0.2824910283088684
0.28249022364616394
0.2824842035770416
0.2824840247631073
0.28246429562568665
0.2824628949165344
0.2824457585811615
0.2824457287788391
0.2824510931968689
0.282429575920105
0.2824215590953827
0.2824172079563141
0.2824176549911499
0.2824104428291321
0.2824060618877411
0.28241243958473206
0.2824239730834961
0.28243109583854675
0.2824215888977051
0.28241777420043945
0.28241485357284546
0.2824050188064575
0.28240588307380676
0.28239119052886963
0.28239190578460693
0.28238004446029663
0.2823813855648041
0.28238341212272644
0.28236931562423706
0.2823749780654907
0.28238189220428467
0.2823754549026489
0.28237077593803406
0.28236934542655945
0.28236523270606995
0.2823605537414551
0.28235676884651184
0.2823565900325775
0.28235411643981934
0.2823387086391449
0.28231585025787354
0.28232744336128235
0.2823278605937958
0.2823278307914734
0.282332181930542
0.28232723474502563
0.2823411524295807
0.2823348343372345
0.2823270857334137
0.2823234796524048
0.2823139429092407
0.28231197595596313
0.2823140621185303
0.28230538964271545
0.2823282778263092
0.2823309004306793
0.2823197841644287
0.2823140323162079
0.2822924554347992
0.2823089361190796
0.28230196237564087
