16.442153930664062
3.120222806930542
1.522545337677002
0.9249273538589478
0.7253891229629517
0.7110345959663391
0.6684496998786926
0.6590772867202759
0.6805620789527893
0.6382095217704773
0.659586489200592
0.6261605024337769
0.6223621964454651
0.6284165382385254
0.7502889633178711
0.8243087530136108
0.8389507532119751
0.9561064839363098
0.6493574380874634
0.5664494037628174
0.7111061215400696
0.7855674028396606
0.5997064113616943
0.5765801072120667
0.6024132370948792
0.6144933700561523
0.5745500922203064
0.5520583987236023
0.5673842430114746
0.5483479499816895
0.49253615736961365
0.47685307264328003
0.5372308492660522
0.7164662480354309
0.5190518498420715
1.389683485031128
0.6511616706848145
0.5822392702102661
0.5263378620147705
0.5577020645141602
0.5327309966087341
0.5149916410446167
0.5268844962120056
0.5280566811561584
0.5072318315505981
0.5112800598144531
0.5342629551887512
0.693176805973053
0.6115508079528809
0.5752262473106384
0.5358378291130066
0.5682376027107239
0.9446802735328674
0.563997745513916
0.7063334584236145
0.5338060855865479
0.47052040696144104
0.5373694896697998
0.541128396987915
0.5096791386604309
0.4615558385848999
0.4554482400417328
0.4633207619190216
0.46995288133621216
0.474216490983963
0.5318579077720642
0.6959558725357056
0.625188410282135
0.6391132473945618
0.49071553349494934
0.692882776260376
0.9152518510818481
0.49735888838768005
0.44304004311561584
0.4529705047607422
0.44444113969802856
0.473113477230072
0.46761763095855713
0.5378033518791199
0.4729568064212799
0.619938313961029
0.5241239666938782
0.43328171968460083
0.4248715341091156
0.42234736680984497
0.4583427906036377
0.4514215886592865
0.4725750982761383
0.41546863317489624
0.4421146810054779
0.45361241698265076
0.4773266315460205
0.4486185610294342
0.4404764473438263
0.4251132309436798
0.4148465096950531
0.42404085397720337
0.4408576488494873
0.44098594784736633
0.4136843979358673
0.4323793351650238
0.43581098318099976
0.4600003957748413
0.4212057888507843
0.40055111050605774
0.4134083688259125
0.41965606808662415
0.43701693415641785
0.39454221725463867
0.4071926176548004
0.4006141722202301
0.5251354575157166
0.5794631838798523
0.45169731974601746
0.3999323844909668
0.39135313034057617
0.4138345718383789
0.40533334016799927
0.5693423748016357
0.40044575929641724
0.399818480014801
0.4261299669742584
0.3953651785850525
0.40304893255233765
0.48384740948677063
0.41910287737846375
0.4710436761379242
0.40105703473091125
0.4108564555644989
0.40634340047836304
0.403739333152771
0.39661315083503723
0.3983345925807953
0.3979684114456177
0.46504464745521545
0.40729057788848877
0.40431922674179077
0.41492360830307007
0.411074161529541
0.4364469051361084
0.6093899607658386
0.40132755041122437
0.4493354856967926
0.4723152816295624
0.4279976189136505
0.6199552416801453
0.4546915292739868
0.4179367125034332
0.38233622908592224
0.44120389223098755
0.4693757891654968
0.5010902881622314
0.4159199893474579
0.4037601947784424
0.4007081091403961
0.3859614133834839
0.4372684061527252
0.4863651692867279
0.4779473841190338
0.4338015615940094
0.49219071865081787
0.503822386264801
0.4496084451675415
0.4550532102584839
0.41069528460502625
0.3987123668193817
0.6683405041694641
0.6020798087120056
0.5728734731674194
0.4154559373855591
0.3878006935119629
0.3846219778060913
0.3977058529853821
0.39517858624458313
0.4006534814834595
0.4144524931907654
0.4701230525970459
0.41139739751815796
0.4317225217819214
0.3847290277481079
0.3798615336418152
0.3826332986354828
0.40097182989120483
0.38810572028160095
0.3817961812019348
0.3891204595565796
0.40798071026802063
0.4069969654083252
0.3768756091594696
0.6428308486938477
0.3989304006099701
0.3894574046134949
0.3839845359325409
0.38211730122566223
0.43711909651756287
0.4252499043941498
0.46637848019599915
0.46621569991111755
0.40475600957870483
0.38678357005119324
0.3880971670150757
0.37935155630111694
0.3741549849510193
0.4109651446342468
0.4293803870677948
0.3863255977630615
0.3743975758552551
0.3720315098762512
0.41733020544052124
0.4893157482147217
0.37836694717407227
0.4229615032672882
0.4123174846172333
0.38053813576698303
0.4434221684932709
0.3692978620529175
0.3722808361053467
0.4054456949234009
0.41906100511550903
0.36972859501838684
0.6007717251777649
0.4238049387931824
0.4398912489414215
0.38799500465393066
0.3949905037879944
0.403094083070755
0.407428503036499
0.425647497177124
0.8562620282173157
0.5521703958511353
0.41865554451942444
0.42386335134506226
0.4909821152687073
0.47120386362075806
0.37931689620018005
0.3870795667171478
0.3834938704967499
0.3808853030204773
0.37108314037323
0.36828818917274475
0.3936440348625183
0.4060547351837158
0.5001301765441895
0.5364488959312439
0.4725152254104614
0.4113418757915497
0.39677882194519043
0.37611621618270874
0.3825668394565582
0.49553781747817993
0.388388991355896
0.5722344517707825
0.5875037908554077
0.7194499373435974
0.4338262379169464
0.3814832270145416
0.37190330028533936
0.38070499897003174
0.3970903158187866
0.3711526095867157
0.37195563316345215
0.381294310092926
0.38268211483955383
0.4135982096195221
0.37480995059013367
0.41801613569259644
0.5261983871459961
0.5130797028541565
0.39985591173171997
0.39132848381996155
0.38276901841163635
0.3878704607486725
0.3666590750217438
0.3752738833427429
0.38242191076278687
0.3641066253185272
0.4171321392059326
0.3812905550003052
0.3642480969429016
0.3727067708969116
0.3793843686580658
0.3792407214641571
0.37909719347953796
0.38171541690826416
0.3671713173389435
0.36782172322273254
0.3804999887943268
0.4399208128452301
0.6323003768920898
0.41256025433540344
0.4084444046020508
0.367153525352478
0.5838671326637268
0.3738047480583191
0.3722342252731323
0.3848611116409302
0.3713880777359009
0.36722710728645325
0.36633267998695374
0.3948511481285095
0.3800167441368103
0.3716735243797302
0.3841950595378876
0.3864288926124573
0.36625760793685913
0.3845890760421753
0.5388635993003845
0.6714213490486145
0.5106781125068665
0.3871636390686035
0.40449172258377075
0.3695752024650574
0.38128480315208435
0.37164562940597534
0.41162317991256714
0.3833703100681305
0.401614785194397
0.38237830996513367
0.3741300702095032
0.44584593176841736
0.3822189271450043
0.37010088562965393
0.3716249465942383
0.3759195804595947
0.36990678310394287
0.3817848265171051
0.36284536123275757
0.4887610077857971
0.41279712319374084
0.36969587206840515
0.37695392966270447
0.3763080835342407
0.36552268266677856
0.36120516061782837
0.36470523476600647
0.38141077756881714
0.37530824542045593
0.36559706926345825
0.475807249546051
0.415678471326828
0.3648224472999573
0.3818587362766266
0.4139510691165924
0.3735683858394623
0.45543819665908813
0.39545971155166626
0.377687931060791
0.36417290568351746
0.3756498694419861
0.38325929641723633
0.37726372480392456
0.36021938920021057
0.3779863715171814
0.3784463703632355
0.4950656592845917
0.4404994249343872
0.36869215965270996
0.36176446080207825
0.37440329790115356
0.36257344484329224
0.46711477637290955
0.434946209192276
0.3855094611644745
0.3975183069705963
0.40473857522010803
0.3977234363555908
0.8324626684188843
0.7234761118888855
0.6359615325927734
0.4322435259819031
0.4105941951274872
0.3789218068122864
0.4405739903450012
0.3940330743789673
0.3892655074596405
0.45741599798202515
0.4208343029022217
0.39689451456069946
0.36881449818611145
0.37197139859199524
0.3814886510372162
0.36528119444847107
0.364336758852005
0.3688507676124573
0.3624306917190552
0.37494611740112305
0.3609713017940521
0.3587455451488495
0.3925849199295044
0.37607139348983765
0.38171640038490295
0.36556920409202576
0.48978370428085327
0.3921685516834259
0.37155476212501526
0.3712398111820221
0.436635822057724
0.39121854305267334
0.39518940448760986
0.3695516884326935
0.37344327569007874
0.3656977713108063
0.385769784450531
0.3616785705089569
0.36774227023124695
0.3695788085460663
0.5192264318466187
0.37670955061912537
0.3595774173736572
0.3612278699874878
0.4994199872016907
0.4128810167312622
0.36418062448501587
0.4518696367740631
0.5776443481445312
0.42076587677001953
0.38204899430274963
0.36650484800338745
0.3722665011882782
0.36026710271835327
0.3592093884944916
0.3778725862503052
0.39512020349502563
0.548244833946228
0.4225204288959503
0.4050905704498291
0.37157681584358215
0.3646269142627716
0.37198251485824585
0.35976746678352356
0.392377108335495
0.3734009265899658
0.36510929465293884
0.36987143754959106
0.35139909386634827
0.36661288142204285
0.36233973503112793
0.36517301201820374
0.3575427830219269
0.36487266421318054
0.3623356521129608
0.35610923171043396
0.3587570786476135
0.3551945090293884
0.35574066638946533
0.6322196125984192
0.4695100784301758
0.5216543078422546
0.46714863181114197
0.3844352662563324
0.39018571376800537
0.37385448813438416
0.355365127325058
0.3590669333934784
0.4417634904384613
0.3664524257183075
0.3634568750858307
0.3535756766796112
0.34682705998420715
0.3549065887928009
0.3447418808937073
0.37085631489753723
0.34819552302360535
0.34715813398361206
0.3507935404777527
0.4346276521682739
0.3654615879058838
0.35948246717453003
0.4095275104045868
0.36696135997772217
0.34715887904167175
0.3457595109939575
0.34776923060417175
0.4040217995643616
0.36930030584335327
0.3713339567184448
0.3828029930591583
0.3401404023170471
0.3515312969684601
0.35926368832588196
0.3486975133419037
0.354819118976593
0.3591996431350708
0.41269782185554504
0.41118642687797546
0.36401617527008057
0.3650279939174652
0.35990363359451294
0.3511962592601776
0.3644973933696747
0.348671555519104
0.36387553811073303
0.38574883341789246
0.341775119304657
0.35991108417510986
0.34276023507118225
0.36882802844047546
0.36760202050209045
0.3543546497821808
0.35146859288215637
0.3606959879398346
0.3495999276638031
0.3557671904563904
0.343757688999176
0.3454475700855255
0.34689900279045105
0.34868544340133667
0.3789658844470978
0.3506002128124237
0.34371694922447205
0.34717899560928345
0.3366466164588928
0.34841012954711914
1.1784231662750244
0.8475768566131592
0.40355998277664185
0.5705594420433044
0.5352807641029358
0.4577978551387787
0.4392838180065155
0.4090094566345215
0.3916909396648407
0.4108518660068512
0.509985625743866
0.40398353338241577
0.39614933729171753
0.4952102601528168
0.4413106143474579
0.4583524763584137
0.49756288528442383
0.44891127943992615
0.3871002793312073
0.4276059865951538
0.4326721429824829
0.6178973317146301
0.4590040445327759
0.45445987582206726
0.46783989667892456
0.41404253244400024
0.3818444609642029
0.36553114652633667
0.37720054388046265
0.36436790227890015
0.38488516211509705
0.485465943813324
0.4573638439178467
0.36603599786758423
0.3607022166252136
0.37398838996887207
0.3711530566215515
0.3597579300403595
0.3615403175354004
0.3864673972129822
0.3991970121860504
0.36803582310676575
0.36646768450737
0.3979875147342682
0.3762221038341522
0.36173465847969055
0.3697572648525238
0.3672458827495575
0.3633729815483093
0.3600172698497772
0.36944183707237244
0.353359580039978
0.3557620942592621
0.3558337986469269
0.4369450807571411
0.3821476995944977
0.3727559745311737
0.3735639750957489
0.36483147740364075
0.37193071842193604
0.4185138940811157
0.3701493442058563
0.3636198043823242
0.36596861481666565
0.3643660843372345
0.36279362440109253
0.3940611481666565
0.36198270320892334
0.37113842368125916
0.3842824399471283
0.36362403631210327
0.4003814160823822
0.4208626449108124
0.39981135725975037
0.38416945934295654
0.3602697253227234
0.3667007088661194
0.4071839153766632
0.3551800549030304
0.3619382977485657
0.3755694627761841
0.35370078682899475
0.36879926919937134
0.3853905498981476
0.3544478118419647
0.35021767020225525
0.3557697534561157
0.3992573916912079
0.3823747932910919
0.35209137201309204
0.3582484722137451
0.3499026298522949
0.4384894073009491
0.3607693016529083
0.356221079826355
0.398070365190506
0.36940863728523254
0.34965819120407104
0.35883229970932007
0.36708083748817444
0.37128746509552
0.3743957281112671
0.4635937511920929
0.4178858995437622
0.38101497292518616
0.37905535101890564
0.38288578391075134
0.3867621123790741
0.3644821047782898
0.3661530017852783
0.3511013388633728
0.3542429208755493
0.384412556886673
0.3468928933143616
0.35468438267707825
0.3575235903263092
0.35779428482055664
0.35156065225601196
0.41713079810142517
0.3673211336135864
0.36313730478286743
0.3662995994091034
0.3629429340362549
0.38217872381210327
0.35651353001594543
0.37895703315734863
0.3516836166381836
0.3521014153957367
0.3552406430244446
0.3510580062866211
0.3487381637096405
0.3575228750705719
0.34825101494789124
0.34769192337989807
0.35309407114982605
0.3622598946094513
0.38567912578582764
0.3863730728626251
0.372596800327301
0.4095894396305084
0.38741570711135864
0.3891560733318329
0.36850297451019287
0.35431355237960815
0.35193341970443726
0.34934869408607483
0.349896639585495
0.3952467739582062
0.35091888904571533
0.35361576080322266
0.3513435423374176
0.34978100657463074
0.34926918148994446
0.36347195506095886
0.3602411150932312
0.3487526774406433
0.39113175868988037
0.34652337431907654
0.38081085681915283
0.3583138883113861
0.3594261109828949
0.35783451795578003
0.3464864492416382
0.35587918758392334
0.38058313727378845
0.42108649015426636
0.40662485361099243
0.3603176772594452
0.3616084158420563
0.3444333076477051
0.35775449872016907
0.3527891933917999
0.3453086316585541
0.34560084342956543
0.3501889109611511
0.3605808913707733
0.346887469291687
0.3732660114765167
0.3590248227119446
0.34610578417778015
0.34663257002830505
0.35747388005256653
0.37460193037986755
0.35075291991233826
0.38448962569236755
0.346393346786499
0.34625065326690674
0.3477798402309418
0.3494018614292145
0.36781924962997437
0.34318944811820984
0.35056230425834656
0.34484046697616577
0.345052033662796
0.3474194407463074
0.3469513952732086
0.3586242198944092
0.3483847677707672
0.34378013014793396
0.350605309009552
0.34201177954673767
0.34299975633621216
0.34403708577156067
0.36782675981521606
0.3477361500263214
0.3413923382759094
0.345798522233963
0.34613287448883057
0.3589114546775818
0.34084659814834595
0.3470560610294342
0.34529364109039307
0.347686767578125
0.34261125326156616
0.35479307174682617
0.35864293575286865
0.3484395742416382
0.3427736163139343
0.34298983216285706
0.3730941116809845
0.34607428312301636
0.34509894251823425
0.3486245572566986
0.3436517119407654
0.34033045172691345
0.34503769874572754
0.3420322835445404
0.34233811497688293
0.34746164083480835
0.34765195846557617
0.43872687220573425
0.35949787497520447
0.3500727117061615
0.3449249863624573
0.3448677361011505
0.34279513359069824
0.348513662815094
0.3481284976005554
0.34191516041755676
0.3412352204322815
0.3701794743537903
0.380502849817276
0.35298576951026917
0.343962162733078
0.36277827620506287
0.343964159488678
0.34650611877441406
0.3670165538787842
0.3536961078643799
0.3436034023761749
0.341636061668396
0.3430667817592621
0.3408990502357483
0.3436351716518402
0.3425646722316742
0.34304192662239075
0.34554436802864075
0.3404298722743988
0.3457374572753906
0.37378957867622375
0.3416653871536255
0.3437947928905487
0.34252670407295227
0.34944987297058105
0.34461721777915955
0.3437789976596832
0.34099727869033813
0.3450619578361511
0.34300917387008667
0.3409877419471741
0.33948826789855957
0.41215401887893677
0.3537183403968811
0.34317252039909363
0.3472520709037781
0.3470613658428192
0.3550230860710144
0.3818266987800598
0.33953288197517395
0.3412919342517853
0.33945631980895996
0.33964595198631287
0.3407541811466217
0.3397437036037445
0.3407500982284546
0.339337021112442
0.33970198035240173
0.34073352813720703
0.34031733870506287
0.337819904088974
0.3372805714607239
0.3399691879749298
0.33877015113830566
0.35922476649284363
0.338412880897522
0.3471854031085968
0.3404679298400879
0.34905773401260376
0.3383858799934387
0.3383758068084717
0.34275123476982117
0.3530597388744354
0.3460383117198944
0.3515763282775879
0.35018593072891235
0.3495672345161438
0.34432387351989746
0.3455457389354706
0.3380662500858307
0.339068740606308
0.3398711681365967
0.34349966049194336
0.33809202909469604
0.34091925621032715
0.34142786264419556
0.34015074372291565
0.33833590149879456
0.34136295318603516
0.3392466604709625
0.34100231528282166
0.33955344557762146
0.33913227915763855
0.3450394570827484
0.339639812707901
0.3412930965423584
0.34270110726356506
0.34646478295326233
0.34168338775634766
0.3375213146209717
0.34165266156196594
0.3560378849506378
0.3394376039505005
0.33970198035240173
0.3496958017349243
0.3439183831214905
0.3401327133178711
0.33934029936790466
0.3443959355354309
0.33936068415641785
0.34795817732810974
0.33798301219940186
0.33961984515190125
0.34716179966926575
0.34909191727638245
0.33798453211784363
0.3420941233634949
0.33990710973739624
0.34809410572052
0.3377649784088135
0.34245556592941284
0.3431834876537323
0.3404821753501892
0.33834758400917053
0.35533568263053894
0.3442802429199219
0.3398330509662628
0.3379649817943573
0.33760514855384827
0.33823874592781067
0.34342291951179504
0.3406068682670593
0.3372756540775299
0.33809128403663635
0.3390931487083435
0.34943240880966187
0.47083479166030884
0.42775028944015503
0.3520995080471039
0.3462843894958496
0.3432559072971344
0.3411535322666168
0.3422785997390747
0.3413013815879822
0.34190425276756287
0.34024378657341003
0.3450016975402832
0.3395935893058777
0.3408026099205017
0.3407934308052063
0.3363948166370392
0.34479188919067383
0.3441449999809265
0.34010952711105347
0.33881211280822754
0.33847710490226746
0.33876100182533264
0.33931201696395874
0.3386010527610779
0.34604331851005554
0.34486111998558044
0.34060534834861755
0.33859479427337646
0.3387458324432373
0.33808988332748413
0.3398614823818207
0.33878418803215027
0.3414878249168396
0.33912429213523865
0.3389524817466736
0.3395405411720276
0.33826106786727905
0.3383744955062866
0.33830153942108154
0.3375464081764221
0.33803102374076843
0.33979228138923645
0.3394767642021179
0.3376379907131195
0.33823826909065247
0.33755743503570557
0.3395385146141052
0.33884119987487793
0.33707374334335327
0.33771613240242004
0.3381992280483246
0.3391367495059967
0.3376654386520386
0.34052199125289917
0.3416747748851776
0.3363499641418457
0.3392166197299957
0.3375058174133301
0.33878156542778015
0.33757632970809937
0.3382086157798767
0.3387279212474823
0.337261438369751
0.33739688992500305
0.33740755915641785
0.33696842193603516
0.3370591998100281
0.33695346117019653
0.34496811032295227
0.3425028324127197
0.33693408966064453
0.3367496728897095
0.3423989713191986
0.33634093403816223
0.35647672414779663
0.34715989232063293
0.337835431098938
0.33742988109588623
0.33700504899024963
0.339609831571579
0.34070149064064026
0.33878272771835327
0.3370833992958069
0.33836016058921814
0.3373066186904907
0.3369663655757904
0.3374326527118683
0.33694007992744446
0.33793169260025024
0.3372107744216919
0.3380979001522064
0.342942476272583
0.33887484669685364
0.3378564715385437
0.3414270877838135
0.3405630886554718
0.343032568693161
0.34730198979377747
0.3389410674571991
0.33812248706817627
0.33737456798553467
0.3381061851978302
0.33665475249290466
0.3380427956581116
0.33785203099250793
0.3394734561443329
0.3395374119281769
0.3364604413509369
0.33683648705482483
0.3376234769821167
0.3366784453392029
0.33634358644485474
0.3366277515888214
0.3360624313354492
0.33829832077026367
0.33957639336586
