21.99913215637207
5.301802635192871
2.0612008571624756
1.0076987743377686
0.8008042573928833
0.8071255683898926
0.904944658279419
0.7563802599906921
0.6469551920890808
0.7690693736076355
0.7856996059417725
0.9538612961769104
0.633193850517273
0.5556474924087524
0.6856541037559509
1.005901575088501
0.9413634538650513
1.1463587284088135
0.8603832125663757
0.5075057148933411
0.564338207244873
0.5792548656463623
0.5586673617362976
0.49131694436073303
0.501104474067688
0.9206405878067017
0.6358212232589722
0.5359336733818054
0.5735697150230408
0.4780770242214203
0.4687463343143463
0.4482317864894867
0.4823574721813202
0.4491753578186035
0.5918707251548767
0.7204006314277649
0.9220516681671143
0.6771095991134644
0.5928472876548767
0.7407430410385132
0.6004428863525391
0.8360850214958191
0.47587475180625916
0.5227110385894775
0.8208926320075989
0.8235912919044495
0.5813478231430054
0.6824417114257812
0.421640545129776
0.43616777658462524
0.4105124771595001
0.41615214943885803
0.46889418363571167
0.44565579295158386
0.516791820526123
0.5447771549224854
0.4455578327178955
0.8977108001708984
0.8299266695976257
0.661771833896637
0.45009249448776245
0.47575631737709045
0.43323415517807007
0.6153278350830078
0.5690045356750488
0.6460905075073242
0.5403932332992554
0.48481956124305725
0.5181470513343811
0.409914493560791
0.8567773103713989
0.45755597949028015
0.4256844222545624
0.4614468514919281
0.6772000789642334
0.48579758405685425
0.5317894816398621
0.5510974526405334
0.5819306373596191
0.4830438792705536
1.4885611534118652
1.2286359071731567
0.508379340171814
0.43424558639526367
0.4075172543525696
0.40324634313583374
0.43461576104164124
0.6813842058181763
0.5407593250274658
0.4543655812740326
0.488311231136322
0.6564341187477112
0.44259053468704224
0.4075371026992798
0.3930203318595886
0.3873289227485657
0.7203260064125061
0.7207492589950562
0.40604260563850403
0.4983287453651428
0.4220639169216156
0.6889238953590393
0.4070945084095001
0.40035077929496765
0.4478874206542969
0.43991386890411377
0.589667022228241
0.4554241895675659
0.38271692395210266
0.3935190737247467
0.40409043431282043
0.7075368762016296
0.4107828438282013
0.3753608167171478
0.39654627442359924
0.39043667912483215
0.4098813533782959
0.36604517698287964
0.8060174584388733
1.1191990375518799
1.3344993591308594
1.2654173374176025
0.46156349778175354
0.46661490201950073
0.48136237263679504
0.554772138595581
1.0327675342559814
0.4227180480957031
0.4155173599720001
0.38190165162086487
0.3944811224937439
0.374286413192749
0.3727684020996094
0.47206392884254456
0.6228528022766113
0.3973391652107239
0.3859771490097046
0.3839004337787628
0.4010665714740753
0.9013654589653015
2.424783945083618
0.9200901389122009
0.5115357041358948
0.6047893166542053
0.4898320734500885
0.47721150517463684
0.3909284174442291
0.3794468343257904
0.3745000958442688
0.4827960729598999
0.3862806558609009
0.36996370553970337
0.43479210138320923
0.4382482171058655
0.39557474851608276
0.39937132596969604
0.8340173363685608
0.5975702404975891
0.3741909861564636
0.3748186230659485
0.8429412245750427
0.5021344423294067
0.4569277763366699
0.379175066947937
0.37083733081817627
0.3912268280982971
0.9380379319190979
0.726200520992279
0.49604564905166626
0.3913082480430603
0.37172502279281616
0.36525383591651917
0.4129563570022583
0.38180914521217346
0.37621986865997314
0.3907383382320404
0.41835325956344604
0.4412567913532257
0.36481109261512756
0.3965012729167938
0.3919644355773926
0.4611782729625702
0.3932320773601532
0.3907412886619568
0.47154659032821655
0.9203834533691406
0.9048906564712524
0.8241826295852661
0.48948797583580017
1.0031225681304932
0.4558145999908447
0.4470120370388031
0.3931643068790436
0.3746854364871979
0.40310022234916687
0.8000879287719727
0.5356524586677551
0.38926374912261963
0.3832836449146271
0.4256579875946045
0.3965509831905365
0.4408227205276489
0.6666545271873474
0.4215750992298126
0.40283867716789246
0.3755192756652832
0.3705674111843109
0.36168816685676575
0.4919857978820801
0.9101829528808594
0.8202219009399414
0.43716150522232056
0.8861598968505859
0.5529434084892273
0.44372591376304626
0.4412480592727661
0.3862030804157257
0.46682795882225037
0.6457059979438782
0.43546873331069946
1.0955696105957031
0.6033115386962891
0.5381487607955933
0.4374884366989136
0.39522936940193176
0.4038517475128174
0.4659821093082428
0.3795786201953888
1.5985653400421143
1.0559347867965698
1.0179189443588257
0.5987963080406189
0.6454089283943176
0.4933890402317047
0.512313723564148
0.42638567090034485
0.4062044620513916
0.39257314801216125
0.3754458427429199
0.374721884727478
0.4506608843803406
0.4631156921386719
0.42267701029777527
0.5661819577217102
0.4619883596897125
0.3958633244037628
0.3896205425262451
0.3825643062591553
0.37570759654045105
0.5188268423080444
0.3966594338417053
0.9146365523338318
0.8914211392402649
0.9320982694625854
0.4866122007369995
0.5496907830238342
0.41156715154647827
0.3831113874912262
0.4527723491191864
0.37819603085517883
0.3765292167663574
0.38731005787849426
0.39276620745658875
0.42604130506515503
0.6825095415115356
0.6291860342025757
0.6742830872535706
0.8069713711738586
0.8260341286659241
0.5211358666419983
0.38670313358306885
0.42499130964279175
0.383024662733078
0.38696372509002686
0.4378381073474884
0.39129185676574707
0.38883695006370544
0.38058754801750183
0.36620453000068665
0.36519503593444824
0.3624878525733948
0.3686074912548065
0.36921849846839905
0.3636665344238281
0.3613823354244232
0.36579665541648865
0.36550822854042053
0.43320295214653015
0.5500319004058838
0.3987714350223541
0.3714580237865448
0.36164426803588867
0.5501528382301331
0.372530460357666
0.4219478666782379
0.3642565906047821
0.3704981803894043
0.3633885383605957
0.3624163269996643
0.3913910984992981
0.3597556948661804
0.35935112833976746
0.37407293915748596
0.36844173073768616
0.38209760189056396
0.42129403352737427
0.614808201789856
0.6286635398864746
0.4906463027000427
0.37577784061431885
0.39917173981666565
0.37392520904541016
0.3807924687862396
0.37209782004356384
0.42716875672340393
0.3813017010688782
0.3976730704307556
0.3795384466648102
0.36990612745285034
0.48468223214149475
0.38550710678100586
0.36904290318489075
0.37029483914375305
0.3714239299297333
0.36975476145744324
0.3886091411113739
0.3662711977958679
0.49003154039382935
0.4144713878631592
0.3695615828037262
0.3730483949184418
0.3790782392024994
0.3664252758026123
0.36075565218925476
0.36109989881515503
0.38377946615219116
0.3779698312282562
0.36503246426582336
0.4865446090698242
0.40880709886550903
0.3588365614414215
0.3923722505569458
0.44932475686073303
0.3811792731285095
0.4578578472137451
0.40828365087509155
0.39507049322128296
0.36852553486824036
0.37777775526046753
0.3850984573364258
0.3774309754371643
0.35807618498802185
0.36922943592071533
0.371180921792984
0.5634918212890625
0.4612092673778534
0.37002018094062805
0.36115482449531555
0.37490302324295044
0.36189839243888855
0.5554520487785339
0.4647698700428009
0.3835335671901703
0.4171108305454254
0.4236219525337219
0.39824050664901733
0.9476156830787659
1.0872514247894287
0.9290303587913513
0.55949866771698
0.4268008768558502
0.4073047637939453
0.5380647778511047
0.42556193470954895
0.4048159122467041
0.43391379714012146
0.4260444641113281
0.40626582503318787
0.37349095940589905
0.3677055239677429
0.3722957670688629
0.37039321660995483
0.3710481524467468
0.36184099316596985
0.36074259877204895
0.39190801978111267
0.3621763586997986
0.3591965138912201
0.42483073472976685
0.39788758754730225
0.3680141568183899
0.3740537166595459
0.5941963791847229
0.42995768785476685
0.4155173599720001
0.3774394392967224
0.4553757309913635
0.40609535574913025
0.4442061185836792
0.3878665268421173
0.4325842559337616
0.3902348279953003
0.4107271432876587
0.3639249801635742
0.36702531576156616
0.3670453131198883
0.604874312877655
0.39510756731033325
0.368274450302124
0.3615264892578125
0.5729753375053406
0.4571489989757538
0.39360204339027405
0.4468243420124054
0.6856648325920105
0.43813809752464294
0.5354024171829224
0.397278368473053
0.36539649963378906
0.3594714403152466
0.3592148423194885
0.36702823638916016
0.3963254988193512
0.4215117394924164
0.39827582240104675
0.3799465596675873
0.36725640296936035
0.3624613583087921
0.3571905493736267
0.36867111921310425
0.4133886992931366
0.4052460193634033
0.38006410002708435
0.36305731534957886
0.3572726249694824
0.3651602268218994
0.356758713722229
0.3586120903491974
0.3571321368217468
0.36214786767959595
0.3567091226577759
0.35884302854537964
0.3656235337257385
0.3670758306980133
0.359133780002594
0.47080203890800476
0.403362512588501
0.3750689625740051
0.3652477264404297
0.3564746081829071
0.36709317564964294
0.3599006235599518
0.35461539030075073
0.35721758008003235
0.4872865378856659
0.3958396911621094
0.35263946652412415
0.3619125485420227
0.3585689067840576
0.36919933557510376
0.3516450822353363
0.3770258128643036
0.3538065552711487
0.35293489694595337
0.35510727763175964
0.4215511083602905
0.3742358088493347
0.36920347809791565
0.4167519509792328
0.40603670477867126
0.3796483278274536
0.3611476719379425
0.3635052442550659
0.3684110641479492
0.3541015088558197
0.3612109124660492
0.3686712384223938
0.35370513796806335
0.3687048852443695
0.37923485040664673
0.3784022629261017
0.35159847140312195
0.35922324657440186
0.36696165800094604
0.3635246157646179
0.36281582713127136
0.3573162257671356
0.3589631915092468
0.35930147767066956
0.37073904275894165
0.3625190854072571
0.3680090308189392
0.3681478202342987
0.3526628315448761
0.38480842113494873
0.357779860496521
0.38993313908576965
0.3612286150455475
0.39707013964653015
0.3762951195240021
0.35547545552253723
0.36090758442878723
0.3623625338077545
0.35416242480278015
0.35631319880485535
0.35923272371292114
0.35667240619659424
0.38678839802742004
0.36709755659103394
0.3834664523601532
0.39132601022720337
0.3734753429889679
0.38591060042381287
0.5207124352455139
0.4289829730987549
0.37848079204559326
0.3889131546020508
0.3687404990196228
0.35206353664398193
0.3593619167804718
0.3541491627693176
0.35330069065093994
0.3522297143936157
0.4714333713054657
0.4408739507198334
0.5284923315048218
0.45100387930870056
0.41896775364875793
0.37957024574279785
0.35824111104011536
0.36205944418907166
0.37171119451522827
0.3497425317764282
0.37642455101013184
0.6699177622795105
0.4420051574707031
0.43247756361961365
0.4220472574234009
0.35993272066116333
0.3566575050354004
0.3768802881240845
0.409380704164505
0.3726879954338074
0.39168256521224976
0.3743771016597748
0.42988306283950806
0.3500555753707886
0.3518272042274475
0.37495866417884827
0.36287423968315125
0.3524785041809082
0.3523959219455719
0.37149718403816223
0.4113830327987671
0.37212151288986206
0.36258405447006226
0.3906807005405426
0.3685312271118164
0.35383427143096924
0.38113701343536377
0.3714338541030884
0.35917407274246216
0.3553586006164551
0.37219375371932983
0.3497048616409302
0.35346120595932007
0.3534202575683594
0.4509165287017822
0.3822638988494873
0.37006112933158875
0.3854700028896332
0.36115750670433044
0.3612617254257202
0.4341253340244293
0.370178759098053
0.37074169516563416
0.3632286489009857
0.36659836769104004
0.3605235815048218
0.40477246046066284
0.3677619993686676
0.37519776821136475
0.3952868580818176
0.36598682403564453
0.4254080653190613
0.43888911604881287
0.4032362103462219
0.4070582389831543
0.3573523461818695
0.363152414560318
0.40473252534866333
0.34892940521240234
0.35962578654289246
0.39190348982810974
0.35525739192962646
0.36704835295677185
0.41024595499038696
0.37311336398124695
0.35968950390815735
0.3680287301540375
0.48186299204826355
0.5159754157066345
0.3984655439853668
0.4198109209537506
0.37117740511894226
0.46967992186546326
0.3927273154258728
0.37021031975746155
0.4266089200973511
0.3622908890247345
0.36506104469299316
0.3875279724597931
0.35007932782173157
0.3726271986961365
0.3562086522579193
0.5112419128417969
0.37640246748924255
0.34473225474357605
0.35366472601890564
0.35783150792121887
0.3691389560699463
0.3516589403152466
0.3504306972026825
0.3638460338115692
0.3518471121788025
0.4047800302505493
0.39856335520744324
0.3734157383441925
0.3632529079914093
0.3863407373428345
0.36635592579841614
0.5102564692497253
0.411419540643692
0.3504174053668976
0.3554832637310028
0.3674388527870178
0.4951256513595581
0.37540218234062195
0.5503490567207336
0.382770299911499
0.35529792308807373
0.3502431809902191
0.3501076400279999
0.3497064411640167
0.3586822748184204
0.3559890389442444
0.35329747200012207
0.353839635848999
0.3738957643508911
0.49885496497154236
0.4009135663509369
0.37432053685188293
0.519000232219696
0.5252802968025208
0.3697320520877838
0.35284924507141113
0.37181907892227173
0.37504759430885315
0.35462686419487
0.35489004850387573
0.45788174867630005
0.42822688817977905
0.37574851512908936
0.3564848005771637
0.35694220662117004
0.37120795249938965
0.3894661068916321
0.42909201979637146
0.37531575560569763
0.4635765552520752
0.37834253907203674
0.40276283025741577
0.3507343530654907
0.3530556559562683
0.35827749967575073
0.3535514771938324
0.35104140639305115
0.38468843698501587
0.3947063982486725
0.3788946270942688
0.34868720173835754
0.3513694107532501
0.35325682163238525
0.35736846923828125
0.36576077342033386
0.3718598783016205
0.3514195680618286
0.35527077317237854
0.37945061922073364
0.35826727747917175
0.42769449949264526
0.3762519657611847
0.3862500786781311
0.37208759784698486
0.36558136343955994
0.42117807269096375
0.36257636547088623
0.5408945083618164
0.5015076994895935
0.36997005343437195
0.3553698658943176
0.3600156605243683
0.4752161204814911
0.37966737151145935
0.36184677481651306
0.3544350564479828
0.3507174849510193
0.35642948746681213
0.366837739944458
0.45232099294662476
0.39936619997024536
0.36316514015197754
0.38931068778038025
0.3706913888454437
0.35379427671432495
0.36144813895225525
0.3575679361820221
0.375341534614563
0.3557734787464142
0.37206777930259705
0.3500638008117676
0.35697779059410095
0.36658963561058044
0.40808698534965515
0.36376020312309265
0.3538632392883301
0.3514827489852905
0.35030362010002136
0.3701009452342987
0.34961992502212524
0.3581726551055908
0.35197529196739197
0.4272424280643463
0.40262317657470703
0.39054074883461
0.40877246856689453
0.42657041549682617
0.3917059898376465
0.36951181292533875
0.3523193895816803
0.3595997095108032
0.360777884721756
0.35126546025276184
0.6853010058403015
0.4308326840400696
0.36143699288368225
0.3531351387500763
0.35929587483406067
0.3559078872203827
0.36923643946647644
0.35321852564811707
0.35540521144866943
0.35265037417411804
0.4019056558609009
0.46541541814804077
0.357720285654068
0.35614171624183655
0.4531707167625427
0.36304008960723877
0.37377503514289856
0.4336361885070801
0.35799625515937805
0.35999366641044617
0.35218319296836853
0.3564645051956177
0.353391170501709
0.35905909538269043
0.36229199171066284
0.3538253903388977
0.3793679475784302
0.3696112632751465
0.3776763379573822
0.4769688844680786
0.40055909752845764
0.3632583022117615
0.36339718103408813
0.36043331027030945
0.36530423164367676
0.35421404242515564
0.35832449793815613
0.37406983971595764
0.3614187240600586
0.370529443025589
0.3618188500404358
0.505996584892273
0.39617612957954407
0.38949307799339294
0.3727424144744873
0.36650025844573975
0.4459559917449951
0.5439724326133728
0.45993608236312866
0.4309238791465759
0.3641952872276306
0.36934173107147217
0.37424159049987793
0.3625841736793518
0.3632562458515167
0.35164421796798706
0.35101157426834106
0.3590353727340698
0.3725239038467407
0.38475844264030457
0.3937039077281952
0.35793963074684143
0.36193493008613586
0.4278206527233124
0.4201112985610962
0.37009820342063904
0.3970984220504761
0.42297306656837463
0.3868334889411926
0.3730369508266449
0.3778851628303528
0.47370776534080505
0.43492910265922546
0.4367641508579254
0.46103912591934204
0.4432886838912964
0.3684588372707367
0.3701973557472229
0.36327627301216125
0.3529664874076843
0.3520656228065491
0.3714831471443176
0.37408000230789185
0.3508678078651428
0.4019886255264282
0.3730485737323761
0.35872364044189453
0.36256104707717896
0.359396368265152
0.35153433680534363
0.351919561624527
0.3502693176269531
0.3641975522041321
0.3617757260799408
0.3518674373626709
0.35364383459091187
0.36525872349739075
0.36112216114997864
0.36994248628616333
0.37407416105270386
0.3704594373703003
0.35435763001441956
0.34969761967658997
0.3867376446723938
0.3520592153072357
0.3512468934059143
0.34825658798217773
0.3636230230331421
0.3495299816131592
0.36259499192237854
0.35239532589912415
0.3498837351799011
0.3529573380947113
0.3615033030509949
0.3518458306789398
0.3620664179325104
0.35726484656333923
0.4251145124435425
0.37442970275878906
0.3521750569343567
0.41545334458351135
0.37385040521621704
0.36390185356140137
0.42871782183647156
0.3671463429927826
0.35783982276916504
0.36465319991111755
0.35769638419151306
0.3603246510028839
0.3715236485004425
0.3509586751461029
0.3511744737625122
0.3516814112663269
0.35584476590156555
0.4117068946361542
0.6221106052398682
0.4083237648010254
0.39646750688552856
0.39888817071914673
0.3557228147983551
0.3501542806625366
0.3488563895225525
0.3544645607471466
0.3505346477031708
0.3500853180885315
0.36422276496887207
0.3510969281196594
0.35021650791168213
0.37070372700691223
0.35626527667045593
0.34916213154792786
0.3578037619590759
0.3503662347793579
0.35428935289382935
0.35103610157966614
0.35440385341644287
0.3577778935432434
0.34979698061943054
0.3868672549724579
0.3509937822818756
0.3514058589935303
0.3492928743362427
0.34881067276000977
0.35248637199401855
0.35375288128852844
0.35307082533836365
0.370780885219574
0.365654319524765
0.349089652299881
0.3549960255622864
0.3495480716228485
0.34953680634498596
0.3496372401714325
0.353312611579895
0.35085436701774597
0.37566277384757996
0.3582861125469208
0.3582836985588074
0.3531380593776703
0.3491280674934387
0.3688688278198242
0.3551294207572937
0.34924307465553284
0.35098767280578613
0.34909752011299133
0.3559287190437317
0.35202765464782715
0.36256977915763855
0.34923139214515686
0.35144156217575073
0.3514852821826935
0.3596293032169342
0.3690183162689209
0.3551928699016571
0.3498295545578003
0.34900808334350586
0.3518714904785156
0.3500455319881439
0.3485449254512787
0.35340970754623413
0.34829428791999817
0.3589944541454315
0.384304404258728
0.3558863401412964
0.3476521968841553
0.37453386187553406
0.34788599610328674
0.3514283299446106
0.47176915407180786
0.41017359495162964
0.36675187945365906
0.35109108686447144
0.3467991054058075
0.34940505027770996
0.3537376821041107
0.36167290806770325
0.3457414507865906
0.3512592911720276
0.34613656997680664
0.3458407521247864
0.3473348319530487
0.3676420748233795
0.3480709493160248
0.35050204396247864
0.39534592628479004
0.3575848639011383
0.35789868235588074
0.35213589668273926
0.4074680805206299
0.37114980816841125
0.3638950288295746
0.346903920173645
0.3497953414916992
0.34706825017929077
0.3697288930416107
0.361176073551178
0.35848772525787354
0.3608894944190979
0.3520665764808655
0.35911497473716736
0.3446137011051178
0.35072171688079834
0.34693217277526855
0.3627057373523712
0.3512917757034302
0.3466980457305908
0.34632959961891174
0.3551540970802307
0.34622201323509216
0.37841907143592834
0.3629366457462311
0.34853485226631165
0.34929579496383667
0.37356752157211304
0.353842556476593
0.34776991605758667
0.3679910898208618
0.3644506633281708
0.3552529513835907
0.3464030921459198
0.34499743580818176
0.3497602343559265
0.34779131412506104
0.3458814322948456
0.35183021426200867
0.35372892022132874
0.3783240020275116
0.36832132935523987
0.357145756483078
0.4065214693546295
0.36076074838638306
0.3847443461418152
0.35206925868988037
0.36351269483566284
0.3874433636665344
0.37086787819862366
0.3525937497615814
0.347907155752182
0.36072027683258057
0.3515965938568115
0.3548468351364136
0.4116564691066742
0.3905889093875885
0.34679847955703735
0.35179194808006287
0.3497277498245239
0.3485400378704071
0.34843817353248596
0.34872713685035706
0.35109013319015503
0.3484223484992981
0.3497297465801239
0.34683680534362793
0.35243910551071167
0.3482085168361664
0.3495018482208252
0.3558725416660309
0.3471125364303589
0.3561609983444214
0.347891628742218
0.3551969528198242
0.35274335741996765
0.34664711356163025
0.34823617339134216
0.3505571186542511
0.35198476910591125
0.3607187569141388
0.46440234780311584
0.38731542229652405
0.3510268032550812
0.3455289304256439
0.34608370065689087
0.34467002749443054
0.35174450278282166
0.3520243465900421
0.3541450500488281
0.3541463315486908
0.5159624814987183
0.3670352101325989
0.3458408713340759
0.3635824918746948
0.36423736810684204
0.362881064414978
0.36455222964286804
0.35543936491012573
0.3571268618106842
0.35448238253593445
0.3548879325389862
0.3708968460559845
0.3639640808105469
0.36253267526626587
0.34438586235046387
0.3474772274494171
0.3443834185600281
0.3476289212703705
0.3466235101222992
0.39723584055900574
0.3633068799972534
0.3486991822719574
0.3463197946548462
0.3447534739971161
0.3444215953350067
0.39318808913230896
0.35301461815834045
0.34682130813598633
0.3461696207523346
0.3443463444709778
0.3527522087097168
0.34709692001342773
0.34797367453575134
0.34463822841644287
0.3444710373878479
0.344788134098053
0.3444869816303253
0.34562447667121887
0.3803367614746094
0.367887407541275
0.34412482380867004
0.3499799966812134
0.34822508692741394
0.34504789113998413
0.3458400070667267
0.4126989543437958
0.3622448742389679
0.3593737781047821
0.3868705630302429
0.3767109513282776
0.3707042932510376
0.3470931053161621
0.3811491131782532
0.365314245223999
0.349701851606369
0.43512532114982605
0.39166417717933655
0.4605804681777954
0.3798239529132843
0.35409456491470337
0.34920352697372437
0.3947902321815491
0.346299946308136
0.3496689200401306
0.35030683875083923
0.34813693165779114
0.3542594611644745
0.3637927174568176
0.38702136278152466
0.3485463261604309
0.3477829694747925
0.3547632694244385
0.3601053059101105
0.40035492181777954
0.36859330534935
0.3458918333053589
0.34363770484924316
0.34556132555007935
0.36465901136398315
0.356277734041214
0.347934365272522
0.3490907847881317
0.34473609924316406
0.3456442058086395
0.35187968611717224
0.347377747297287
0.34754833579063416
0.3641548752784729
0.4048415422439575
0.34733280539512634
0.34984731674194336
0.35136231780052185
0.3525860607624054
0.34445518255233765
0.5127142071723938
0.36934465169906616
0.3489784896373749
0.3490331470966339
0.34481480717658997
0.3447120487689972
0.3428952693939209
0.4548684060573578
0.3678913414478302
0.4850095510482788
0.38960179686546326
0.38298240303993225
0.37873414158821106
0.3564583361148834
0.3468841314315796
0.35597464442253113
0.3458012342453003
0.34816116094589233
0.3443586528301239
0.3517715632915497
0.34505170583724976
0.39441365003585815
0.3960471451282501
0.3551718592643738
0.353971004486084
0.36253172159194946
0.34505996108055115
0.40304556488990784
0.360637366771698
0.3449239432811737
0.345691442489624
0.39513230323791504
0.3818432092666626
0.3720410168170929
0.3503360152244568
0.3486425280570984
0.3482736647129059
0.35273388028144836
0.3509378731250763
0.3769792318344116
0.3547913730144501
0.3794761002063751
0.3501005172729492
0.3439038097858429
0.3429716229438782
0.3449133634567261
0.3453839421272278
0.34809640049934387
0.44811540842056274
0.3726372718811035
0.3602161407470703
0.35283932089805603
0.3502131998538971
0.350663423538208
0.3451404869556427
0.3450510501861572
0.4159460663795471
0.3475140929222107
0.3460242450237274
0.34441351890563965
0.34890592098236084
0.3486078977584839
0.3596908748149872
0.3470301330089569
0.34369760751724243
0.37359026074409485
0.3483036458492279
0.3784845769405365
0.35378724336624146
0.34913355112075806
0.3548213541507721
0.3429547846317291
0.3533400595188141
0.41809895634651184
0.36849427223205566
0.35207346081733704
0.35291096568107605
0.34569051861763
0.3463232219219208
0.35513371229171753
0.34313252568244934
0.3635345995426178
0.34560835361480713
0.34327176213264465
0.3433957099914551
0.34395065903663635
0.3524291515350342
0.3481956422328949
0.34296345710754395
0.3457444906234741
0.3639022409915924
0.3433183431625366
0.36057335138320923
0.45650622248649597
0.3580927550792694
0.3491649329662323
0.34896138310432434
0.3486299514770508
0.3481598496437073
0.3473420739173889
0.3535092771053314
0.346783846616745
0.3520721197128296
0.3478878438472748
0.3473491072654724
0.34769585728645325
0.34743401408195496
0.34658315777778625
0.34859564900398254
0.3468262851238251
0.3487962484359741
0.34696730971336365
0.3533489406108856
0.3479709327220917
0.3465721309185028
0.348608136177063
0.3479233980178833
0.34853610396385193
0.3489668369293213
0.3562203645706177
0.34494131803512573
0.3464616537094116
0.3466361463069916
0.3459424674510956
0.34623464941978455
0.34589946269989014
0.3508102595806122
0.35373297333717346
0.36278316378593445
0.3466554284095764
0.35832536220550537
0.41503021121025085
0.3486560583114624
0.3583381474018097
0.346549928188324
0.3435145914554596
0.350360631942749
0.34700432419776917
0.35602036118507385
0.34420520067214966
0.3471430838108063
0.35176584124565125
0.3488464951515198
0.3459073305130005
0.3445485532283783
0.351789653301239
0.34518659114837646
0.36576709151268005
0.3494010865688324
0.3739483058452606
0.3647458255290985
0.3552163243293762
0.3467627167701721
0.35031014680862427
0.3554482161998749
0.34863561391830444
0.3776889145374298
0.35326430201530457
0.3469129502773285
0.3432115316390991
0.3423409163951874
0.3448837995529175
0.34383678436279297
0.34206917881965637
0.3470652997493744
0.37309837341308594
0.3516593277454376
0.34908440709114075
0.347307026386261
0.34982359409332275
0.34312960505485535
0.34532642364501953
0.34390008449554443
0.34894534945487976
0.4059702157974243
0.3682836592197418
0.3501081168651581
0.3447798490524292
0.3427315652370453
0.3438881039619446
0.3425867259502411
0.3421843647956848
0.34187641739845276
0.34224259853363037
0.341621994972229
0.38341012597084045
0.35471901297569275
0.3485538959503174
0.36825236678123474
0.3476809859275818
0.3457735776901245
0.3440234363079071
0.3491106927394867
0.34108081459999084
0.3423722982406616
0.35824549198150635
0.33905404806137085
0.34713098406791687
0.3411918580532074
0.3415576219558716
0.34099432826042175
0.3441806733608246
0.3424856662750244
0.3413286805152893
0.3413350582122803
0.34759804606437683
0.3475588858127594
0.34213170409202576
0.3489147424697876
0.3541802167892456
0.3412272036075592
0.3441163897514343
0.34338700771331787
0.3428798317909241
0.34677764773368835
0.3452055752277374
0.3420692980289459
0.33958113193511963
0.34320899844169617
0.34162333607673645
0.35311365127563477
0.36757537722587585
0.3533470928668976
0.35026827454566956
0.3422752022743225
0.3547285497188568
0.3625986874103546
0.34401142597198486
0.3467152714729309
0.3414016366004944
0.34095680713653564
0.35001489520072937
0.3423720598220825
0.3444857597351074
0.341775506734848
0.34447553753852844
0.3435523509979248
0.3595559298992157
0.3475338816642761
0.3420443534851074
0.342722624540329
0.3449028432369232
0.342833012342453
0.33991485834121704
0.3601137697696686
0.35162582993507385
0.34453293681144714
0.3489876389503479
0.35881122946739197
0.3406510055065155
0.3413478434085846
0.34090012311935425
0.3478362560272217
0.34051018953323364
0.34398576617240906
0.3404274582862854
0.3473077714443207
0.34348443150520325
0.3440389633178711
0.3414875566959381
0.34078505635261536
0.34179165959358215
0.3472990095615387
0.34193846583366394
0.3415103256702423
0.3412056863307953
0.34121882915496826
0.34062328934669495
0.33930858969688416
0.34155938029289246
0.3408620357513428
0.34059634804725647
0.34065335988998413
0.3408850133419037
0.34154653549194336
0.3472594916820526
0.34641027450561523
0.3428741991519928
0.3410162925720215
0.3541630208492279
0.34188684821128845
0.3544263243675232
0.34555187821388245
0.3426070511341095
0.34050944447517395
0.3427664637565613
0.3455356955528259
0.3444940149784088
0.3555046021938324
0.3451232612133026
0.34223121404647827
0.3397859036922455
0.3466041684150696
0.3421620726585388
0.3418329358100891
0.3442672789096832
0.34125301241874695
0.34173133969306946
0.3411925733089447
0.34075385332107544
0.34106749296188354
0.3420659601688385
0.3413631021976471
0.34015098214149475
0.34156185388565063
0.3427920341491699
0.3414686918258667
0.34138309955596924
0.34358450770378113
0.342523992061615
0.3405081629753113
0.340555876493454
0.340841144323349
0.3404243588447571
0.34046414494514465
0.3404284417629242
0.3404082655906677
0.34043172001838684
0.3406626582145691
0.34016647934913635
0.3407362997531891
0.3409023880958557
0.3408013880252838
0.34066566824913025
0.340360552072525
0.341154545545578
0.3411014974117279
0.33992844820022583
0.3407839834690094
0.3403852880001068
0.3404648005962372
0.3403412103652954
0.3429912328720093
0.34460723400115967
0.3457030951976776
0.33997732400894165
0.3405338525772095
0.34068596363067627
0.3405052125453949
0.340259850025177
0.34072089195251465
0.34048914909362793
0.34153082966804504
0.34557560086250305
0.34195563197135925
0.339886873960495
0.3422623872756958
0.3417341113090515
0.34423741698265076
0.3403598964214325
0.3407917320728302
0.3419031500816345
0.33992889523506165
0.3406296968460083
0.3472582995891571
0.3516950011253357
0.3449271619319916
0.34584811329841614
0.352243572473526
0.3428232669830322
0.34104564785957336
0.3405236601829529
0.34016838669776917
0.34085845947265625
0.3423265516757965
0.3407509922981262
0.3406025767326355
0.3414907455444336
0.34047815203666687
0.3404407799243927
0.3408709168434143
0.3406286835670471
0.34110045433044434
0.3405938744544983
0.34033945202827454
0.34040725231170654
0.3456774353981018
0.3411642909049988
0.349560022354126
0.3434502184391022
0.34044188261032104
0.34027180075645447
0.340394526720047
0.34026435017585754
0.3409755229949951
0.3449029326438904
0.34081897139549255
0.34173548221588135
0.34260323643684387
0.34150031208992004
0.3404688835144043
0.34105315804481506
0.3424927890300751
0.3417598605155945
0.34148067235946655
0.3452572524547577
0.3451538681983948
0.3409188389778137
0.340768426656723
0.34040647745132446
0.3407596945762634
0.34336671233177185
0.34198954701423645
0.34057268500328064
0.3405669629573822
0.34070760011672974
0.3409234583377838
0.3405023217201233
0.34063559770584106
0.34084033966064453
0.340291291475296
0.34018874168395996
0.34035345911979675
0.34159600734710693
0.34088754653930664
0.34060463309288025
0.3404417037963867
0.3402230739593506
0.3403971493244171
0.3405996859073639
0.3404277563095093
0.3401992917060852
0.3433458209037781
0.342560738325119
0.34154677391052246
0.3407008945941925
0.3412412405014038
0.34092187881469727
0.34054088592529297
0.34015628695487976
0.3404218554496765
0.34044700860977173
0.34135526418685913
0.34114378690719604
0.34077075123786926
0.3406393527984619
0.3404333293437958
0.340673565864563
0.3409883677959442
0.3400270342826843
0.3403143584728241
0.3405124247074127
0.340347558259964
0.3401873707771301
0.3402351438999176
0.34082555770874023
0.3407391607761383
0.3404434025287628
0.3408434987068176
0.33934974670410156
0.34085193276405334
0.3402182161808014
0.33962729573249817
0.3407000005245209
0.3401069641113281
0.340300977230072
0.3404224216938019
0.34074732661247253
0.3412856459617615
0.3403811454772949
0.34029313921928406
0.3481813669204712
0.3478490710258484
0.34356048703193665
0.34087494015693665
0.34026750922203064
0.34042873978614807
0.3410472571849823
0.34098732471466064
0.3405153751373291
0.34060898423194885
0.34041643142700195
0.3401683270931244
0.34008699655532837
0.34022027254104614
0.3401170074939728
0.3401065766811371
0.34008386731147766
0.34039920568466187
0.3400833010673523
0.34019505977630615
0.34132733941078186
0.3409799039363861
0.34070315957069397
0.3412633538246155
0.34252727031707764
0.338355153799057
0.3425701856613159
0.34675925970077515
0.347336083650589
0.34239014983177185
0.3406473696231842
0.3404223322868347
0.34015417098999023
0.341362863779068
0.3423098921775818
0.3400150537490845
0.34021270275115967
0.3402026295661926
0.34015604853630066
0.3401493430137634
0.3400849997997284
0.3401857316493988
0.3402020335197449
0.3403148055076599
0.3400592505931854
0.3399293124675751
0.34012261033058167
0.34012264013290405
0.3400304317474365
0.34009599685668945
0.34008505940437317
0.3400994539260864
0.33997640013694763
0.34012869000434875
0.34118273854255676
0.34112200140953064
0.3407104015350342
0.34190061688423157
0.3413928747177124
0.34042200446128845
0.3400377035140991
0.33996111154556274
0.3399514853954315
0.33994168043136597
0.33979588747024536
0.34031131863594055
0.34064701199531555
0.340343177318573
0.34048935770988464
0.3404960036277771
0.34020742774009705
0.3402087390422821
0.339841365814209
0.341244637966156
0.34072577953338623
0.33955034613609314
0.339933842420578
0.34013500809669495
0.34007981419563293
0.3402431309223175
0.33989447355270386
0.34000682830810547
0.3399065434932709
0.3400000333786011
0.3400244414806366
0.3400755822658539
0.34013625979423523
0.34013229608535767
0.34008893370628357
0.34003037214279175
0.34064170718193054
0.3413299322128296
0.34165433049201965
0.34073159098625183
0.34052222967147827
0.34068432450294495
0.3402055501937866
0.34017786383628845
0.340908408164978
0.34011057019233704
0.33995720744132996
0.34044429659843445
0.34054428339004517
0.3412889838218689
0.3429854214191437
0.3434279263019562
0.3400435447692871
0.3401234447956085
0.34012162685394287
0.3400774896144867
0.3400583863258362
0.3400367796421051
0.3400619626045227
0.33986952900886536
0.3400821089744568
0.3404693007469177
0.34040483832359314
0.34025463461875916
0.34009405970573425
0.3399389088153839
0.34002962708473206
0.3401194214820862
0.3400065302848816
0.3400084376335144
0.339936763048172
0.33998504281044006
0.3398782014846802
0.3398633897304535
0.33992311358451843
0.34035706520080566
0.3402595520019531
0.3400722146034241
0.3400724530220032
0.33996984362602234
0.3399151861667633
0.34000101685523987
0.33993515372276306
0.33990854024887085
0.3399154841899872
0.33990147709846497
0.34006601572036743
0.33998173475265503
0.339897096157074
0.3399248421192169
0.3398534655570984
0.3398469388484955
0.33991140127182007
0.33992287516593933
0.3399008512496948
0.34006577730178833
0.3400532901287079
0.34030696749687195
0.3405104875564575
0.3406296670436859
0.3405553102493286
0.3400211036205292
0.33980947732925415
0.3398759961128235
0.3398483693599701
0.3398747742176056
0.33984673023223877
0.33988091349601746
0.34022626280784607
0.3401186764240265
0.3400333523750305
0.3398881256580353
0.33975765109062195
0.3399423658847809
0.33995214104652405
0.3404271602630615
0.339645653963089
0.33981359004974365
0.33991143107414246
0.3398704528808594
0.3398588299751282
0.3399583697319031
0.3398895263671875
0.33984410762786865
0.339886873960495
0.3398660719394684
0.3399057984352112
0.3398711681365967
0.33997976779937744
