36.48367691040039
2.0824320316314697
1.5555177927017212
1.1986777782440186
0.9138540029525757
0.7532384395599365
0.6899858713150024
0.6837560534477234
0.6845112442970276
0.683273196220398
0.6825501918792725
0.6833025217056274
0.6818704009056091
0.6850221157073975
0.6834417581558228
0.6825156211853027
0.6822544932365417
0.6822376251220703
0.6823548674583435
0.6834746599197388
0.685849666595459
0.6838786005973816
0.6857971549034119
0.6840474605560303
0.6815191507339478
0.6822201609611511
0.6826772093772888
0.6834380030632019
0.6822095513343811
0.6839705109596252
0.6816428899765015
0.6811052560806274
0.6804323792457581
0.6823698878288269
0.6831470131874084
0.686506450176239
0.6894508600234985
0.6848694682121277
0.6862255334854126
0.6823254823684692
0.6797245144844055
0.6791085600852966
0.6800845861434937
0.6817487478256226
0.6789407730102539
0.6790043115615845
0.6817830204963684
0.679366409778595
0.6798862218856812
0.6808261871337891
0.6790888905525208
0.6790624856948853
0.6778255701065063
0.6779564023017883
0.6775504946708679
0.6778518557548523
0.6799702048301697
0.6782237887382507
0.6781011819839478
0.6785720586776733
0.6774865984916687
0.6776203513145447
0.6785915493965149
0.679651141166687
0.6777597069740295
0.6765136122703552
0.6757937073707581
0.6803824305534363
0.6846079230308533
0.6785213947296143
0.6857360005378723
0.6802590489387512
0.6773080825805664
0.6783944964408875
0.6747732162475586
0.6747569441795349
0.6737533807754517
0.6774692535400391
0.6754851341247559
0.6743895411491394
0.6739729642868042
0.6759141087532043
0.6772875785827637
0.6743134260177612
0.6777907609939575
0.6729945540428162
0.6739854216575623
0.6763962507247925
0.6710715293884277
0.6730262041091919
0.6714674830436707
0.6718167066574097
0.6712828278541565
0.6713076233863831
0.6707936525344849
0.6711485981941223
0.6699986457824707
0.669137716293335
0.6732818484306335
0.6715661883354187
0.6694592833518982
0.6760274767875671
0.6702509522438049
0.6704341173171997
0.672177791595459
0.669510006904602
0.6721897125244141
0.6726791858673096
0.6703186631202698
0.6700635552406311
0.6702052354812622
0.6672282814979553
0.6688864231109619
0.6693418025970459
0.6652671098709106
0.6691761612892151
0.6662406325340271
0.6671411395072937
0.6655948758125305
0.6677359342575073
0.6665831208229065
0.6802504062652588
0.6635507345199585
0.6690946817398071
0.6646000146865845
0.6613021492958069
0.6633521914482117
0.6597418189048767
0.6604727506637573
0.6619327068328857
0.6587780714035034
0.6596195101737976
0.6596700549125671
0.6603162884712219
0.6649764180183411
0.658355712890625
0.6562141180038452
0.6574785113334656
0.6570752859115601
0.656017005443573
0.6542471647262573
0.6558910012245178
0.6558228731155396
0.6533783078193665
0.6587467193603516
0.6497349739074707
0.6503291130065918
0.6517570614814758
0.6472020149230957
0.6546300053596497
0.6478764414787292
0.6488968133926392
0.6453538537025452
0.6449753642082214
0.6434555053710938
0.6440767645835876
0.6483243703842163
0.6414186954498291
0.6646647453308105
0.6321118474006653
0.6269946694374084
0.6282098889350891
0.621683657169342
0.6236913204193115
0.6138036847114563
0.6113252639770508
0.6061182022094727
0.6036470532417297
0.6035869717597961
0.5990678071975708
0.5924167633056641
0.587249755859375
0.5849494338035583
0.5732740759849548
0.6450633406639099
0.5925027132034302
0.5770657062530518
0.5627479553222656
0.5543484091758728
0.5606277585029602
0.5427083969116211
0.5374386310577393
0.5365679264068604
0.532385528087616
0.5247777700424194
0.523407518863678
0.5575486421585083
0.5460042953491211
0.5498696565628052
0.5033622980117798
0.5206261873245239
0.5231491327285767
0.5733982920646667
0.49694952368736267
0.514152467250824
0.511529266834259
0.5012522339820862
0.5656241774559021
0.4731288552284241
0.5469606518745422
0.5794765949249268
0.474494993686676
0.4802338778972626
0.4943629503250122
0.4733307659626007
0.4571339190006256
0.5418998003005981
0.5314018726348877
0.5932844281196594
0.5675703883171082
0.49774280190467834
0.45741382241249084
0.45894891023635864
0.45445531606674194
0.450506329536438
0.4702431857585907
0.4856272041797638
0.4492788314819336
0.4477595090866089
0.45102065801620483
0.46192795038223267
0.4462234675884247
0.5394225120544434
0.45170536637306213
0.4881327450275421
0.4388049244880676
0.4402073621749878
0.5288059115409851
0.4408074915409088
0.5665976405143738
0.4679037928581238
0.45433107018470764
0.44280529022216797
0.4331928491592407
0.42814454436302185
0.4237775504589081
0.4243791103363037
0.4205974042415619
0.4186996519565582
0.44225844740867615
0.42566725611686707
0.4359094202518463
0.4457959234714508
0.42407330870628357
0.4213026762008667
0.41510018706321716
0.48598340153694153
0.4264088571071625
0.4887080192565918
0.4658294916152954
0.4692450165748596
0.4847828149795532
0.44092658162117004
0.556914210319519
0.4230602979660034
0.4404752850532532
0.4153216481208801
0.42516833543777466
0.42607635259628296
0.4287641644477844
0.4840942919254303
0.4444684088230133
0.42916324734687805
0.48129090666770935
0.4275798499584198
0.46639111638069153
0.41337332129478455
0.49040916562080383
0.48727089166641235
0.4150991439819336
0.43026605248451233
0.4812391400337219
0.4471585154533386
0.45012107491493225
0.4230222702026367
0.4754377603530884
0.43963709473609924
0.619090735912323
0.4174272418022156
0.4461246430873871
0.41134706139564514
0.40423616766929626
0.4356409013271332
0.41341954469680786
0.4122575521469116
0.40981271862983704
0.41076380014419556
0.40337902307510376
0.4124898910522461
0.4005022346973419
0.40143468976020813
0.4227217435836792
0.4048266112804413
0.40163514018058777
0.3987279534339905
0.4006393253803253
0.42180079221725464
0.4233461618423462
0.41774994134902954
0.4861908555030823
0.4213908910751343
0.4441792666912079
0.4088146984577179
0.4148145020008087
0.4231785237789154
0.42854979634284973
0.4010111391544342
0.43337100744247437
0.5487299561500549
0.4857601225376129
0.41465142369270325
0.41021451354026794
0.45434266328811646
0.42021724581718445
0.4062466323375702
0.4399868845939636
0.4225412607192993
0.4260808527469635
0.4417158365249634
0.4139988422393799
0.4058413803577423
0.40019041299819946
0.39260056614875793
0.40541699528694153
0.3948185443878174
0.41179269552230835
0.40422511100769043
0.45085176825523376
0.39631015062332153
0.46263769268989563
0.4391913115978241
0.39405557513237
0.5055363178253174
0.4717339277267456
0.4056064784526825
0.39695125818252563
0.4148286283016205
0.389308363199234
0.3943333029747009
0.4585762321949005
0.4077872335910797
0.4016834795475006
0.45288971066474915
0.4194331765174866
0.40415018796920776
0.39651966094970703
0.4031989574432373
0.39285868406295776
0.3951157331466675
0.4002072215080261
0.4041546583175659
0.4073140621185303
0.40126925706863403
0.3923998773097992
0.40721243619918823
0.40198400616645813
0.4138587713241577
0.41142186522483826
0.42389824986457825
0.3890223801136017
0.3937174379825592
0.4014357328414917
0.4449450671672821
0.42011770606040955
0.649843692779541
0.4829862117767334
0.42348814010620117
0.3978235125541687
0.39357224106788635
0.406199187040329
0.5272439122200012
0.4218207597732544
0.39996880292892456
0.42436516284942627
0.40105316042900085
0.4019016623497009
0.3924465775489807
0.4455765187740326
0.4059472382068634
0.4174216091632843
0.40055254101753235
0.4077720642089844
0.42819851636886597
0.4151351749897003
0.39894360303878784
0.3991200923919678
0.3940907418727875
0.40541836619377136
0.39629384875297546
0.41541188955307007
0.40119799971580505
0.4797455072402954
0.4337003231048584
0.3939876854419708
0.42935746908187866
0.3884989023208618
0.3845205008983612
0.40000125765800476
0.3985065519809723
0.3877672553062439
0.3961174190044403
0.394109308719635
0.4702359139919281
0.40850862860679626
0.38660159707069397
0.38531652092933655
0.41607412695884705
0.4009343683719635
0.4035162031650543
0.463032990694046
0.41411516070365906
0.45834094285964966
0.39533886313438416
0.4047136604785919
0.37866321206092834
0.480685830116272
0.405767560005188
0.5229171514511108
0.40666791796684265
0.39681243896484375
0.3969299793243408
0.38671842217445374
0.3996742367744446
0.394578218460083
0.405550479888916
0.45650485157966614
0.42407169938087463
0.47533926367759705
0.44205743074417114
0.4706592559814453
0.37713688611984253
0.3819345533847809
0.38427042961120605
0.3827584385871887
0.3970804512500763
0.38260069489479065
0.4011263847351074
0.45428547263145447
0.44692787528038025
0.40760156512260437
0.39178377389907837
0.3869612216949463
0.4013645350933075
0.3838847875595093
0.38470470905303955
0.3923036456108093
0.39475637674331665
0.39095404744148254
0.3832153081893921
0.39288264513015747
0.39373084902763367
0.38287675380706787
0.3882385790348053
0.4300808608531952
0.4419618546962738
0.42444759607315063
0.3816484212875366
0.3901803493499756
0.45989614725112915
0.4185035228729248
0.40003344416618347
0.4974246919155121
0.49981170892715454
0.4137879014015198
0.39633119106292725
0.4175775349140167
0.4363933801651001
0.3922497630119324
0.4101213216781616
0.40126365423202515
0.39830487966537476
0.3847311735153198
0.38901787996292114
0.38518962264060974
0.3800497353076935
0.43066221475601196
0.3953414857387543
0.3917869031429291
0.42188307642936707
0.43871885538101196
0.39083895087242126
0.40865033864974976
0.38756051659584045
0.384006142616272
0.3824519217014313
0.4215976893901825
0.39446571469306946
0.38313838839530945
0.4547675848007202
0.4222085177898407
0.38275545835494995
0.43395131826400757
0.4220498204231262
0.3912994861602783
0.3776920437812805
0.37885379791259766
0.4141366481781006
0.38176193833351135
0.3946426212787628
0.39084526896476746
0.39365243911743164
0.3824004828929901
0.3924054503440857
0.3940156102180481
0.48921340703964233
0.5129448771476746
0.40764278173446655
0.3805290162563324
0.38906002044677734
0.3884151577949524
0.37887972593307495
0.39019134640693665
0.3798571527004242
0.3915737271308899
0.4173378646373749
0.4643266499042511
0.44012221693992615
0.5339319705963135
0.5198673605918884
0.4062689244747162
0.37981367111206055
0.38002514839172363
0.43017178773880005
0.39613077044487
0.43030935525894165
0.49351292848587036
0.4388679563999176
0.4168454110622406
0.36821219325065613
0.40115422010421753
0.38020822405815125
0.3860431909561157
0.4194931089878082
0.3869028091430664
0.3777748644351959
0.37595513463020325
0.3794887065887451
0.39518699049949646
0.39557793736457825
0.3776940703392029
0.4612739682197571
0.39572569727897644
0.37782052159309387
0.4052310883998871
0.37662675976753235
0.38489311933517456
0.40278878808021545
0.3821849524974823
0.3714662492275238
0.37523743510246277
0.37758514285087585
0.3710501194000244
0.37285611033439636
0.40503889322280884
0.3817251920700073
0.4305369555950165
0.38711994886398315
0.4896451234817505
0.3985571265220642
0.3924493193626404
0.43019184470176697
0.40744417905807495
0.4333389103412628
0.39520156383514404
0.3752056062221527
0.3733186721801758
0.371074378490448
0.37782153487205505
0.36978602409362793
0.41759800910949707
0.5368908643722534
0.48744264245033264
0.43475598096847534
0.395715594291687
0.3782374858856201
0.37516167759895325
0.3744865655899048
0.38343897461891174
0.4372522532939911
0.4078199565410614
0.37640291452407837
0.3770788908004761
0.37668272852897644
0.37249836325645447
0.37062162160873413
0.370292603969574
0.37321460247039795
0.4411658048629761
0.43315577507019043
0.3762132525444031
0.3772353529930115
0.3810260593891144
0.37391749024391174
0.46887269616127014
0.39308926463127136
0.37806910276412964
0.37570807337760925
0.36899450421333313
0.3770682215690613
0.3754003643989563
0.3897448778152466
0.3676873445510864
0.3690478205680847
0.3734685182571411
0.3724794387817383
0.36842113733291626
0.36813849210739136
0.3692781925201416
0.3878849446773529
0.3995475471019745
0.36940693855285645
0.36463087797164917
0.4549504816532135
0.515145480632782
0.374743789434433
0.3708069324493408
0.39205095171928406
0.3753007650375366
0.37477540969848633
0.3985867500305176
0.3996254503726959
0.38164764642715454
0.3737235963344574
0.3669591546058655
0.36689552664756775
0.432814359664917
0.4137822687625885
0.37623053789138794
0.38390251994132996
0.3730522096157074
0.3914528489112854
0.3737214505672455
0.3678242862224579
0.3687896728515625
0.3654005229473114
0.36470064520835876
0.43884357810020447
0.4204897880554199
0.37911155819892883
0.36451810598373413
0.36697840690612793
0.3647949993610382
0.37374892830848694
0.4173021614551544
0.3869624137878418
0.38218119740486145
0.36660048365592957
0.3904803395271301
0.3773520886898041
0.36752429604530334
0.37701281905174255
0.519392192363739
0.4732092320919037
0.4285544455051422
0.38625824451446533
0.43178752064704895
0.39658862352371216
0.37941545248031616
0.3992156982421875
0.3974580466747284
0.37859028577804565
0.37891343235969543
0.46338969469070435
0.4491320848464966
0.4225250780582428
0.3847411572933197
0.38413599133491516
0.37378039956092834
0.3749309182167053
0.37254080176353455
0.3844604790210724
0.5658157467842102
0.3952527940273285
0.3757607936859131
0.3917919397354126
0.3849372863769531
0.3806796073913574
0.3896273672580719
0.39516714215278625
0.37389907240867615
0.37107977271080017
0.41911885142326355
0.38810664415359497
0.39843010902404785
0.37743133306503296
0.3688908815383911
0.3658311665058136
0.37146565318107605
0.37205997109413147
0.43105846643447876
0.3941929340362549
0.4134228527545929
0.39628294110298157
0.3870299756526947
0.36890581250190735
0.39279672503471375
0.3896087110042572
0.38714736700057983
0.38105064630508423
0.41125768423080444
0.380821168422699
0.370547890663147
0.36721983551979065
0.3799854516983032
0.37886843085289
0.3735901415348053
0.36569836735725403
0.3643382489681244
0.367855429649353
0.3642611801624298
0.36394622921943665
0.3743809759616852
0.3730860948562622
0.37207260727882385
0.3726721405982971
0.3800588846206665
0.36403897404670715
0.3643110394477844
0.3629753887653351
0.36262816190719604
0.3673856854438782
0.3629058301448822
0.36358606815338135
0.36238691210746765
0.3870038092136383
0.3657698929309845
0.36141011118888855
0.36364856362342834
0.3711429834365845
0.38608354330062866
0.37189963459968567
0.3624850809574127
0.3760141432285309
0.37474554777145386
0.36250364780426025
0.3871039152145386
0.39126476645469666
0.46549758315086365
0.42150336503982544
0.3873867392539978
0.3632684051990509
0.3650643527507782
0.3624538779258728
0.4374868869781494
0.39077383279800415
0.3996771275997162
0.37158653140068054
0.3628808856010437
0.36125391721725464
0.36426278948783875
0.36914366483688354
0.36379173398017883
0.37267544865608215
0.361969530582428
0.3756439685821533
0.37430521845817566
0.37862876057624817
0.36064597964286804
0.36083707213401794
0.39705246686935425
0.36864569783210754
0.3950262665748596
0.38402506709098816
0.36120694875717163
0.36086034774780273
0.3613285720348358
0.3689878582954407
0.36091023683547974
0.36178839206695557
0.36489516496658325
0.3612580895423889
0.36083027720451355
0.38420891761779785
0.3746371567249298
0.3979530930519104
0.37176811695098877
0.3658723533153534
0.3662623465061188
0.3627902567386627
0.3609764575958252
0.36027827858924866
0.3613315224647522
0.36158472299575806
0.3711189329624176
0.36037060618400574
0.36461013555526733
0.36718660593032837
0.4377140998840332
0.38321712613105774
0.4069197177886963
0.4080977737903595
0.39804607629776
0.3593304455280304
0.3611970841884613
0.3591936528682709
0.3590700924396515
0.3610632121562958
0.3603609502315521
0.40881776809692383
0.3729008436203003
0.3730473518371582
0.38470569252967834
0.3781106173992157
0.3600846529006958
0.35877054929733276
0.36319106817245483
0.35955801606178284
0.35796719789505005
0.3582777976989746
0.36737170815467834
0.3617717921733856
0.36148765683174133
0.3621101975440979
0.3719587028026581
0.36988475918769836
0.3677602708339691
0.37120166420936584
0.3570709824562073
0.3589688539505005
0.3695860505104065
0.36298370361328125
0.3591059148311615
0.36154380440711975
0.35807138681411743
0.3674026429653168
0.3598005473613739
0.36061766743659973
0.3591960668563843
0.36757877469062805
0.3600578308105469
0.35638245940208435
0.3566702902317047
0.3635065257549286
0.3585757315158844
0.3619673550128937
0.3574393689632416
0.375408798456192
0.36222317814826965
0.36541539430618286
0.3557239770889282
0.4424164593219757
0.3902529776096344
0.3822624683380127
0.432731032371521
0.4127342104911804
0.3762330114841461
0.36171668767929077
0.356041818857193
0.35711658000946045
0.38368016481399536
0.3540569245815277
0.3625737130641937
0.35644209384918213
0.36481550335884094
0.35757118463516235
0.35593128204345703
0.37040188908576965
0.37836650013923645
0.49492067098617554
0.3560431897640228
0.3562292754650116
0.3658287823200226
0.3741148114204407
0.3676142692565918
0.3639223873615265
0.3611453175544739
0.3662452697753906
0.36290109157562256
0.4356057643890381
0.3902053236961365
0.364607036113739
0.3568698465824127
0.3573717176914215
0.35498368740081787
0.3556433618068695
0.3558272421360016
0.3599298298358917
0.36146309971809387
0.3574255704879761
0.3619758188724518
0.3592643439769745
0.3568790853023529
0.36136147379875183
0.3663269281387329
0.3605511486530304
0.35376405715942383
0.3581101894378662
0.46520519256591797
0.36623048782348633
0.3712831437587738
0.3598521649837494
0.35644736886024475
0.36249789595603943
0.3619067668914795
0.38841497898101807
0.3832267224788666
0.3702133595943451
0.36291754245758057
0.3608854413032532
0.35994455218315125
0.370851069688797
0.3592698276042938
0.35728752613067627
0.35828155279159546
0.3578881323337555
0.3981529474258423
0.35365405678749084
0.3553987443447113
0.35956382751464844
0.35658907890319824
0.3552553653717041
0.3538137674331665
0.35644564032554626
0.4264681935310364
0.39062613248825073
0.4025079309940338
0.35892054438591003
0.3648666739463806
0.3772468864917755
0.3784991502761841
0.35446035861968994
0.355421781539917
0.3548685610294342
0.3619500994682312
0.3560495972633362
0.3600127696990967
0.42131507396698
0.4884328544139862
0.3876548111438751
0.3590274453163147
0.35877034068107605
0.386741042137146
0.35200071334838867
0.3528467118740082
0.3536985516548157
0.3541985750198364
0.353755384683609
0.37511226534843445
0.37165942788124084
0.36594074964523315
0.37032124400138855
0.36735472083091736
0.3575785756111145
0.3867531716823578
0.35559892654418945
0.3639848530292511
0.3547212779521942
0.35718023777008057
0.35615429282188416
0.3755292594432831
0.35720354318618774
0.35197514295578003
0.3541979193687439
0.35623985528945923
0.38805046677589417
0.39144161343574524
0.37787359952926636
0.36314094066619873
0.35737329721450806
0.37063464522361755
0.38932061195373535
0.35780394077301025
0.3587980568408966
0.35942986607551575
0.36665502190589905
0.3513946831226349
0.3527824580669403
0.3543517589569092
0.36251747608184814
0.3630034923553467
0.37468841671943665
0.3591535687446594
0.3565255105495453
0.36043858528137207
0.352387011051178
0.40940240025520325
0.43071383237838745
0.35850822925567627
0.3509857952594757
0.3529226779937744
0.3838641345500946
0.38245388865470886
0.3896297216415405
0.3716644048690796
0.3551570177078247
0.35563603043556213
0.3513980507850647
0.3521706163883209
0.3503136932849884
0.35311800241470337
0.35179778933525085
0.42396479845046997
0.3654133975505829
0.381467342376709
0.3667799234390259
0.35550224781036377
0.3516635000705719
0.34950995445251465
0.3490532338619232
0.3506850004196167
0.3764970600605011
0.35418325662612915
0.3535754680633545
0.3505626618862152
0.34980282187461853
0.35004231333732605
0.3518334627151489
0.35719040036201477
0.35970544815063477
0.35010430216789246
0.36153334379196167
0.34962376952171326
0.35498470067977905
0.3526591658592224
0.3500305712223053
0.3658908009529114
0.3713548481464386
0.3505152463912964
0.3518804609775543
0.3482215702533722
0.34934884309768677
0.3506004214286804
0.3474678099155426
0.34824350476264954
0.34806331992149353
0.3492168188095093
0.3862103521823883
0.3950532376766205
0.362422913312912
0.354728102684021
0.35040637850761414
0.3958728015422821
0.35447263717651367
0.35015612840652466
0.34836986660957336
0.34781378507614136
0.3484058082103729
0.39213690161705017
0.36080700159072876
0.34871503710746765
0.3511163294315338
0.3506092429161072
0.5494989156723022
0.40863341093063354
0.3654667139053345
0.4040484130382538
0.3600597679615021
0.347663938999176
0.3554898798465729
0.4214276969432831
0.3484250009059906
0.35229602456092834
0.34799960255622864
0.34994983673095703
0.38728901743888855
0.4015040397644043
0.3584354519844055
0.3507974147796631
0.3461478054523468
0.36775505542755127
0.3703347146511078
0.35105642676353455
0.34836843609809875
0.3506489098072052
0.36708876490592957
0.351155161857605
0.34554168581962585
0.34518590569496155
0.34790390729904175
0.3488118648529053
0.3845369219779968
0.35828322172164917
0.3468474745750427
0.3510540723800659
0.35741204023361206
0.36606302857398987
0.3555845320224762
0.37745755910873413
0.3679993748664856
0.35696956515312195
0.3450382351875305
0.34629011154174805
0.34353747963905334
0.34868016839027405
0.3575059473514557
0.35484370589256287
0.43216845393180847
0.35360172390937805
0.3655772805213928
0.39486464858055115
0.36442217230796814
0.349155455827713
0.3546324670314789
0.3441195785999298
0.34234729409217834
0.3435111939907074
0.34350886940956116
0.3513588309288025
0.34777650237083435
0.3455265760421753
0.38530221581459045
0.3434840440750122
0.4399695098400116
0.4074702858924866
0.3654111325740814
0.34526872634887695
0.34600213170051575
0.35099372267723083
0.3515763580799103
0.34287500381469727
0.34329459071159363
0.3449552059173584
0.34395575523376465
0.3423042297363281
0.3431549072265625
0.3417697250843048
0.3589155673980713
0.34694477915763855
0.3487093448638916
0.349235475063324
0.34495726227760315
0.34214362502098083
0.347234845161438
0.34266144037246704
0.35262322425842285
0.3788875639438629
0.3410724401473999
0.4044586718082428
0.3644978702068329
0.38617178797721863
0.3444348871707916
0.3426266312599182
0.34003132581710815
0.3404799699783325
0.34091681241989136
0.3839920461177826
0.34402164816856384
0.35930001735687256
0.3547159731388092
0.34252646565437317
0.35209813714027405
0.3406800925731659
0.3513227701187134
0.34368830919265747
0.34096258878707886
0.3361818194389343
0.33689576387405396
0.34212779998779297
0.36744681000709534
0.361337274312973
0.34850504994392395
0.34070533514022827
0.336723655462265
0.3352550268173218
0.34346508979797363
0.33902570605278015
0.34055039286613464
0.3378390371799469
0.33611130714416504
0.3493010699748993
0.34122002124786377
0.3366732597351074
0.33563941717147827
0.3762977719306946
0.35810887813568115
0.33733001351356506
0.33442530035972595
0.3381364643573761
0.3388541638851166
0.3531366288661957
0.3346066474914551
0.3340388238430023
0.33475175499916077
0.335801899433136
0.33526214957237244
0.36924731731414795
0.3397328853607178
0.34203916788101196
0.33822038769721985
0.3388667106628418
0.3411920666694641
0.3333016633987427
0.3333578407764435
0.33893993496894836
0.3456612825393677
0.41134530305862427
0.3410816192626953
0.34131690859794617
0.3404080271720886
0.3333435356616974
0.33366909623146057
0.36084461212158203
0.6020091772079468
0.4657391309738159
0.34856700897216797
0.33477669954299927
0.33465611934661865
0.3359073996543884
0.3405384123325348
0.33275115489959717
0.3345591723918915
0.3361111581325531
0.3380742073059082
0.33408766984939575
0.3391331136226654
0.334157258272171
0.3747462332248688
0.3707800805568695
0.3544255495071411
0.33434534072875977
0.37900736927986145
0.3344797194004059
0.3335164487361908
0.33213621377944946
0.33317652344703674
0.3339880406856537
0.3310984671115875
0.3324142396450043
0.33610591292381287
0.33601269125938416
0.33655184507369995
0.33213570713996887
0.3396748900413513
0.3324146568775177
0.3324657082557678
0.32931312918663025
0.33011749386787415
0.33602240681648254
0.36508190631866455
0.3422410488128662
0.3483065366744995
0.33704259991645813
0.3295132517814636
0.355351060628891
0.334867388010025
0.33074435591697693
0.41383096575737
0.3486517071723938
0.3335610628128052
0.33285319805145264
0.33524441719055176
0.32960245013237
0.32766294479370117
0.33108654618263245
0.3297309875488281
0.3283352255821228
0.33992844820022583
0.3348642885684967
0.4371158182621002
0.36719438433647156
0.34049656987190247
0.33281537890434265
0.3614947497844696
0.3424552381038666
0.3302885890007019
0.33191385865211487
0.3378267288208008
0.3338043689727783
0.3361695110797882
0.33587759733200073
0.3303664028644562
0.3596533536911011
0.3282468020915985
0.33293241262435913
0.34795787930488586
0.35312753915786743
0.3396683633327484
0.3360103964805603
0.33660250902175903
0.32759320735931396
0.3277469575405121
0.33115848898887634
0.33151501417160034
0.33891233801841736
0.3310665488243103
0.3283185660839081
0.3326535224914551
0.335451602935791
0.33294135332107544
0.3244422972202301
0.325433611869812
0.32370489835739136
0.32626670598983765
0.3260749876499176
0.33317044377326965
0.33289945125579834
0.38185617327690125
0.3402622938156128
0.3314562737941742
0.32567209005355835
0.3279273808002472
0.32524847984313965
0.32397663593292236
0.3227514922618866
0.32604020833969116
0.3237018585205078
0.3243628144264221
0.3296504616737366
0.3222997188568115
0.3211812674999237
0.32208386063575745
0.3246883153915405
0.32398876547813416
0.3370010554790497
0.3329816460609436
0.3242480754852295
0.3236042261123657
0.32370567321777344
0.3385280966758728
0.33293604850769043
0.3235477805137634
0.3229672610759735
0.35562700033187866
0.3270394802093506
0.325431764125824
0.3333668112754822
0.3891286253929138
0.3398088216781616
0.32530876994132996
0.3241652548313141
0.3209652006626129
0.3194939196109772
0.319791704416275
0.3212851583957672
0.34041836857795715
0.3212021589279175
0.3222370445728302
0.32910633087158203
0.32328999042510986
0.3189450800418854
0.3255799412727356
0.31852400302886963
0.318059504032135
0.32644233107566833
0.32333552837371826
0.3217942416667938
0.3216973543167114
0.3631210923194885
0.32680636644363403
0.33535459637641907
0.45478707551956177
0.5492721796035767
0.46894627809524536
0.3580229878425598
0.3266894519329071
0.34790128469467163
0.32575005292892456
0.3222300112247467
0.3230433464050293
0.3342594504356384
0.32932597398757935
0.3203485906124115
0.3208378553390503
0.3194390833377838
0.3190438449382782
0.31831857562065125
0.32780322432518005
0.3176533579826355
0.31875118613243103
0.319676011800766
0.3290119469165802
0.3531958758831024
0.33885833621025085
0.324165016412735
0.31707286834716797
0.3217793405056
0.32080331444740295
0.3162822127342224
0.31641435623168945
0.3236805200576782
0.3233359158039093
0.3218577206134796
0.32311034202575684
0.32353392243385315
0.3440280556678772
0.31887730956077576
0.3340313136577606
0.34720945358276367
0.3378002941608429
0.31663158535957336
0.317758709192276
0.3173300325870514
0.31345945596694946
0.31468531489372253
0.31840136647224426
0.31879785656929016
0.3178350627422333
0.3183819055557251
0.31902986764907837
0.3383468687534332
0.3877483308315277
0.37564361095428467
0.34185972809791565
0.32343590259552
0.3191498816013336
0.4026542901992798
0.3494439423084259
0.3136155605316162
0.3278270661830902
0.31536173820495605
0.3161298930644989
0.3202964663505554
0.32642078399658203
0.3525714874267578
0.4118586778640747
0.37562063336372375
0.3578263223171234
0.36695268750190735
0.3384573757648468
0.31872880458831787
0.33429113030433655
0.3618623912334442
0.3164437711238861
0.31372204422950745
0.3145449459552765
0.31971290707588196
0.31607159972190857
0.31427422165870667
0.35638290643692017
0.3845936357975006
0.32499486207962036
0.3196113109588623
0.31424957513809204
0.3126649558544159
0.3117806613445282
0.3203791379928589
0.3129112422466278
0.33058252930641174
0.3145923316478729
0.31357210874557495
0.31326231360435486
0.325386106967926
0.3211170434951782
0.3201743960380554
0.3311535716056824
0.3252650201320648
0.31480810046195984
0.31333473324775696
0.3158256411552429
0.33975979685783386
0.3160504698753357
0.3126487135887146
0.3112380802631378
0.31422901153564453
0.31073829531669617
0.3126167356967926
0.31219854950904846
0.31059542298316956
0.3189314901828766
0.3108392357826233
0.31155359745025635
0.3093251585960388
0.31609174609184265
0.30994468927383423
0.3101482689380646
0.3371521234512329
0.31889861822128296
0.3120979964733124
0.3112739324569702
0.31598225235939026
0.3085058033466339
0.31271758675575256
0.32890263199806213
0.3209131956100464
0.31557390093803406
0.334225058555603
0.31919488310813904
0.3134228587150574
0.3187255263328552
0.37617990374565125
0.3517518937587738
0.3128398060798645
0.31009548902511597
0.30998826026916504
0.3119436800479889
0.3068593740463257
0.3076747953891754
0.30744627118110657
0.30926379561424255
0.32368147373199463
0.3912091553211212
0.4300038516521454
0.3706717789173126
0.34265464544296265
0.30702829360961914
0.369009792804718
0.3319874107837677
0.39234867691993713
0.35569995641708374
0.3652070462703705
0.30923959612846375
0.30667901039123535
0.3093532919883728
0.3112679719924927
0.3121969401836395
0.37507152557373047
0.3276386260986328
0.3193858861923218
0.3076992928981781
0.31440186500549316
0.32448431849479675
0.3175045847892761
0.32988405227661133
0.312610387802124
0.3153224587440491
0.30702802538871765
0.30551016330718994
0.3126969337463379
0.3139481246471405
0.3109731078147888
0.31803229451179504
0.3130134046077728
0.3326680362224579
0.3206234872341156
0.31359684467315674
0.310743510723114
0.31950142979621887
0.3163028657436371
0.3051745891571045
0.30522453784942627
0.3421245217323303
0.30813390016555786
0.3073400557041168
0.30307677388191223
0.3045627474784851
0.30315181612968445
0.3665812313556671
0.3244124948978424
0.3084568977355957
0.3085319995880127
0.3057478964328766
0.3419746458530426
0.30753278732299805
0.30310526490211487
0.30782589316368103
0.30322444438934326
0.3029412627220154
0.30301031470298767
0.3110843896865845
0.3100808560848236
0.3247378170490265
0.3231239318847656
0.32400763034820557
0.3027785122394562
0.30312463641166687
0.3077719211578369
0.3038220703601837
0.30247944593429565
0.3074261248111725
0.30084916949272156
0.3102636933326721
0.30161505937576294
0.3700602948665619
0.32108792662620544
0.3062559962272644
0.30202582478523254
0.30257612466812134
0.30603328347206116
0.30217331647872925
0.30112355947494507
0.301510214805603
0.3021586239337921
0.3190774619579315
0.3134508430957794
0.30430868268013
0.30370932817459106
0.3118050992488861
0.3076457679271698
0.31469181180000305
0.3012675344944
0.3095656633377075
0.3017079532146454
0.2996769845485687
0.2994731068611145
0.3002244830131531
0.30340775847435
0.29801714420318604
0.34419897198677063
0.331261545419693
0.34250932931900024
0.3126685321331024
0.3022616505622864
0.36007753014564514
0.3250921666622162
0.31093642115592957
0.3026203215122223
0.3117534816265106
0.2993859648704529
0.29990851879119873
0.3124113082885742
0.29826298356056213
0.3051634132862091
0.2990756034851074
0.3461456894874573
0.32056066393852234
0.30356931686401367
0.3244618773460388
0.3245839774608612
0.3052838146686554
0.30503883957862854
0.35093167424201965
0.30692535638809204
0.3020636737346649
0.30105409026145935
0.3019513189792633
0.2975276708602905
0.29996195435523987
0.2966223359107971
0.3110213577747345
0.31984761357307434
0.3094288110733032
0.3038567900657654
0.29771876335144043
0.3080097734928131
0.3969636559486389
0.40424564480781555
0.3329885005950928
0.30608367919921875
0.3075565695762634
0.32976022362709045
0.3410053551197052
0.34056851267814636
0.3275988698005676
0.421665221452713
0.35577115416526794
0.3251636326313019
0.31327685713768005
0.3137420117855072
0.3120424449443817
0.32608771324157715
0.30746346712112427
0.3004755973815918
0.2994409501552582
0.303158164024353
0.3010070323944092
0.3012344241142273
0.3030988276004791
0.3032056391239166
0.2993784546852112
0.301061749458313
0.2970653474330902
0.2999928593635559
0.29709747433662415
0.29929119348526
0.3056028485298157
0.3033555746078491
0.3016752004623413
0.2979208827018738
0.2990253269672394
0.302482932806015
0.3201925754547119
0.3401222229003906
0.3246561288833618
0.306967169046402
0.2969781458377838
0.2981497645378113
0.30373063683509827
0.2974325716495514
0.3055543899536133
0.2990330457687378
0.2951515316963196
0.3135836124420166
0.30525144934654236
0.29843902587890625
0.30058565735816956
0.30116385221481323
0.30604153871536255
0.29828596115112305
0.30086126923561096
0.3215872049331665
0.2951202094554901
0.29334214329719543
0.2999347448348999
0.3002970218658447
0.295115202665329
0.29490095376968384
0.30528709292411804
0.29881882667541504
0.295804888010025
0.2932591140270233
0.3018345534801483
0.2950531244277954
0.29769447445869446
0.29541733860969543
0.29297497868537903
0.3234561085700989
0.2925051152706146
0.30914008617401123
0.2929914593696594
0.29630038142204285
0.2932232916355133
0.300639271736145
0.29929736256599426
0.2987183928489685
0.2956218421459198
0.2999328076839447
0.2958661615848541
0.3009810447692871
0.2927144765853882
0.31174713373184204
0.3084929585456848
0.30492866039276123
0.29425355792045593
0.31181269884109497
0.3027591407299042
0.3016270101070404
0.2929714024066925
0.2954663634300232
0.29301682114601135
0.2924644351005554
0.2933507263660431
0.2932378053665161
0.31691864132881165
0.3053085207939148
0.30745044350624084
0.32869479060173035
0.30456188321113586
0.295225590467453
0.3242572844028473
0.3082018494606018
0.2932323217391968
0.29205721616744995
0.2974144518375397
0.2923164367675781
0.30812782049179077
0.3097659647464752
0.30504006147384644
0.29635587334632874
0.29410862922668457
0.2993422746658325
0.29904505610466003
0.2917727828025818
0.2933262288570404
0.29203251004219055
0.29380834102630615
0.29939496517181396
0.3092731833457947
0.31934091448783875
0.31400349736213684
0.2996862232685089
0.3146608769893646
0.2945159375667572
0.32294151186943054
0.30218932032585144
0.29372912645339966
0.3152546286582947
0.29786428809165955
0.29941073060035706
0.2933673560619354
0.2918611466884613
0.2920052409172058
0.29160556197166443
0.2925793528556824
0.2941625714302063
0.29295000433921814
0.2961989641189575
0.2928906977176666
0.2942638695240021
0.292013019323349
0.2927500605583191
0.2930585443973541
0.29903289675712585
0.33957961201667786
0.2928496301174164
0.2970653176307678
0.2954077124595642
0.2981833517551422
0.2960677444934845
0.29923099279403687
0.2918504476547241
0.29201406240463257
0.29233816266059875
0.29156994819641113
0.2908843159675598
0.2950698137283325
0.2918091416358948
0.2916126549243927
0.29103341698646545
0.2913276255130768
0.2981035113334656
0.29551512002944946
0.29362761974334717
0.29717424511909485
0.2937522232532501
0.2960019111633301
0.2920425832271576
0.29343318939208984
0.30004629492759705
0.2906453609466553
0.2909254729747772
0.3069668412208557
0.30117619037628174
0.29132604598999023
0.2921528220176697
0.2925413250923157
0.2912083566188812
0.2915036976337433
0.29057925939559937
0.2991119921207428
0.29694637656211853
0.30080777406692505
0.2935778498649597
0.3052428662776947
0.2952568829059601
0.2927587032318115
0.29053691029548645
0.2921324670314789
0.2908971309661865
0.29077836871147156
0.291072279214859
0.2898362874984741
0.29233217239379883
0.2939201891422272
0.2911568284034729
0.3234993517398834
0.309456467628479
0.29730871319770813
0.2938671410083771
0.29005125164985657
0.2903101444244385
0.2906552255153656
0.2908019423484802
0.29123035073280334
0.2942157983779907
0.2904404401779175
0.2914044260978699
0.2898698151111603
0.2900259792804718
0.2908304035663605
0.29014477133750916
0.28963616490364075
0.2898392677307129
0.2899482846260071
0.29013100266456604
0.29000112414360046
0.2938002645969391
0.2982659637928009
0.2905943989753723
0.3009878098964691
0.2934509217739105
0.2909039556980133
0.2903159260749817
0.29091423749923706
0.29075005650520325
0.2906716763973236
0.2913541793823242
0.2900625467300415
0.2882385849952698
0.290655255317688
0.2899340093135834
0.29089754819869995
0.28961804509162903
0.28997889161109924
0.28974461555480957
0.28965678811073303
0.2900626063346863
0.2895253598690033
0.2970777153968811
0.2920733392238617
0.2972363531589508
0.2939109802246094
0.28933951258659363
0.2898707985877991
0.29085981845855713
0.28996551036834717
0.29046759009361267
0.28945764899253845
0.2941751778125763
0.29697510600090027
0.2977868616580963
0.2896801829338074
0.29120558500289917
0.2895011305809021
0.2895718812942505
0.28927502036094666
0.2897989749908447
0.2908863127231598
0.2915835380554199
0.29109877347946167
0.28981924057006836
0.2904898524284363
0.28994736075401306
0.2890356779098511
0.28961387276649475
0.2885809540748596
0.2895714342594147
0.28931742906570435
0.29172268509864807
0.2949851453304291
0.29013529419898987
0.289932519197464
0.29025545716285706
0.29110807180404663
0.28920626640319824
0.28926461935043335
0.28877007961273193
0.2889738380908966
0.28903570771217346
0.29015305638313293
0.29034751653671265
0.2890768349170685
0.2891876697540283
0.2924293577671051
0.29338669776916504
0.2893887460231781
0.2907710373401642
0.28956353664398193
0.29664894938468933
0.29347917437553406
0.289316862821579
0.28923049569129944
0.289218932390213
0.28929969668388367
0.29589927196502686
0.29276424646377563
0.2939823567867279
0.2918711304664612
0.2971555292606354
0.3000794053077698
0.29075559973716736
0.2892667055130005
0.28962892293930054
0.29081523418426514
0.29077810049057007
0.28941136598587036
0.2895280122756958
0.2899177372455597
0.2898330092430115
0.28912243247032166
0.2890346646308899
0.28891706466674805
0.29211941361427307
0.2921043336391449
0.2890065610408783
0.2911742627620697
0.2914855480194092
0.2888525724411011
0.2890312373638153
0.2887248694896698
0.2891120910644531
0.29020318388938904
0.2887611985206604
0.28883227705955505
0.29549792408943176
0.29401856660842896
0.289814293384552
0.29800549149513245
0.2969661355018616
0.2945038676261902
0.3011547327041626
0.297664999961853
0.29247742891311646
0.2896747887134552
0.28893572092056274
0.289160817861557
0.2887057065963745
0.2886022925376892
0.2885262668132782
0.2895199954509735
0.2893005311489105
0.2898964285850525
0.28990840911865234
0.28921234607696533
0.291547030210495
0.3010103404521942
0.2946033477783203
0.28900212049484253
0.28927773237228394
0.28880536556243896
0.2898499667644501
0.29163506627082825
0.2898022532463074
0.2883028984069824
0.28940412402153015
0.28956544399261475
0.2888994812965393
0.28821250796318054
0.2884517312049866
0.2887665927410126
0.2886308431625366
0.2885035276412964
0.28835994005203247
0.28846701979637146
0.2884897291660309
0.28866907954216003
0.2892848551273346
0.28981027007102966
0.2889353930950165
0.2890404760837555
0.28917196393013
0.28914159536361694
0.290537029504776
0.2903892695903778
0.2904169261455536
0.2904108464717865
0.2891577184200287
0.28825315833091736
0.2887813150882721
0.29022252559661865
0.28876960277557373
0.2889138460159302
0.2900932729244232
0.2894009053707123
0.28847169876098633
0.2885853350162506
0.2888627350330353
0.2883932590484619
0.288396418094635
0.28849926590919495
0.28798118233680725
0.2886238098144531
0.28818783164024353
0.2882784903049469
0.28859594464302063
0.2887400984764099
0.2886027693748474
0.2887501120567322
0.28870144486427307
0.2885392904281616
0.2890062928199768
0.28972095251083374
0.2889760434627533
0.28834351897239685
0.28849923610687256
0.29032057523727417
0.28899919986724854
0.28895947337150574
0.2882937788963318
0.28983935713768005
0.28873303532600403
0.28809741139411926
0.28844326734542847
0.28828752040863037
0.2882549464702606
0.2885056436061859
0.2882668972015381
0.2887154817581177
0.28998667001724243
0.2879001796245575
0.28853142261505127
0.28939077258110046
0.2881479561328888
0.2878601849079132
0.28992795944213867
0.2887221574783325
0.28802239894866943
0.2885315716266632
0.2884053885936737
0.28856709599494934
0.28945621848106384
0.2884659469127655
0.28839579224586487
0.28837716579437256
0.2882901728153229
0.2892394959926605
0.2887912392616272
0.2887556552886963
0.2885025143623352
0.2881932556629181
0.2881459891796112
0.28872740268707275
0.28803807497024536
0.2881970703601837
0.28829750418663025
0.2900156080722809
0.2917832136154175
0.2901517450809479
0.28851547837257385
0.28867754340171814
