0.709782063961029
0.6944246292114258
0.681137204170227
0.6691576838493347
0.6580575704574585
0.6484803557395935
0.6388161778450012
0.6300814747810364
0.6216105818748474
0.6132758259773254
0.6052062511444092
0.5971294641494751
0.5893057584762573
0.582095205783844
0.5751529335975647
0.5687222480773926
0.5625755190849304
0.5570734143257141
0.5518606901168823
0.54660964012146
0.5419481992721558
0.5377316474914551
0.5336558222770691
0.5294362306594849
0.5257793664932251
0.5222573280334473
0.519073486328125
0.516068696975708
0.513338565826416
0.5109272599220276
0.5083730220794678
0.5060006976127625
0.5040081739425659
0.5016975998878479
0.4995465576648712
0.497699499130249
0.49598121643066406
0.494349867105484
0.49269211292266846
0.49129435420036316
0.48991426825523376
0.4885150194168091
0.48716920614242554
0.48598727583885193
0.4847206473350525
0.4837419390678406
0.48258575797080994
0.48183947801589966
0.4809301495552063
0.48007920384407043
0.47933369874954224
0.47869449853897095
0.4780476987361908
0.4773833453655243
0.47700852155685425
0.47611844539642334
0.4758557081222534
0.475112646818161
0.4746509790420532
0.4742697775363922
0.4741401970386505
0.47336047887802124
0.4730083644390106
0.4725191593170166
0.47216036915779114
0.4718588590621948
0.47154706716537476
0.47127217054367065
0.47081121802330017
0.4705469012260437
0.47017765045166016
0.47000065445899963
0.46966925263404846
0.46935445070266724
0.46913859248161316
0.46877071261405945
0.46852925419807434
0.4681626260280609
0.4679475724697113
0.46770554780960083
0.4673861861228943
0.4671435058116913
0.4669114947319031
0.4667275846004486
0.4664362668991089
0.46645376086235046
0.4659734070301056
0.4657994508743286
0.46567583084106445
0.4654198884963989
0.4652291238307953
0.4652097821235657
0.4650084376335144
0.46474337577819824
0.4647780954837799
0.4644969403743744
0.4643513858318329
0.46432796120643616
0.46421682834625244
0.4640100300312042
0.4639471173286438
0.46375441551208496
0.4637221693992615
0.4635975956916809
0.4634774625301361
0.46360260248184204
0.46323323249816895
0.4631914496421814
0.46310102939605713
0.4630196690559387
0.46285000443458557
0.4627085030078888
0.46275144815444946
0.4626198410987854
0.4625323414802551
0.4624288082122803
0.46226203441619873
0.46226227283477783
0.4621272683143616
0.4620109498500824
0.46197083592414856
0.461773544549942
0.4616982936859131
0.4616173803806305
0.4616134464740753
0.46148207783699036
0.46152475476264954
0.46133676171302795
0.46126827597618103
0.4612278640270233
0.4611400365829468
0.4610711932182312
0.46111828088760376
0.460839182138443
0.4608937203884125
0.46084171533584595
0.4605952501296997
0.4605632424354553
0.46047669649124146
0.46041133999824524
0.46029049158096313
0.460216760635376
0.4600636661052704
0.46011489629745483
0.45997193455696106
0.45992764830589294
0.4598065912723541
0.4600428640842438
0.4597730338573456
0.4596579670906067
0.45961177349090576
0.4595179855823517
0.459458589553833
0.459501177072525
0.45938384532928467
0.4594748616218567
0.45943453907966614
0.4591033458709717
0.45916688442230225
0.45904532074928284
0.4590419828891754
0.4588407278060913
0.45876526832580566
0.4587799906730652
0.45864996314048767
0.4587136507034302
0.458578497171402
0.45844343304634094
0.4585641324520111
0.4583318531513214
0.45831361413002014
0.4581502676010132
0.45823413133621216
0.45809558033943176
0.45802628993988037
0.4581298530101776
0.45790010690689087
0.4578149616718292
0.45780906081199646
0.457791268825531
0.4579472839832306
0.45777204632759094
0.4577963352203369
0.45761582255363464
0.45783528685569763
0.4575771689414978
0.4576886296272278
0.4576665163040161
0.4575866162776947
0.4575404226779938
0.45742884278297424
0.4576689898967743
0.45741522312164307
0.4573601484298706
0.4573119282722473
0.45736661553382874
0.4572579562664032
0.4572455883026123
0.4572432339191437
0.45724332332611084
0.45716750621795654
0.4571723937988281
0.45706382393836975
0.45711201429367065
0.4570159316062927
0.45706912875175476
0.45699065923690796
0.45707106590270996
0.4569590985774994
0.45690682530403137
0.4568476378917694
0.4568719267845154
0.4569425880908966
0.45687276124954224
0.45687389373779297
0.4568711519241333
0.4569290280342102
0.4567595422267914
0.45672720670700073
0.4567108154296875
0.4566403925418854
0.4565950930118561
0.4566497504711151
0.45662185549736023
0.45662328600883484
0.4567251205444336
0.4565598666667938
0.4565487504005432
0.4566183090209961
0.4565543830394745
0.4565553665161133
0.45658591389656067
0.4565425217151642
0.456499308347702
0.45648595690727234
0.4564799964427948
0.4564777612686157
0.45643678307533264
0.4564923942089081
0.4564286768436432
0.4564529359340668
0.45641058683395386
0.4564334452152252
0.45640939474105835
0.45634719729423523
0.4563477337360382
0.45634979009628296
0.4562958776950836
0.4562811553478241
0.45627114176750183
0.45621761679649353
0.45623552799224854
0.45620766282081604
0.45621082186698914
0.45615196228027344
0.4561934173107147
0.456161767244339
0.4561164677143097
0.4561614990234375
0.4561779797077179
0.4561159908771515
0.45606768131256104
0.45606210827827454
0.4560392200946808
0.45606398582458496
0.45598211884498596
0.4560058116912842
0.4560023248195648
0.45593276619911194
0.45599305629730225
0.4558909833431244
0.45587578415870667
0.45594286918640137
0.45588958263397217
0.4559067487716675
0.45580512285232544
0.45584261417388916
0.4558192789554596
0.4558004140853882
0.4558357298374176
0.4559357166290283
0.45574507117271423
0.45577719807624817
0.4558115601539612
0.45581862330436707
0.4557649493217468
0.45569339394569397
0.45571547746658325
0.45565134286880493
0.45571351051330566
0.45566242933273315
0.4556921124458313
0.4556228518486023
0.4557010233402252
0.4555783271789551
0.4556543529033661
0.4555546045303345
0.4556092619895935
0.45562079548835754
0.45558393001556396
0.4555419981479645
0.4556271731853485
0.45548611879348755
0.4555017948150635
0.4554951786994934
0.45554518699645996
0.4555075168609619
0.4555080831050873
0.45543941855430603
0.45544305443763733
0.4554595947265625
0.45545288920402527
0.4553903639316559
0.4554460346698761
0.4554270803928375
0.4554249346256256
0.4553774297237396
0.45546194911003113
0.4554201066493988
0.45535191893577576
0.45532941818237305
0.4552902281284332
0.4552864134311676
0.4552851617336273
0.4552711546421051
0.4552934467792511
0.4552779793739319
0.4552910327911377
0.45527657866477966
0.4552727937698364
0.45527184009552
0.4552445709705353
0.4552745521068573
0.45526599884033203
0.4552752673625946
0.45528313517570496
0.4552384912967682
0.455235093832016
0.4552375376224518
0.45524299144744873
0.45520421862602234
0.45522022247314453
0.4552002251148224
0.4552040696144104
0.4552040100097656
0.45522692799568176
0.4551880955696106
0.4552198350429535
0.45517173409461975
0.45519372820854187
0.4551784098148346
0.4552100598812103
0.4551612138748169
0.4551841914653778
0.4551560580730438
0.45517849922180176
0.4551444351673126
0.45517733693122864
0.45515176653862
0.4551713168621063
0.4551396071910858
0.45513108372688293
0.4551333785057068
0.455135703086853
0.4551621079444885
0.45512065291404724
0.4551273286342621
0.4551454782485962
0.4551025331020355
0.45510435104370117
0.4551277756690979
0.45508432388305664
0.4551473557949066
0.4550813138484955
0.4550744891166687
0.4550856649875641
0.4550740718841553
0.4551025331020355
0.4551023542881012
0.45508214831352234
0.45511454343795776
0.45509037375450134
0.4550721049308777
0.45504164695739746
0.45504844188690186
0.45509588718414307
0.4550487697124481
0.45507803559303284
0.4550737142562866
0.4550686180591583
0.4550425708293915
0.4550555646419525
0.4550262987613678
0.4550475776195526
0.45501649379730225
0.4550132751464844
0.45501914620399475
0.45502185821533203
0.4550897479057312
0.455015629529953
0.45500612258911133
0.455082505941391
0.45501765608787537
0.45504093170166016
0.4549935460090637
0.45498350262641907
0.4549790620803833
0.4550046920776367
0.45498785376548767
0.4549607038497925
0.45496872067451477
0.45495888590812683
0.45496800541877747
0.4550689458847046
0.454961359500885
0.45496657490730286
0.4549766778945923
0.45495250821113586
0.45495304465293884
0.4549153447151184
0.4549217224121094
0.4549205005168915
0.4549039602279663
0.4548993706703186
0.45491263270378113
0.4549102783203125
0.45491379499435425
0.45489925146102905
0.45489755272865295
0.45490333437919617
0.4549102783203125
0.45489153265953064
0.45490142703056335
0.4548789858818054
0.4548855423927307
0.45487695932388306
0.4548811614513397
0.4548828601837158
0.45488208532333374
0.4548729360103607
0.4548707604408264
0.45488739013671875
0.45487359166145325
0.45486095547676086
0.4548870921134949
0.4548618793487549
0.45486488938331604
0.45486193895339966
0.45487457513809204
0.4548625648021698
0.4548635184764862
0.45486167073249817
0.45485585927963257
0.4548729956150055
0.45488598942756653
0.4548570513725281
0.45485028624534607
0.4548484683036804
0.4548528790473938
0.45483437180519104
0.4548414647579193
0.45484647154808044
0.4548366963863373
0.45483890175819397
0.4548393785953522
0.45485037565231323
0.4548215866088867
0.45483553409576416
0.45482972264289856
0.4548273980617523
0.45483648777008057
0.45481932163238525
0.454815149307251
0.45480823516845703
0.4548160135746002
0.4548049867153168
0.4548240303993225
0.4548186957836151
0.4548192322254181
0.4548183083534241
0.45481550693511963
0.4548138678073883
0.45479342341423035
0.4547956883907318
0.4548102617263794
0.45479893684387207
0.45479515194892883
0.45480722188949585
0.454811692237854
0.45478975772857666
0.4547846019268036
0.45479002594947815
0.4547809064388275
0.45478036999702454
0.4547690153121948
0.4547710418701172
0.45477527379989624
0.4547691345214844
0.4547789394855499
0.4547772705554962
0.4547592103481293
0.4547940492630005
0.4547625780105591
0.45479029417037964
0.4547542333602905
0.45475685596466064
0.4547763168811798
0.4547465741634369
0.4547402858734131
0.4547508955001831
0.4547734260559082
0.4547359049320221
0.45473629236221313
0.4547354578971863
0.45473381876945496
0.45473653078079224
0.45473596453666687
0.45474231243133545
0.45473513007164
0.454708993434906
0.45470619201660156
0.4547193646430969
0.4547044038772583
0.4547049105167389
0.4547053575515747
0.4547099769115448
0.4546944200992584
0.4546948969364166
0.454699844121933
0.4546980559825897
0.45469382405281067
0.45469120144844055
0.45468869805336
0.45469117164611816
0.4546898305416107
0.4546951949596405
0.4546829164028168
0.45468005537986755
0.45468372106552124
0.45467978715896606
0.45469003915786743
0.4546816051006317
0.45467641949653625
0.4546681344509125
0.4546707272529602
0.45467647910118103
0.45467066764831543
0.4546661078929901
0.4546663165092468
0.4546660780906677
0.4546692371368408
0.45467498898506165
0.45466309785842896
0.4546663463115692
0.45465338230133057
0.45465514063835144
0.4546548128128052
0.45465609431266785
0.4546509385108948
0.45465096831321716
0.4546516239643097
0.4546685516834259
0.4546665549278259
0.45464909076690674
0.4546506702899933
0.45464181900024414
0.4546412229537964
0.4546359181404114
0.45463791489601135
0.45464006066322327
0.4546334147453308
0.4546365737915039
0.454631507396698
0.454634428024292
0.45462870597839355
0.45463356375694275
0.454630583524704
0.45462316274642944
0.45463991165161133
0.45461955666542053
0.4546259641647339
0.45461583137512207
0.4546320140361786
0.4546201229095459
0.4546135663986206
0.4546131491661072
0.4546132981777191
0.4546057879924774
0.45461711287498474
0.4546144902706146
0.4546082317829132
0.45460882782936096
0.45459988713264465
0.45460280776023865
0.45460689067840576
0.454597532749176
0.4545935392379761
0.4545932114124298
0.4545966684818268
0.4545891284942627
0.454591304063797
0.4545919895172119
0.45458516478538513
0.4545831084251404
0.45459142327308655
0.45457887649536133
0.45457884669303894
0.45458686351776123
0.4545772671699524
0.45457643270492554
0.45457881689071655
0.45458078384399414
0.4545735716819763
0.45457252860069275
0.4545699656009674
0.45456603169441223
0.4545711576938629
0.4545729160308838
0.4545617699623108
0.4545556902885437
0.4545546770095825
0.4545533359050751
0.4545530378818512
0.4545544683933258
0.4545511305332184
0.45455485582351685
0.45455363392829895
0.45454660058021545
0.4545476734638214
0.45454832911491394
0.45455700159072876
0.45455074310302734
0.45454636216163635
0.4545453190803528
0.4545425772666931
0.45454302430152893
0.4545443654060364
0.45454031229019165
0.45453810691833496
0.45454105734825134
0.454539954662323
0.4545370936393738
0.4545368254184723
0.4545370936393738
0.45453470945358276
0.4545341432094574
0.4545331597328186
0.45453155040740967
0.45452967286109924
0.45452994108200073
0.45452892780303955
0.4545270502567291
0.4545256495475769
0.45452553033828735
0.45452681183815
0.45452365279197693
0.4545272886753082
0.45452356338500977
0.4545232355594635
0.4545193910598755
0.45451852679252625
0.4545198976993561
0.45451974868774414
0.45451515913009644
0.45451968908309937
0.45451322197914124
0.45451486110687256
0.4545148015022278
0.454508513212204
0.45450955629348755
0.45450425148010254
0.45450571179389954
0.45450490713119507
0.45450183749198914
0.45450645685195923
0.45450058579444885
0.4544987678527832
0.4544987678527832
0.454495370388031
0.45449331402778625
0.4544934630393982
0.45449206233024597
0.4544903337955475
0.4544874429702759
0.4544897675514221
0.4544870853424072
0.45448097586631775
0.4544900953769684
0.45448461174964905
0.45448192954063416
0.45447835326194763
0.4544762372970581
0.4544723927974701
0.4544741213321686
0.4544714391231537
0.4544665515422821
0.45446741580963135
0.4544675946235657
0.45446544885635376
0.4544637203216553
0.4544607996940613
0.45445746183395386
0.45445752143859863
0.45446276664733887
0.45446300506591797
0.4544505178928375
0.45445430278778076
0.45445379614830017
0.45444419980049133
0.4544411599636078
0.45444077253341675
0.4544396996498108
0.4544391930103302
0.4544358253479004
0.45443233847618103
0.4544348120689392
0.45442622900009155
0.45442429184913635
0.4544241428375244
0.45442289113998413
0.4544163942337036
0.45441675186157227
0.4544147551059723
0.45441266894340515
0.454414039850235
0.4544118344783783
0.45441004633903503
0.45440977811813354
0.4544088542461395
0.45440801978111267
0.4544069766998291
0.4544046223163605
0.45440661907196045
0.4544028639793396
0.4544029235839844
0.45440050959587097
0.4543992578983307
0.4543989896774292
0.4543983042240143
0.4543960988521576
0.45439663529396057
0.4543948471546173
0.45439407229423523
0.4543917775154114
0.4543933570384979
0.45439058542251587
0.4543887972831726
0.454386830329895
0.4543859660625458
0.4543856382369995
0.4543842375278473
0.45438289642333984
0.45438170433044434
0.4543795883655548
0.4543790817260742
0.4543789029121399
0.45437708497047424
0.45437589287757874
0.4543739855289459
0.4543721079826355
0.4543733596801758
0.45437613129615784
0.4543676972389221
0.45437008142471313
0.4543660581111908
0.4543640911579132
0.45436426997184753
0.45436447858810425
0.4543619453907013
0.4543597996234894
0.4543614685535431
0.45435792207717896
0.45435529947280884
0.45435595512390137
0.4543534517288208
0.45435118675231934
0.45435017347335815
0.4543519914150238
0.45434677600860596
0.45434698462486267
0.45434749126434326
0.4543442726135254
0.4543428122997284
0.454341322183609
0.4543398320674896
0.45433855056762695
0.45433732867240906
0.45433834195137024
0.4543357789516449
0.4543320834636688
0.4543324112892151
0.4543348550796509
0.45432835817337036
0.45432889461517334
0.45432618260383606
0.4543256461620331
0.45432305335998535
0.45432373881340027
0.45432010293006897
0.4543188214302063
0.4543170928955078
0.4543175995349884
0.4543153643608093
0.4543154537677765
0.45431286096572876
0.4543112516403198
0.4543101191520691
0.45430704951286316
0.4543076753616333
0.45430582761764526
0.45430317521095276
0.4543038308620453
0.45430195331573486
0.45430001616477966
0.45429790019989014
0.45429879426956177
0.4542953670024872
0.4542943239212036
0.45429301261901855
0.4542890191078186
0.4542880356311798
0.4542878270149231
0.4542900621891022
0.45428571105003357
0.45428577065467834
0.4542844593524933
0.454283744096756
0.4542829692363739
0.45428168773651123
0.4542809724807739
0.45428022742271423
0.4542805850505829
0.45428183674812317
0.45427843928337097
0.4542776346206665
0.45427650213241577
0.45427608489990234
0.45427438616752625
0.454274445772171
0.45427459478378296
0.45427370071411133
0.4542712867259979
0.45427119731903076
0.45427078008651733
0.4542689025402069
0.45426860451698303
0.4542677104473114
0.4542665183544159
0.4542669355869293
0.45426541566848755
0.4542641043663025
0.45426473021507263
0.4542635977268219
0.45426222681999207
0.45426276326179504
0.45426052808761597
0.45426005125045776
0.45426076650619507
0.45425790548324585
0.4542575180530548
0.45425617694854736
0.45425698161125183
0.4542548358440399
0.4542536437511444
0.45425382256507874
0.4542519450187683
0.45425137877464294
0.4542507827281952
0.454249769449234
0.4542485773563385
0.4542483985424042
0.4542475640773773
0.4542478621006012
0.45424652099609375
0.45424559712409973
0.4542436897754669
0.4542427957057953
0.45424342155456543
0.454241007566452
0.45424050092697144
0.4542399048805237
0.4542393088340759
0.45423808693885803
0.45423710346221924
0.4542373716831207
0.45423567295074463
0.45423662662506104
0.4542335867881775
0.4542338252067566
0.45423242449760437
0.4542316198348999
0.45423099398612976
0.45422935485839844
0.45422932505607605
0.45422855019569397
0.45422670245170593
0.45422589778900146
0.45422521233558655
0.45422428846359253
0.4542248547077179
0.45422229170799255
0.45422127842903137
0.4542209208011627
0.45422014594078064
0.45421913266181946
0.45421817898750305
0.4542175829410553
0.4542165696620941
0.4542168378829956
0.45421501994132996
0.4542139768600464
0.45421403646469116
0.45421257615089417
0.45421215891838074
0.45421209931373596
0.45421189069747925
0.45421096682548523
0.4542090892791748
0.4542089104652405
0.4542071521282196
0.4542076885700226
0.4542066156864166
0.45420634746551514
0.4542059600353241
0.4542056620121002
0.4542052149772644
0.454204797744751
0.4542047083377838
0.4542044401168823
0.4542042315006256
0.4542039632797241
0.4542032778263092
0.4542030692100525
0.45420342683792114
0.45420268177986145
0.45420265197753906
0.4542018473148346
0.4542015790939331
0.4542016386985779
0.45420098304748535
0.4542011022567749
0.45420023798942566
0.45420023798942566
0.45420026779174805
0.4542001187801361
0.4541989862918854
0.45419934391975403
0.4541989862918854
0.45419836044311523
0.4541984796524048
0.45419764518737793
0.4541975259780884
0.4541974663734436
0.4541967809200287
0.45419666171073914
0.4541965425014496
0.4541960060596466
0.4541957378387451
0.45419546961784363
0.4541953206062317
0.45419469475746155
0.4541945159435272
0.45419424772262573
0.45419394969940186
0.454193651676178
0.4541931450366974
0.4541930556297302
0.4541926383972168
0.4541921615600586
0.4541918933391571
0.4541913568973541
0.45419129729270935
0.4541907012462616
0.4541907012462616
0.4541904330253601
0.4541901648044586
0.45418962836265564
0.4541897475719452
0.45418912172317505
0.45418843626976013
0.45418840646743774
0.45418840646743774
0.4541880786418915
0.45418745279312134
0.4541877806186676
0.4541865587234497
0.4541865587234497
0.45418673753738403
0.45418575406074524
0.4541856050491333
0.45418497920036316
0.4541851282119751
0.45418480038642883
0.45418405532836914
0.45418402552604675
0.4541841149330139
0.45418328046798706
0.4541829228401184
0.45418253540992737
0.45418256521224976
0.45418187975883484
0.454181969165802
0.45418113470077515
0.45418134331703186
0.45418116450309753
0.45418086647987366
0.45418018102645874
0.45417970418930054
0.45417946577072144
0.4541790783405304
0.45417895913124084
0.4541785418987274
0.45417794585227966
0.45417824387550354
0.4541776776313782
0.4541778266429901
0.45417675375938416
0.4541768729686737
0.4541768729686737
0.45417603850364685
0.4541754722595215
0.45417556166648865
0.45417550206184387
0.45417502522468567
0.4541749954223633
0.45417481660842896
0.4541747272014618
0.4541746973991394
0.45417433977127075
0.4541741907596588
0.4541739523410797
0.45417389273643494
0.454173743724823
0.45417356491088867
0.45417341589927673
0.45417332649230957
0.45417317748069763
0.45417317748069763
0.45417270064353943
0.4541725516319275
0.454172283411026
0.4541725218296051
0.4541723430156708
0.4541720151901245
0.4541720151901245
0.4541718065738678
0.45417147874832153
0.4541718661785126
0.45417118072509766
0.45417094230651855
0.45417100191116333
0.45417067408561707
0.454170823097229
0.45417025685310364
0.4541701376438141
0.4541701376438141
0.4541698694229126
0.4541696608066559
0.4541695713996887
0.4541694223880768
0.4541691541671753
0.4541693925857544
0.4541688859462738
0.45416900515556335
0.45416852831840515
0.45416855812072754
0.4541681706905365
0.45416778326034546
0.454167902469635
0.4541674554347992
0.45416778326034546
0.4541672468185425
0.4541671574115753
0.45416703820228577
0.4541667699813843
0.4541665017604828
0.45416632294654846
0.4541662633419037
0.4541659653186798
0.45416590571403503
0.4541655480861664
0.4541655480861664
0.4541659653186798
0.45416519045829773
0.45416513085365295
0.45416462421417236
0.4541648030281067
0.45416438579559326
0.4541642963886261
0.4541641175746918
0.4541638493537903
0.4541637897491455
0.454163521528244
0.4541633725166321
0.45416322350502014
0.4541630744934082
0.45416298508644104
0.4541628658771515
0.4541627764701843
0.45416224002838135
0.4541623592376709
0.4541620910167694
0.45416194200515747
0.4541618525981903
0.4541614353656769
0.4541611969470978
0.4541611969470978
0.45416077971458435
0.45416077971458435
0.45416057109832764
0.4541604220867157
0.4541603624820709
0.4541601836681366
0.45415976643562317
0.45415976643562317
0.4541594982147217
0.45415958762168884
0.4541590213775635
0.45415905117988586
0.45415863394737244
0.4541587233543396
0.4541584551334381
0.45415860414505005
0.4541582763195038
0.4541582465171814
0.4541581869125366
0.4541580379009247
0.45415791869163513
0.4541580080986023
0.45415768027305603
0.45415768027305603
0.4541577100753784
0.4541575610637665
0.4541574716567993
0.45415741205215454
0.45415717363357544
0.45415717363357544
0.4541570842266083
0.4541569650173187
0.45415687561035156
0.4541568458080292
0.4541567265987396
0.45415669679641724
0.45415663719177246
0.45415642857551575
0.4541565477848053
0.4541562795639038
0.45415636897087097
0.4541560709476471
0.4541560411453247
0.4541560709476471
0.4541558623313904
0.454155832529068
0.4541556239128113
0.4541556239128113
0.4541555941104889
0.4541553258895874
0.4541553556919098
0.4541552662849426
0.4541551470756531
0.4541550874710083
0.45415496826171875
0.4541548788547516
0.4541548192501068
0.4541547894477844
0.4541545510292053
0.4541545808315277
0.45415443181991577
0.4541544020175934
0.4541543424129486
0.45415422320365906
0.4541541635990143
0.45415398478507996
0.45415398478507996
0.45415380597114563
0.454153835773468
0.45415356755256653
0.45415353775024414
0.45415353775024414
0.4541534185409546
0.45415353775024414
0.4541533291339874
0.4541531801223755
0.45415303111076355
0.45415306091308594
0.4541529417037964
0.45415282249450684
0.4541526734828949
0.4541527330875397
0.45415276288986206
0.45415249466896057
0.4541524052619934
0.454152375459671
0.45415234565734863
0.4541521966457367
0.4541522264480591
0.45415204763412476
0.45415204763412476
0.45415186882019043
0.45415180921554565
0.45415183901786804
0.45415163040161133
0.4541516602039337
0.45415157079696655
0.4541514813899994
0.4541513919830322
0.454151451587677
0.45415112376213074
0.4541512727737427
0.4541511535644531
0.4541510045528412
0.45415088534355164
0.45415082573890686
0.4541507661342621
0.4541506767272949
0.4541507363319397
0.45415058732032776
0.4541504681110382
0.45415037870407104
0.45415017008781433
0.45415017008781433
0.45415014028549194
0.45415011048316956
0.45415011048316956
0.4541500508785248
0.4541499614715576
0.45414990186691284
0.45414987206459045
0.4541499614715576
0.4541498124599457
0.4541498124599457
0.4541497528553009
0.4541497528553009
0.45414963364601135
0.45414966344833374
0.45414963364601135
0.4541495144367218
0.454149454832077
0.4541495144367218
0.454149454832077
0.45414939522743225
0.45414939522743225
0.4541493058204651
0.4541493058204651
0.4541493058204651
0.4541492462158203
0.4541492164134979
0.4541492760181427
0.4541490077972412
0.4541490972042084
0.454149067401886
0.4541489779949188
0.45414894819259644
0.45414888858795166
0.45414888858795166
0.4541487991809845
0.4541488289833069
0.4541487395763397
0.45414867997169495
0.4541487395763397
0.45414870977401733
0.45414865016937256
0.45414847135543823
0.45414847135543823
0.45414844155311584
0.45414844155311584
0.45414838194847107
0.45414838194847107
0.4541483223438263
0.4541482925415039
0.45414823293685913
0.45414817333221436
0.4541481137275696
0.4541482925415039
0.4541480839252472
0.45414814352989197
0.45414793491363525
0.45414796471595764
0.4541478455066681
0.4541478455066681
0.4541478157043457
0.4541477859020233
0.4541477859020233
0.45414766669273376
0.45414769649505615
0.4541475772857666
0.45414748787879944
0.45414748787879944
0.45414745807647705
0.45414742827415466
0.4541473388671875
0.45414742827415466
0.4541473388671875
0.4541472792625427
0.45414724946022034
0.4541472792625427
0.4541471600532532
0.45414701104164124
0.4541470408439636
0.454147070646286
0.45414698123931885
0.45414695143699646
0.4541468918323517
0.4541468918323517
0.45414674282073975
0.4541468322277069
0.45414668321609497
0.4541466534137726
0.4541465938091278
0.4541465640068054
0.4541465938091278
0.4541466236114502
0.45414647459983826
0.45414647459983826
0.4541464149951935
0.4541463255882263
0.45414629578590393
0.45414626598358154
0.45414620637893677
0.4541461765766144
0.454146146774292
0.45414605736732483
0.45414605736732483
0.45414605736732483
0.4541460871696472
0.45414605736732483
0.45414599776268005
0.4541459381580353
0.4541459381580353
0.4541459083557129
0.4541459083557129
0.4541458785533905
0.4541458189487457
0.4541458189487457
0.4541458785533905
0.4541458189487457
0.4541458189487457
0.45414578914642334
0.45414575934410095
0.45414572954177856
0.45414572954177856
0.45414572954177856
0.4541456401348114
0.4541456401348114
0.454145610332489
0.4541456401348114
0.454145610332489
0.4541455805301666
0.45414552092552185
0.45414555072784424
0.4541454613208771
0.4541454613208771
0.4541454017162323
0.4541454315185547
0.4541453719139099
0.4541454613208771
0.4541453719139099
0.4541454017162323
0.45414531230926514
0.4541453421115875
0.45414528250694275
0.45414528250694275
0.45414528250694275
0.45414525270462036
0.454145222902298
0.4541451632976532
0.4541451632976532
0.4541451036930084
0.4541451632976532
0.4541451036930084
0.4541451334953308
0.45414504408836365
0.45414507389068604
0.45414501428604126
0.45414507389068604
0.45414504408836365
0.45414498448371887
0.4541448950767517
0.4541449546813965
0.4541448950767517
0.4541449248790741
0.4541448652744293
0.45414480566978455
0.45414483547210693
0.45414477586746216
0.45414474606513977
0.45414474606513977
0.45414474606513977
0.4541447162628174
0.4541447162628174
0.4541447162628174
0.4541447162628174
0.454144686460495
0.4541446566581726
0.45414456725120544
0.4541446268558502
0.45414456725120544
0.45414453744888306
0.45414450764656067
0.45414450764656067
0.4541444182395935
0.4541444480419159
0.4541444480419159
0.4541444480419159
0.4541444480419159
0.45414429903030396
0.45414432883262634
0.45414429903030396
0.45414429903030396
0.4541443884372711
0.45414426922798157
0.45414426922798157
0.4541442394256592
0.4541442096233368
0.4541442394256592
0.45414412021636963
0.4541441798210144
0.45414409041404724
0.45414412021636963
0.45414409041404724
0.45414406061172485
0.45414403080940247
0.45414403080940247
0.4541439712047577
0.4541440010070801
0.4541440010070801
0.4541439712047577
0.4541440010070801
0.4541439116001129
0.4541439116001129
0.4541439414024353
0.4541439414024353
0.4541439712047577
0.4541438817977905
0.4541439414024353
0.4541438817977905
0.4541438817977905
0.4541438817977905
0.4541438817977905
0.45414385199546814
0.45414385199546814
0.45414379239082336
0.45414382219314575
0.454143762588501
0.454143762588501
0.45414382219314575
0.45414382219314575
0.454143762588501
0.4541437327861786
0.4541437327861786
0.4541437327861786
0.4541437327861786
0.4541437327861786
0.4541437327861786
0.4541437327861786
0.4541437327861786
0.4541437029838562
0.4541437029838562
0.4541436731815338
0.4541437029838562
0.4541436731815338
0.45414361357688904
0.45414361357688904
0.45414361357688904
0.45414358377456665
0.45414361357688904
0.45414361357688904
0.45414355397224426
0.45414361357688904
0.45414358377456665
0.45414358377456665
0.4541435241699219
0.45414358377456665
0.45414355397224426
0.45414361357688904
0.4541435241699219
0.4541435241699219
0.4541435241699219
0.4541434943675995
0.4541435241699219
0.4541434347629547
0.4541434943675995
0.4541434347629547
0.4541434347629547
0.4541434645652771
0.45414337515830994
0.45414334535598755
0.4541434049606323
0.4541434049606323
0.4541434049606323
0.4541434347629547
0.45414337515830994
0.45414334535598755
0.45414337515830994
0.45414334535598755
0.45414331555366516
0.45414331555366516
0.4541432857513428
0.45414331555366516
0.454143226146698
0.4541432857513428
0.454143226146698
0.4541432559490204
0.454143226146698
0.4541431963443756
0.454143226146698
0.4541431963443756
