1.7366220951080322
1.4837080240249634
1.2551369667053223
1.0724588632583618
0.9125474095344543
0.789382815361023
0.6998762488365173
0.6399780511856079
0.6018526554107666
0.575158417224884
0.5570876598358154
0.5408956408500671
0.5284802913665771
0.518401563167572
0.5100096464157104
0.5038026571273804
0.4982280135154724
0.4928726255893707
0.48904675245285034
0.4855634570121765
0.48298174142837524
0.48042693734169006
0.478860080242157
0.4775000512599945
0.4761953353881836
0.47545090317726135
0.47440677881240845
0.47371503710746765
0.47264406085014343
0.4722311496734619
0.471589595079422
0.4709293246269226
0.47080111503601074
0.4701370894908905
0.469816654920578
0.4690496027469635
0.46861788630485535
0.4683305025100708
0.4684904217720032
0.4678126275539398
0.4674723446369171
0.4673745334148407
0.4667903482913971
0.4666271209716797
0.46650704741477966
0.46607092022895813
0.46570655703544617
0.46565085649490356
0.4651317894458771
0.46531474590301514
0.4647236466407776
0.4646104872226715
0.46436554193496704
0.4642223119735718
0.4639240503311157
0.46341249346733093
0.46322569251060486
0.46354857087135315
0.4627963602542877
0.46281617879867554
0.4626418948173523
0.4622378349304199
0.4619644284248352
0.4620985686779022
0.4615635573863983
0.4614707827568054
0.4615549147129059
0.46126723289489746
0.4610493779182434
0.4605907201766968
0.46064332127571106
0.46027618646621704
0.46025189757347107
0.46009576320648193
0.46002405881881714
0.45976701378822327
0.46042394638061523
0.4595404863357544
0.45949220657348633
0.4592168629169464
0.4594234228134155
0.45899590849876404
0.45883655548095703
0.45872431993484497
0.4587053060531616
0.45840415358543396
0.4586452543735504
0.45843929052352905
0.45813968777656555
0.458072692155838
0.4578450322151184
0.4581926763057709
0.4576459228992462
0.45742887258529663
0.45782768726348877
0.4574746787548065
0.457297146320343
0.45715975761413574
0.45688825845718384
0.4572477638721466
0.4566933214664459
0.4569271504878998
0.45754674077033997
0.4564288556575775
0.4562825858592987
0.4558538496494293
0.45628347992897034
0.45623305439949036
0.45584768056869507
0.4556962549686432
0.45602282881736755
0.4553873836994171
0.4557066857814789
0.45543336868286133
0.45553702116012573
0.4556441903114319
0.4549512565135956
0.45519664883613586
0.454617440700531
0.45467719435691833
0.4547584652900696
0.45430606603622437
0.4541759490966797
0.45420750975608826
0.4537726938724518
0.4540475308895111
0.4540175199508667
0.4544055163860321
0.45374172925949097
0.45401501655578613
0.454264760017395
0.4534812271595001
0.453959584236145
0.4529549777507782
0.4536105990409851
0.45268744230270386
0.4530441164970398
0.4530368149280548
0.4525834619998932
0.45240917801856995
0.4525536894798279
0.4523678123950958
0.4520384967327118
0.45240139961242676
0.4518476128578186
0.45239174365997314
0.4518166184425354
0.4530106782913208
0.45188814401626587
0.4519396722316742
0.4514591097831726
0.4514448046684265
0.4514390230178833
0.45145025849342346
0.4511774778366089
0.45102301239967346
0.4511226713657379
0.451302170753479
0.45087751746177673
0.45164549350738525
0.4504138231277466
0.45079368352890015
0.4507691562175751
0.45012539625167847
0.4501146972179413
0.4504398703575134
0.44975006580352783
0.4497128129005432
0.4504871368408203
0.45033425092697144
0.44953447580337524
0.4495784342288971
0.44983533024787903
0.44927507638931274
0.4494168162345886
0.4490138292312622
0.4491654932498932
0.44905030727386475
0.4492429494857788
0.44846728444099426
0.44917044043540955
0.44857239723205566
0.44847434759140015
0.44844141602516174
0.4484919607639313
0.44811445474624634
0.44847989082336426
0.4480932056903839
0.44819504022598267
0.44822171330451965
0.4480763375759125
0.4479994475841522
0.44805052876472473
0.4479607939720154
0.4479854702949524
0.44771191477775574
0.4477367103099823
0.4476608335971832
0.4479069113731384
0.44757571816444397
0.44764044880867004
0.44780758023262024
0.4473678469657898
0.4479217231273651
0.4474334120750427
0.4474624693393707
0.4473002851009369
0.44730523228645325
0.44758501648902893
0.4480120837688446
0.4471850097179413
0.4470636248588562
0.4470140337944031
0.44706517457962036
0.4470568299293518
0.447196364402771
0.4471132457256317
0.44706279039382935
0.4471031725406647
0.4468122720718384
0.4467686712741852
0.4473302960395813
0.4468387961387634
0.4468171298503876
0.4471760392189026
0.4469533860683441
0.446458101272583
0.4464719295501709
0.44646260142326355
0.4467681050300598
0.44620415568351746
0.4462969899177551
0.4462391436100006
0.4463402032852173
0.4460076093673706
0.4460501968860626
0.44600623846054077
0.44594043493270874
0.445870578289032
0.4456274211406708
0.4458143711090088
0.4458632171154022
0.44573017954826355
0.44578787684440613
0.4456133246421814
0.44536900520324707
0.4454902708530426
0.4456217885017395
0.4454297423362732
0.4458317756652832
0.4451994001865387
0.4452199935913086
0.4451504945755005
0.4450029134750366
0.44515034556388855
0.4449300765991211
0.4452233910560608
0.4450497031211853
0.44520291686058044
0.4447477161884308
0.44466590881347656
0.44473108649253845
0.44471853971481323
0.44444137811660767
0.44444042444229126
0.44442495703697205
0.44447851181030273
0.444343239068985
0.44416898488998413
0.4440765976905823
0.44442054629325867
0.44423866271972656
0.44403722882270813
0.4439980089664459
0.4438674747943878
0.4438093602657318
0.4436717629432678
0.44373518228530884
0.4435786008834839
0.4435628354549408
0.44334524869918823
0.44339606165885925
0.44322773814201355
0.44336169958114624
0.44341692328453064
0.4432145357131958
0.4431215226650238
0.44310563802719116
0.4431154727935791
0.44320157170295715
0.44301772117614746
0.44302189350128174
0.4429972767829895
0.442995548248291
0.44302085041999817
0.44304636120796204
0.4429016709327698
0.44292882084846497
0.4432663321495056
0.44282010197639465
0.4427576959133148
0.44273868203163147
0.4426769018173218
0.4428686797618866
0.4426373839378357
0.4426595866680145
0.4426320791244507
0.4425518810749054
0.442504346370697
0.44256120920181274
0.44249871373176575
0.4424460530281067
0.44250571727752686
0.4424471855163574
0.44255757331848145
0.4425477087497711
0.4426528513431549
0.44226914644241333
0.4422784447669983
0.44219970703125
0.4421849846839905
0.442214697599411
0.4421924948692322
0.4422011077404022
0.442242830991745
0.4422152042388916
0.4420497417449951
0.4420637786388397
0.4419749975204468
0.4420027732849121
0.44192788004875183
0.4419683814048767
0.44186025857925415
0.44186365604400635
0.44195014238357544
0.4418202042579651
0.4417974352836609
0.44179537892341614
0.44182103872299194
0.4416676461696625
0.44168105721473694
0.4415937662124634
0.441725492477417
0.4416341781616211
0.4417564868927002
0.4415050446987152
0.4414663016796112
0.44146353006362915
0.44139331579208374
0.44139915704727173
0.4412826597690582
0.44125431776046753
0.44129326939582825
0.44123604893684387
0.4411379396915436
0.4411332607269287
0.44118359684944153
0.44113290309906006
0.4413628876209259
0.44135648012161255
0.4410709738731384
0.44093260169029236
0.4408668875694275
0.4409092366695404
0.4409377872943878
0.4409189522266388
0.44080036878585815
0.440834105014801
0.44081610441207886
0.4407119154930115
0.44092005491256714
0.4407126307487488
0.4406890273094177
0.44067710638046265
0.44082555174827576
0.4407576322555542
0.44066697359085083
0.44054368138313293
0.4404487609863281
0.4403644800186157
0.4403563439846039
0.4403938353061676
0.44033142924308777
0.44031545519828796
0.4403401017189026
0.4403109848499298
0.44036591053009033
0.44028744101524353
0.44022876024246216
0.44026753306388855
0.4403632581233978
0.44018206000328064
0.4401927888393402
0.4402555227279663
0.4401637613773346
0.44015416502952576
0.4401363134384155
0.44009074568748474
0.44013676047325134
0.44013234972953796
0.44019314646720886
0.44005095958709717
0.44015297293663025
0.44005540013313293
0.4400414526462555
0.43998289108276367
0.43996304273605347
0.44000181555747986
0.4400440752506256
0.43992382287979126
0.4399479627609253
0.43992799520492554
0.44001951813697815
0.4399716258049011
0.43999481201171875
0.4398350119590759
0.43987610936164856
0.4398867189884186
0.4398227632045746
0.43979182839393616
0.4398229122161865
0.4397694170475006
0.4397521913051605
0.4397466480731964
0.43973490595817566
0.4397487938404083
0.43969476222991943
0.4397295117378235
0.43972867727279663
0.43965399265289307
0.4396666884422302
0.4395984709262848
0.43963193893432617
0.4395706057548523
0.43957871198654175
0.439614474773407
0.43960538506507874
0.4395606517791748
0.4395846426486969
0.439567893743515
0.4394749701023102
0.43951767683029175
0.43948495388031006
0.4394843280315399
0.43951693177223206
0.43945392966270447
0.4394151568412781
0.43938493728637695
0.4394831955432892
0.43938586115837097
0.4393675923347473
0.43931254744529724
0.4393163025379181
0.43932878971099854
0.4393354654312134
0.43931514024734497
0.4392937421798706
0.4392731487751007
0.4392586946487427
0.4392082691192627
0.43922901153564453
0.4392346441745758
0.4391936659812927
0.4392281174659729
0.43916231393814087
0.43925464153289795
0.4391155242919922
0.4391830861568451
0.43909740447998047
0.4390921890735626
0.43907251954078674
0.43910300731658936
0.43906283378601074
0.43903088569641113
0.43900394439697266
0.43897122144699097
0.43904489278793335
0.4389852285385132
0.4390237331390381
0.43895357847213745
0.4388839900493622
0.43886682391166687
0.438860684633255
0.4388679563999176
0.438888818025589
0.4388355314731598
0.4388423264026642
0.43892553448677063
0.43878427147865295
0.43880125880241394
0.4388578534126282
0.4387899339199066
0.4388029873371124
0.4387998580932617
0.4387667179107666
0.43876779079437256
0.4387802481651306
0.4387516677379608
0.4387427270412445
0.4387650489807129
0.4387570023536682
0.4387142062187195
0.43872368335723877
0.43871384859085083
0.4387122094631195
0.4387144446372986
0.43869709968566895
0.4387024939060211
0.43869906663894653
0.43865740299224854
0.43865418434143066
0.4386436343193054
0.43862438201904297
0.43865275382995605
0.4386207163333893
0.4386172294616699
0.43860745429992676
0.4386274814605713
0.43860411643981934
0.43861016631126404
0.43859729170799255
0.4385643005371094
0.43861958384513855
0.4385721683502197
0.43855395913124084
0.4385378658771515
0.43854549527168274
0.4385327398777008
0.4385734796524048
0.4385034143924713
0.4385383427143097
0.43851426243782043
0.43850699067115784
0.4384990632534027
0.43848830461502075
0.43845134973526
0.4384753406047821
0.43845993280410767
0.43843749165534973
0.4384494125843048
0.4384428858757019
0.43841975927352905
0.4384880065917969
0.438422292470932
0.4384419322013855
0.4384329915046692
0.4384085536003113
0.4384016692638397
0.43837204575538635
0.43836864829063416
0.4383630156517029
0.43834710121154785
0.43836280703544617
0.43841949105262756
0.4383431077003479
0.43835264444351196
0.43829941749572754
0.438305526971817
0.43832117319107056
0.43828722834587097
0.438301146030426
0.43826982378959656
0.43826985359191895
0.4382786750793457
0.43825218081474304
0.43827059864997864
0.43827706575393677
0.4382544159889221
0.4382381737232208
0.4382792115211487
0.4381907880306244
0.43822768330574036
0.4382038414478302
0.43821680545806885
0.438209593296051
0.4382305145263672
0.4381698668003082
0.43818387389183044
0.43819889426231384
0.4381246566772461
0.43813571333885193
0.43811309337615967
0.43811848759651184
0.4381199777126312
0.4381095767021179
0.4381217956542969
0.43811509013175964
0.4380926489830017
0.43812480568885803
0.43812498450279236
0.4381104111671448
0.438082754611969
0.43812161684036255
0.43810710310935974
0.4380785822868347
0.43805989623069763
0.43807440996170044
0.4380771517753601
0.43804699182510376
0.4380943775177002
0.43804803490638733
0.43806225061416626
0.4380342960357666
0.4380815029144287
0.43805214762687683
0.4380316138267517
0.4380320906639099
0.4380272924900055
0.43802300095558167
0.43801480531692505
0.43803057074546814
0.43803292512893677
0.43801116943359375
0.438008576631546
0.43801349401474
0.43799370527267456
0.4379954934120178
0.4380115270614624
0.4380131661891937
0.4379771649837494
0.4379749894142151
0.43796640634536743
0.43796539306640625
0.4379626214504242
0.4379900395870209
0.43795040249824524
0.4379526376724243
0.4379594922065735
0.4379483461380005
0.43794989585876465
0.4379422962665558
0.43793535232543945
0.43796923756599426
0.4379267990589142
0.4379231333732605
0.4379156231880188
0.4379318356513977
0.4379172623157501
0.4379156231880188
0.4379092752933502
0.4379095137119293
0.43790629506111145
0.43794459104537964
0.43789544701576233
0.43789348006248474
0.43789181113243103
0.4378865361213684
0.43788599967956543
0.4378862679004669
0.43787768483161926
0.43787652254104614
0.43789058923721313
0.43786701560020447
0.43787187337875366
0.43786323070526123
0.43788206577301025
0.4378477931022644
0.43785402178764343
0.43784573674201965
0.43783092498779297
0.4378334581851959
0.4378407299518585
0.4378274381160736
0.4378502666950226
0.43783026933670044
0.43786904215812683
0.43782564997673035
0.437813401222229
0.43782296776771545
0.4378049075603485
0.43781939148902893
0.43780750036239624
0.4378112554550171
0.4378082752227783
0.43778979778289795
0.4378112554550171
0.43779560923576355
0.4377863109111786
0.4377901256084442
0.4377736449241638
0.4377744197845459
0.4377689063549042
0.4377754330635071
0.43776583671569824
0.4377582371234894
0.4377624988555908
0.4377637803554535
0.43775370717048645
0.43775567412376404
0.4377591013908386
0.43775466084480286
0.4377512037754059
0.4377456307411194
0.43774768710136414
0.4377431273460388
0.43774452805519104
0.43774837255477905
0.4377393424510956
0.4377419054508209
0.4377423822879791
0.437734454870224
0.437735915184021
0.4377400279045105
0.43773353099823
0.4377557635307312
0.4377283453941345
0.43772727251052856
0.43772560358047485
0.4377287030220032
0.4377231299877167
0.437724232673645
0.4377416670322418
0.4377213716506958
0.4377240836620331
0.43772023916244507
0.43772464990615845
0.43771836161613464
0.4377288222312927
0.4377177953720093
0.43771296739578247
0.4377102553844452
0.4377088248729706
0.43771588802337646
0.4377381205558777
0.4377007782459259
0.43770381808280945
0.43770065903663635
0.4377126395702362
0.4376978278160095
0.43770191073417664
0.4376949369907379
0.4376898407936096
0.4376972019672394
0.4377024471759796
0.4376879930496216
0.43769702315330505
0.4376932382583618
0.437684029340744
0.43768906593322754
0.4376846253871918
0.43768763542175293
0.43767622113227844
0.437680184841156
0.43768301606178284
0.4376711845397949
0.4376745820045471
0.4376847445964813
0.43769097328186035
0.4376688599586487
0.43767571449279785
0.43766969442367554
0.4376707077026367
0.43766456842422485
0.4376678764820099
0.43766406178474426
0.4376573860645294
0.43767860531806946
0.43766164779663086
0.4376518130302429
0.4376530349254608
0.4376540184020996
0.43765199184417725
0.4376552700996399
0.437671035528183
0.43764591217041016
0.43764543533325195
0.43764856457710266
0.4376676678657532
0.43764814734458923
0.43765419721603394
0.4376367926597595
0.43763959407806396
0.437632292509079
0.4376401901245117
0.43763497471809387
0.4376424551010132
0.4376346468925476
0.4376419186592102
0.4376283884048462
0.4376254677772522
0.43761906027793884
0.43762102723121643
0.43761882185935974
0.4376181662082672
0.4376223385334015
0.4376179277896881
0.43761783838272095
0.43761566281318665
0.43761521577835083
0.4376150965690613
0.4376126825809479
0.4376142621040344
0.4376141428947449
0.4376237392425537
0.43761056661605835
0.4376099407672882
0.4376121461391449
0.43761149048805237
0.43760964274406433
0.43760478496551514
0.4376072585582733
0.43760520219802856
0.4376058280467987
0.4376094937324524
0.4376102387905121
0.43760859966278076
0.4376014173030853
0.4376034140586853
0.4376012086868286
0.4376000463962555
0.4376012086868286
0.43759793043136597
0.43760183453559875
0.43759992718696594
0.437600702047348
0.43759599328041077
0.4375956356525421
0.4375973343849182
0.4375944137573242
0.43759527802467346
0.43759438395500183
0.4375920593738556
0.43759244680404663
0.4375900626182556
0.4376048743724823
0.4375953674316406
0.43758901953697205
0.43759408593177795
0.43759065866470337
0.43759283423423767
0.4375928044319153
0.43758392333984375
0.43759027123451233
0.43758347630500793
0.43758106231689453
0.437582403421402
0.43758341670036316
0.43758073449134827
0.4375811219215393
0.43758246302604675
0.4375804364681244
0.43758437037467957
0.4375789761543274
0.4375772178173065
0.43758293986320496
0.4375758767127991
0.43757516145706177
0.437575101852417
0.43757128715515137
0.437581330537796
0.4375724494457245
0.43757161498069763
0.43757620453834534
0.43757084012031555
0.4375685453414917
0.43756750226020813
0.43757572770118713
0.4375714659690857
0.43757227063179016
0.43757104873657227
0.437563955783844
0.4375661313533783
0.43757164478302
0.4375654458999634
0.43756598234176636
0.43756410479545593
0.43756797909736633
0.43756112456321716
0.4375622868537903
0.4375607669353485
0.43755751848220825
0.4375569522380829
0.4375573396682739
0.43756091594696045
0.43755877017974854
0.43755650520324707
0.43755972385406494
0.4375521242618561
0.43755972385406494
0.43754908442497253
0.43754926323890686
0.4375477433204651
0.43754804134368896
0.4375545382499695
0.4375497102737427
0.43754592537879944
0.4375455379486084
0.4375457763671875
0.4375472664833069
0.4375442564487457
0.43754422664642334
0.4375455379486084
0.43754488229751587
0.4375433325767517
0.43754538893699646
0.43754202127456665
0.4375409781932831
0.4375424385070801
0.43754079937934875
0.4375411570072174
0.43754202127456665
0.43754011392593384
0.43754300475120544
0.4375390410423279
0.4375394582748413
0.4375392198562622
0.4375380575656891
0.4375404417514801
0.4375392198562622
0.4375383257865906
0.4375397861003876
0.43753933906555176
0.43753814697265625
0.4375365972518921
0.43753522634506226
0.4375377595424652
0.4375374913215637
0.43753859400749207
0.4375338554382324
0.4375331699848175
0.43753352761268616
0.4375334680080414
0.43753305077552795
0.43753284215927124
0.43753594160079956
0.4375312626361847
0.4375321567058563
0.43753424286842346
0.43753162026405334
0.43753230571746826
0.43752944469451904
0.4375290870666504
0.43753165006637573
0.4375293552875519
0.43752825260162354
0.43752697110176086
0.43752768635749817
0.4375283718109131
0.43752625584602356
0.43752622604370117
0.4375266134738922
0.4375259280204773
0.4375291168689728
0.4375268220901489
0.437524676322937
0.43752333521842957
0.4375266432762146
0.43752390146255493
0.4375225305557251
0.43752339482307434
0.43752485513687134
0.4375232458114624
0.4375217854976654
0.43752360343933105
0.43752050399780273
0.4375218152999878
0.4375208616256714
0.43752026557922363
0.43752044439315796
0.4375190734863281
0.4375191628932953
0.4375191926956177
0.4375181496143341
0.4375179409980774
0.43752047419548035
0.437517374753952
0.43751636147499084
0.43751558661460876
0.4375189244747162
0.4375155568122864
0.4375162422657013
0.4375157356262207
0.4375142455101013
0.43751415610313416
0.4375148117542267
0.4375151991844177
0.43751394748687744
0.43751299381256104
0.4375121593475342
0.43751147389411926
0.43751007318496704
0.437509685754776
0.43751007318496704
0.4375093877315521
0.43751060962677
0.4375096261501312
0.43751025199890137
0.4375097453594208
0.43750837445259094
0.43750929832458496
0.43750861287117004
0.43750831484794617
0.43750810623168945
0.4375079572200775
0.43750813603401184
0.43750691413879395
0.4375069737434387
0.4375069737434387
0.43750640749931335
0.43750759959220886
0.43750670552253723
0.43750670552253723
0.4375065863132477
0.43750637769699097
0.43750643730163574
0.4375052750110626
0.437505841255188
0.43750646710395813
0.43750467896461487
0.43750661611557007
0.4375046491622925
0.4375051259994507
0.43750423192977905
0.43750378489494324
0.4375036954879761
0.43750378489494324
0.43750494718551636
0.4375033676624298
0.4375030994415283
0.4375026524066925
0.43750280141830444
0.4375022053718567
0.4375026524066925
0.43750256299972534
0.4375036656856537
0.4375016391277313
0.43750184774398804
0.43750298023223877
0.43750184774398804
0.43750301003456116
0.4375007152557373
0.43750089406967163
0.4375000298023224
0.4375004470348358
0.4375016987323761
0.43750011920928955
0.43750083446502686
0.43749988079071045
0.43749934434890747
0.437499076128006
0.43749934434890747
0.4374992549419403
0.4375000596046448
0.437498539686203
0.43749865889549255
0.43749871850013733
0.437498539686203
0.437499463558197
0.4374980926513672
0.4374977946281433
0.43749773502349854
0.43749672174453735
0.43749767541885376
0.437497079372406
0.43749672174453735
0.43749693036079407
0.43749624490737915
0.43749773502349854
0.43749529123306274
0.43749621510505676
0.4374958574771881
0.4374953508377075
0.437495619058609
0.4374959468841553
0.4374963939189911
0.4374946057796478
0.4374954104423523
0.43749475479125977
0.43749383091926575
0.4374940097332001
0.43749383091926575
0.43749457597732544
0.43749329447746277
0.43749409914016724
0.4374924302101135
0.4374921917915344
0.4374938905239105
0.43749213218688965
0.4374939799308777
0.4374917149543762
0.43749111890792847
0.4374910295009613
0.4374909996986389
0.43749159574508667
0.43749088048934937
0.4374907314777374
0.43749120831489563
0.4374907910823822
0.43749022483825684
0.437490314245224
0.4374902844429016
0.4374900758266449
0.4374902546405792
0.43749067187309265
0.43748998641967773
0.4374898374080658
0.4374903738498688
0.43749046325683594
0.43748939037323
0.43748942017555237
0.43748965859413147
0.43748947978019714
0.4374895691871643
0.4374890923500061
0.43748903274536133
0.43748900294303894
0.4374889135360718
0.43748897314071655
0.4374887943267822
0.437488853931427
0.4374884366989136
0.43748870491981506
0.4374881982803345
0.4374883472919464
0.4374889135360718
0.4374886155128479
0.43748822808265686
0.4374881684780121
0.4374878406524658
0.43748754262924194
0.43748748302459717
0.43748942017555237
0.43748846650123596
0.4374873638153076
0.43748730421066284
0.4374876022338867
0.43748706579208374
0.43748754262924194
0.43748754262924194
0.43748679757118225
0.43748676776885986
0.4374867379665375
0.4374866783618927
0.4374861717224121
0.43748629093170166
0.4374861419200897
0.4374871551990509
0.43748629093170166
0.43748679757118225
0.4374856948852539
0.4374857544898987
0.4374854564666748
0.43748587369918823
0.43748602271080017
0.4374864399433136
0.4374851882457733
0.43748530745506287
0.4374852478504181
0.4374849200248718
0.4374849200248718
0.43748536705970764
0.4374846816062927
0.4374847412109375
0.43748506903648376
0.4374845623970032
0.43748483061790466
0.4374847114086151
0.4374842345714569
0.4374842047691345
0.43748411536216736
0.4374838173389435
0.4374849200248718
0.4374838173389435
0.4374843239784241
0.43748369812965393
0.43748340010643005
0.43748390674591064
0.4374837577342987
0.43748342990875244
0.43748319149017334
0.437483012676239
0.43748319149017334
0.4374830722808838
0.43748387694358826
0.4374830722808838
0.4374825954437256
0.43748316168785095
0.4374825060367584
0.43748268485069275
0.43748190999031067
0.43748196959495544
0.43748199939727783
0.43748167157173157
0.4374820291996002
0.4374816119670868
0.4374816119670868
0.43748167157173157
0.437481552362442
0.4374818503856659
0.4374813139438629
0.4374813735485077
0.43748149275779724
0.4374813437461853
0.4374813139438629
0.43748196959495544
0.43748122453689575
0.43748122453689575
0.4374811351299286
0.43748146295547485
0.4374811351299286
0.43748095631599426
0.4374808371067047
0.43748077750205994
0.43748173117637634
0.4374806880950928
0.43748071789741516
0.43748074769973755
0.437480628490448
0.4374803900718689
0.43748053908348083
0.43748050928115845
0.43748047947883606
0.43748050928115845
0.43748027086257935
0.43748030066490173
0.437480628490448
0.437480092048645
0.4374803304672241
0.437480092048645
0.43748000264167786
0.4374798834323883
0.43748021125793457
0.4374799430370331
0.437479704618454
0.4374810457229614
0.437479704618454
0.43748006224632263
0.43747958540916443
0.437479704618454
0.43747979402542114
0.4374805986881256
0.4374793767929077
0.4374796152114868
0.4374794363975525
0.4374794661998749
0.43747958540916443
0.43747928738594055
0.4374793767929077
0.43747904896736145
0.4374794661998749
0.43747904896736145
0.4374789595603943
0.4374793469905853
0.4374789893627167
0.43747907876968384
0.43747901916503906
0.43747904896736145
0.4374793469905853
0.43747878074645996
0.4374786615371704
0.4374788999557495
0.43747884035110474
0.43747851252555847
0.43747857213020325
0.43747860193252563
0.43747854232788086
0.4374783933162689
0.4374786913394928
0.43747851252555847
0.4374784231185913
0.437478244304657
0.4374780058860779
0.4374782145023346
0.43747827410697937
0.4374780058860779
0.4374781847000122
0.43747785687446594
0.4374779164791107
0.4374780058860779
0.43747779726982117
0.43747779726982117
0.4374779164791107
0.4374779462814331
0.4374776780605316
0.4374774992465973
0.43747755885124207
0.4374776780605316
0.4374774098396301
0.43747788667678833
0.43747714161872864
0.4374772608280182
0.4374772012233734
0.4374770522117615
0.43747714161872864
0.43747708201408386
0.4374769628047943
0.4374769330024719
0.4374772310256958
0.4374772310256958
0.4374769330024719
0.4374769926071167
0.4374769330024719
0.43747690320014954
0.4374769926071167
0.4374768137931824
0.43747687339782715
0.43747678399086
0.43747687339782715
0.4374767243862152
0.4374767243862152
0.43747666478157043
0.43747660517692566
0.43747663497924805
0.4374768137931824
0.43747660517692566
0.4374765455722809
0.4374764561653137
0.4374766945838928
0.43747660517692566
0.4374765455722809
0.4374764561653137
0.43747639656066895
0.4374764859676361
0.43747633695602417
0.43747633695602417
0.4374765455722809
0.4374762773513794
0.43747636675834656
0.4374764561653137
0.43747633695602417
0.4374762773513794
0.43747615814208984
0.4374762177467346
0.4374762773513794
0.43747615814208984
0.43747636675834656
0.43747618794441223
0.43747609853744507
0.4374763071537018
0.43747612833976746
0.4374760389328003
0.4374759793281555
0.4374760389328003
0.43747594952583313
0.43747591972351074
0.43747588992118835
0.43747594952583313
0.43747586011886597
0.43747609853744507
0.43747588992118835
0.4374758303165436
0.43747594952583313
0.43747565150260925
0.43747586011886597
0.4374758005142212
0.43747588992118835
0.4374755322933197
0.43747568130493164
0.43747568130493164
0.4374758005142212
0.4374754726886749
0.4374755322933197
0.43747594952583313
0.4374754726886749
0.43747544288635254
0.43747541308403015
0.4374755918979645
0.4374754726886749
0.43747588992118835
0.4374753534793854
0.437475323677063
0.43747541308403015
0.43747544288635254
0.4374752342700958
0.4374754726886749
0.4374753534793854
0.43747520446777344
0.4374752342700958
0.43747514486312866
0.4374751150608063
0.43747538328170776
0.4374751150608063
0.4374752342700958
0.43747517466545105
0.4374750256538391
0.4374750554561615
0.43747496604919434
0.43747496604919434
0.43747493624687195
0.43747490644454956
0.43747490644454956
0.4374748766422272
0.43747478723526
0.4374748170375824
0.43747490644454956
0.43747490644454956
0.43747478723526
0.43747466802597046
0.43747469782829285
0.43747472763061523
0.43747469782829285
0.4374747574329376
0.43747478723526
0.4374746084213257
0.43747469782829285
0.4374745786190033
0.4374746084213257
0.43747463822364807
0.4374746084213257
0.4374745488166809
0.43747463822364807
0.4374745786190033
0.4374745190143585
0.4374745190143585
0.4374746084213257
0.4374745190143585
0.4374745190143585
0.43747448921203613
0.4374745190143585
0.4374745190143585
0.4374745488166809
0.4374745190143585
0.43747445940971375
0.43747445940971375
0.43747445940971375
0.43747448921203613
0.43747448921203613
0.43747442960739136
0.43747439980506897
0.4374743700027466
0.43747439980506897
0.4374743700027466
0.43747439980506897
0.4374743700027466
0.4374743700027466
0.43747439980506897
0.43747439980506897
0.43747439980506897
0.4374743103981018
0.43747425079345703
0.4374743402004242
0.4374743402004242
0.43747425079345703
0.4374742805957794
0.4374743103981018
0.4374743103981018
0.43747425079345703
0.4374742805957794
0.43747422099113464
0.43747422099113464
0.43747422099113464
0.43747425079345703
0.43747425079345703
0.43747419118881226
0.43747422099113464
0.43747419118881226
0.4374741315841675
0.4374741017818451
0.43747422099113464
0.4374741315841675
0.4374740719795227
0.4374740421772003
0.4374741017818451
0.4374740719795227
0.4374740421772003
0.4374740421772003
0.4374740421772003
0.4374740719795227
0.4374740719795227
0.43747401237487793
0.4374741017818451
0.43747398257255554
0.43747398257255554
0.43747401237487793
0.43747398257255554
0.43747392296791077
0.43747395277023315
0.43747392296791077
0.4374738931655884
0.4374738931655884
0.4374741017818451
0.4374738931655884
0.43747395277023315
0.4374738931655884
0.437473863363266
0.4374738931655884
0.437473863363266
0.4374738931655884
0.4374738931655884
0.43747377395629883
0.4374738335609436
0.4374738037586212
0.43747371435165405
0.43747377395629883
0.4374738037586212
0.43747377395629883
0.43747371435165405
0.437473863363266
0.43747368454933167
0.43747377395629883
0.43747374415397644
0.43747371435165405
0.43747377395629883
0.4374738037586212
0.4374738931655884
0.4374738037586212
0.43747374415397644
0.4374736547470093
0.4374736249446869
0.43747368454933167
0.43747368454933167
0.43747374415397644
0.4374735951423645
0.4374736547470093
0.4374736249446869
