0.6915918588638306
0.6719114184379578
0.6399649977684021
0.5787611603736877
0.4962920844554901
0.4354892075061798
0.3968653678894043
0.3773820102214813
0.36234480142593384
0.3511122167110443
0.35167038440704346
0.3430001139640808
0.3373936414718628
0.3338184952735901
0.33178988099098206
0.3284052610397339
0.3264061212539673
0.32761281728744507
0.3213171362876892
0.317139595746994
0.31700679659843445
0.3210441470146179
0.31247422099113464
0.31420329213142395
0.30927345156669617
0.308590829372406
0.3085951805114746
0.30640408396720886
0.3038848042488098
0.3032129108905792
0.30008140206336975
0.29987987875938416
0.29947808384895325
0.2913150191307068
0.2922903001308441
0.28966057300567627
0.290865957736969
0.2878358066082001
0.2845990061759949
0.2817477583885193
0.27889373898506165
0.2813795506954193
0.2835153341293335
0.2761881947517395
0.27745723724365234
0.2722376585006714
0.26988542079925537
0.27340736985206604
0.2692423462867737
0.26923924684524536
0.2673357427120209
0.27610260248184204
0.2664359211921692
0.2629653215408325
0.25951504707336426
0.25947171449661255
0.2694448232650757
0.265145480632782
0.2628880441188812
0.2566628158092499
0.25217562913894653
0.25572359561920166
0.25919488072395325
0.25143957138061523
0.2501455545425415
0.2451867163181305
0.2461555153131485
0.2419937252998352
0.2426902949810028
0.23955264687538147
0.23926500976085663
0.24132373929023743
0.2381855547428131
0.24422432482242584
0.23795343935489655
0.23869937658309937
0.2333030104637146
0.23260276019573212
0.23211105167865753
0.23551182448863983
0.23252707719802856
0.2283366173505783
0.23441538214683533
0.22687214612960815
0.22254347801208496
0.22614002227783203
0.224472314119339
0.21765178442001343
0.21935440599918365
0.22045062482357025
0.21764670312404633
0.21268413960933685
0.213726207613945
0.21418794989585876
0.21119318902492523
0.20825670659542084
0.20736348628997803
0.21136431396007538
0.20521602034568787
0.20456603169441223
0.21053466200828552
0.21153196692466736
0.20676876604557037
0.20655566453933716
0.20145565271377563
0.20213311910629272
0.20299087464809418
0.19859108328819275
0.1988014131784439
0.20152917504310608
0.19552578032016754
0.19514593482017517
0.1963411271572113
0.1933605968952179
0.19231636822223663
0.1904102861881256
0.1916467547416687
0.2003653645515442
0.19079822301864624
0.19466248154640198
0.189406618475914
0.19126275181770325
0.19733615219593048
0.20324242115020752
0.19211529195308685
0.19172440469264984
0.18962079286575317
0.18502391874790192
0.18846063315868378
0.18370024859905243
0.18384763598442078
0.19031110405921936
0.1810450702905655
0.18520836532115936
0.22401385009288788
0.18165810406208038
0.18266332149505615
0.1822245866060257
0.1776352822780609
0.17605820298194885
0.17992088198661804
0.1777321994304657
0.18253310024738312
0.17789725959300995
0.18040671944618225
0.17741987109184265
0.1736171543598175
0.17862467467784882
0.17841073870658875
0.1715357005596161
0.17505702376365662
0.1760982722043991
0.17663075029850006
0.17340362071990967
0.1714341789484024
0.1695885956287384
0.16939209401607513
0.1680900603532791
0.16884493827819824
0.17921651899814606
0.17377175390720367
0.17795594036579132
0.1676182895898819
0.16797533631324768
0.16538356244564056
0.16380274295806885
0.17817717790603638
0.16478043794631958
0.16572697460651398
0.17227190732955933
0.16888679563999176
0.1626012772321701
0.16415245831012726
0.1783042550086975
0.16893285512924194
0.16529428958892822
0.16783778369426727
0.16705338656902313
0.15851990878582
0.1586894392967224
0.1592775136232376
0.1649215668439865
0.15709348022937775
0.15732316672801971
0.1656084954738617
0.16066329181194305
0.15954409539699554
0.15546484291553497
0.16074375808238983
0.1581440269947052
0.15507936477661133
0.15843743085861206
0.15384890139102936
0.15875989198684692
0.1573597639799118
0.1522047072649002
0.15242435038089752
0.15498435497283936
0.15024220943450928
0.15863020718097687
0.14780621230602264
0.155668705701828
0.14786602556705475
0.1466999351978302
0.14904047548770905
0.14706842601299286
0.1475149691104889
0.14762252569198608
0.14801788330078125
0.15204113721847534
0.15160414576530457
0.16026021540164948
0.15800034999847412
0.14650657773017883
0.14561203122138977
0.14252282679080963
0.14319992065429688
0.1652338057756424
0.1546141356229782
0.1428292989730835
0.14129461348056793
0.14544253051280975
0.14208903908729553
0.1514308601617813
0.15133367478847504
0.15001919865608215
0.14548754692077637
0.1419191062450409
0.1475142389535904
0.14181528985500336
0.13751554489135742
0.14092810451984406
0.14301596581935883
0.1391889452934265
0.14220885932445526
0.14668245613574982
0.14068055152893066
0.15246228873729706
0.14374302327632904
0.1378697156906128
0.13616210222244263
0.13787208497524261
0.13992325961589813
0.13548709452152252
0.13749150931835175
0.13120613992214203
0.13767647743225098
0.13410727679729462
0.13144129514694214
0.12796509265899658
0.1271955817937851
0.12793612480163574
0.12971502542495728
0.12788310647010803
0.13830755650997162
0.14733879268169403
0.13725677132606506
0.14564602077007294
0.132751002907753
0.13089703023433685
0.12732920050621033
0.13210898637771606
0.15344826877117157
0.14524132013320923
0.13687564432621002
0.13142749667167664
0.1306331306695938
0.12947160005569458
0.13441863656044006
0.15734024345874786
0.17165042459964752
0.15676173567771912
0.1396862417459488
0.12898683547973633
0.12930454313755035
0.12827186286449432
0.12887042760849
0.14354754984378815
0.12878644466400146
0.1289535015821457
0.12388497591018677
0.12006507813930511
0.12082254141569138
0.12473465502262115
0.11874730885028839
0.11671414971351624
0.11820674687623978
0.12091369926929474
0.12134838104248047
0.11720216274261475
0.11745397746562958
0.12137012928724289
0.11709364503622055
0.12245994806289673
0.12600471079349518
0.13351768255233765
0.14163999259471893
0.12996697425842285
0.12125498801469803
0.1176203042268753
0.12284073233604431
0.12188293784856796
0.11351640522480011
0.11433444172143936
0.11400075256824493
0.11567594856023788
0.11388392746448517
0.11412739753723145
0.11176636070013046
0.11201650649309158
0.11311984062194824
0.11370894312858582
0.1111569032073021
0.11107207834720612
0.1182713583111763
0.1275838315486908
0.11114374548196793
0.11157193779945374
0.10966100543737411
0.10832025855779648
0.10815085470676422
0.11307047307491302
0.10750080645084381
0.11022630333900452
0.12336117774248123
0.11765198409557343
0.10795443505048752
0.11482355743646622
0.11097850650548935
0.10354151576757431
0.1047719269990921
0.10362961143255234
0.10191431641578674
0.10633034259080887
0.10066073387861252
0.1067839190363884
0.10429453104734421
0.10616287589073181
0.10508185625076294
0.11052440851926804
0.10258906334638596
0.10456717014312744
0.1027996838092804
0.10807621479034424
0.10336773097515106
0.10385539382696152
0.10505809634923935
0.10373470932245255
0.10994905978441238
0.10786642134189606
0.10450157523155212
0.10939711332321167
0.12860152125358582
0.13463692367076874
0.10415469110012054
0.10489651560783386
0.1007092073559761
0.10072559863328934
0.10034913569688797
0.09939859807491302
0.10427962988615036
0.11447614431381226
0.12097090482711792
0.13096259534358978
0.10966803878545761
0.10605400800704956
0.10339399427175522
0.10051712393760681
0.09800416976213455
0.09712725132703781
0.0931539386510849
0.09368564188480377
0.09341397136449814
0.09384005516767502
0.09476076066493988
0.09845675528049469
0.0917908176779747
0.09747115522623062
0.09686577320098877
0.09401410818099976
0.09451740980148315
0.09930704534053802
0.11363916099071503
0.10481511056423187
0.09703219681978226
0.09243406355381012
0.09404871612787247
0.09436607360839844
0.09745839983224869
0.10204018652439117
0.09203051775693893
0.09300621598958969
0.09558851271867752
0.09961190819740295
0.09166255593299866
0.08938378840684891
0.08797115087509155
0.09194942563772202
0.09649698436260223
0.08848801255226135
0.08824540674686432
0.0853295773267746
0.0849858745932579
0.0856742113828659
0.08679360896348953
0.0933622270822525
0.08939459919929504
0.09799924492835999
0.1118142306804657
0.09006267040967941
0.10615238547325134
0.10049647837877274
0.09567037224769592
0.094886414706707
0.09988686442375183
0.1610129475593567
0.13470466434955597
0.1062837466597557
0.0920916348695755
0.08699394017457962
0.0836862176656723
0.08399181067943573
0.0866992399096489
0.08177933096885681
0.08095289766788483
0.08124183863401413
0.0855984166264534
0.08395402878522873
0.08349671214818954
0.07898380607366562
0.08160750567913055
0.08617471158504486
0.08271672576665878
0.08996536582708359
0.0854441374540329
0.08629612624645233
0.08175571262836456
0.08161382377147675
0.08439691364765167
0.08231544494628906
0.08039768040180206
0.07749999314546585
0.07838787138462067
0.07537946850061417
0.07386553287506104
0.0763063132762909
0.07819778472185135
0.07775687426328659
0.07619278132915497
0.07935640215873718
0.07685279101133347
0.07502906024456024
0.07660846412181854
0.0915321409702301
0.10931369662284851
0.11168215423822403
0.14127632975578308
0.12484591454267502
0.1277763396501541
0.21904759109020233
0.1138542965054512
0.09964556246995926
0.09175713360309601
0.08489998430013657
0.08918698877096176
0.0836639255285263
0.08901703357696533
0.08572088181972504
0.0790480375289917
0.07763754576444626
0.08034762740135193
0.07831130921840668
0.07751535624265671
0.07556971162557602
0.07309458404779434
0.07180768251419067
0.07325392216444016
0.0713488906621933
0.07213079929351807
0.07081448286771774
0.07404014468193054
0.06946234405040741
0.07088781893253326
0.07066509127616882
0.0687170922756195
0.06758014857769012
0.06982512027025223
0.06877297163009644
0.06719684600830078
0.0663544237613678
0.0669064149260521
0.06668724119663239
0.06739038228988647
0.07948058843612671
0.07808749377727509
0.06962180137634277
0.06659306585788727
0.06746712327003479
0.07466292381286621
0.06629282981157303
0.0700804591178894
0.06508083641529083
0.0682840645313263
0.06471826136112213
0.0628625825047493
0.06476464867591858
0.06334072351455688
0.06329859793186188
0.06364774703979492
0.06187396124005318
0.0618593692779541
0.06151566281914711
0.06205204501748085
0.07071927189826965
0.0890076532959938
0.11250988394021988
0.1603822410106659
0.07753808051347733
0.08196499943733215
0.08085043728351593
0.06881836801767349
0.06921570003032684
0.07767178118228912
0.07592286169528961
0.06966582685709
0.06274869292974472
0.05972853675484657
0.06132280081510544
0.06511504203081131
0.06786099821329117
0.061141569167375565
0.06111139804124832
0.05944126844406128
0.060800451785326004
0.06826480478048325
0.06256037950515747
0.05685196816921234
0.05685407295823097
0.05547004193067551
0.0539277158677578
0.055496327579021454
0.05323511362075806
0.05509335175156593
0.06197487190365791
0.06334525346755981
0.05583980679512024
0.054398465901613235
0.05289270728826523
0.05419837310910225
0.055233463644981384
0.05493180826306343
0.05376512557268143
0.05618352070450783
0.0591275691986084
0.07439365237951279
0.0801328495144844
0.08021186292171478
0.07801297307014465
0.06545400619506836
0.0735955461859703
0.0669783279299736
0.06456000357866287
0.06820947676897049
0.08780799806118011
0.10026684403419495
0.10719381272792816
0.10411343723535538
0.09666235744953156
0.09109587222337723
0.06879432499408722
0.06651051342487335
0.06353200972080231
0.05767045542597771
0.058171071112155914
0.05163339525461197
0.053675077855587006
0.05181175097823143
0.051369331777095795
0.05697832629084587
0.054402537643909454
0.048403576016426086
0.047176510095596313
0.044397685676813126
0.04566201940178871
0.045986372977495193
0.047164179384708405
0.0446871742606163
0.04963048920035362
0.0515076220035553
0.046599145978689194
0.04546778276562691
0.04396050423383713
0.045858558267354965
0.045435287058353424
0.04406701400876045
0.04095420986413956
0.04270518571138382
0.04884178936481476
0.04492348060011864
0.04890153557062149
0.04328257963061333
0.041439324617385864
0.04098611697554588
0.041609957814216614
0.039441149681806564
0.05406045541167259
0.046766288578510284
0.041087180376052856
0.039388928562402725
0.04046706110239029
0.037076789885759354
0.03878262639045715
0.03641856089234352
0.036808356642723083
0.03608023747801781
0.041915006935596466
0.03974654898047447
0.03744019567966461
0.03861694782972336
0.03877142071723938
0.038843803107738495
0.042098648846149445
0.05023450404405594
0.07539370656013489
0.10376770049333572
0.0945417582988739
0.12661544978618622
0.17487581074237823
0.20057536661624908
0.09649789333343506
0.116416797041893
0.08066808432340622
0.06977976113557816
0.06006816402077675
0.058970026671886444
0.052075739949941635
0.05025884136557579
0.04821057617664337
0.05437825620174408
0.05149674043059349
0.06090950965881348
0.05197593569755554
0.04911774396896362
0.047288019210100174
0.046679262071847916
0.04103206843137741
0.04611719399690628
0.04649413004517555
0.040020108222961426
0.039744507521390915
0.04030192643404007
0.04241276532411575
0.036320846527814865
0.03372649848461151
0.033975955098867416
0.03215251863002777
0.032510146498680115
0.03342139348387718
0.032019805163145065
0.030066823586821556
0.03216826915740967
0.0331089049577713
0.03133844584226608
0.03350113332271576
0.0340462289750576
0.033770088106393814
0.03205101564526558
0.03060673363506794
0.03654968738555908
0.04521062225103378
0.03640000894665718
0.06958615779876709
0.048848774284124374
0.052911076694726944
0.06226320564746857
0.051816802471876144
0.04997839778661728
0.05679500102996826
0.0720394179224968
0.060792263597249985
0.04752717912197113
0.032408397644758224
0.033977821469306946
0.03261059150099754
0.029833294451236725
0.029884211719036102
0.032103173434734344
0.03206143155694008
0.028503164649009705
0.027764994651079178
0.028871947899460793
0.027961473912000656
0.027272164821624756
0.02546311542391777
0.026073869317770004
0.026253892108798027
0.025320980697870255
0.02556081861257553
0.030577989295125008
0.02731671929359436
0.030227869749069214
0.0318630188703537
0.030532412230968475
0.027123963460326195
0.028778158128261566
0.03373683989048004
0.027325550094246864
0.02674148418009281
0.030493207275867462
0.028135154396295547
0.036609821021556854
0.029979053884744644
0.02850673720240593
0.025814978405833244
0.024167651310563087
0.025668447837233543
0.02268286608159542
0.022102385759353638
0.023254133760929108
0.025276584550738335
0.02225738763809204
0.020882805809378624
0.020911363884806633
0.029899781569838524
0.02488047257065773
0.024178285151720047
0.023061495274305344
0.021054089069366455
0.022027524188160896
0.02014022134244442
0.019636601209640503
0.020464584231376648
0.021175095811486244
0.04935212805867195
0.09936260432004929
0.07916565239429474
0.18691687285900116
0.22506441175937653
0.06864269077777863
0.07078782469034195
0.04771262779831886
0.07514410465955734
0.11587681621313095
0.06601811945438385
0.036898259073495865
0.03121042437851429
0.024635659530758858
0.02792343497276306
0.024922335520386696
0.024642687290906906
0.023063285276293755
0.02385491505265236
0.02445715293288231
0.021733179688453674
0.021382201462984085
0.02090892195701599
0.022802747786045074
0.021110467612743378
0.02103346772491932
0.01945207081735134
0.01839580200612545
0.019763758406043053
0.01849418692290783
0.018218524754047394
0.016958197578787804
0.020385922864079475
0.021725082769989967
0.02085593342781067
0.017474185675382614
0.018129387870430946
0.018597960472106934
0.01805824413895607
0.018040461465716362
0.021292470395565033
0.02437599189579487
0.025565896183252335
0.04713919386267662
0.02931443601846695
0.025081921368837357
0.020988548174500465
0.02178359031677246
0.01841345988214016
0.019406361505389214
0.016916602849960327
0.016236647963523865
0.016890879720449448
0.01728316769003868
0.02159411460161209
0.026001455262303352
0.02651909925043583
0.021794624626636505
0.02503832057118416
0.028346402570605278
0.029617246240377426
0.02788420394062996
0.03197472169995308
0.025433409959077835
0.017488764598965645
0.017058074474334717
0.01819041557610035
0.015685074031352997
0.015265699476003647
0.016327204182744026
0.01628396101295948
0.015458791516721249
0.013804380781948566
0.014149587601423264
0.01394819188863039
0.014977701008319855
0.013192955404520035
0.01526503637433052
0.022896163165569305
0.023700492456555367
0.14647476375102997
0.21620282530784607
0.13746726512908936
0.13940905034542084
0.10984784364700317
0.08554217219352722
0.07103484869003296
0.04910718649625778
0.033599209040403366
0.025647493079304695
0.024743573740124702
0.02366657741367817
0.022348152473568916
0.020771760493516922
0.019292140379548073
0.02034715935587883
0.024198058992624283
0.018850481137633324
0.025556834414601326
0.017816537991166115
0.016217466443777084
0.01556139811873436
0.016140520572662354
0.014734533615410328
0.016468891873955727
0.016637392342090607
0.017353305593132973
0.014181767590343952
0.015084300190210342
0.015046977438032627
0.012996279634535313
0.012689854018390179
0.01829226315021515
0.019429773092269897
0.019127586856484413
0.04263553395867348
0.0389045812189579
0.06833205372095108
0.04240190610289574
0.05003611743450165
0.08929046988487244
0.10270604491233826
0.12805338203907013
0.065230593085289
0.03152921423316002
0.03132171556353569
0.024582071229815483
0.020377231761813164
0.018336808308959007
0.016359418630599976
0.016443023458123207
0.015897072851657867
0.01626322790980339
0.019378138706088066
0.01915079355239868
0.017807846888899803
0.013989964500069618
0.012341701425611973
0.013294586911797523
0.012838517315685749
0.011495017446577549
0.01106317900121212
0.015276990830898285
0.011428372003138065
0.015165689401328564
0.01191270537674427
0.011979863047599792
0.010974705219268799
0.010135487653315067
0.010997439734637737
0.009712622500956059
0.010391125455498695
0.014147023670375347
0.011164555326104164
0.009357196278870106
0.008935165591537952
0.008913557045161724
0.010296151973307133
0.012908615171909332
0.011330105364322662
0.00924546830356121
0.014566096477210522
0.017217613756656647
0.012694410979747772
0.01211570855230093
0.009939264506101608
0.010420127771794796
0.010118503123521805
0.00849592499434948
0.00907079316675663
0.007716389838606119
0.009023807942867279
0.008545953780412674
0.015065609477460384
0.00980391912162304
0.009848233312368393
0.010004251264035702
0.007467930670827627
0.007353655062615871
0.00800639670342207
0.007237945217639208
0.007034402806311846
0.008035348728299141
0.007807701826095581
0.008190912194550037
0.006733984220772982
0.009409467689692974
0.024074241518974304
0.06720392405986786
0.17393094301223755
0.0999128520488739
0.16685320436954498
0.06017828732728958
0.046118732541799545
0.03150736168026924
0.05018441006541252
0.03950487822294235
0.04170750826597214
0.020288819447159767
0.018363896757364273
0.01418854296207428
0.015443307347595692
0.016526762396097183
0.011440755799412727
0.010704743675887585
0.009906879626214504
0.010587545111775398
0.012414691038429737
0.010190201923251152
0.009801028296351433
0.009048938751220703
0.009306475520133972
0.008754762820899487
0.008755200542509556
0.010008634068071842
0.008196675218641758
0.0112793343141675
0.013264816254377365
0.020862111821770668
0.018591776490211487
0.1215856745839119
0.15289857983589172
0.1301918625831604
0.056707777082920074
0.05521925538778305
0.03927869349718094
0.03985484316945076
0.023227451369166374
0.019055845215916634
0.014889904297888279
0.01368928886950016
0.02093910239636898
0.012561713345348835
0.009618242271244526
0.009499508887529373
0.008250080980360508
0.008084357716143131
0.009409076534211636
0.008682492189109325
0.008739477023482323
0.009110728278756142
0.008431637659668922
0.006927845999598503
0.007323942147195339
0.0066925156861543655
0.006452279165387154
0.008793295361101627
0.008023153990507126
0.007346377242356539
0.006891726050525904
0.005916156806051731
0.007433397229760885
0.006194267887622118
0.005274228751659393
0.005036913324147463
0.005079303402453661
0.005029243882745504
0.005312753841280937
0.004933744668960571
0.004806412383913994
0.005053694359958172
0.004685107618570328
0.004866937641054392
0.004709099885076284
0.005008460488170385
0.004883711691945791
0.005785624962300062
