0.6805858612060547
0.6647440195083618
0.6514707803726196
0.6364434957504272
0.6199104189872742
0.5987743735313416
0.5785074830055237
0.5606756806373596
0.5442516207695007
0.5273588299751282
0.509293258190155
0.4888298809528351
0.4649864733219147
0.4394753575325012
0.41273003816604614
0.3850392997264862
0.3658703565597534
0.3554733097553253
0.34614354372024536
0.3400283455848694
0.33221080899238586
0.3289448022842407
0.32553204894065857
0.32397881150245667
0.31991392374038696
0.32150888442993164
0.3148270845413208
0.3150884211063385
0.31002748012542725
0.3101608455181122
0.307438462972641
0.3081949055194855
0.30314403772354126
0.3027270436286926
0.301054447889328
0.29671749472618103
0.29497650265693665
0.2952387034893036
0.29537075757980347
0.28987714648246765
0.289583683013916
0.2881125211715698
0.28809434175491333
0.28886348009109497
0.28668761253356934
0.2829701900482178
0.28029876947402954
0.280119925737381
0.2809210419654846
0.2792172431945801
0.2777954339981079
0.2775017023086548
0.275564044713974
0.2793843150138855
0.2747027277946472
0.2716915011405945
0.26976922154426575
0.2686634361743927
0.2685095965862274
0.2665976881980896
0.2679392993450165
0.2647455930709839
0.2640647292137146
0.26517805457115173
0.26571980118751526
0.26164862513542175
0.262580007314682
0.26350682973861694
0.26058536767959595
0.25644972920417786
0.25802814960479736
0.25763946771621704
0.2586684823036194
0.2545435130596161
0.2535473108291626
0.25560423731803894
0.2529745101928711
0.25462397933006287
0.2548123598098755
0.2584911286830902
0.2523317337036133
0.24845387041568756
0.2510579526424408
0.2493463158607483
0.24830226600170135
0.2547546625137329
0.2490207701921463
0.2460755556821823
0.2463865429162979
0.24574536085128784
0.24739515781402588
0.24436727166175842
0.24643439054489136
0.24258804321289062
0.24911798536777496
0.24181336164474487
0.2433655560016632
0.24177001416683197
0.24398033320903778
0.24760852754116058
0.24076324701309204
0.23770363628864288
0.23692989349365234
0.23663538694381714
0.23910056054592133
0.240921288728714
0.2375240921974182
0.23576515913009644
0.23893773555755615
0.23689782619476318
0.2389889508485794
0.23631764948368073
0.23325781524181366
0.23126067221164703
0.23057100176811218
0.23386792838573456
0.22970910370349884
0.22964905202388763
0.23773060739040375
0.2289874255657196
0.2309793084859848
0.2298831343650818
0.22968563437461853
0.22686898708343506
0.23469631373882294
0.23000890016555786
0.23033921420574188
0.23076815903186798
0.2280946671962738
0.22531606256961823
0.22532543540000916
0.22531773149967194
0.22604455053806305
0.2260611355304718
0.22352087497711182
0.227468341588974
0.22616666555404663
0.22537203133106232
0.2221921682357788
0.22175845503807068
0.2213600128889084
0.22113658487796783
0.22232507169246674
0.22534961998462677
0.22001153230667114
0.22009551525115967
0.2198454588651657
0.21909695863723755
0.21867777407169342
0.22057510912418365
0.22078125178813934
0.21907949447631836
0.2185600996017456
0.2174103856086731
0.21874910593032837
0.21810656785964966
0.21704888343811035
0.21788103878498077
0.21439632773399353
0.21908068656921387
0.22346150875091553
0.21612967550754547
0.21723772585391998
0.21648305654525757
0.2150431126356125
0.21712686121463776
0.2150309681892395
0.21668674051761627
0.214154914021492
0.2174205332994461
0.21281705796718597
0.21213123202323914
0.21208474040031433
0.21475131809711456
0.20871911942958832
0.2100224494934082
0.20953278243541718
0.216549813747406
0.209682896733284
0.20797675848007202
0.2097989171743393
0.20641590654850006
0.20842137932777405
0.21033073961734772
0.20666204392910004
0.20750899612903595
0.21143154799938202
0.21270348131656647
0.2113603800535202
0.20280075073242188
0.20304201543331146
0.2067171186208725
0.20464439690113068
0.2044554501771927
0.20135433971881866
0.2002611607313156
0.20052100718021393
0.2063339203596115
0.19909781217575073
0.20569975674152374
0.19987139105796814
0.20187713205814362
0.20341837406158447
0.20057983696460724
0.20481544733047485
0.1965813934803009
0.19783873856067657
0.19778579473495483
0.19568723440170288
0.19634675979614258
0.1954619437456131
0.19842778146266937
0.19567231833934784
0.1959574967622757
0.2043306678533554
0.19625824689865112
0.19445747137069702
0.19431562721729279
0.19776952266693115
0.19598308205604553
0.19517311453819275
0.1989627629518509
0.19344298541545868
0.1922025978565216
0.19062012434005737
0.1969163864850998
0.19075143337249756
0.19426853954792023
0.19722884893417358
0.19993391633033752
0.19286863505840302
0.19433355331420898
0.18812160193920135
0.1906169205904007
0.19270098209381104
0.1938115656375885
0.19204090535640717
0.19359596073627472
0.19046004116535187
0.19364914298057556
0.18754561245441437
0.18646690249443054
0.18716207146644592
0.1891571581363678
0.1943059116601944
0.18531925976276398
0.19035498797893524
0.18767032027244568
0.18678206205368042
0.191197469830513
0.18622030317783356
0.188999742269516
0.1870785355567932
0.18767285346984863
0.1895504742860794
0.18583163619041443
0.1886342167854309
0.18335017561912537
0.18866503238677979
0.18357563018798828
0.18951700627803802
0.19218863546848297
0.1841677725315094
0.18673574924468994
0.18197369575500488
0.18352322280406952
0.1840166449546814
0.18335452675819397
0.183052197098732
0.1889100819826126
0.18553093075752258
0.18415777385234833
0.18361616134643555
0.18989823758602142
0.18681445717811584
0.18276561796665192
0.19011686742305756
0.1824779063463211
0.18416693806648254
0.18306899070739746
0.1809624433517456
0.18101653456687927
0.1770951896905899
0.1790616512298584
0.18673384189605713
0.17951858043670654
0.18247027695178986
0.18046966195106506
0.18396729230880737
0.1864185333251953
0.19189859926700592
0.18376174569129944
0.17656241357326508
0.1760425567626953
0.17896252870559692
0.17914442718029022
0.176473006606102
0.18386486172676086
0.17749062180519104
0.17777398228645325
0.17728708684444427
0.1722412407398224
0.1736762523651123
0.17781879007816315
0.17862774431705475
0.17290467023849487
0.17184360325336456
0.1815641224384308
0.1719697266817093
0.17318613827228546
0.1731634885072708
0.17030178010463715
0.18071411550045013
0.17169922590255737
0.17300057411193848
0.171969935297966
0.17603859305381775
0.1719266176223755
0.1752723604440689
0.17544780671596527
0.17488093674182892
0.17723168432712555
0.17418690025806427
0.17648665606975555
0.17723603546619415
0.17235344648361206
0.16914984583854675
0.17272710800170898
0.1726023107767105
0.1728888750076294
0.16837500035762787
0.17163167893886566
0.17091883718967438
0.16853021085262299
0.16916370391845703
0.1712135523557663
0.1704845279455185
0.1730126291513443
0.1732625663280487
0.17848986387252808
0.17717400193214417
0.1700628101825714
0.1652381718158722
0.16845759749412537
0.17015233635902405
0.18064476549625397
0.1671903431415558
0.17088507115840912
0.16420890390872955
0.1672171652317047
0.16684231162071228
0.16385725140571594
0.1768975406885147
0.16584452986717224
0.16638560593128204
0.16702686250209808
0.1611652970314026
0.17247307300567627
0.16278117895126343
0.1653997153043747
0.17371292412281036
0.1691323071718216
0.1646144539117813
0.16156525909900665
0.1621321141719818
0.16206824779510498
0.16229720413684845
0.16244623064994812
0.1789676547050476
0.17067217826843262
0.16079185903072357
0.1631702333688736
0.16625839471817017
0.16523563861846924
0.17047524452209473
0.1686002016067505
0.1598997712135315
0.15950064361095428
0.1604616641998291
0.1668272167444229
0.1626967340707779
0.16367101669311523
0.170649453997612
0.16688872873783112
0.15999075770378113
0.16234537959098816
0.1601373553276062
0.1697378009557724
0.16665615141391754
0.16143906116485596
0.15717273950576782
0.15715259313583374
0.16287314891815186
0.1580100953578949
0.1552971750497818
0.16026000678539276
0.15900518000125885
0.15710897743701935
0.15922723710536957
0.15635962784290314
0.15484017133712769
0.1596335619688034
0.1604839265346527
0.15767960250377655
0.15576684474945068
0.1564146727323532
0.15914112329483032
0.16134347021579742
0.16146472096443176
0.15853610634803772
0.15802839398384094
0.16240385174751282
0.15679198503494263
0.1533149629831314
0.15685321390628815
0.1543515920639038
0.1514935940504074
0.1543726921081543
0.15445353090763092
0.1590041071176529
0.16098889708518982
0.16558623313903809
0.15805287659168243
0.1618126928806305
0.15716563165187836
0.1679864227771759
0.15865091979503632
0.16966021060943604
0.16290849447250366
0.15988850593566895
0.15500964224338531
0.15989859402179718
0.15933091938495636
0.16018497943878174
0.15886466205120087
0.15464217960834503
0.15740378201007843
0.15171454846858978
0.15303261578083038
0.15013699233531952
0.1526467353105545
0.1510571837425232
0.15133807063102722
0.15318895876407623
0.1579950600862503
0.14948640763759613
0.15114544332027435
0.14659301936626434
0.14935307204723358
0.1534332036972046
0.15637236833572388
0.14844250679016113
0.14832155406475067
0.15430530905723572
0.16206128895282745
0.15959501266479492
0.1692783236503601
0.15484583377838135
0.1559978723526001
0.15604056417942047
0.15320532023906708
0.17658866941928864
0.1703118085861206
0.15539060533046722
0.1518961489200592
0.15054851770401
0.1487448811531067
0.14777186512947083
0.1478833258152008
0.14503644406795502
0.14490799605846405
0.14948323369026184
0.1465860903263092
0.14404304325580597
0.14643138647079468
0.14631260931491852
0.14488302171230316
0.15850232541561127
0.14889638125896454
0.15039798617362976
0.1446109116077423
0.15998028218746185
0.17894701659679413
0.17914846539497375
0.15750551223754883
0.1533016562461853
0.15665404498577118
0.15170256793498993
0.15477120876312256
0.1522666960954666
0.14500758051872253
0.14499758183956146
0.15475347638130188
0.14971813559532166
0.14353260397911072
0.14441415667533875
0.14125624299049377
0.1452939212322235
0.1533290445804596
0.16011661291122437
0.14522406458854675
0.1418249011039734
0.1423715054988861
0.14843332767486572
0.14757820963859558
0.14514368772506714
0.1428224891424179
0.14829899370670319
0.15482011437416077
0.14314700663089752
0.14327183365821838
0.1453908234834671
0.15277187526226044
0.1520504355430603
0.14408940076828003
0.14479884505271912
0.1478317677974701
0.14375826716423035
0.14320863783359528
0.14352941513061523
0.14793169498443604
0.1474912166595459
0.15905001759529114
0.14933554828166962
0.14273986220359802
0.14119286835193634
0.1401851326227188
0.1442846953868866
0.15136754512786865
0.1554444134235382
0.15478120744228363
0.1581796109676361
0.14875763654708862
0.14741963148117065
0.14603105187416077
0.15250572562217712
0.16386669874191284
0.14285396039485931
0.15046195685863495
0.1419721394777298
0.14194415509700775
0.1569821685552597
0.1627582609653473
0.14716584980487823
0.15242572128772736
0.1467389166355133
0.1559295505285263
0.14462237060070038
0.14572733640670776
0.14710082113742828
0.1438383013010025
0.1396663933992386
0.1401580572128296
0.13670682907104492
0.13817547261714935
0.13780273497104645
0.14026197791099548
0.15057373046875
0.1482626050710678
0.14644181728363037
0.14872010052204132
0.14318332076072693
0.15805555880069733
0.1488240659236908
0.14834347367286682
0.1455705612897873
0.13976722955703735
0.13896220922470093
0.13680525124073029
0.13884450495243073
0.13707104325294495
0.13492195308208466
0.1347787082195282
0.13510844111442566
0.13482880592346191
0.13448292016983032
0.13391754031181335
0.13900865614414215
0.14034885168075562
0.13788706064224243
0.13409435749053955
0.13627660274505615
0.13519416749477386
0.1390424519777298
0.13991062343120575
0.14451882243156433
0.14223991334438324
0.15112197399139404
0.1700764000415802
0.15408749878406525
0.1438903957605362
0.1435198336839676
0.14275828003883362
0.13834929466247559
0.13520240783691406
0.13415321707725525
0.13161522150039673
0.13207145035266876
0.13309800624847412
0.13617147505283356
0.1415417343378067
0.14180482923984528
0.14346624910831451
0.14309826493263245
0.14252860844135284
0.14096465706825256
0.1546829491853714
0.16797903180122375
0.1756162792444229
0.1701672524213791
0.14735782146453857
0.1419016569852829
0.14366337656974792
0.13604620099067688
0.14484678208827972
0.14147306978702545
0.13717585802078247
0.13302358984947205
0.13459056615829468
0.13874691724777222
0.1582821011543274
0.13659566640853882
0.13495822250843048
0.1317553073167801
0.13362380862236023
0.13314083218574524
0.14026089012622833
0.13499315083026886
0.12749119102954865
0.14036568999290466
0.13370932638645172
0.1368371844291687
0.1444355696439743
0.1404380053281784
0.13867317140102386
0.1373429000377655
0.13234125077724457
0.14342111349105835
0.13036386668682098
0.13284654915332794
0.1391627937555313
0.13895204663276672
0.13919469714164734
0.13270948827266693
0.12815330922603607
0.12728342413902283
0.12943987548351288
0.13081955909729004
0.13056012988090515
0.12959954142570496
0.13177543878555298
0.12926897406578064
0.12950566411018372
0.12661594152450562
0.1294473558664322
0.12712347507476807
0.15370440483093262
0.1549026519060135
0.14613087475299835
0.1477888971567154
0.14288780093193054
0.13534528017044067
0.1341726928949356
0.13126200437545776
0.1291126161813736
0.13705381751060486
0.13163648545742035
0.1435593068599701
0.13271328806877136
0.13348102569580078
0.12965302169322968
0.12879730761051178
0.1295006424188614
0.1455061435699463
0.13278549909591675
0.13259746134281158
0.12429210543632507
0.12938378751277924
0.1391662210226059
0.12756827473640442
0.12664425373077393
0.13465696573257446
0.13502362370491028
0.15598717331886292
0.1349850445985794
0.13149394094944
0.1295643299818039
0.1264134794473648
0.1409427523612976
0.1320815086364746
0.12929782271385193
0.12876637279987335
0.13025504350662231
0.12660154700279236
0.11996346712112427
0.12415745109319687
0.12319808453321457
0.1214209496974945
0.12399376183748245
0.13450542092323303
0.1332632154226303
0.13500060141086578
0.12483129650354385
0.13073691725730896
0.14261941611766815
0.14018312096595764
0.14021284878253937
0.16772246360778809
0.140089750289917
0.13934707641601562
0.1361335813999176
0.1330772489309311
0.13973651826381683
0.15455268323421478
0.1409202218055725
0.12821175158023834
0.13157755136489868
0.12260803580284119
0.12229140847921371
0.12255724519491196
0.12113980948925018
0.12676149606704712
0.126120924949646
0.11870138347148895
0.12203585356473923
0.11693167686462402
0.12732422351837158
0.12269505113363266
0.1266842484474182
0.12820105254650116
0.12791264057159424
0.12227512896060944
0.1417716145515442
0.1582329273223877
0.1699332743883133
0.13942423462867737
0.13457639515399933
0.1278150975704193
0.12743055820465088
0.1270117312669754
0.12338073551654816
0.1191227063536644
0.11881515383720398
0.1169000044465065
0.1209382489323616
0.12026819586753845
0.1330287605524063
0.1394694596529007
0.14164485037326813
0.1411292850971222
0.1498653143644333
0.14182724058628082
0.1358165442943573
0.14125287532806396
0.1353832483291626
0.12499354779720306
0.12848204374313354
0.12586256861686707
0.13023218512535095
0.1222599446773529
0.12167487293481827
0.11839661002159119
0.1226302981376648
0.12619251012802124
0.1280410885810852
0.12446898221969604
0.12070031464099884
0.13481296598911285
0.12226271629333496
0.11777779459953308
0.12528292834758759
0.12031354755163193
0.13055776059627533
0.13205286860466003
0.12082013487815857
0.13323163986206055
0.1276416927576065
0.12567895650863647
0.12498614937067032
0.13292953372001648
0.1496177762746811
0.1511199027299881
0.14223363995552063
0.1300528198480606
0.12606380879878998
0.13201816380023956
0.13022847473621368
0.12481503188610077
0.121928870677948
0.11982566118240356
0.12147573381662369
0.11954034119844437
0.12179683893918991
0.12162293493747711
0.12024900317192078
0.125613272190094
0.13602915406227112
0.1284143179655075
0.12792730331420898
0.1206023171544075
0.1249803677201271
0.11743680387735367
0.11502445489168167
0.1167106032371521
0.1193288043141365
0.12807197868824005
0.12291456013917923
0.11545403301715851
0.12156136333942413
0.1127009391784668
0.11293287575244904
0.12125671654939651
0.14986677467823029
0.13273471593856812
0.12172169238328934
0.11608552932739258
0.1192769929766655
0.12424444407224655
0.127020463347435
0.12890373170375824
0.12589097023010254
0.12339293211698532
0.15238237380981445
0.131196528673172
0.13412787020206451
0.13651838898658752
0.1297987550497055
0.12276454269886017
0.11831165850162506
0.11967045813798904
0.12424010038375854
0.11609597504138947
0.11575238406658173
0.11238114535808563
0.11126063019037247
0.11849330365657806
0.11314236372709274
0.10997126996517181
0.11188165843486786
0.1226889044046402
0.12160696089267731
0.11391334235668182
0.11315049976110458
0.11008201539516449
0.1141781359910965
0.1188143938779831
0.14793094992637634
0.12086169421672821
0.12159963697195053
0.12240958213806152
0.1106070876121521
0.11953488737344742
0.14035546779632568
0.12297428399324417
0.13789266347885132
0.1331491768360138
0.11979234963655472
0.11595119535923004
0.1306735873222351
0.1235068067908287
0.10901496559381485
0.10794437676668167
0.10870467126369476
0.1120600774884224
0.12142626196146011
0.12071488052606583
0.12012822926044464
0.11658456921577454
0.11447350680828094
0.10981675982475281
0.11213326454162598
0.11570891737937927
0.12043967843055725
0.11331512033939362
0.11626704037189484
0.11051429063081741
0.1216341182589531
0.1198660209774971
0.1252768337726593
0.11828319728374481
0.1116100326180458
0.11016355454921722
0.11279695481061935
0.11156392842531204
0.10803719609975815
0.10871917009353638
0.12299750745296478
0.1391095221042633
0.13026617467403412
0.13416945934295654
0.14109474420547485
0.1341603547334671
0.12043777853250504
0.12250456213951111
0.13522562384605408
0.13799329102039337
0.12109200656414032
0.12045355141162872
0.11536809056997299
0.10762129724025726
0.10916764289140701
0.11036758869886398
0.10413974523544312
0.10662251710891724
0.11213251948356628
0.1096445769071579
0.11964378505945206
0.1865682750940323
0.15800900757312775
0.17261457443237305
0.1611883044242859
0.1492813676595688
0.14176268875598907
0.13717414438724518
0.13033939898014069
0.12262924760580063
0.12241658568382263
0.1210009753704071
0.12258140742778778
0.11089007556438446
0.10817703604698181
0.10673198848962784
0.10633281618356705
0.11740903556346893
0.10905135422945023
0.11353877186775208
0.1501110941171646
0.13739967346191406
0.11929896473884583
0.11841703951358795
0.10947797447443008
0.11300558596849442
0.11280085146427155
0.10708483308553696
0.10365591198205948
0.10177914798259735
0.10272940993309021
0.10282216966152191
0.10887149721384048
0.1055644080042839
0.11133074760437012
0.10843504965305328
0.1045774593949318
0.10733745992183685
0.11283031105995178
0.11243132501840591
0.12536835670471191
0.11359070986509323
0.11309405416250229
0.11224638670682907
0.12489074468612671
0.12869253754615784
0.11935441195964813
0.11321841180324554
0.10952240228652954
0.11136553436517715
0.1128542572259903
0.12928242981433868
0.11708930134773254
0.10765749961137772
0.1036267802119255
0.10679766535758972
0.11015833169221878
0.10523035377264023
0.10590768605470657
0.10563769191503525
0.10863596200942993
0.11096393316984177
0.10231747478246689
0.10122572630643845
0.11172151565551758
0.11334419995546341
0.11436421424150467
0.11184002459049225
0.13055522739887238
0.1288144290447235
0.15474632382392883
0.13622520864009857
0.11651000380516052
0.10996240377426147
0.10785912722349167
0.11121988296508789
0.10332857072353363
0.10343440622091293
0.10900889337062836
0.10785909742116928
0.10694637894630432
0.1060672476887703
0.1281173676252365
0.12764213979244232
0.1142042800784111
0.10562784224748611
0.1207846999168396
0.12058282643556595
0.11532178521156311
0.10723945498466492
0.10169042646884918
0.09886880964040756
0.10343198478221893
0.12466083467006683
