0.6962528228759766
0.6906152367591858
0.6878415942192078
0.6857074499130249
0.6838476657867432
0.6821281313896179
0.6804624795913696
0.6788997650146484
0.6774874925613403
0.6761046051979065
0.6748266816139221
0.6736844778060913
0.6725344061851501
0.6715916395187378
0.6706413626670837
0.6697739958763123
0.6689771413803101
0.6682390570640564
0.6675487756729126
0.666923999786377
0.6663474440574646
0.6657778024673462
0.6653026342391968
0.6647343039512634
0.6637601256370544
0.6622527837753296
0.6584427356719971
0.6485593914985657
0.6255128383636475
0.5947889089584351
0.5646522641181946
0.5410918593406677
0.5204178690910339
0.5058082342147827
0.49577751755714417
0.48649823665618896
0.4772758483886719
0.4701749384403229
0.4651574194431305
0.4591691792011261
0.4543156027793884
0.45014244318008423
0.44616007804870605
0.44164496660232544
0.43825429677963257
0.43565309047698975
0.4320388734340668
0.42801859974861145
0.42530521750450134
0.4237976670265198
0.4198261797428131
0.4172312319278717
0.4149857461452484
0.4120972752571106
0.4101537764072418
0.40820783376693726
0.4060302674770355
0.403636634349823
0.4020787179470062
0.400037556886673
0.39799827337265015
0.39589592814445496
0.39432454109191895
0.3925258219242096
0.3908851146697998
0.3889240026473999
0.3872832655906677
0.3852720260620117
0.3839196562767029
0.3823702335357666
0.3809710443019867
0.379677414894104
0.3786662220954895
0.37714385986328125
0.3752202093601227
0.3746959865093231
0.37249040603637695
0.37117505073547363
0.37079668045043945
0.3685724437236786
0.36778953671455383
0.3665333688259125
0.3656688928604126
0.3643336892127991
0.36301910877227783
0.36209484934806824
0.3613556921482086
0.3598633408546448
0.35913991928100586
0.3585234582424164
0.35679739713668823
0.35618871450424194
0.3559568226337433
0.35629045963287354
0.353738933801651
0.35260578989982605
0.35264796018600464
0.35106953978538513
0.3501785695552826
0.34922149777412415
0.3481435179710388
0.3494372069835663
0.3475545644760132
0.3451280891895294
0.3455227315425873
0.34496477246284485
0.34395986795425415
0.34168437123298645
0.34123626351356506
0.3404543697834015
0.34030377864837646
0.33910754323005676
0.3383432626724243
0.33702945709228516
0.3366442918777466
0.3355385959148407
0.3350915014743805
0.3345378339290619
0.33479318022727966
0.3326529860496521
0.3320002257823944
0.33139151334762573
0.33110857009887695
0.3310204744338989
0.329174667596817
0.3296118974685669
0.32797589898109436
0.32780566811561584
0.3278725743293762
0.3265650272369385
0.32588812708854675
0.3251587748527527
0.32448384165763855
0.32414284348487854
0.3225938379764557
0.32231244444847107
0.3242229223251343
0.321914404630661
0.32054847478866577
0.32019782066345215
0.31979382038116455
0.3191879689693451
0.3187105059623718
0.31814146041870117
0.31845539808273315
0.3210410177707672
0.3176672160625458
0.31699109077453613
0.31651362776756287
0.3173410892486572
0.3163013160228729
0.31609633564949036
0.3148936629295349
0.31629711389541626
0.3151918649673462
0.3152945935726166
0.31394150853157043
0.3137800991535187
0.3143720030784607
0.3131301701068878
0.31184059381484985
0.31232184171676636
0.3120962381362915
0.31133735179901123
0.311492383480072
0.31064656376838684
0.31119304895401
0.3104436993598938
0.30969861149787903
0.3094538152217865
0.31024110317230225
0.3089444041252136
0.3089286983013153
0.30902910232543945
0.3086559474468231
0.3077959418296814
0.30736881494522095
0.3089461028575897
0.3089425265789032
0.30673640966415405
0.307406485080719
0.30730220675468445
0.30765172839164734
0.3070628046989441
0.3060922622680664
0.3063807189464569
0.3054913878440857
0.3055921196937561
0.3051682114601135
0.3053795397281647
0.3060804605484009
0.30413520336151123
0.305399090051651
0.30462509393692017
0.30433788895606995
0.30381181836128235
0.30391040444374084
0.30403438210487366
0.3028410077095032
0.30496567487716675
0.3034905791282654
0.3027845621109009
0.30323612689971924
0.3037579655647278
0.3029089868068695
0.3032636046409607
0.304608553647995
0.3021085560321808
0.30233705043792725
0.3042372167110443
0.30469220876693726
0.3025020956993103
0.3011380434036255
0.3013410270214081
0.3016347587108612
0.3012203574180603
0.30273959040641785
0.3019321858882904
0.30081433057785034
0.3002617061138153
0.2998823821544647
0.3000594973564148
0.2997680902481079
0.30004680156707764
0.29927706718444824
0.2995884120464325
0.30029773712158203
0.299547404050827
0.29958808422088623
0.29939839243888855
0.2995387315750122
0.29807808995246887
0.29955601692199707
0.2990635931491852
0.2987681031227112
0.2978557050228119
0.2988303601741791
0.2982001006603241
0.2975502908229828
0.29722893238067627
0.2977807819843292
0.2968064248561859
0.299509197473526
0.2997395694255829
0.29942792654037476
0.29780158400535583
0.29877328872680664
0.29729127883911133
0.2968604266643524
0.2965494990348816
0.2963573634624481
0.2968955338001251
0.29789426922798157
0.2966121435165405
0.2965008318424225
0.2964128851890564
0.29641351103782654
0.2976398766040802
0.29605722427368164
0.2955990135669708
0.29640334844589233
0.29656869173049927
0.2955518066883087
0.29574480652809143
0.29575762152671814
0.2953895330429077
0.2960253953933716
0.29518193006515503
0.29453474283218384
0.29599305987358093
0.2948504686355591
0.29551026225090027
0.2962859869003296
0.29452210664749146
0.2955986261367798
0.29458102583885193
0.2948652505874634
0.2955746352672577
0.2946877181529999
0.2944539487361908
0.29510733485221863
0.29357391595840454
0.29524141550064087
0.29415351152420044
0.2944948375225067
0.29289543628692627
0.29287469387054443
0.29279759526252747
0.29330435395240784
0.2934260964393616
0.29241594672203064
0.29321378469467163
0.2925318777561188
0.2930557429790497
0.2957071363925934
0.2933247983455658
0.292537122964859
0.2920433580875397
0.2917850911617279
0.29160091280937195
0.29145413637161255
0.29202425479888916
0.2935023009777069
0.2919566333293915
0.29253166913986206
0.2938257157802582
0.2935278117656708
0.2917928397655487
0.2912823259830475
0.29181328415870667
0.29130998253822327
0.29142075777053833
0.29058295488357544
0.2899511456489563
0.2908075451850891
0.2913608253002167
0.29063117504119873
0.29076558351516724
0.29052263498306274
0.2911323010921478
0.2902071177959442
0.2915652394294739
0.29029473662376404
0.2899903655052185
0.2901456952095032
0.2896179258823395
0.2903648912906647
0.29016005992889404
0.29048311710357666
0.2911006510257721
0.29100388288497925
0.2900388538837433
0.2892113924026489
0.28965526819229126
0.28943267464637756
0.2898360788822174
0.2886892259120941
0.2885481119155884
0.28923165798187256
0.2892393171787262
0.2889975309371948
0.2885015308856964
0.2884541153907776
0.2887420058250427
0.2885388433933258
0.2894529104232788
0.288839191198349
0.2892039120197296
0.2888224720954895
0.28898873925209045
0.288909912109375
0.28759652376174927
0.288074791431427
0.2883593440055847
0.28791606426239014
0.288314551115036
0.2870119512081146
0.2885389029979706
0.28776106238365173
0.28832924365997314
0.28618189692497253
0.2866944670677185
0.2869049906730652
0.2875719964504242
0.286568820476532
0.28632989525794983
0.28631293773651123
0.2865162193775177
0.28613826632499695
0.28641241788864136
0.2861397862434387
0.28549259901046753
0.28520286083221436
0.28522828221321106
0.2862173616886139
0.28563469648361206
0.2851850092411041
0.28508904576301575
0.2854725122451782
0.28547555208206177
0.2847399115562439
0.28498828411102295
0.28476256132125854
0.28476762771606445
0.28469908237457275
0.28579649329185486
0.2852083146572113
0.28511881828308105
0.284472793340683
0.2844184637069702
0.2846750319004059
0.283871591091156
0.28447750210762024
0.28413325548171997
0.2841707766056061
0.2841430604457855
0.2842935025691986
0.2832673490047455
0.28366518020629883
0.28345128893852234
0.28345438838005066
0.2827930450439453
0.28381872177124023
0.28467482328414917
0.28277334570884705
0.28253668546676636
0.28289246559143066
0.2830464541912079
0.28316763043403625
0.2828913927078247
0.28287696838378906
0.2819405198097229
0.28236743807792664
0.28229406476020813
0.282025545835495
0.2824323773384094
0.28377020359039307
0.28125783801078796
0.28168678283691406
0.2820869982242584
0.28273260593414307
0.28125491738319397
0.2814237177371979
0.2831384241580963
0.282093346118927
0.28248026967048645
0.2826595902442932
0.28114551305770874
0.2819233536720276
0.280865341424942
0.2806435227394104
0.2812681794166565
0.280903160572052
0.281352698802948
0.2805310785770416
0.28103557229042053
0.28222543001174927
0.28160879015922546
0.2800835967063904
0.2808053493499756
0.2817058861255646
0.28063446283340454
0.28106069564819336
0.27955520153045654
0.2797226309776306
0.28036820888519287
0.28036999702453613
0.2792661190032959
0.27914467453956604
0.27898499369621277
0.279500275850296
0.2794541120529175
0.2806212604045868
0.2799313962459564
0.27962279319763184
0.27953270077705383
0.28008270263671875
0.2788996398448944
0.27847719192504883
0.2787400782108307
0.27858439087867737
0.27921876311302185
0.27811771631240845
0.2818595767021179
0.28021618723869324
0.27916190028190613
0.2789326310157776
0.278474897146225
0.278452605009079
0.2786043882369995
0.28048884868621826
0.2785360813140869
0.27831339836120605
0.27900460362434387
0.27824369072914124
0.2777526378631592
0.2783554196357727
0.2777756452560425
0.2786908745765686
0.27697086334228516
0.2780994176864624
0.27684083580970764
0.27816644310951233
0.2770104706287384
0.28000712394714355
0.27954939007759094
0.27743157744407654
0.2771330177783966
0.277413547039032
0.2772475779056549
0.27675849199295044
0.27895018458366394
0.2763749361038208
0.27731987833976746
0.27773767709732056
0.2767348885536194
0.276064932346344
0.27693310379981995
0.27717268466949463
0.2774040400981903
0.2782588601112366
0.27713507413864136
0.27633437514305115
0.2771751284599304
0.2789343595504761
0.27770477533340454
0.27816522121429443
0.27562329173088074
0.27586987614631653
0.2766058146953583
0.2756611704826355
0.2760952413082123
0.27734896540641785
0.2763008177280426
0.2764926850795746
0.2762746810913086
0.2765435576438904
0.2757229208946228
0.276119589805603
0.27560269832611084
0.2760891616344452
0.27581149339675903
0.2762323319911957
0.27572306990623474
0.27674296498298645
0.27586767077445984
0.27560022473335266
0.2751999497413635
0.2752149999141693
0.27739429473876953
0.27703016996383667
0.2764328718185425
0.276321679353714
0.2793108820915222
0.27885735034942627
0.2755541503429413
0.27590876817703247
0.2767947316169739
0.27692481875419617
0.276028573513031
0.2753470242023468
0.27523326873779297
0.2776510715484619
0.27644476294517517
0.27583369612693787
0.27468711137771606
0.27527421712875366
0.27549028396606445
0.27485477924346924
0.2762890160083771
0.27579063177108765
0.2745426893234253
0.2752644121646881
0.2760801911354065
0.27467888593673706
0.2746058702468872
0.27546340227127075
0.2753433287143707
0.27662962675094604
0.2770470678806305
0.2751210629940033
0.2748780846595764
0.27439454197883606
0.2745496332645416
0.2748968303203583
0.2750929892063141
0.2744837999343872
0.2759628891944885
0.27590709924697876
0.2759433686733246
0.2757020592689514
0.27408260107040405
0.2754612863063812
0.2750263512134552
0.27474674582481384
0.2740961015224457
0.2737399637699127
0.2742876410484314
0.2788151800632477
0.27746590971946716
0.27659064531326294
0.27492958307266235
0.2739432156085968
0.27406010031700134
0.2742789685726166
0.2737540900707245
0.27351295948028564
0.27366456389427185
0.2766292095184326
0.2750997841358185
0.27426877617836
0.2738439440727234
0.27371248602867126
0.2734474837779999
0.2734476327896118
0.2745335102081299
0.2735234498977661
0.27418002486228943
0.27525919675827026
0.2740378677845001
0.2735138237476349
0.2740526795387268
0.2750602066516876
0.27288201451301575
0.27306780219078064
0.27384787797927856
0.2739270031452179
0.2737203538417816
0.27362993359565735
0.27437084913253784
0.2735411822795868
0.2754329741001129
0.27325236797332764
0.274059534072876
0.27408236265182495
0.2733643352985382
0.2732163667678833
0.2738550901412964
0.27393534779548645
0.27420735359191895
0.27324578166007996
0.27272626757621765
0.2738025486469269
0.273883193731308
0.27418649196624756
0.2732463777065277
0.27484768629074097
0.2732003927230835
0.2740352749824524
0.27312809228897095
0.27319493889808655
0.2740127146244049
0.27548038959503174
0.2736012637615204
0.2732204496860504
0.2752205431461334
0.27500733733177185
0.27287617325782776
0.2738756239414215
0.27436551451683044
0.272586464881897
0.27282533049583435
0.2754507064819336
0.27357685565948486
0.2736390233039856
0.27481549978256226
0.27434101700782776
0.2721959054470062
0.2728177011013031
0.2725001275539398
0.2724149227142334
0.2728012502193451
0.27303841710090637
0.27402669191360474
0.2737690806388855
0.2748691439628601
0.27419745922088623
0.2728186249732971
0.2734529972076416
0.2728983759880066
0.27220413088798523
0.27307289838790894
0.272639662027359
0.274472177028656
0.2724871039390564
0.2723216414451599
0.27394306659698486
0.27356278896331787
0.2730926275253296
0.2719469964504242
0.27232930064201355
0.27404844760894775
0.2722957730293274
0.2719050347805023
0.2733033299446106
0.27359312772750854
0.2719297707080841
0.27249711751937866
0.2720184326171875
0.27257755398750305
0.27313297986984253
0.2740940451622009
0.27245140075683594
0.27177634835243225
0.2728590667247772
0.27199605107307434
0.27271631360054016
0.2725754380226135
0.2723132371902466
0.27301573753356934
0.2722732126712799
0.2714071273803711
0.27195748686790466
0.27214759588241577
0.2720048725605011
0.27290675044059753
0.27416297793388367
0.27670618891716003
0.2792524993419647
0.27320000529289246
0.27301260828971863
0.2748023569583893
0.2734221816062927
0.2716391682624817
0.27160540223121643
0.27181968092918396
0.27308470010757446
0.2736552357673645
0.27189120650291443
0.27122238278388977
0.27246472239494324
0.27106302976608276
0.27159884572029114
0.2715319097042084
0.27232611179351807
0.27164986729621887
0.27254602313041687
0.2726289629936218
0.27212831377983093
0.27231696248054504
0.2720426619052887
0.27083125710487366
0.2727571725845337
0.2720820903778076
0.2717322111129761
0.271846741437912
0.2717854380607605
0.2711137533187866
0.272799015045166
0.2714715600013733
0.2721266448497772
0.2724933326244354
0.27144959568977356
0.2722512185573578
0.2720958888530731
0.2713492214679718
0.2717912793159485
0.2740277051925659
0.27105721831321716
0.27186861634254456
0.2730417549610138
0.27145302295684814
0.27273645997047424
0.27259233593940735
0.2717130482196808
0.2711758613586426
0.2727002799510956
0.2716105282306671
0.27318140864372253
0.27440452575683594
0.2721875011920929
0.27260398864746094
0.272390216588974
0.27112606167793274
0.27106595039367676
0.270990252494812
0.27116698026657104
0.27240103483200073
0.2713911831378937
0.2718430161476135
0.271650493144989
0.2720783054828644
0.2721143066883087
0.27010971307754517
0.27252593636512756
0.27234336733818054
0.27070125937461853
0.27086058259010315
0.27053019404411316
0.2711493670940399
0.2717362642288208
0.2715143859386444
0.27123260498046875
0.2713073194026947
0.2720806300640106
0.2699364721775055
0.27116215229034424
0.2722616195678711
0.2706141769886017
0.27093392610549927
0.27005401253700256
0.2704825699329376
0.2705020010471344
0.2705993354320526
0.2716909646987915
0.27187469601631165
0.2716725468635559
0.27248525619506836
0.27257996797561646
0.27147361636161804
0.2711389660835266
0.271051824092865
0.27146872878074646
0.27057209610939026
0.2713257670402527
0.2700134217739105
0.27114200592041016
0.27166101336479187
0.2706320285797119
0.27007484436035156
0.2718588411808014
0.27078649401664734
0.27114221453666687
0.27068930864334106
0.2718326449394226
0.2713474929332733
0.27239036560058594
0.2709724009037018
0.27136141061782837
0.27077969908714294
0.2727999687194824
0.27093005180358887
0.2703706622123718
0.27116474509239197
0.27025654911994934
0.2705949544906616
0.27015024423599243
0.2698591351509094
0.2709282636642456
0.2710319757461548
0.27171796560287476
0.2697526812553406
0.2704218626022339
0.2714471220970154
0.27049434185028076
0.27279478311538696
0.2719530761241913
0.2709299921989441
0.27047380805015564
0.27124422788619995
0.2729692757129669
0.27094313502311707
0.2706914246082306
0.27165552973747253
0.2724526822566986
0.2709110975265503
0.2723146378993988
0.27326008677482605
0.2707791030406952
0.27146297693252563
0.2710112929344177
0.27048930525779724
0.2714759111404419
0.2717422544956207
0.2697753310203552
0.27025434374809265
0.27108293771743774
0.2707248330116272
0.2700921893119812
0.2718930244445801
0.27215731143951416
0.2718389332294464
0.2735264003276825
0.2720399796962738
0.27063441276550293
0.2705143392086029
0.27022284269332886
0.2701220214366913
0.27216559648513794
0.2705237865447998
0.26993584632873535
0.27066466212272644
0.2693342864513397
0.27044612169265747
0.269977867603302
0.2705823481082916
0.2708683907985687
0.2699280083179474
0.27036023139953613
0.2715916335582733
0.2710389196872711
0.27073800563812256
0.2705467641353607
0.2698388993740082
0.2700691819190979
0.2741871476173401
0.2702937424182892
0.26965224742889404
0.27096694707870483
0.2711518108844757
0.2720490097999573
0.27272143959999084
0.2720332443714142
0.27165892720222473
0.2698359489440918
0.2698437571525574
0.270908385515213
0.26997700333595276
0.2714948356151581
0.27009710669517517
0.2704360783100128
0.2697179913520813
0.270369291305542
0.2726982533931732
0.2699366509914398
0.2690410017967224
0.26900866627693176
0.27031365036964417
0.2719040513038635
0.27135783433914185
0.274869829416275
0.27152615785598755
0.2705428898334503
0.2701435387134552
0.27076539397239685
0.2705153822898865
0.2700529396533966
0.2695778012275696
0.27074167132377625
0.2695869207382202
0.27112245559692383
0.2710331082344055
0.2700353264808655
0.2707860767841339
0.2733587324619293
0.27221518754959106
0.2710074782371521
0.27000194787979126
0.2706047594547272
0.27157533168792725
0.2702689468860626
0.2698381841182709
0.27010542154312134
0.2707676887512207
0.2729962170124054
0.269485741853714
0.2697197496891022
0.2696649432182312
0.2697962820529938
0.26882028579711914
0.26981019973754883
0.26982930302619934
0.269679456949234
0.2698950171470642
0.26915210485458374
0.27310240268707275
0.2713426351547241
0.2698361277580261
0.2698781192302704
0.2721012234687805
0.26982247829437256
0.27014419436454773
0.2699384391307831
0.27065807580947876
0.2699267566204071
0.27002787590026855
0.2702677249908447
0.2703213691711426
0.27356043457984924
0.27680522203445435
0.270169734954834
0.2707609236240387
0.27076342701911926
0.27038833498954773
0.26937782764434814
0.2708997428417206
0.2686197757720947
0.26992136240005493
0.2692473828792572
0.2692898213863373
0.2699461281299591
0.2691723704338074
0.26935574412345886
0.26914331316947937
0.2691175043582916
0.26918917894363403
0.26927703619003296
0.2699472904205322
0.2698703110218048
0.2687176465988159
0.27027812600135803
0.26968517899513245
0.26998433470726013
0.26950016617774963
0.2687622606754303
0.2694877088069916
0.26937681436538696
0.2697296142578125
0.2702068090438843
0.2684462368488312
0.27025914192199707
0.2693748474121094
0.26977309584617615
0.26857876777648926
0.26977983117103577
0.2723298668861389
0.269564688205719
0.26946669816970825
0.2694094777107239
0.2718598544597626
0.2720850706100464
0.27205774188041687
0.2690465748310089
0.2705039978027344
0.2696693539619446
0.2697385549545288
0.27140045166015625
0.2703087329864502
0.2693178355693817
0.27035000920295715
