0.6921548843383789
0.6885802745819092
0.6853191256523132
0.6818065643310547
0.6781486868858337
0.6740507483482361
0.6692683100700378
0.6637119650840759
0.656668484210968
0.6489884853363037
0.6394980549812317
0.6279187798500061
0.6139520406723022
0.5984616875648499
0.5822155475616455
0.5649669766426086
0.5500367879867554
0.5350006222724915
0.520121157169342
0.5055421590805054
0.492019921541214
0.4787570536136627
0.46531322598457336
0.4514542520046234
0.43780770897865295
0.4256426692008972
0.4138486981391907
0.40398460626602173
0.39410680532455444
0.3865256905555725
0.37986940145492554
0.3732715845108032
0.3705764412879944
0.36674103140830994
0.3640429973602295
0.36099186539649963
0.35956329107284546
0.3568999469280243
0.3558236062526703
0.35497477650642395
0.35234081745147705
0.3535163402557373
0.35203754901885986
0.3498345911502838
0.35126298666000366
0.34910720586776733
0.3476355969905853
0.34766754508018494
0.346769779920578
0.346294105052948
0.3463253080844879
0.3453587591648102
0.34476739168167114
0.3463520109653473
0.34491270780563354
0.34544241428375244
0.3437947928905487
0.34260571002960205
0.3434247672557831
0.34159284830093384
0.3416390120983124
0.341641366481781
0.341338187456131
0.34094274044036865
0.3404928147792816
0.34058040380477905
0.3398524522781372
0.3403678834438324
0.3395436108112335
0.3388614356517792
0.3390089273452759
0.3386339247226715
0.33873695135116577
0.33887791633605957
0.3377506136894226
0.33745330572128296
0.33846187591552734
0.3368290364742279
0.33752870559692383
0.33723631501197815
0.3375193476676941
0.3373107612133026
0.33617639541625977
0.33668920397758484
0.3363511264324188
0.33583205938339233
0.3357933759689331
0.3351666033267975
0.3350144028663635
0.3347748816013336
0.3346976935863495
0.33460548520088196
0.33442893624305725
0.3347555100917816
0.3358575105667114
0.33359524607658386
0.3339139521121979
0.33450546860694885
0.33392173051834106
0.33415505290031433
0.3338920474052429
0.33334338665008545
0.3335469663143158
0.33293259143829346
0.33378201723098755
0.3325975239276886
0.3335476219654083
0.33297762274742126
0.33179277181625366
0.3325858414173126
0.3322070240974426
0.3321356773376465
0.3317182958126068
0.33294662833213806
0.33187028765678406
0.3319645822048187
0.33180373907089233
0.3317713141441345
0.3320137858390808
0.3324037790298462
0.33085039258003235
0.331728994846344
0.3315490186214447
0.3304961025714874
0.3305957019329071
0.3310670554637909
0.33029383420944214
0.3306119441986084
0.3306015729904175
0.33206719160079956
0.3307636082172394
0.3312012553215027
0.33265265822410583
0.33036449551582336
0.33010002970695496
0.3302498459815979
0.3299437165260315
0.330718994140625
0.3295973241329193
0.33054956793785095
0.3297046422958374
0.3302822709083557
0.3303331732749939
0.33012548089027405
0.3297715187072754
0.33052316308021545
0.3299132287502289
0.32948437333106995
0.32953253388404846
0.3295217454433441
0.3296489715576172
0.32949262857437134
0.32910412549972534
0.3294847905635834
0.3298718333244324
0.32935741543769836
0.3293386995792389
0.32962822914123535
0.3292292356491089
0.32882991433143616
0.3298652768135071
0.32882750034332275
0.32915714383125305
0.3299955427646637
0.3306061625480652
0.33056291937828064
0.32834845781326294
0.32980644702911377
0.32883015275001526
0.32877156138420105
0.3285285234451294
0.32896295189857483
0.3287031948566437
0.32881301641464233
0.3309464156627655
0.3296467363834381
0.3289602994918823
0.3292713165283203
0.3284972906112671
0.3284774124622345
0.32822588086128235
0.3280838429927826
0.3286524713039398
0.32906487584114075
0.3287821114063263
0.32834047079086304
0.3286912441253662
0.32799458503723145
0.3285024166107178
0.32820913195610046
0.3279275894165039
0.328579306602478
0.32761111855506897
0.3277680277824402
0.3281264007091522
0.32813602685928345
0.32794809341430664
0.32790905237197876
0.3278636932373047
0.32826223969459534
0.3280414342880249
0.3293822705745697
0.3289864957332611
0.3276904821395874
0.32763639092445374
0.32803499698638916
0.32804739475250244
0.3274911344051361
0.3280927240848541
0.32767540216445923
0.32751089334487915
0.3280433118343353
0.32832810282707214
0.3279336094856262
0.32828545570373535
0.3288652002811432
0.32754141092300415
0.3272501826286316
0.32756340503692627
0.3272799849510193
0.3276847004890442
0.32760894298553467
0.3275432884693146
0.3276630640029907
0.3277088701725006
0.32799601554870605
0.32788798213005066
0.3300487697124481
0.32751181721687317
0.32767701148986816
0.32783055305480957
0.327167272567749
0.32803335785865784
0.3268548846244812
0.32699108123779297
0.32678601145744324
0.3268587589263916
0.32686108350753784
0.326711505651474
0.3268696963787079
0.3272625803947449
0.32721954584121704
0.3266127407550812
0.32750239968299866
0.3270947337150574
0.32676172256469727
0.3267003893852234
0.3261423707008362
0.32681500911712646
0.3270798921585083
0.3271428942680359
0.3264729678630829
0.3263620436191559
0.32670003175735474
0.32600826025009155
0.32712769508361816
0.32640841603279114
0.3266203701496124
0.3264037072658539
0.32642045617103577
0.32663267850875854
0.3266933262348175
0.3261395990848541
0.3259090483188629
0.32623207569122314
0.326487272977829
0.32587283849716187
0.32633522152900696
0.32609421014785767
0.326151043176651
0.3263084888458252
0.3306783437728882
0.32673725485801697
0.325764000415802
0.3260929584503174
0.32621610164642334
0.32644855976104736
0.3261963427066803
0.3256774842739105
0.3260970413684845
0.32573264837265015
0.3270356059074402
0.32574278116226196
0.326092004776001
0.3255593180656433
0.32807645201683044
0.32624247670173645
0.32537832856178284
0.3254345953464508
0.32559531927108765
0.325388103723526
0.32544100284576416
0.32544657588005066
0.3263661861419678
0.32569462060928345
0.32594913244247437
0.32633674144744873
0.32543277740478516
0.32568830251693726
0.32553088665008545
0.3254334330558777
0.3254793584346771
0.32540592551231384
0.325515478849411
0.32566580176353455
0.3256266713142395
0.32498031854629517
0.32541003823280334
0.32541143894195557
0.32604894042015076
0.32602617144584656
0.325315922498703
0.32571572065353394
0.3250873386859894
0.32619285583496094
0.3250617980957031
0.3249111771583557
0.3255516588687897
0.32532936334609985
0.32651886343955994
0.32537364959716797
0.32544970512390137
0.3252575397491455
0.3253154456615448
0.3252177834510803
0.32522881031036377
0.3250679671764374
0.3251709043979645
0.3251430094242096
0.3252432942390442
0.32521647214889526
0.32486751675605774
0.32594189047813416
0.3258759677410126
0.3251309096813202
0.3257471024990082
0.324713796377182
0.3249846398830414
0.32502204179763794
0.32473140954971313
0.3254072070121765
0.32537323236465454
0.32527488470077515
0.32581275701522827
0.3250693380832672
0.32494938373565674
0.3252277970314026
0.32497045397758484
0.32635498046875
0.32639268040657043
0.32570451498031616
0.32612890005111694
0.32455959916114807
0.3246878683567047
0.3245708644390106
0.32500016689300537
0.3250807523727417
0.3248664140701294
0.32504191994667053
0.3246232569217682
0.3279102146625519
0.32565122842788696
0.3246491253376007
0.3249402344226837
0.324415922164917
0.32472485303878784
0.3247174322605133
0.3244875371456146
0.32463517785072327
0.3257731795310974
0.3264292776584625
0.32415154576301575
0.3249571621417999
0.32480350136756897
0.32521677017211914
0.32448652386665344
0.32476529479026794
0.3242737650871277
0.3257322907447815
0.3254486918449402
0.3241187632083893
0.3251362442970276
0.3249136209487915
0.3255501985549927
0.3259257674217224
0.32450947165489197
0.32457512617111206
0.32431936264038086
0.3251851499080658
0.3243285119533539
0.32506972551345825
0.324962317943573
0.32414016127586365
0.3253696858882904
0.32474419474601746
0.3248275816440582
0.3244301378726959
0.32410916686058044
0.32443907856941223
0.324945330619812
0.3265705704689026
0.3277188539505005
0.32547053694725037
0.32522669434547424
0.3239360451698303
0.3248588442802429
0.3255300223827362
0.3256783187389374
0.3239065110683441
0.32477280497550964
0.3247370719909668
0.3241577744483948
0.3247535228729248
0.3241712152957916
0.3243068754673004
0.325720876455307
0.32457324862480164
0.32502344250679016
0.3245067894458771
0.3241262137889862
0.32456833124160767
0.3241749107837677
0.32502806186676025
0.3241378664970398
0.3255390226840973
0.3250442445278168
0.325332373380661
0.32474184036254883
0.3244686722755432
0.32371971011161804
0.3244001269340515
0.3245297372341156
0.32460030913352966
0.3248012065887451
0.3244752585887909
0.32365578413009644
0.32415124773979187
0.3251056969165802
0.32424595952033997
0.3254889249801636
0.32456323504447937
0.3246673047542572
0.32510653138160706
0.3244442343711853
0.3242066502571106
0.32401543855667114
0.32380932569503784
0.32428696751594543
0.3239419162273407
0.3238799571990967
0.32398754358291626
0.3238869607448578
0.32443884015083313
0.3240997791290283
0.3245152235031128
0.3236963450908661
0.32504457235336304
0.3245261311531067
0.323684424161911
0.32484403252601624
0.3243093490600586
0.3238344192504883
0.32439690828323364
0.323687344789505
0.3241705596446991
0.32427990436553955
0.3241117298603058
0.3249761164188385
0.324781209230423
0.32344481348991394
0.32425031065940857
0.3248530626296997
0.325741708278656
0.3245895802974701
0.3248932659626007
0.32460832595825195
0.3241024911403656
0.3236965835094452
0.3247530460357666
0.3248598277568817
0.3238653242588043
0.32392892241477966
0.3254605531692505
0.32378482818603516
0.3238217234611511
0.3237983286380768
0.32448092103004456
0.323510080575943
0.3238418996334076
0.3240675628185272
0.3241393566131592
0.32467108964920044
0.32423925399780273
0.3237733244895935
0.3237921893596649
0.32398074865341187
0.3238140046596527
0.32404249906539917
0.32374513149261475
0.3238476514816284
0.32377922534942627
0.32417112588882446
0.3250163197517395
0.3241613805294037
0.32381153106689453
0.32379063963890076
0.3245846927165985
0.3241208791732788
0.3247532546520233
0.32447880506515503
0.32420435547828674
0.3236282467842102
0.32424333691596985
0.3239377439022064
0.323634535074234
0.32403337955474854
0.32363370060920715
0.3237667977809906
0.32369810342788696
0.32458069920539856
0.3234218955039978
0.3239407241344452
0.32446110248565674
0.3236042559146881
0.32600945234298706
0.3255707621574402
0.3243635892868042
0.32385313510894775
0.32417312264442444
0.32392939925193787
0.32353052496910095
0.3244357407093048
0.32395288348197937
0.3243488669395447
0.32394731044769287
0.32400473952293396
0.32351282238960266
0.323826402425766
0.3241000771522522
0.323758065700531
0.32360467314720154
0.3244796693325043
0.32389700412750244
0.32346218824386597
0.3239549994468689
0.32371240854263306
0.32458174228668213
0.3242090940475464
0.32418954372406006
0.32471001148223877
0.3233436942100525
0.32441243529319763
0.32384294271469116
0.3247028589248657
0.32349398732185364
0.32406941056251526
0.3237137496471405
0.3241446614265442
0.3247237503528595
0.32690373063087463
0.325377494096756
0.32400667667388916
0.32430386543273926
0.3250178098678589
0.323736310005188
0.32439708709716797
0.3237743377685547
0.32416340708732605
0.3238018751144409
0.3241422772407532
0.3239010274410248
0.32352790236473083
0.3240272104740143
0.32615405321121216
0.3239881098270416
0.32400041818618774
0.3232952952384949
0.3244970738887787
0.32472196221351624
0.3235524892807007
0.3239583373069763
0.32327505946159363
0.32390889525413513
0.32483530044555664
0.3242737054824829
0.3232519030570984
0.32402172684669495
0.3236416280269623
0.3235480487346649
0.3233279287815094
0.3234233558177948
0.32349875569343567
0.3240665793418884
0.3235723674297333
0.32460281252861023
0.32418033480644226
0.323658287525177
0.32342806458473206
0.32384952902793884
0.32355037331581116
0.32369348406791687
0.3236710727214813
0.32385438680648804
0.3238254487514496
0.32359129190444946
0.32352301478385925
0.32353341579437256
0.3235190808773041
0.32447099685668945
0.3239544630050659
0.3249579071998596
0.32374536991119385
0.3234376311302185
0.32330626249313354
0.3233032524585724
0.32369041442871094
0.3236488103866577
0.3234946131706238
0.32340487837791443
0.3238767087459564
0.323559433221817
0.32404741644859314
0.32385826110839844
0.323407918214798
0.32519495487213135
0.32375380396842957
0.32338982820510864
0.32344603538513184
0.3231757879257202
0.3235557973384857
0.3232899308204651
0.324554979801178
0.32358717918395996
0.32287290692329407
0.3239235579967499
0.3236014246940613
0.323649138212204
0.3239806294441223
0.3236479163169861
0.32437413930892944
0.32425376772880554
0.3235330581665039
0.32327377796173096
0.32383182644844055
0.32484152913093567
0.32318806648254395
0.32382136583328247
0.32399240136146545
0.32346779108047485
0.32328787446022034
0.3234384059906006
0.3234999477863312
0.3234183192253113
0.3248513340950012
0.32380029559135437
0.32368558645248413
0.3238290846347809
0.3241519629955292
0.32347404956817627
0.3234371840953827
0.32467809319496155
0.3236525356769562
0.3231574296951294
0.32309630513191223
0.3233887553215027
0.32364335656166077
0.3239644169807434
0.3238576054573059
0.32413211464881897
0.3233506977558136
0.32329386472702026
0.3241712152957916
0.3231944441795349
0.3234834372997284
0.32439327239990234
0.324268639087677
0.3250542879104614
0.32374465465545654
0.32403767108917236
0.3233334422111511
0.3253481686115265
0.3231939673423767
0.3232169449329376
0.3231883645057678
0.3232118785381317
0.32315850257873535
0.3233131468296051
0.3255930244922638
0.32333889603614807
0.32333141565322876
0.3241327404975891
0.32330337166786194
0.32487979531288147
0.3245634138584137
0.3235020637512207
0.32400304079055786
0.3235841989517212
0.3229592740535736
0.32352474331855774
0.3241633474826813
0.3242556154727936
0.32459786534309387
0.3241232633590698
0.32341405749320984
0.3230992257595062
0.32318949699401855
0.32315799593925476
0.32413509488105774
0.32319119572639465
0.3236866295337677
0.32361698150634766
0.32385292649269104
0.3236024081707001
0.3235253691673279
0.3237750828266144
0.32339170575141907
0.32449859380722046
0.3235416114330292
0.32293015718460083
0.32324013113975525
0.32376357913017273
0.3236522674560547
0.32299521565437317
0.3240979015827179
0.3228798806667328
0.3242286443710327
0.32472658157348633
0.32329511642456055
0.3233984708786011
0.3232620656490326
0.32339388132095337
0.32317233085632324
0.3253370523452759
0.32516908645629883
0.32327815890312195
0.3236846923828125
0.3246971666812897
0.32311320304870605
0.3236778974533081
0.3240710496902466
0.3243520259857178
0.3232545256614685
0.32315289974212646
0.32279345393180847
0.3230711817741394
0.3228832483291626
0.3233204782009125
0.3243512213230133
0.32419973611831665
0.32352524995803833
0.32332849502563477
0.3232060968875885
0.3229946494102478
0.3232562839984894
0.3232221305370331
0.3244222104549408
0.32301220297813416
0.3240005373954773
0.3227938711643219
0.3233388364315033
0.32360193133354187
0.3233419954776764
0.32309213280677795
0.32385921478271484
0.3232540786266327
0.32335546612739563
0.32301709055900574
0.32368630170822144
0.3240075409412384
0.32368776202201843
0.323202520608902
0.3232481777667999
0.32366931438446045
0.3239540457725525
0.3228875994682312
0.32386139035224915
0.32515397667884827
0.3240397572517395
0.3235733211040497
0.32315319776535034
0.32279279828071594
0.3228144943714142
0.32349762320518494
0.3236948549747467
0.3238064646720886
0.3242702782154083
0.32303979992866516
0.32376325130462646
0.3234254717826843
0.3240196704864502
0.32483699917793274
0.3257540464401245
0.32326775789260864
0.32342010736465454
0.3233059048652649
0.3229163885116577
0.3246888816356659
0.32335856556892395
0.3232265114784241
0.3250548243522644
0.32343485951423645
0.32323992252349854
0.323942631483078
0.3228253424167633
0.32470327615737915
0.32421404123306274
0.3243510127067566
0.32281652092933655
0.32383155822753906
0.32325682044029236
0.3227723240852356
0.32321229577064514
0.3235265910625458
0.32345426082611084
0.32290589809417725
0.32309213280677795
0.32286912202835083
0.3229985535144806
0.3232266306877136
0.3230569362640381
0.32302325963974
0.32305166125297546
0.32352763414382935
0.32391053438186646
0.3230322301387787
0.3233634829521179
0.32281625270843506
0.324321985244751
0.32310089468955994
0.32369837164878845
0.32306182384490967
0.32331788539886475
0.3234304189682007
0.3231181502342224
0.3247104585170746
0.3239747881889343
0.32318007946014404
0.3237472176551819
0.32322269678115845
0.3231523633003235
0.3241593539714813
0.323086678981781
0.3233003616333008
0.32306358218193054
0.3228684365749359
0.3236430287361145
0.32287395000457764
0.32350796461105347
0.32320940494537354
0.3230929374694824
0.32312265038490295
0.3230617940425873
0.32316967844963074
0.32276538014411926
0.3228292167186737
0.3228355348110199
0.3232038617134094
0.32320380210876465
0.32302868366241455
0.3230728507041931
0.3228970766067505
0.32338985800743103
0.3231980502605438
0.32356664538383484
0.3232990503311157
0.322817862033844
0.3234821557998657
0.3246494233608246
0.32377123832702637
0.323653906583786
0.3236652910709381
0.3226184546947479
0.3235742151737213
0.3231436014175415
0.32491937279701233
0.32449954748153687
0.3237886130809784
0.3230052590370178
0.3243960738182068
0.3245227634906769
0.3229857385158539
0.32346951961517334
0.32254475355148315
0.32355624437332153
0.3234528601169586
0.32332751154899597
0.3232904076576233
0.3236134648323059
0.3229474723339081
0.3229958117008209
0.3232547342777252
0.3233601450920105
0.32325479388237
0.32410377264022827
0.3243376314640045
0.3238319158554077
0.3230611979961395
0.3234308958053589
0.3227884769439697
0.324783056974411
0.32510247826576233
0.32269442081451416
0.3230670988559723
0.3241760730743408
0.3234356939792633
0.32311108708381653
0.32291892170906067
0.3232923448085785
0.32271522283554077
0.32322317361831665
0.3227682113647461
0.3229023516178131
0.32297414541244507
0.3234858214855194
0.32332220673561096
0.32287630438804626
0.32331737875938416
0.32322269678115845
0.324124276638031
0.3234331011772156
0.3234524130821228
0.32286518812179565
0.32321232557296753
0.32274869084358215
0.3229297697544098
0.32387208938598633
0.3242241442203522
0.32288771867752075
0.32385602593421936
0.3239603042602539
0.3232838213443756
0.3243677318096161
0.3233390152454376
0.3231072425842285
0.3237571120262146
0.3227804899215698
0.3247582018375397
0.3225034475326538
0.32307472825050354
0.323285847902298
0.322937548160553
0.3236240744590759
0.3243251442909241
0.3235439658164978
0.32251423597335815
0.32286372780799866
0.3232221007347107
0.3232004642486572
0.3237587511539459
0.3238987326622009
0.3226466476917267
0.3232421278953552
0.3227163851261139
0.32299113273620605
0.32272493839263916
0.32269173860549927
0.32361462712287903
0.3236231207847595
0.32293668389320374
0.32264527678489685
0.32267749309539795
0.3225495517253876
0.32329586148262024
0.3229670226573944
0.3233504891395569
0.32265710830688477
0.32248520851135254
0.322647362947464
0.3230588436126709
0.3232210576534271
0.32339218258857727
0.32385683059692383
0.32273435592651367
0.32251593470573425
0.32273268699645996
0.3229849636554718
0.3234712779521942
0.32243576645851135
0.3229985237121582
0.3228605389595032
0.32306453585624695
0.32298165559768677
0.32453879714012146
0.3237968385219574
0.3228883147239685
0.32305705547332764
0.32387351989746094
0.32322296500205994
0.3232230246067047
0.322902113199234
0.32304999232292175
0.32363373041152954
0.3239632248878479
0.32271429896354675
0.32277417182922363
0.32260316610336304
0.32239100337028503
0.3231106400489807
0.32293054461479187
0.3227114677429199
