0.6939164996147156
0.6843533515930176
0.6763834953308105
0.6665135025978088
0.6535945534706116
0.6374035477638245
0.6176977753639221
0.59483802318573
0.5696538090705872
0.5426239967346191
0.5160871744155884
0.49127912521362305
0.46796131134033203
0.44786348938941956
0.4296875
0.4138769805431366
0.3996044993400574
0.3874934911727905
0.3763376772403717
0.36684709787368774
0.3592386245727539
0.35205352306365967
0.34729835391044617
0.3411198854446411
0.33827659487724304
0.33330702781677246
0.33097028732299805
0.3293544054031372
0.32727640867233276
0.32507359981536865
0.3228585422039032
0.3205569088459015
0.318881630897522
0.31687337160110474
0.31567078828811646
0.3144133687019348
0.3130621016025543
0.3118467628955841
0.30940255522727966
0.30874890089035034
0.30768638849258423
0.30688241124153137
0.30525919795036316
0.30495119094848633
0.3035825192928314
0.3029135465621948
0.3019987642765045
0.3009166419506073
0.30021339654922485
0.29948246479034424
0.29909178614616394
0.29859739542007446
0.2976512908935547
0.2976023852825165
0.29585886001586914
0.29507410526275635
0.2946333587169647
0.294154554605484
0.2931699752807617
0.2927837371826172
0.29221081733703613
0.2912411689758301
0.29067617654800415
0.29056426882743835
0.2900746762752533
0.2907389998435974
0.28936341404914856
0.28845202922821045
0.2881697714328766
0.2871711552143097
0.2876667082309723
0.28670984506607056
0.286596417427063
0.2858731150627136
0.28590530157089233
0.2841659188270569
0.28445038199424744
0.28453075885772705
0.28528210520744324
0.283309668302536
0.282545804977417
0.2821904718875885
0.2814757525920868
0.28050389885902405
0.28020593523979187
0.2796529233455658
0.27986592054367065
0.2789511978626251
0.2789481580257416
0.27768293023109436
0.27768346667289734
0.2769750654697418
0.2770003378391266
0.2763192355632782
0.2756473124027252
0.2752285301685333
0.2749054729938507
0.27462470531463623
0.27421990036964417
0.2744304835796356
0.27402791380882263
0.27417317032814026
0.2727977931499481
0.2722039818763733
0.2721846401691437
0.2712962329387665
0.2713112235069275
0.2706582248210907
0.27102312445640564
0.27027928829193115
0.27033278346061707
0.27018144726753235
0.26859140396118164
0.267922043800354
0.2681754529476166
0.26793473958969116
0.26727011799812317
0.2673698365688324
0.2677156627178192
0.266228586435318
0.2659205496311188
0.2658320963382721
0.2653944194316864
0.2654753029346466
0.2652857005596161
0.26464805006980896
0.265288770198822
0.2650158405303955
0.26393944025039673
0.26527076959609985
0.2642348110675812
0.2630205750465393
0.2631997764110565
0.26290348172187805
0.262933611869812
0.26186472177505493
0.26202088594436646
0.26089394092559814
0.2614932060241699
0.26114341616630554
0.2609871029853821
0.26007726788520813
0.25949525833129883
0.2595359981060028
0.2594850957393646
0.25891485810279846
0.2590397298336029
0.25856149196624756
0.25902023911476135
0.2578730583190918
0.257580429315567
0.25726136565208435
0.2571417987346649
0.2570885717868805
0.2570037543773651
0.2578393220901489
0.25647222995758057
0.2558465898036957
0.2561822831630707
0.2558712065219879
0.25605934858322144
0.2558996379375458
0.25472405552864075
0.25502216815948486
0.2540377974510193
0.2546015977859497
0.25376686453819275
0.25411486625671387
0.2532494366168976
0.2531278431415558
0.2531694173812866
0.2541814148426056
0.25328710675239563
0.25286710262298584
0.25204119086265564
0.25225481390953064
0.2514916956424713
0.25135451555252075
0.25160086154937744
0.2519673705101013
0.2510841488838196
0.25082170963287354
0.25078335404396057
0.2506791949272156
0.25158318877220154
0.25039026141166687
0.2507193386554718
0.2507491409778595
0.25153160095214844
0.24956639111042023
0.2501840591430664
0.2496281862258911
0.24866943061351776
0.24967506527900696
0.24889761209487915
0.2486298531293869
0.24952979385852814
0.24813209474086761
0.24910882115364075
0.24869199097156525
0.24821913242340088
0.24950189888477325
0.24792569875717163
0.24928170442581177
0.24817661941051483
0.2483910322189331
0.24897655844688416
0.24669323861598969
0.24732919037342072
0.2474864274263382
0.24710355699062347
0.24788618087768555
0.24750712513923645
0.24698135256767273
0.24616815149784088
0.24607886373996735
0.246968612074852
0.24609580636024475
0.2468457669019699
0.24526004493236542
0.2466978281736374
0.2453487068414688
0.24564069509506226
0.24516266584396362
0.24542655050754547
0.24501392245292664
0.24582618474960327
0.24459698796272278
0.2448267787694931
0.24480895698070526
0.24452273547649384
0.24460344016551971
0.24442321062088013
0.24410687386989594
0.24412548542022705
0.2441648691892624
0.24455830454826355
0.24383606016635895
0.243482306599617
0.24377980828285217
0.24348127841949463
0.24359747767448425
0.24364019930362701
0.24598324298858643
0.24399277567863464
0.24245063960552216
0.2428102046251297
0.24239616096019745
0.2426215261220932
0.2429254800081253
0.24224482476711273
0.24262140691280365
0.24385175108909607
0.24284808337688446
0.243369922041893
0.24213531613349915
0.24296151101589203
0.24215790629386902
0.24165824055671692
0.24193979799747467
0.241172656416893
0.2408786565065384
0.24122828245162964
0.24171234667301178
0.24108253419399261
0.24090619385242462
0.24080274999141693
0.24100443720817566
0.24075756967067719
0.24086885154247284
0.24030615389347076
0.24003268778324127
0.24068096280097961
0.24042996764183044
0.2405707687139511
0.2406456619501114
0.24083493649959564
0.23964081704616547
0.2396842986345291
0.23998984694480896
0.23949693143367767
0.23933982849121094
0.23945246636867523
0.23965486884117126
0.23967494070529938
0.23883472383022308
0.24046772718429565
0.23952937126159668
0.24109157919883728
0.240599125623703
0.2390129715204239
0.23944757878780365
0.2391931116580963
0.23966091871261597
0.23908454179763794
0.23936428129673004
0.23914258182048798
0.23920953273773193
0.23904533684253693
0.23858335614204407
0.23862098157405853
0.2378813624382019
0.23859743773937225
0.23841316998004913
0.23758505284786224
0.23872224986553192
0.23918433487415314
0.23798204958438873
0.23752646148204803
0.23726080358028412
0.23825623095035553
0.23735463619232178
0.2381030023097992
0.2385873943567276
0.23783107101917267
0.23721414804458618
0.23861920833587646
0.23689262568950653
0.23747165501117706
0.23782676458358765
0.2370719313621521
0.23675483465194702
0.2363004982471466
0.23728986084461212
0.23758232593536377
0.23650236427783966
0.2364051789045334
0.23672133684158325
0.236189067363739
0.23674994707107544
0.23651881515979767
0.23684820532798767
0.23564021289348602
0.23645924031734467
0.23607537150382996
0.23606428503990173
0.23643414676189423
0.2355685532093048
0.23533405363559723
0.23528318107128143
0.23533833026885986
0.2365548312664032
0.23578830063343048
0.23588357865810394
0.2357306182384491
0.2386104017496109
0.23578152060508728
0.2362666130065918
0.23584367334842682
0.23516811430454254
0.23458044230937958
0.23542442917823792
0.23453344404697418
0.23538002371788025
0.23473191261291504
0.23587563633918762
0.23508185148239136
0.2347010225057602
0.2345968782901764
0.23446641862392426
0.23401832580566406
0.23420274257659912
0.23389416933059692
0.23420237004756927
0.23437805473804474
0.23567937314510345
0.23488157987594604
0.23381462693214417
0.23451320827007294
0.23321358859539032
0.2347654402256012
0.23367398977279663
0.23370866477489471
0.23387481272220612
0.23513296246528625
0.23370443284511566
0.23406942188739777
0.23473192751407623
0.23388423025608063
0.2342461496591568
0.23311969637870789
0.2328118532896042
0.23298247158527374
0.23279379308223724
0.23347237706184387
0.2326250672340393
0.23272402584552765
0.23232708871364594
0.23310406506061554
0.23225027322769165
0.2326437383890152
0.23264631628990173
0.23210856318473816
0.23203732073307037
0.23215048015117645
0.23199054598808289
0.23245155811309814
0.2317723035812378
0.2330453097820282
0.23263880610466003
0.23120230436325073
0.23210948705673218
0.2324173003435135
0.23130081593990326
0.23182134330272675
0.23135696351528168
0.231462761759758
0.23134416341781616
0.23180590569972992
0.23094643652439117
0.2317308932542801
0.23160472512245178
0.23137634992599487
0.23157861828804016
0.230414018034935
0.23211117088794708
0.23085173964500427
0.23129791021347046
0.23022720217704773
0.23022021353244781
0.23062564432621002
0.22997616231441498
0.23067472875118256
0.23098936676979065
0.22997993230819702
0.23034486174583435
0.23058268427848816
0.2302456945180893
0.2300710827112198
0.22971144318580627
0.23089180886745453
0.22944021224975586
0.22945460677146912
0.23023855686187744
0.2304040938615799
0.2290039211511612
0.23057526350021362
0.2296168953180313
0.22900067269802094
0.22876499593257904
0.2289128452539444
0.22870691120624542
0.22863931953907013
0.22878725826740265
0.2290680706501007
0.22888194024562836
0.2280648797750473
0.2283913642168045
0.2291891723871231
0.22772036492824554
0.2286328375339508
0.2283763289451599
0.22803299129009247
0.22809499502182007
0.2291608452796936
0.22939921915531158
0.22775037586688995
0.22775395214557648
0.2281884402036667
0.22797344624996185
0.22798752784729004
0.2272326946258545
0.22722385823726654
0.22694474458694458
0.22723904252052307
0.22677117586135864
0.22701182961463928
0.2282894104719162
0.22742608189582825
0.22906838357448578
0.22772154211997986
0.22669869661331177
0.2267468273639679
0.22629696130752563
0.2258642315864563
0.22636355459690094
0.2257261574268341
0.22694669663906097
0.2256871610879898
0.22614236176013947
0.2268063724040985
0.22658056020736694
0.2258400321006775
0.22542402148246765
0.22553826868534088
0.22542062401771545
0.22582659125328064
0.22568847239017487
0.22607961297035217
0.22576938569545746
0.22584892809391022
0.22487828135490417
0.22599487006664276
0.22435495257377625
0.2252182513475418
0.22554589807987213
0.2256193608045578
0.22506903111934662
0.22465258836746216
0.22553278505802155
0.22502020001411438
0.22447901964187622
0.22608405351638794
0.22490784525871277
0.22594429552555084
0.2244761437177658
0.2243463695049286
0.22485429048538208
0.22446765005588531
0.22474338114261627
0.2252521812915802
0.22377876937389374
0.2239183783531189
0.22669994831085205
0.22497165203094482
0.22383704781532288
0.22320407629013062
0.22364871203899384
0.22440342605113983
0.22377437353134155
0.2236911505460739
0.22300954163074493
0.22587569057941437
0.22428806126117706
0.22499306499958038
0.22303056716918945
0.22307056188583374
0.22354720532894135
0.2227553427219391
0.2237483263015747
0.22350165247917175
0.2233615219593048
0.22256772220134735
0.22250661253929138
0.22292916476726532
0.22375768423080444
0.22454339265823364
0.22303447127342224
0.2225629985332489
0.22189313173294067
0.22214046120643616
0.2221590131521225
0.22282902896404266
0.2221122831106186
0.2222747504711151
0.22228072583675385
0.22235189378261566
0.22165001928806305
0.22228524088859558
0.22219030559062958
0.2222709357738495
0.22246891260147095
0.2223416268825531
0.22108258306980133
0.22322140634059906
0.22088856995105743
0.22156177461147308
0.22162240743637085
0.2225198596715927
0.22270984947681427
0.22115404903888702
0.22106151282787323
0.22082297503948212
0.22050775587558746
0.22157502174377441
0.22104261815547943
0.22272974252700806
0.2213781774044037
0.22081509232521057
0.22117392718791962
0.22142033278942108
0.2203744500875473
0.2199326902627945
0.22010664641857147
0.21996183693408966
0.22047579288482666
0.21994224190711975
0.2202550619840622
0.22045977413654327
0.2198799103498459
0.22047966718673706
0.22004376351833344
0.22025731205940247
0.21994778513908386
0.22052466869354248
0.2193768322467804
0.21950413286685944
0.21993176639080048
0.22050334513187408
0.21951475739479065
0.22003889083862305
0.22001899778842926
0.220508873462677
0.22089414298534393
0.22020870447158813
0.21963220834732056
0.2204049974679947
0.21908503770828247
0.2197924703359604
0.21894994378089905
0.22080162167549133
0.21969366073608398
0.2189568430185318
0.21912366151809692
0.2202906459569931
0.21926872432231903
0.22030769288539886
0.21928247809410095
0.21874219179153442
0.21896640956401825
0.2197798788547516
0.21939119696617126
0.2192898988723755
0.21948128938674927
0.21933674812316895
0.2187313586473465
0.218998521566391
0.21867066621780396
0.21931181848049164
0.21861955523490906
0.2195008099079132
0.2182387262582779
0.21926568448543549
0.218276247382164
0.2194279134273529
0.21837973594665527
0.21802106499671936
0.21800662577152252
0.2181086540222168
0.21880057454109192
0.21795408427715302
0.21756301820278168
0.2175808846950531
0.21833431720733643
0.21775935590267181
0.21794559061527252
0.2179083675146103
0.21818219125270844
0.21842537820339203
0.217777818441391
0.21845228970050812
0.21765576303005219
0.21722562611103058
0.21746765077114105
0.21745431423187256
0.21796156466007233
0.2194238156080246
0.2177596390247345
0.2189144790172577
0.2182682305574417
0.2174251675605774
0.21694304049015045
0.2178422063589096
0.2199084609746933
0.2186831533908844
0.21692515909671783
0.21675479412078857
0.2172563374042511
0.21667084097862244
0.2169254571199417
0.21808530390262604
0.21785561740398407
0.21831786632537842
0.21695612370967865
0.21758432686328888
0.2166217714548111
0.21656131744384766
0.21773481369018555
0.2177942842245102
0.21722863614559174
0.21646420657634735
0.21614234149456024
0.21599921584129333
0.21727877855300903
0.21829526126384735
0.2175542265176773
0.21752986311912537
0.21620702743530273
0.21626637876033783
0.21626654267311096
0.2168721854686737
0.21672192215919495
0.21730001270771027
0.21746240556240082
0.21700114011764526
0.21694958209991455
0.21573883295059204
0.21688319742679596
0.2181360125541687
0.21544529497623444
0.2154908925294876
0.2164391130208969
0.21587632596492767
0.21581321954727173
0.21540166437625885
0.21608604490756989
0.21686148643493652
0.21653121709823608
0.216525137424469
0.21647930145263672
0.21553069353103638
0.21551717817783356
0.21570202708244324
0.21501703560352325
0.21571031212806702
0.21494942903518677
0.21547234058380127
0.2152062952518463
0.21560736000537872
0.21510407328605652
0.21573761105537415
0.21471242606639862
0.21533417701721191
0.21486280858516693
0.21476022899150848
0.2149934619665146
0.21586832404136658
0.21485555171966553
0.21492627263069153
0.21585477888584137
0.21497111022472382
0.21451319754123688
0.2146042436361313
0.214638814330101
0.21487389504909515
0.21403877437114716
0.21433448791503906
0.21538367867469788
0.21472904086112976
0.21518664062023163
0.21401239931583405
0.21403150260448456
0.2140054553747177
0.21374547481536865
0.21388359367847443
0.21390318870544434
0.21493574976921082
0.21397557854652405
0.2142925262451172
0.21415457129478455
0.21409790217876434
0.2138434201478958
0.21382977068424225
0.21447665989398956
0.2136821448802948
0.21389415860176086
0.21405182778835297
0.21404393017292023
0.2141004204750061
0.21320509910583496
0.21312224864959717
0.2136814147233963
0.21440468728542328
0.21430152654647827
0.21402116119861603
0.21347442269325256
0.21370446681976318
0.21295921504497528
0.21358151733875275
0.21343114972114563
0.2133742868900299
0.21363642811775208
0.21361102163791656
0.21323096752166748
0.21478991210460663
0.21434049308300018
0.21388621628284454
0.2136099487543106
0.21390819549560547
0.21293415129184723
0.21368521451950073
0.21346400678157806
0.2137833833694458
0.21304632723331451
0.21354441344738007
0.21242938935756683
0.2124835103750229
0.21332192420959473
0.21349631249904633
0.21360838413238525
0.21272322535514832
0.2128845453262329
0.21397800743579865
0.21297453343868256
0.21250945329666138
0.21237263083457947
0.2128903567790985
0.2141493707895279
0.21304374933242798
0.21265792846679688
0.2122630774974823
0.21207669377326965
0.21213331818580627
0.21283605694770813
0.2122260183095932
0.21260492503643036
0.21332763135433197
0.21256336569786072
0.2129802256822586
0.21219460666179657
0.2138335406780243
0.2136426866054535
0.21297131478786469
0.21489742398262024
0.21345075964927673
0.21309900283813477
0.211107075214386
0.21286846697330475
0.21269573271274567
0.21306578814983368
0.21229569613933563
0.21226635575294495
0.21236096322536469
0.21454547345638275
0.2119937539100647
0.21161772310733795
0.21225573122501373
0.2122410088777542
0.21392370760440826
0.21206635236740112
0.2116275131702423
0.21329282224178314
0.2119390219449997
0.21283164620399475
0.21213841438293457
0.21115116775035858
0.2118161916732788
0.21112200617790222
0.21111764013767242
0.21167272329330444
0.21100792288780212
0.21134676039218903
0.21073980629444122
0.2116391360759735
0.2112438678741455
0.21133296191692352
0.21104875206947327
0.2112882137298584
0.21135252714157104
0.21096478402614594
0.21140970289707184
0.211877703666687
0.2106238454580307
0.21108441054821014
0.21130771934986115
0.2115216851234436
0.211909219622612
0.21136149764060974
0.21102690696716309
0.2107192575931549
0.21103298664093018
0.21088723838329315
0.21211625635623932
0.2114250808954239
0.21133266389369965
0.21034161746501923
0.21110185980796814
0.21074919402599335
0.2123437523841858
0.21194177865982056
0.2113007754087448
0.21024347841739655
0.21089185774326324
0.21215473115444183
0.21213600039482117
0.20979702472686768
0.21016162633895874
0.21081624925136566
0.21096520125865936
0.21155785024166107
0.21131421625614166
0.21098388731479645
0.20992541313171387
0.20964959263801575
0.21312683820724487
0.2130521684885025
0.2109670341014862
0.21064871549606323
0.2101290374994278
0.20990045368671417
0.2111436277627945
0.21069052815437317
0.21140319108963013
0.20982910692691803
0.21055635809898376
0.20962533354759216
0.20951035618782043
0.2098485231399536
0.21047259867191315
0.2099906951189041
0.20985427498817444
0.2099793404340744
0.2112015187740326
0.20968008041381836
0.21065863966941833
0.2096705138683319
0.2093600332736969
0.20913174748420715
0.2099604457616806
0.2103668451309204
0.20939283072948456
0.20986998081207275
0.20921212434768677
0.20924097299575806
0.20939089357852936
0.2106972187757492
0.20894399285316467
0.20947127044200897
0.209220290184021
0.2090817242860794
0.20984604954719543
0.20956951379776
0.21069903671741486
0.2082689255475998
0.21095246076583862
0.20933455228805542
0.2091371715068817
0.2086046040058136
0.20957255363464355
0.20857053995132446
0.20924967527389526
0.2115270346403122
0.2095114290714264
0.20888662338256836
0.20937025547027588
0.20846320688724518
0.20860232412815094
0.21015147864818573
0.20917555689811707
0.2099703550338745
0.20854172110557556
0.20930518209934235
0.210715189576149
0.2084808647632599
0.2088930904865265
0.20875564217567444
0.20865026116371155
0.20803610980510712
0.2088000476360321
0.20982977747917175
0.21091608703136444
0.20913152396678925
0.21042990684509277
0.20951879024505615
0.20995071530342102
0.20893564820289612
0.20916183292865753
0.20824286341667175
0.20809884369373322
0.20797665417194366
0.20840032398700714
0.20809325575828552
0.2078859657049179
0.20979811251163483
0.20988471806049347
0.20921078324317932
0.20855650305747986
0.2096645087003708
0.20928221940994263
0.2079780250787735
0.20949535071849823
0.20827357470989227
0.208250492811203
0.20843501389026642
0.20782442390918732
0.20849618315696716
0.2082545906305313
0.20763592422008514
0.20730549097061157
0.20891812443733215
0.207787424325943
0.20767876505851746
0.20765894651412964
0.20890863239765167
0.206887885928154
0.20912228524684906
0.20734049379825592
0.20805656909942627
0.2081090807914734
0.20796874165534973
0.20797671377658844
0.20821447670459747
0.20760345458984375
0.2074611335992813
0.20765183866024017
0.20743539929389954
0.20653915405273438
0.20724260807037354
0.20717401802539825
0.2075052261352539
0.20676392316818237
0.20786011219024658
0.20762865245342255
0.2073267698287964
0.20926260948181152
0.20748868584632874
0.2067539244890213
0.20829786360263824
0.2066989243030548
0.20646899938583374
