0.6891419887542725
0.6811062693595886
0.6741457581520081
0.6686175465583801
0.6640510559082031
0.6608280539512634
0.6587174534797668
0.6558632850646973
0.6529425978660583
0.6467575430870056
0.6323143243789673
0.5914030075073242
0.539139986038208
0.4932309687137604
0.45785441994667053
0.43569183349609375
0.42151740193367004
0.4120944142341614
0.40347766876220703
0.3970033526420593
0.3912712037563324
0.38645386695861816
0.38201555609703064
0.37691807746887207
0.3713253438472748
0.36848554015159607
0.3666393458843231
0.36053264141082764
0.35755008459091187
0.35562506318092346
0.35313135385513306
0.3539835214614868
0.34843114018440247
0.34607329964637756
0.3461017310619354
0.3442462384700775
0.34277069568634033
0.34227389097213745
0.34062060713768005
0.3367560803890228
0.33610662817955017
0.33468276262283325
0.3335331678390503
0.33376845717430115
0.33294665813446045
0.3319924771785736
0.33132243156433105
0.3284154534339905
0.3281233310699463
0.32752400636672974
0.3280573785305023
0.32735711336135864
0.32761678099632263
0.3250081241130829
0.32465389370918274
0.3234822452068329
0.323550820350647
0.3241492807865143
0.32201358675956726
0.32318711280822754
0.3225041627883911
0.3222057819366455
0.32451295852661133
0.32040899991989136
0.32071366906166077
0.31967777013778687
0.3201946020126343
0.32106512784957886
0.31960415840148926
0.31956666707992554
0.3184202313423157
0.31874796748161316
0.31861767172813416
0.31865882873535156
0.3194279968738556
0.3175986409187317
0.3172198235988617
0.3175143003463745
0.31769198179244995
0.31667742133140564
0.3170698583126068
0.31927186250686646
0.3167441785335541
0.3153590261936188
0.3156473934650421
0.3153930604457855
0.31572258472442627
0.31388059258461
0.3135751783847809
0.3140975534915924
0.3138478398323059
0.31327876448631287
0.3136512041091919
0.3151848316192627
0.31484922766685486
0.31392964720726013
0.3122939169406891
0.3131870627403259
0.3126775026321411
0.3129276931285858
0.31223711371421814
0.3115540146827698
0.3110329806804657
0.3117773234844208
0.3117411732673645
0.3111075758934021
0.3102768361568451
0.31095555424690247
0.31045931577682495
0.3098849654197693
0.3094131648540497
0.30899280309677124
0.31020867824554443
0.30953410267829895
0.3092872202396393
0.30867841839790344
0.3079517185688019
0.3081526756286621
0.3092789947986603
0.30953535437583923
0.3108460605144501
0.31038588285446167
0.3073578178882599
0.30677473545074463
0.30737796425819397
0.3081377148628235
0.3065345287322998
0.3058578372001648
0.3064080774784088
0.30696067214012146
0.30921366810798645
0.3061200678348541
0.305100679397583
0.30547869205474854
0.3049689531326294
0.3052603006362915
0.3052687644958496
0.3068997263908386
0.3072134256362915
0.3061930537223816
0.3035833239555359
0.30694979429244995
0.30423322319984436
0.30394691228866577
0.30548813939094543
0.3059130012989044
0.30488133430480957
0.3033669590950012
0.30221810936927795
0.3021196126937866
0.3011709451675415
0.302951842546463
0.30245840549468994
0.30272766947746277
0.30214035511016846
0.3009721338748932
0.30289697647094727
0.3012915551662445
0.30065974593162537
0.29997339844703674
0.30109283328056335
0.3014938533306122
0.3013105094432831
0.29977887868881226
0.30005943775177
0.29980161786079407
0.29937782883644104
0.298818975687027
0.30008137226104736
0.29975974559783936
0.299434632062912
0.29842016100883484
0.2982560098171234
0.2981661260128021
0.2979121208190918
0.2985721826553345
0.2983784079551697
0.2982029318809509
0.2982937693595886
0.2975042164325714
0.297115683555603
0.2993439733982086
0.3005741238594055
0.30072709918022156
0.2975435256958008
0.2971356511116028
0.29685384035110474
0.296109139919281
0.29592424631118774
0.2980704605579376
0.29678913950920105
0.29588600993156433
0.29605069756507874
0.29588982462882996
0.29487717151641846
0.2949572801589966
0.29683223366737366
0.2959495186805725
0.295293390750885
0.2965068817138672
0.2940824627876282
0.2945495843887329
0.2949388027191162
0.29464346170425415
0.29438909888267517
0.29464155435562134
0.2944695055484772
0.29420632123947144
0.2941783368587494
0.29602718353271484
0.2927534282207489
0.294953316450119
0.2938553988933563
0.2940577566623688
0.2917309105396271
0.29292032122612
0.29345959424972534
0.29175785183906555
0.29074761271476746
0.2900123596191406
0.29002097249031067
0.28922638297080994
0.2892279028892517
0.28798922896385193
0.2888738214969635
0.28831493854522705
0.28752514719963074
0.2894231379032135
0.2881593704223633
0.28695985674858093
0.28602659702301025
0.2864088714122772
0.2853550314903259
0.2842693030834198
0.2839026153087616
0.28597769141197205
0.28334808349609375
0.2828666865825653
0.28293171525001526
0.2827402949333191
0.2828541696071625
0.283378005027771
0.2824862003326416
0.2816620171070099
0.28679516911506653
0.28062620759010315
0.28149452805519104
0.28288981318473816
0.2815399169921875
0.2794008255004883
0.28279492259025574
0.27864742279052734
0.2779555022716522
0.27865728735923767
0.27795732021331787
0.2774271070957184
0.27925506234169006
0.2771802842617035
0.27852874994277954
0.278300940990448
0.27726900577545166
0.27706894278526306
0.2760513722896576
0.2757922112941742
0.2777591943740845
0.27686840295791626
0.2764391005039215
0.27515071630477905
0.2748938202857971
0.2757170498371124
0.27413493394851685
0.27884671092033386
0.27465152740478516
0.27489158511161804
0.27714917063713074
0.27679094672203064
0.27495741844177246
0.2767196595668793
0.2731975317001343
0.2734905779361725
0.2733723521232605
0.27250936627388
0.2737343907356262
0.27459976077079773
0.27343258261680603
0.27256038784980774
0.272501677274704
0.27234336733818054
0.2721228301525116
0.2719677984714508
0.274397075176239
0.2719728946685791
0.2716396152973175
0.2753446400165558
0.2761313319206238
0.2714819014072418
0.27105212211608887
0.2718062102794647
0.27134135365486145
0.2698187828063965
0.27193593978881836
0.2715469002723694
0.27355965971946716
0.27523165941238403
0.27291548252105713
0.2732568085193634
0.271282434463501
0.2688186764717102
0.27415019273757935
0.2699509263038635
0.2682254910469055
0.26879632472991943
0.26818618178367615
0.2675875723361969
0.2691712975502014
0.268255352973938
0.2666049003601074
0.2705669701099396
0.26713407039642334
0.2692667841911316
0.26920628547668457
0.2689066231250763
0.2671484053134918
0.2677973806858063
0.2678239047527313
0.26812002062797546
0.26750072836875916
0.26772043108940125
0.2674720883369446
0.2682786285877228
0.267754465341568
0.26638418436050415
0.26630228757858276
0.27114173769950867
0.2660072147846222
0.2652444541454315
0.26645633578300476
0.265270859003067
0.2658999562263489
0.26734888553619385
0.26886993646621704
0.26667699217796326
0.2653728723526001
0.2639576196670532
0.26540103554725647
0.26379460096359253
0.26546624302864075
0.26522594690322876
0.2689879834651947
0.26946765184402466
0.2653651535511017
0.26325058937072754
0.26373955607414246
0.2639614939689636
0.26519641280174255
0.26267537474632263
0.2645074427127838
0.2671060860157013
0.2664104700088501
0.26377102732658386
0.2622833549976349
0.2635729908943176
0.2632458806037903
0.2620813250541687
0.26431459188461304
0.2641758322715759
0.26262366771698
0.2632560729980469
0.2638677656650543
0.26239219307899475
0.2620090842247009
0.26422053575515747
0.26396292448043823
0.2640991806983948
0.2616328001022339
0.26251929998397827
0.26094329357147217
0.2614476680755615
0.2617521584033966
0.2608264684677124
0.2610568702220917
0.26036733388900757
0.2606554329395294
0.260720819234848
0.2602056562900543
0.2630941569805145
0.26452380418777466
0.26030969619750977
0.2605084180831909
0.2629133462905884
0.25971513986587524
0.26057448983192444
0.2603303790092468
0.2613452970981598
0.260802298784256
0.25975021719932556
0.26061394810676575
0.2594711482524872
0.2621769905090332
0.259520024061203
0.25967398285865784
0.2609148621559143
0.25980284810066223
0.2595682442188263
0.2639349699020386
0.2634310722351074
0.26121261715888977
0.26031115651130676
0.2656504511833191
0.260750412940979
0.2628607451915741
0.2643422484397888
0.2608509957790375
0.26305344700813293
0.26078808307647705
0.2603077292442322
0.2626067101955414
0.2602570056915283
0.26123926043510437
0.25990453362464905
0.26342734694480896
0.2597103714942932
0.26008713245391846
0.26198625564575195
0.25802692770957947
0.2611028552055359
0.2589714229106903
0.2589551508426666
0.2576054632663727
0.2605709731578827
0.26088786125183105
0.25988510251045227
0.26715126633644104
0.2637423872947693
0.26243168115615845
0.2589971721172333
0.25781646370887756
0.2591784596443176
0.2614952027797699
0.260601669549942
0.25738805532455444
0.25811392068862915
0.25847968459129333
0.261589378118515
0.25838151574134827
0.2582261860370636
0.2593778967857361
0.26076897978782654
0.25791043043136597
0.25920340418815613
0.2598467469215393
0.2583918273448944
0.25809985399246216
0.25844135880470276
0.25824299454689026
0.2597337067127228
0.2609219253063202
0.258321613073349
0.2585107386112213
0.25733357667922974
0.25639858841896057
0.2594519257545471
0.2568173110485077
0.25820234417915344
0.2588818073272705
0.2568608522415161
0.25936776399612427
0.26062020659446716
0.26209867000579834
0.25703737139701843
0.2568482756614685
0.25684523582458496
0.25840112566947937
0.2587175667285919
0.2592478096485138
0.2578112781047821
0.25816041231155396
0.2572789192199707
0.2614094614982605
0.2580147087574005
0.25986677408218384
0.2587546408176422
0.26306962966918945
0.2586140036582947
0.25896763801574707
0.26278987526893616
0.2618926763534546
0.2580360472202301
0.26130211353302
0.2566272020339966
0.26032865047454834
0.2577287554740906
0.2565614581108093
0.25894397497177124
0.2603648006916046
0.25927111506462097
0.26089879870414734
0.2587639391422272
0.25800850987434387
0.25561976432800293
0.256466269493103
0.25588226318359375
0.2552095353603363
0.25971198081970215
0.2616657316684723
0.25698503851890564
0.25730764865875244
0.2560092806816101
0.257845401763916
0.2566958963871002
0.2558586597442627
0.2547856271266937
0.25358182191848755
0.2640469968318939
0.2577156722545624
0.2568933963775635
0.2575874626636505
0.2548364996910095
0.25658339262008667
0.2574024796485901
0.25992870330810547
0.2563817501068115
0.25456058979034424
0.25546836853027344
0.25514593720436096
0.2609878480434418
0.25738608837127686
0.2545689344406128
0.2581917345523834
0.25671273469924927
0.2564551532268524
0.2569979131221771
0.2551567256450653
0.25475725531578064
0.2615523934364319
0.2600630521774292
0.2630762457847595
0.25699225068092346
0.2587414085865021
0.2556113600730896
0.2560218274593353
0.2580898702144623
0.2567066550254822
0.2585579752922058
0.2542586922645569
0.2547473907470703
0.25478044152259827
0.2583688199520111
0.25582781434059143
0.25559577345848083
0.25452667474746704
0.25536391139030457
0.25475144386291504
0.2553994655609131
0.25423145294189453
0.25664326548576355
0.2567892074584961
0.2531655430793762
0.25572118163108826
0.2557190954685211
0.2545306980609894
0.25451070070266724
0.25349652767181396
0.25737130641937256
0.26028794050216675
0.2600742280483246
0.2546912729740143
0.25489485263824463
0.2570655345916748
0.25441616773605347
0.25391122698783875
0.2603476941585541
0.2557707726955414
0.25661301612854004
0.2539318799972534
0.25871360301971436
0.2531328797340393
0.25598496198654175
0.2540382742881775
0.25351646542549133
0.25324323773384094
0.25368255376815796
0.25641098618507385
0.25375086069107056
0.2558264136314392
0.2542468011379242
0.25313615798950195
0.2546416223049164
0.2547625005245209
0.25218161940574646
0.2562508285045624
0.2531350255012512
0.25377601385116577
0.2556740343570709
0.25344642996788025
0.2543589770793915
0.25236976146698
0.25441673398017883
0.25267237424850464
0.2525330185890198
0.25503775477409363
0.2531050741672516
0.2532033920288086
0.2531909942626953
0.25257331132888794
0.2537803053855896
0.2599761486053467
0.25708863139152527
0.25663143396377563
0.25870615243911743
0.2600647211074829
0.25433221459388733
0.2529711127281189
0.25804588198661804
0.25329676270484924
0.2550976872444153
0.2550175189971924
0.2519921362400055
0.2551177740097046
0.25451308488845825
0.2530975639820099
0.2510613203048706
0.2528247535228729
0.25377658009529114
0.2526887357234955
0.25181668996810913
0.2519432306289673
0.2525739073753357
0.25318434834480286
0.2529706060886383
0.2522960305213928
0.2587609589099884
0.2564029395580292
0.25364428758621216
0.25226008892059326
0.2514420449733734
0.2540818154811859
0.25169360637664795
0.2515602111816406
0.2509988844394684
0.2523445188999176
0.252347856760025
0.2531982362270355
0.2550649344921112
0.2540147006511688
0.2522706687450409
0.25431424379348755
0.2520979940891266
0.25329554080963135
0.2519473433494568
0.25291335582733154
0.2593965530395508
0.2565161883831024
0.25309666991233826
0.252522736787796
0.2512325346469879
0.25645187497138977
0.2542155683040619
0.25280556082725525
0.25471776723861694
0.25448665022850037
0.25239044427871704
0.2518845498561859
0.2503499984741211
0.2525421679019928
0.25097256898880005
0.2547924220561981
0.2513551712036133
0.2518574595451355
0.253867506980896
0.2510899603366852
0.2538363039493561
0.2532356381416321
0.253158837556839
0.2528035342693329
0.2514756917953491
0.2507898807525635
0.2523198425769806
0.252195805311203
0.2525445520877838
0.25979650020599365
0.252585232257843
0.24991117417812347
0.25280386209487915
0.2496885508298874
0.25414371490478516
0.25417664647102356
0.2519432008266449
0.2517227530479431
0.25037044286727905
0.25147175788879395
0.25477534532546997
0.25123223662376404
0.2503901422023773
0.25198206305503845
0.2529410421848297
0.25295084714889526
0.25287455320358276
0.2507770359516144
0.2507426142692566
0.2536056637763977
0.2512204349040985
0.2503937780857086
0.2515525221824646
0.2544862926006317
0.25204166769981384
0.24972528219223022
0.2525056004524231
0.2504905164241791
0.25347912311553955
0.25322476029396057
0.2506517171859741
0.25001081824302673
0.24996642768383026
0.2513342499732971
0.25039032101631165
0.2503751218318939
0.2504025101661682
0.25057274103164673
0.2523859441280365
0.2522905766963959
0.2538794279098511
0.2622399628162384
0.2557225823402405
0.251863956451416
0.25356653332710266
0.250580370426178
0.2520509958267212
0.25174152851104736
0.2534867525100708
0.25135281682014465
0.250190407037735
0.2476472705602646
0.25353163480758667
0.2583858370780945
0.2524120509624481
0.2498260736465454
0.2524340748786926
0.24770501255989075
0.24871382117271423
0.25110170245170593
0.2507023215293884
0.2501996159553528
0.2519902288913727
0.2548552453517914
0.25039777159690857
0.25063106417655945
0.2511756420135498
0.2493257075548172
0.24881885945796967
0.24831780791282654
0.24881510436534882
0.24919547140598297
0.24883992969989777
0.2522101402282715
0.25135689973831177
0.24970537424087524
0.2526465654373169
0.24982590973377228
0.2546558082103729
0.25071650743484497
0.25477802753448486
0.2510758936405182
0.24888189136981964
0.2513520419597626
0.24930314719676971
0.24823719263076782
0.2528228461742401
0.24901628494262695
0.24800217151641846
0.24943915009498596
0.24981535971164703
0.24784845113754272
0.25083133578300476
0.24805721640586853
0.2502689063549042
0.2519175112247467
0.25139525532722473
0.2511240839958191
0.249766007065773
0.24918584525585175
0.2547580599784851
0.2530037760734558
0.2536297142505646
0.25050070881843567
0.2489437460899353
0.24924743175506592
0.2506895065307617
0.2505568861961365
0.24951808154582977
0.24829967319965363
0.2513957917690277
0.24908266961574554
0.24948863685131073
0.24924856424331665
0.2470550537109375
0.24768516421318054
0.24860453605651855
0.25196051597595215
0.2506904602050781
0.25185367465019226
0.249161034822464
0.2489679753780365
0.24907994270324707
0.2498214840888977
0.24830327928066254
0.2496669441461563
0.25090983510017395
0.2508535385131836
0.25077956914901733
0.2486838847398758
0.25292330980300903
0.24896255135536194
0.25120076537132263
0.2518111765384674
0.2578483521938324
0.250416100025177
0.24747627973556519
0.2517136335372925
0.24888665974140167
0.2566620707511902
0.2499346286058426
0.25050604343414307
0.24746239185333252
0.2496262937784195
0.24878819286823273
0.24986566603183746
0.25022757053375244
0.24931301176548004
0.24780689179897308
0.24823442101478577
0.24941815435886383
0.24834588170051575
0.24904245138168335
0.24798327684402466
0.2510809004306793
0.24934221804141998
0.2506088316440582
0.2527179718017578
0.2498958855867386
0.2466827929019928
0.2532292902469635
0.2491936981678009
0.2503264248371124
0.24926897883415222
0.2529824376106262
0.24934372305870056
0.2472812682390213
0.250531405210495
0.24979916214942932
0.247794046998024
0.24918758869171143
0.2543898820877075
0.24896328151226044
0.25088226795196533
0.2512003183364868
0.25010713934898376
0.24863970279693604
0.24802780151367188
0.24992752075195312
0.24967613816261292
0.2494611144065857
0.2500467002391815
0.24984349310398102
0.24774882197380066
0.2485298067331314
0.24805913865566254
0.24788132309913635
0.24967794120311737
0.2533170282840729
0.25399520993232727
0.24896414577960968
0.24856555461883545
0.25091689825057983
0.2487928420305252
0.25318753719329834
0.25490230321884155
0.2580292224884033
0.25116851925849915
0.24871456623077393
0.24742211401462555
0.24904102087020874
0.24927791953086853
0.24714623391628265
0.24921412765979767
0.2471049278974533
0.2483266144990921
0.25064462423324585
0.24711187183856964
0.24757510423660278
0.24562348425388336
0.24698032438755035
0.248689204454422
0.2477293759584427
0.24992716312408447
0.24610953032970428
0.2512527406215668
0.24837638437747955
0.25154125690460205
0.2519886791706085
0.2493896186351776
0.24849197268486023
0.249566912651062
0.2524662911891937
0.2517997622489929
0.24978820979595184
0.24804586172103882
0.24759125709533691
0.2518487572669983
0.2502092123031616
0.24714791774749756
0.2512947618961334
0.24815702438354492
0.2470727264881134
0.24826261401176453
0.2491205930709839
0.24685822427272797
0.24663618206977844
0.251188725233078
0.2518332898616791
0.24755844473838806
0.25007838010787964
0.24722795188426971
0.24934172630310059
0.24841061234474182
0.2482285499572754
0.24959364533424377
0.25107499957084656
0.25240248441696167
0.24954432249069214
0.2516140937805176
0.2514662742614746
0.24788841605186462
0.24854546785354614
0.24504242837429047
0.24800615012645721
0.24665817618370056
0.2471882551908493
0.2481870800256729
0.24753360450267792
0.24759222567081451
0.251512348651886
0.2513841390609741
0.24746960401535034
0.25405237078666687
0.25172159075737
0.24544285237789154
0.24726426601409912
0.2508746087551117
0.2504904270172119
0.25097891688346863
0.25110599398612976
0.24817034602165222
0.2485971748828888
0.2483585625886917
0.25441357493400574
0.24849623441696167
0.24657389521598816
0.24835003912448883
0.24856401979923248
0.24627801775932312
0.2486683875322342
0.24919942021369934
0.2479180097579956
0.2469470202922821
0.24618367850780487
0.24699683487415314
0.24645479023456573
0.24594737589359283
0.24591363966464996
0.24933065474033356
0.2489955872297287
0.24906609952449799
0.24753284454345703
0.24670331180095673
0.2478320598602295
0.25020232796669006
0.24730239808559418
0.2481842041015625
0.24906706809997559
0.24855782091617584
0.24714311957359314
0.2503882646560669
0.2471742182970047
0.24710990488529205
0.24602344632148743
0.24890726804733276
0.24596023559570312
0.24764195084571838
0.24830186367034912
0.2464686781167984
0.2471289336681366
0.251931369304657
0.24741628766059875
0.24701561033725739
0.2477761059999466
0.24919654428958893
0.24489635229110718
0.24822410941123962
0.25106319785118103
