0.6905206441879272
0.6822042465209961
0.6714528799057007
0.6570547819137573
0.6397263407707214
0.6168771386146545
0.5933880805969238
0.5761294960975647
0.5609025955200195
0.5515091419219971
0.5433830618858337
0.5340691804885864
0.5285208821296692
0.5227884650230408
0.5178719162940979
0.5121080279350281
0.5064815282821655
0.5016429424285889
0.4966094195842743
0.49128469824790955
0.4869711697101593
0.4821196496486664
0.4780559539794922
0.4731505811214447
0.4702511727809906
0.46586939692497253
0.4606464207172394
0.4573425352573395
0.45275333523750305
0.4488505423069
0.44466009736061096
0.440534383058548
0.4366690516471863
0.4332311451435089
0.4296373426914215
0.4264148473739624
0.42340579628944397
0.4206784963607788
0.4171387851238251
0.414498895406723
0.41251271963119507
0.4105951189994812
0.4076772928237915
0.40523165464401245
0.40394145250320435
0.4013517200946808
0.3991753160953522
0.3980206847190857
0.39695197343826294
0.3977443277835846
0.39220064878463745
0.39048972725868225
0.38756752014160156
0.38588812947273254
0.38401713967323303
0.3822630047798157
0.38209760189056396
0.38003116846084595
0.37779882550239563
0.37654173374176025
0.3743816912174225
0.3747541606426239
0.3732174038887024
0.3713648319244385
0.3700227439403534
0.3694526255130768
0.36751750111579895
0.36683374643325806
0.3663195073604584
0.36542579531669617
0.36435049772262573
0.3626546561717987
0.3623323440551758
0.3607857823371887
0.3600611686706543
0.35899534821510315
0.35761159658432007
0.357013076543808
0.355897456407547
0.35531094670295715
0.3547102212905884
0.35329025983810425
0.3533850312232971
0.3517477214336395
0.35170218348503113
0.3499926030635834
0.35264351963996887
0.3490242063999176
0.3501919209957123
0.3481560945510864
0.3477684557437897
0.34792885184288025
0.3455953001976013
0.3454836905002594
0.3456155061721802
0.3440358638763428
0.3454172909259796
0.34334972500801086
0.34253063797950745
0.34149572253227234
0.3413483798503876
0.34169137477874756
0.34051036834716797
0.33909130096435547
0.34026598930358887
0.33879801630973816
0.3387804329395294
0.3385787904262543
0.3374801278114319
0.33870890736579895
0.33837226033210754
0.3362538814544678
0.3382991552352905
0.3357444107532501
0.3362882137298584
0.3343092203140259
0.33399513363838196
0.33384060859680176
0.333517462015152
0.3338088393211365
0.3331560790538788
0.33492782711982727
0.3332539498806
0.3318014442920685
0.33127790689468384
0.3336232304573059
0.33361148834228516
0.33034825325012207
0.33026257157325745
0.32922810316085815
0.33106884360313416
0.32933205366134644
0.33009037375450134
0.3289331793785095
0.3299112319946289
0.33050063252449036
0.32955747842788696
0.32858413457870483
0.32786741852760315
0.3277661204338074
0.3271477222442627
0.32976242899894714
0.32893291115760803
0.32721683382987976
0.3274384140968323
0.32719796895980835
0.32802698016166687
0.32576364278793335
0.32607656717300415
0.3255796432495117
0.32632291316986084
0.32540163397789
0.3269858658313751
0.3250528872013092
0.326595276594162
0.3271104097366333
0.32610347867012024
0.3249422013759613
0.3247813880443573
0.32681751251220703
0.32464173436164856
0.3252735733985901
0.3252745270729065
0.32430902123451233
0.3251229524612427
0.32410889863967896
0.32555919885635376
0.3244081437587738
0.32525569200515747
0.3243502676486969
0.3229214549064636
0.3242000937461853
0.3240703046321869
0.3253912329673767
0.32391583919525146
0.3242138624191284
0.32418420910835266
0.32308223843574524
0.32322201132774353
0.3233238160610199
0.32214295864105225
0.3218792676925659
0.3226469159126282
0.3237711489200592
0.3218822181224823
0.32235872745513916
0.3213821351528168
0.3214511573314667
0.3217563331127167
0.3216100037097931
0.32191988825798035
0.3217613101005554
0.32138001918792725
0.32180163264274597
0.32182738184928894
0.3214241564273834
0.32060420513153076
0.32072922587394714
0.3210282027721405
0.3209558129310608
0.3197469711303711
0.3219744563102722
0.319874107837677
0.3208450973033905
0.3216884732246399
0.32084932923316956
0.32125285267829895
0.319425493478775
0.31962549686431885
0.3197740912437439
0.3197920024394989
0.3192678391933441
0.3193264305591583
0.31851398944854736
0.31859540939331055
0.31813597679138184
0.31796807050704956
0.3181200921535492
0.3183247745037079
0.31871095299720764
0.31830689311027527
0.32001563906669617
0.3185521066188812
0.3194468915462494
0.319719135761261
0.31808406114578247
0.3175731301307678
0.31794336438179016
0.3188394606113434
0.3180380165576935
0.3172740340232849
0.31723982095718384
0.31718572974205017
0.3171207904815674
0.3169982433319092
0.3166208267211914
0.3184783160686493
0.3170139789581299
0.3180651366710663
0.3161047697067261
0.31770122051239014
0.3164459466934204
0.31629377603530884
0.31753137707710266
0.31621241569519043
0.3153645694255829
0.3158648908138275
0.31572604179382324
0.31540560722351074
0.3149562180042267
0.3143830895423889
0.31565845012664795
0.3153398334980011
0.3143859803676605
0.31556910276412964
0.31529542803764343
0.3164522647857666
0.31397545337677
0.31482547521591187
0.3149281144142151
0.31380850076675415
0.31537818908691406
0.3140089511871338
0.31249210238456726
0.31473007798194885
0.31364476680755615
0.31383711099624634
0.31238609552383423
0.31248387694358826
0.3139130771160126
0.31209444999694824
0.31338128447532654
0.3137090802192688
0.31307122111320496
0.3109780251979828
0.31098756194114685
0.3095179498195648
0.3107273280620575
0.31049367785453796
0.30848264694213867
0.3080728352069855
0.3096364140510559
0.30781424045562744
0.3116316795349121
0.30693650245666504
0.30875810980796814
0.3073227107524872
0.3072719871997833
0.30605727434158325
0.306026816368103
0.306537389755249
0.3056773841381073
0.30540376901626587
0.3076778054237366
0.3062669038772583
0.30621376633644104
0.30654197931289673
0.30562111735343933
0.304959237575531
0.30370479822158813
0.3058388829231262
0.30561742186546326
0.30487191677093506
0.30588632822036743
0.3050682842731476
0.3033636808395386
0.3028063178062439
0.30359864234924316
0.30351322889328003
0.3044489026069641
0.3070540130138397
0.3043968975543976
0.30328452587127686
0.30679550766944885
0.3042667806148529
0.3035711944103241
0.3035138249397278
0.3030398488044739
0.30199676752090454
0.303774356842041
0.30489057302474976
0.3026595115661621
0.30199044942855835
0.30070599913597107
0.30132219195365906
0.3021712601184845
0.30299246311187744
0.30242860317230225
0.3020036816596985
0.30077487230300903
0.30181199312210083
0.30379539728164673
0.301940381526947
0.3009549379348755
0.30051204562187195
0.3003992438316345
0.3002273738384247
0.29952314496040344
0.29967162013053894
0.3001975417137146
0.30124035477638245
0.299729585647583
0.2999943196773529
0.3016078472137451
0.30061596632003784
0.2998238801956177
0.30000901222229004
0.30122050642967224
0.30064254999160767
0.2994176745414734
0.2984077036380768
0.2994215786457062
0.2983146011829376
0.2997165322303772
0.30068740248680115
0.29821059107780457
0.2985822856426239
0.29815906286239624
0.30091381072998047
0.29743996262550354
0.29792261123657227
0.2962256073951721
0.29851430654525757
0.29833370447158813
0.29785579442977905
0.2984708547592163
0.2963685393333435
0.2982272803783417
0.2974340319633484
0.2971740961074829
0.2969977855682373
0.29892027378082275
0.2977607548236847
0.29681411385536194
0.29710668325424194
0.2964649796485901
0.29863297939300537
0.298529714345932
0.2976052463054657
0.29638925194740295
0.2962791323661804
0.2960570156574249
0.2965168356895447
0.29881176352500916
0.29841405153274536
0.2970165014266968
0.2987503707408905
0.29606547951698303
0.2965015769004822
0.2966674268245697
0.2952585220336914
0.2980802059173584
0.2970975935459137
0.29541438817977905
0.29557570815086365
0.2973121106624603
0.29523923993110657
0.29644060134887695
0.2984943389892578
0.296741247177124
0.29814425110816956
0.2979656755924225
0.2969341576099396
0.2957698106765747
0.296015202999115
0.29572251439094543
0.29624155163764954
0.29450711607933044
0.2949469983577728
0.29469791054725647
0.29391607642173767
0.2948966324329376
0.2950204610824585
0.294672429561615
0.29598182439804077
0.29623958468437195
0.2944318354129791
0.29429152607917786
0.2970743775367737
0.2968602180480957
0.2967335283756256
0.2960412800312042
0.2962541878223419
0.2954922616481781
0.29574456810951233
0.29393690824508667
0.2957353889942169
0.2948979139328003
0.2945829927921295
0.2950836420059204
0.29647621512413025
0.29573529958724976
0.29413411021232605
0.29378950595855713
0.29381150007247925
0.29428696632385254
0.29474496841430664
0.29331323504447937
0.294332355260849
0.29383501410484314
0.2955186069011688
0.2954960763454437
0.29382243752479553
0.29615649580955505
0.2970113456249237
0.29459190368652344
0.292385458946228
0.29354381561279297
0.2963346838951111
0.2954718768596649
0.2945551872253418
0.29482248425483704
0.2947857677936554
0.2946667969226837
0.29638415575027466
0.2948644757270813
0.29417407512664795
0.2927124798297882
0.29393646121025085
0.2933192253112793
0.29495054483413696
0.29568928480148315
0.29324445128440857
0.29332712292671204
0.2935982644557953
0.29396864771842957
0.29276493191719055
0.2937268316745758
0.29467567801475525
0.29335013031959534
0.29277878999710083
0.29344215989112854
0.29446086287498474
0.2956213355064392
0.2953566610813141
0.2952461242675781
0.2919490933418274
0.29397648572921753
0.2940047085285187
0.2949545681476593
0.2945514917373657
0.293652206659317
0.29649484157562256
0.29338228702545166
0.2954486608505249
0.2937873899936676
0.29307278990745544
0.2939091920852661
0.2942025661468506
0.29258257150650024
0.2930636405944824
0.29216936230659485
0.29187560081481934
0.2954815924167633
0.29401519894599915
0.2921173870563507
0.2934327721595764
0.2973063588142395
0.2938776910305023
0.29361799359321594
0.29258716106414795
0.29454949498176575
0.29336270689964294
0.29320216178894043
0.29322072863578796
0.292565256357193
0.2920982539653778
0.29252976179122925
0.29253748059272766
0.29557523131370544
0.29263177514076233
0.293576717376709
0.29256924986839294
0.29077404737472534
0.2919612228870392
0.2931642532348633
0.2943892478942871
0.2929363250732422
0.29283884167671204
0.29255327582359314
0.29208987951278687
0.29143404960632324
0.29255080223083496
0.2918376922607422
0.29345348477363586
0.29173633456230164
0.29246923327445984
0.2907787263393402
0.2916264832019806
0.29266759753227234
0.291524201631546
0.2914392352104187
0.29099389910697937
0.29174575209617615
0.29328253865242004
0.29293861985206604
0.29328760504722595
0.2914174199104309
0.2918436527252197
0.29200834035873413
0.29254549741744995
0.29109057784080505
0.29112154245376587
0.29277631640434265
0.2935059368610382
0.29206663370132446
0.2934788167476654
0.29219216108322144
0.2908501923084259
0.2915416359901428
0.29184696078300476
0.2936583161354065
0.2919357419013977
0.2909621596336365
0.289905846118927
0.2900642156600952
0.29048606753349304
0.29078224301338196
0.2928842008113861
0.2909996807575226
0.29163187742233276
0.28939545154571533
0.2909301519393921
0.29140427708625793
0.2909872531890869
0.29148972034454346
0.29106831550598145
0.2922070324420929
0.28969693183898926
0.2929644286632538
0.29312071204185486
0.29187774658203125
0.2897469401359558
0.2907041311264038
0.29195332527160645
0.2911357283592224
0.2907269597053528
0.290033757686615
0.2935386896133423
0.2892972230911255
0.2915896475315094
0.2907332181930542
0.2896600365638733
0.291840523481369
0.29009565711021423
0.2909814119338989
0.28959783911705017
0.28937292098999023
0.2909984290599823
0.2886728048324585
0.28824383020401
0.28939345479011536
0.2917957305908203
0.2901090979576111
0.29078519344329834
0.2923671007156372
0.289742648601532
0.288953959941864
0.28997641801834106
0.29124587774276733
0.2881770730018616
0.28851062059402466
0.28888827562332153
0.28851866722106934
0.2886029779911041
0.2883152663707733
0.2901182770729065
0.2884467840194702
0.2892124652862549
0.289371520280838
0.288109689950943
0.28875792026519775
0.2887391448020935
0.29019132256507874
0.28757956624031067
0.2891646921634674
0.28762906789779663
0.2864665985107422
0.28843551874160767
0.2881261110305786
0.2870901823043823
0.2889140844345093
0.28969138860702515
0.2899964153766632
0.289003849029541
0.28947725892066956
0.2878762185573578
0.2875484824180603
0.29034551978111267
0.2862880527973175
0.2872181534767151
0.2885603904724121
0.2869526445865631
0.28728681802749634
0.2875022292137146
0.2860720753669739
0.28638049960136414
0.2855636477470398
0.28744617104530334
0.2905696928501129
0.2869834899902344
0.2861669361591339
0.28598636388778687
0.2864360809326172
0.2870498597621918
0.29063183069229126
0.2855756878852844
0.2867121696472168
0.28666698932647705
0.28734534978866577
0.28598126769065857
0.28705596923828125
0.2873358726501465
0.2874864935874939
0.29071441292762756
0.2860616147518158
0.28766921162605286
0.2882471978664398
0.2896181046962738
0.28854721784591675
0.2877644896507263
0.2862153649330139
0.28577277064323425
0.28653210401535034
0.28656578063964844
0.28653350472450256
0.2878454625606537
0.2895421087741852
0.28816694021224976
0.28937992453575134
0.28616902232170105
0.2866952121257782
0.28557920455932617
0.2874528169631958
0.2866142988204956
0.2863575220108032
0.28747496008872986
0.2858944833278656
0.2869110107421875
0.28534582257270813
0.28743529319763184
0.28511664271354675
0.2853848934173584
0.2842346429824829
0.2850533425807953
0.28433066606521606
0.28578588366508484
0.28496891260147095
0.2863547205924988
0.28670868277549744
0.2846567928791046
0.2863813638687134
0.2853117883205414
0.28550565242767334
0.28535187244415283
0.28625771403312683
0.28495195508003235
0.28673800826072693
0.2845112085342407
0.28331008553504944
0.28656867146492004
0.2861408293247223
0.28473082184791565
0.2841484546661377
0.2854272723197937
0.28527820110321045
0.2849264144897461
0.2839865982532501
0.285093754529953
0.28666964173316956
0.2894039750099182
0.2848990559577942
0.28712326288223267
0.2831684350967407
0.28536927700042725
0.28565502166748047
0.283229798078537
0.284803569316864
0.28716278076171875
0.2873634994029999
0.28493592143058777
0.28551146388053894
0.285757452249527
0.28646019101142883
0.28473716974258423
0.2837238907814026
0.28430160880088806
0.2845323979854584
0.28330302238464355
0.2846447229385376
0.28679606318473816
0.28590622544288635
0.2850300669670105
0.2833859622478485
0.28263333439826965
0.2819216251373291
0.2827419340610504
0.28171125054359436
0.2834136486053467
0.2839376628398895
0.28517448902130127
0.281873494386673
0.2835797369480133
0.2841511368751526
0.2817741632461548
0.28281256556510925
0.2820577025413513
0.28168535232543945
0.284791499376297
0.28300291299819946
0.2817772924900055
0.2839122414588928
0.2835363745689392
0.28381407260894775
0.28453782200813293
0.2852599024772644
0.28271394968032837
0.28324246406555176
0.2837773859500885
0.2848145663738251
0.28284308314323425
0.28269854187965393
0.28191179037094116
0.28191664814949036
0.282988041639328
0.28210681676864624
0.2804061770439148
0.2818405032157898
0.2845703661441803
0.28318798542022705
0.28086474537849426
0.28702160716056824
0.2832663953304291
0.2837093472480774
0.2822516858577728
0.2815175950527191
0.28337404131889343
0.2818107604980469
0.2850554585456848
0.28127172589302063
0.27971410751342773
0.28151580691337585
0.2819349467754364
0.2814851403236389
0.28195124864578247
0.2811451256275177
0.2803228199481964
0.2813773453235626
0.280367374420166
0.2822663187980652
0.28102046251296997
0.27979353070259094
0.27990761399269104
0.27937763929367065
0.2808678448200226
0.282328724861145
0.2829585373401642
0.2808585464954376
0.2799776494503021
0.2782227694988251
0.27867937088012695
0.2821377217769623
0.2847755551338196
0.2829630374908447
0.28191232681274414
0.28625428676605225
0.2825438678264618
0.2849175035953522
0.28289172053337097
0.2851794362068176
0.28269922733306885
0.2798074185848236
0.281093031167984
0.28100666403770447
0.2809405028820038
0.28292039036750793
0.28000929951667786
0.2791220545768738
0.27893710136413574
0.2829943299293518
0.279544860124588
0.27871304750442505
0.2782958745956421
0.27959737181663513
0.2783547341823578
0.27803921699523926
0.2797001600265503
0.2802923321723938
0.2774510979652405
0.27790310978889465
0.27838584780693054
0.27912524342536926
0.27916693687438965
0.2786821722984314
0.27751514315605164
0.27699950337409973
0.2783051133155823
0.2795946002006531
0.2800082564353943
0.2784477770328522
0.27798864245414734
0.28091081976890564
0.283260703086853
0.2808575928211212
0.2819398045539856
0.2848930358886719
0.28329095244407654
0.2828684151172638
0.2811353802680969
0.28267499804496765
0.2797377407550812
0.2848741412162781
0.28096655011177063
0.2798677980899811
0.2796624004840851
0.2786265015602112
0.2803952097892761
0.2795764207839966
0.2793505787849426
0.2780227065086365
0.27686768770217896
0.27744024991989136
0.2773054838180542
0.27611997723579407
0.27721720933914185
0.28069308400154114
0.28020334243774414
0.2795712649822235
0.2772873044013977
0.27853697538375854
0.2791542112827301
0.27776283025741577
0.27813631296157837
0.2783280909061432
0.2799723446369171
0.2787647843360901
0.277372807264328
0.2770771086215973
0.27603790163993835
0.27591297030448914
0.2755437195301056
0.2759077250957489
0.27653053402900696
0.27638503909111023
0.28191545605659485
0.2795344293117523
0.2792834937572479
0.28082436323165894
0.27615582942962646
0.2764756977558136
0.2766866981983185
0.28201544284820557
0.2769875228404999
0.28079596161842346
0.27783262729644775
0.2780013382434845
0.27428457140922546
0.27608799934387207
0.2760799527168274
0.27533790469169617
0.27462202310562134
0.27540862560272217
0.28184232115745544
0.2753601670265198
0.2800138294696808
0.2769038677215576
0.2784944772720337
0.31096750497817993
0.30471232533454895
0.28918445110321045
0.28181809186935425
0.2795296311378479
0.27982258796691895
0.27927714586257935
0.278615266084671
0.27698567509651184
0.2772546708583832
0.27693095803260803
0.2772175669670105
0.27541255950927734
0.27543407678604126
0.2746677100658417
0.27513644099235535
0.2738339304924011
0.27307185530662537
0.27391642332077026
0.272930383682251
0.27569717168807983
0.27396678924560547
0.27397066354751587
0.2736930251121521
0.27145639061927795
0.27146974205970764
0.2724551260471344
0.2716866135597229
0.2763639986515045
0.2727241814136505
0.27392974495887756
0.2723529636859894
0.2744826376438141
0.27366527915000916
0.2709921598434448
0.27384254336357117
0.2715930938720703
0.27179065346717834
0.27134057879447937
0.27220049500465393
0.2720848619937897
0.2715733051300049
0.27197009325027466
0.2718290090560913
0.2724888026714325
0.27091318368911743
0.2730293273925781
0.2720818817615509
0.2721927762031555
0.2723187506198883
0.2713930010795593
0.27126818895339966
0.280905157327652
0.28430822491645813
0.27726733684539795
0.2777947783470154
0.27321651577949524
0.2717202603816986
0.272540807723999
0.2718624770641327
0.273483008146286
0.27042901515960693
0.27225515246391296
0.27139410376548767
0.2711607813835144
0.2718205153942108
0.27031731605529785
0.2700046896934509
0.27157366275787354
0.2702537178993225
0.2691703736782074
0.27125927805900574
0.27528995275497437
0.2746064066886902
0.2809939980506897
0.2880953550338745
0.2796057462692261
0.27716657519340515
0.27398326992988586
0.2715410590171814
0.27173882722854614
0.27109232544898987
0.27153921127319336
0.27093303203582764
0.27180731296539307
0.27196794748306274
0.2714594006538391
0.26849037408828735
0.27001067996025085
0.2715860605239868
0.26935461163520813
0.26952868700027466
0.2701149880886078
