0.6838120818138123
0.6789650321006775
0.6743946671485901
0.6690891981124878
0.6640713810920715
0.6586629748344421
0.6533934473991394
0.6480872631072998
0.6423371434211731
0.6367534399032593
0.6312256455421448
0.6258170008659363
0.6203395128250122
0.6150395274162292
0.6093379259109497
0.6033551096916199
0.5970320701599121
0.5903570652008057
0.5830150246620178
0.5756798386573792
0.5676695704460144
0.5596568584442139
0.5518627166748047
0.5442687273025513
0.5371742844581604
0.5308606028556824
0.5245420932769775
0.5183839201927185
0.5127166509628296
0.5072174072265625
0.5018572807312012
0.4969029724597931
0.4920433461666107
0.4873974323272705
0.4831107258796692
0.4791053533554077
0.4748029410839081
0.47160762548446655
0.46830272674560547
0.46452978253364563
0.4615059196949005
0.4588010013103485
0.45609477162361145
0.45316237211227417
0.45053601264953613
0.44815266132354736
0.4454804062843323
0.443055659532547
0.4404827952384949
0.4383317530155182
0.4362698793411255
0.434044748544693
0.4320000112056732
0.4302999973297119
0.42825454473495483
0.4265032112598419
0.42460811138153076
0.422639399766922
0.42071762681007385
0.4190116822719574
0.41753628849983215
0.4157922565937042
0.4142284393310547
0.4126901924610138
0.41104069352149963
0.410014808177948
0.40835684537887573
0.40699872374534607
0.40578165650367737
0.4045606851577759
0.4030042886734009
0.4020718038082123
0.4009804427623749
0.3993786573410034
0.39847075939178467
0.39726513624191284
0.39614805579185486
0.3950839340686798
0.39401230216026306
0.3932117223739624
0.3922063708305359
0.39144712686538696
0.39091190695762634
0.3896656036376953
0.38798823952674866
0.3878644108772278
0.38690540194511414
0.38549232482910156
0.3846123218536377
0.3837003707885742
0.38314202427864075
0.38256922364234924
0.3815436065196991
0.38083043694496155
0.3800187110900879
0.37933996319770813
0.37884292006492615
0.3780495524406433
0.37760600447654724
0.37673914432525635
0.37612882256507874
0.3753695785999298
0.37540099024772644
0.37446606159210205
0.37364718317985535
0.373288631439209
0.3725406527519226
0.3721291124820709
0.3726244866847992
0.37105491757392883
0.3706929683685303
0.36995214223861694
0.3697012960910797
0.3692004084587097
0.368432879447937
0.3680723309516907
0.3681045472621918
0.367087721824646
0.3666384816169739
0.36655405163764954
0.36596328020095825
0.3661079406738281
0.36632081866264343
0.36473822593688965
0.36470547318458557
0.3641152083873749
0.36382368206977844
0.36335593461990356
0.36305591464042664
0.36264529824256897
0.36233559250831604
0.3620188236236572
0.3620055913925171
0.36192893981933594
0.3614490032196045
0.3615093529224396
0.36071741580963135
0.36069607734680176
0.36059102416038513
0.3597603738307953
0.35976171493530273
0.3595470190048218
0.3592737913131714
0.3591020703315735
0.3589674234390259
0.3586514890193939
0.3583056628704071
0.35844072699546814
0.35786470770835876
0.35760220885276794
0.357563316822052
0.35716506838798523
0.3573122024536133
0.35660403966903687
0.35658684372901917
0.3561989963054657
0.35597744584083557
0.3560984134674072
0.35572946071624756
0.3555541932582855
0.35523664951324463
0.3551039695739746
0.35479339957237244
0.35464316606521606
0.3545367121696472
0.3544999957084656
0.35426226258277893
0.3539723753929138
0.3541748821735382
0.3537732660770416
0.35331016778945923
0.35332876443862915
0.3534470200538635
0.3530160188674927
0.3525311052799225
0.3525179624557495
0.3523101210594177
0.3520828187465668
0.3522326946258545
0.351514995098114
0.3518601655960083
0.35141894221305847
0.3509852886199951
0.35093021392822266
0.35073739290237427
0.35062792897224426
0.3504883646965027
0.3501637279987335
0.35023102164268494
0.34986642003059387
0.3501240015029907
0.3494548499584198
0.34953802824020386
0.3491731882095337
0.34907323122024536
0.34875547885894775
0.34890151023864746
0.34886887669563293
0.34833794832229614
0.34813082218170166
0.34817594289779663
0.3478604853153229
0.3481307625770569
0.34782519936561584
0.3475646674633026
0.34770527482032776
0.347378134727478
0.34721240401268005
0.3474865257740021
0.346746027469635
0.3470221757888794
0.346876859664917
0.34660518169403076
0.3461446166038513
0.34609153866767883
0.3460593521595001
0.3460331857204437
0.34596356749534607
0.34572839736938477
0.3455900549888611
0.34579071402549744
0.34566187858581543
0.34589847922325134
0.3452156186103821
0.3452087342739105
0.34535732865333557
0.34508007764816284
0.34447339177131653
0.3444664180278778
0.34479016065597534
0.3445180654525757
0.3443759083747864
0.3440380096435547
0.34372639656066895
0.3441452085971832
0.34368041157722473
0.3436700403690338
0.34359732270240784
0.34330374002456665
0.34333187341690063
0.3433706760406494
0.3432359993457794
0.34310227632522583
0.34309127926826477
0.34298765659332275
0.3428243398666382
0.34291020035743713
0.3425609767436981
0.3427301347255707
0.34274545311927795
0.3424588739871979
0.34234973788261414
0.3423149585723877
0.3422454297542572
0.34203675389289856
0.34222203493118286
0.34187987446784973
0.34169214963912964
0.34228602051734924
0.3422986567020416
0.34172460436820984
0.34157001972198486
0.34138765931129456
0.34126341342926025
0.34132006764411926
0.34118932485580444
0.3415900766849518
0.34134188294410706
0.34135088324546814
0.34133151173591614
0.3408394753932953
0.341119647026062
0.34057897329330444
0.3406219780445099
0.3405727446079254
0.34049734473228455
0.3404180705547333
0.34024396538734436
0.34036728739738464
0.34019702672958374
0.34011974930763245
0.3400993049144745
0.33989080786705017
0.3399171233177185
0.33973759412765503
0.33960241079330444
0.3396596908569336
0.339633971452713
0.3397526443004608
0.33937883377075195
0.33940455317497253
0.339350163936615
0.3390771150588989
0.33915382623672485
0.33896639943122864
0.3389534652233124
0.3389148712158203
0.3386577069759369
0.3388180732727051
0.3385426700115204
0.33860617876052856
0.33827000856399536
0.33832213282585144
0.3379748463630676
0.33799150586128235
0.33837878704071045
0.33820489048957825
0.33756935596466064
0.33799347281455994
0.3374720811843872
0.33715692162513733
0.33719655871391296
0.3372997045516968
0.3368666470050812
0.3368663489818573
0.3367842733860016
0.3366515636444092
0.3365417718887329
0.33634939789772034
0.33648934960365295
0.3361499607563019
0.33622968196868896
0.33632922172546387
0.3359834551811218
0.33566057682037354
0.3356768488883972
0.33547940850257874
0.335597425699234
0.33554184436798096
0.33549097180366516
0.3354509472846985
0.3356058895587921
0.33515265583992004
0.3351326584815979
0.33498498797416687
0.3351183831691742
0.3354119062423706
0.33477163314819336
0.33494868874549866
0.33484265208244324
0.3347815275192261
0.33445391058921814
0.33461713790893555
0.3346048593521118
0.3344283998012543
0.3343924880027771
0.33467310667037964
0.334552526473999
0.33420810103416443
0.3343057334423065
0.33412405848503113
0.3341743052005768
0.33411794900894165
0.33403855562210083
0.3339594006538391
0.333954393863678
0.33385565876960754
0.33401528000831604
0.3335801959037781
0.3336038887500763
0.33381083607673645
0.3336538076400757
0.3334810137748718
0.3334266245365143
0.3335012197494507
0.33375847339630127
0.3333509564399719
0.33337700366973877
0.3332411050796509
0.33319300413131714
0.33340510725975037
0.3332866132259369
0.33292442560195923
0.3331376016139984
0.332989901304245
0.332893431186676
0.3330773115158081
0.33329281210899353
0.33316925168037415
0.33293741941452026
0.33281129598617554
0.3330323398113251
0.3332972228527069
0.33264219760894775
0.3328474462032318
0.3327994644641876
0.3329096734523773
0.33274051547050476
0.33265745639801025
0.3326115906238556
0.33277633786201477
0.3328610956668854
0.3328843116760254
0.33253633975982666
0.33271992206573486
0.3329014778137207
0.33286455273628235
0.33270084857940674
0.3325308859348297
0.3322560489177704
0.332606703042984
0.3324028551578522
0.3321802318096161
0.33218345046043396
0.3322003185749054
0.33210694789886475
0.33238545060157776
0.3321587145328522
0.3323836922645569
0.332538902759552
0.33212098479270935
0.33205732703208923
0.33211472630500793
0.3322899341583252
0.33202871680259705
0.3321658968925476
0.33190688490867615
0.3319704532623291
0.33190882205963135
0.3321900963783264
0.3318841755390167
0.3319673538208008
0.33216023445129395
0.33243536949157715
0.3320687413215637
0.3318031132221222
0.33232638239860535
0.3322429060935974
0.3321613073348999
0.3318878412246704
0.33195772767066956
0.3317084312438965
0.3317919671535492
0.3318665325641632
0.3317292630672455
0.3317416310310364
0.33188268542289734
0.33208024501800537
0.33172282576560974
0.33185476064682007
0.33172330260276794
0.33185961842536926
0.3318304121494293
0.3323756158351898
0.33178335428237915
0.33190086483955383
0.33193475008010864
0.3319694697856903
0.33165428042411804
0.3318556547164917
0.33149096369743347
0.3315998315811157
0.33173424005508423
0.3314568102359772
0.331464946269989
0.3317272365093231
0.33173036575317383
0.3313933312892914
0.33149778842926025
0.33173927664756775
0.331687331199646
0.33143728971481323
0.3318207859992981
0.3314914107322693
0.3314981162548065
0.33165132999420166
0.3316621780395508
0.3313067853450775
0.3318546414375305
0.33123818039894104
0.3316553831100464
0.33143454790115356
0.3315725028514862
0.3317641615867615
0.33122679591178894
0.33140650391578674
0.33152034878730774
0.3312016725540161
0.3315128982067108
0.33163753151893616
0.3313167691230774
0.33123689889907837
0.33151471614837646
0.33139076828956604
0.3311118483543396
0.3314584493637085
0.3312658965587616
0.3313538432121277
0.3314390182495117
0.33109477162361145
0.33130908012390137
0.3312031626701355
0.33158284425735474
0.33121609687805176
0.3317379653453827
0.33148616552352905
0.3312684893608093
0.3310655653476715
0.3316512405872345
0.3312256336212158
0.33126047253608704
0.33129265904426575
0.33137962222099304
0.33106914162635803
0.33113276958465576
0.3312334418296814
0.33147263526916504
0.33108991384506226
0.3314368426799774
0.33104532957077026
0.3314485251903534
0.33161279559135437
0.3313300907611847
0.33124810457229614
0.3313359320163727
0.33117422461509705
0.33142706751823425
0.331008642911911
0.3309813141822815
0.33118343353271484
0.3310592770576477
0.330970823764801
0.331069678068161
0.33123093843460083
0.3313431441783905
0.33088091015815735
0.33114469051361084
0.3310609757900238
0.33088722825050354
0.33090201020240784
0.3311532437801361
0.33117687702178955
0.33104294538497925
0.33115506172180176
0.3309025168418884
0.33120492100715637
0.3309493362903595
0.33085691928863525
0.3309110105037689
0.3310524523258209
0.3312905430793762
0.33071258664131165
0.33109191060066223
0.3308075964450836
0.3308943510055542
0.33086928725242615
0.33122867345809937
0.331482857465744
0.33115604519844055
0.3310631513595581
0.3308376669883728
0.3309786319732666
0.33144932985305786
0.3309369385242462
0.33118370175361633
0.33072540163993835
0.33069267868995667
0.3307541012763977
0.33091792464256287
0.3311479091644287
0.33072683215141296
0.33087220788002014
0.33105337619781494
0.33072543144226074
0.3307293951511383
0.3311266005039215
0.3307379186153412
0.3307197690010071
0.33071765303611755
0.3309497833251953
0.33108800649642944
0.3307236433029175
0.3313416838645935
0.3309924602508545
0.33080631494522095
0.33076924085617065
0.3307584226131439
0.33067062497138977
0.3306771218776703
0.3308464586734772
0.3306225538253784
0.33109965920448303
0.3307979702949524
0.3307643234729767
0.33092984557151794
0.33122870326042175
0.33079084753990173
0.3309747874736786
0.3307269513607025
0.33087944984436035
0.33097440004348755
0.33047255873680115
0.33061155676841736
0.33056139945983887
0.33066660165786743
0.33060193061828613
0.33092042803764343
0.330612450838089
0.3308395445346832
0.330960214138031
0.3304730951786041
0.33110055327415466
0.33098462224006653
0.3306336998939514
0.3308831751346588
0.33062800765037537
0.330584317445755
0.330634206533432
0.33043918013572693
0.3305518627166748
0.33052486181259155
0.33051958680152893
0.3307265341281891
0.33077362179756165
0.3306334912776947
0.33040714263916016
0.3322243094444275
0.3305768072605133
0.3306174576282501
0.33070287108421326
0.33148813247680664
0.33043402433395386
0.3304688036441803
0.3303384482860565
0.330412894487381
0.33047086000442505
0.33067938685417175
0.3307362496852875
0.3303931653499603
0.3306131064891815
0.33050966262817383
0.3304297924041748
0.3308843672275543
0.33053120970726013
0.33099400997161865
0.3305598199367523
0.33053192496299744
0.3306550979614258
0.3307328224182129
0.33047720789909363
0.33035701513290405
0.3303430676460266
0.3303603529930115
0.33032551407814026
0.33043426275253296
0.33063337206840515
0.3314635157585144
0.33080726861953735
0.3309691846370697
0.33058828115463257
0.3307816982269287
0.33054256439208984
0.3303355276584625
0.33030256628990173
0.3305095136165619
0.3304044306278229
0.33037635684013367
0.3303183913230896
0.3306552767753601
0.3302566707134247
0.3303981125354767
0.3304861783981323
0.33034732937812805
0.33035141229629517
0.3302276134490967
0.3302990198135376
0.33029016852378845
0.3301973044872284
0.3306574523448944
0.33029475808143616
0.3304663300514221
0.33035555481910706
0.330326646566391
0.33081671595573425
0.33111366629600525
0.3302757740020752
0.3303433060646057
0.3303406238555908
0.3303511440753937
0.330061137676239
0.3308681547641754
0.3302593529224396
0.33047905564308167
0.33009669184684753
0.3301530182361603
0.3301147520542145
0.33127182722091675
0.3307400941848755
0.3301675021648407
0.3302423357963562
0.3303525149822235
0.3301302194595337
0.3308456838130951
0.33001506328582764
0.3302866816520691
0.3301474153995514
0.32998326420783997
0.33018258213996887
0.33001604676246643
0.3301081359386444
0.3303561210632324
0.3302956223487854
0.3302640914916992
0.3302091360092163
0.33013254404067993
0.3300643265247345
0.33035722374916077
0.33033785223960876
0.3303588628768921
0.3302188217639923
0.329987108707428
0.3300403356552124
0.3302844166755676
0.33044344186782837
0.33057013154029846
0.33054324984550476
0.33022913336753845
0.33002015948295593
0.33036020398139954
0.33046719431877136
0.3304087519645691
0.3302622139453888
0.3302161693572998
0.3304944634437561
0.33004340529441833
0.33004865050315857
0.3298563063144684
0.32990583777427673
0.33016225695610046
0.3302655518054962
0.3302920162677765
0.32992708683013916
0.33040958642959595
0.33006876707077026
0.3304634690284729
0.3304493725299835
0.33047810196876526
0.3305821418762207
0.3297552168369293
0.3303205072879791
0.32986021041870117
0.32984286546707153
0.3302902579307556
0.3297334313392639
0.33011099696159363
0.33006006479263306
0.33083459734916687
0.32970622181892395
0.3302645981311798
0.3299180865287781
0.3300042450428009
0.32999467849731445
0.33016476035118103
0.3300045430660248
0.3300958275794983
0.3300955295562744
0.3298906683921814
0.3299703598022461
0.33156734704971313
0.3297414183616638
0.3298936188220978
0.32986676692962646
0.32969018816947937
0.3299201428890228
0.3298340439796448
0.3296445310115814
0.32992780208587646
0.3296683132648468
0.32970574498176575
0.3296724855899811
0.32988840341567993
0.32977530360221863
0.32972991466522217
0.3296721279621124
0.3301900029182434
0.3298731744289398
0.329865425825119
0.33017638325691223
0.32974404096603394
0.32969480752944946
0.3297019302845001
0.3296703100204468
0.32977235317230225
0.32967281341552734
0.3303985595703125
0.3295173645019531
0.3299936056137085
0.33000025153160095
0.3296492397785187
0.3299840986728668
0.32980555295944214
0.32961422204971313
0.3296833634376526
0.3297477960586548
0.3297768831253052
0.32987865805625916
0.32984134554862976
0.32956039905548096
0.32975268363952637
0.32945024967193604
0.3294423818588257
0.32963964343070984
0.33050066232681274
0.3298589289188385
0.3295803666114807
0.32960617542266846
0.3295876085758209
0.3297761380672455
0.32960227131843567
0.3294050395488739
0.3297170102596283
0.33021506667137146
0.32965072989463806
0.3297300636768341
0.3294951617717743
0.32952681183815
0.3295630216598511
0.32992979884147644
0.329971045255661
0.32968902587890625
0.3294280171394348
0.3297131657600403
0.32986587285995483
0.32964199781417847
0.32953017950057983
0.329464852809906
0.32994404435157776
0.3295738995075226
0.3294123411178589
0.32953715324401855
0.32970839738845825
0.3299742639064789
0.32929015159606934
0.32957857847213745
0.3294084966182709
0.32939597964286804
0.32935547828674316
0.32954761385917664
0.32963404059410095
0.32932808995246887
0.32964348793029785
0.32952526211738586
0.33030325174331665
0.32918962836265564
0.32959601283073425
0.3295383155345917
0.3293570280075073
0.3293320834636688
0.3296663761138916
0.3295653164386749
0.3292785584926605
0.32960864901542664
0.3293476700782776
0.32931846380233765
0.3295343518257141
0.3292710483074188
0.32929113507270813
0.3295750021934509
0.32937830686569214
0.3300101161003113
0.3290081322193146
0.329556405544281
0.3295350968837738
0.3293372392654419
0.32919371128082275
0.3292675018310547
0.3299460709095001
0.3294390141963959
0.32939183712005615
0.32941561937332153
0.3291524648666382
0.3293701410293579
0.3293956220149994
0.32941216230392456
0.3292609453201294
0.32920360565185547
0.3294509947299957
0.32969382405281067
0.3291490077972412
0.3294532895088196
0.3294403851032257
0.32927319407463074
0.329597532749176
0.32928457856178284
0.3293713331222534
0.32912662625312805
0.32920974493026733
0.3293434679508209
0.3290446698665619
0.3293459117412567
0.3291541039943695
0.3293304145336151
0.32924914360046387
0.32957786321640015
0.32949113845825195
0.329183965921402
0.3291971683502197
0.32958632707595825
0.3293589651584625
0.3297812044620514
0.3290877342224121
0.3294835686683655
0.329618901014328
0.3298226594924927
0.3298008441925049
0.329058438539505
0.32933396100997925
0.3290974497795105
0.32928842306137085
0.32947012782096863
0.3292878568172455
0.3293249309062958
0.32913729548454285
0.32921847701072693
0.3294484317302704
0.32920143008232117
0.3289589583873749
0.32911571860313416
0.3290073573589325
0.32941901683807373
0.32956168055534363
0.3291183114051819
0.3289942443370819
0.3293839693069458
0.32900792360305786
0.3293432295322418
0.3301256597042084
0.3293687105178833
0.3289816975593567
0.3290826082229614
0.32959315180778503
0.3289298117160797
0.3294253349304199
0.3291141390800476
0.32895687222480774
0.32895800471305847
0.32915574312210083
0.32919278740882874
0.32898402214050293
0.32940611243247986
0.32891732454299927
0.3290310204029083
0.32942289113998413
0.32882630825042725
0.3295210897922516
0.3305434286594391
0.3289583921432495
0.3294951021671295
0.3286913335323334
0.328860342502594
0.3288472592830658
0.329062283039093
0.3290025591850281
0.32880234718322754
0.3288584053516388
0.32883211970329285
0.3295310437679291
0.3292805850505829
0.3286880552768707
0.328940749168396
0.32884594798088074
0.3290358781814575
0.32883220911026
0.3288268744945526
0.3288946747779846
0.3290508985519409
0.3288782835006714
0.32902005314826965
0.3291204571723938
0.328761488199234
0.329495370388031
0.32878199219703674
0.3287416398525238
0.3289925158023834
0.3293718993663788
0.32885608077049255
0.328922301530838
0.3287135660648346
0.3294265568256378
0.32867369055747986
0.3287597894668579
0.3288135230541229
0.32882511615753174
0.32864174246788025
0.32927417755126953
0.3290409743785858
0.3286440372467041
0.328609824180603
0.3290158212184906
0.32943177223205566
0.3285644054412842
0.3288710415363312
0.32850468158721924
0.32853150367736816
0.3285506069660187
0.32873114943504333
0.32872623205184937
0.3285994529724121
0.3285224735736847
0.3286503553390503
