0.6831948161125183
0.6640812158584595
0.6397193074226379
0.6097680926322937
0.5738608241081238
0.5336610674858093
0.4919315576553345
0.453885555267334
0.42260926961898804
0.3991657495498657
0.3808438777923584
0.3706548810005188
0.3597985506057739
0.3523593246936798
0.34717097878456116
0.34410518407821655
0.34008949995040894
0.3392864167690277
0.33531704545021057
0.33269476890563965
0.3287239372730255
0.3276968002319336
0.3257829546928406
0.32394319772720337
0.3237801194190979
0.3231273591518402
0.32145848870277405
0.3188641369342804
0.3182378113269806
0.3166143596172333
0.31813088059425354
0.3151528835296631
0.31399548053741455
0.3124206066131592
0.3123224377632141
0.3111860156059265
0.31084373593330383
0.30963578820228577
0.30990129709243774
0.3078264892101288
0.3090037405490875
0.30799704790115356
0.3052816689014435
0.3040449321269989
0.30458730459213257
0.30320122838020325
0.30500590801239014
0.30377453565597534
0.3005942702293396
0.3011849522590637
0.299373984336853
0.29962781071662903
0.29995810985565186
0.2981278598308563
0.2972279489040375
0.29515311121940613
0.29472991824150085
0.2953703701496124
0.2944607436656952
0.2935245931148529
0.29310789704322815
0.2907373011112213
0.28971874713897705
0.291019082069397
0.2903272211551666
0.2895921468734741
0.29037782549858093
0.2863406538963318
0.2863594591617584
0.28490814566612244
0.28521454334259033
0.28509747982025146
0.28616634011268616
0.2821837067604065
0.2858050465583801
0.2812868058681488
0.2869203984737396
0.28366953134536743
0.2797096371650696
0.2787933945655823
0.27747222781181335
0.2780327796936035
0.27849099040031433
0.27655360102653503
0.2760205566883087
0.27576738595962524
0.2751213014125824
0.2737317681312561
0.27276358008384705
0.27395159006118774
0.270060271024704
0.2742811441421509
0.275301456451416
0.2710689306259155
0.270696222782135
0.2698201537132263
0.2692888677120209
0.2690725028514862
0.2691444158554077
0.26812848448753357
0.2666236162185669
0.2670310139656067
0.2669343054294586
0.2670835256576538
0.26523926854133606
0.26713207364082336
0.2635687589645386
0.26485559344291687
0.2636420428752899
0.26398158073425293
0.2633742094039917
0.26081112027168274
0.2614380717277527
0.26387158036231995
0.2638865113258362
0.26241108775138855
0.26174047589302063
0.26092949509620667
0.2570399045944214
0.2581064999103546
0.2573738694190979
0.2600933909416199
0.25715020298957825
0.25784721970558167
0.25578784942626953
0.2563728094100952
0.25494828820228577
0.255180686712265
0.2518768608570099
0.25351396203041077
0.2523477375507355
0.2541311979293823
0.25035494565963745
0.24959422647953033
0.25513970851898193
0.25433212518692017
0.25006160140037537
0.2508627772331238
0.24701857566833496
0.24691013991832733
0.2462281733751297
0.24717330932617188
0.24449744820594788
0.24517618119716644
0.2434738278388977
0.24335196614265442
0.24266363680362701
0.24539563059806824
0.2421724796295166
0.24124401807785034
0.24083299934864044
0.2386910617351532
0.24053820967674255
0.23959700763225555
0.23905761539936066
0.23675234615802765
0.23539483547210693
0.2353249341249466
0.23518070578575134
0.23417474329471588
0.23388700187206268
0.23453669250011444
0.23398767411708832
0.23307988047599792
0.23059070110321045
0.22899052500724792
0.2290889471769333
0.2291356772184372
0.2274777591228485
0.22585704922676086
0.2272435426712036
0.2253211885690689
0.22835955023765564
0.22406022250652313
0.22203272581100464
0.2239059954881668
0.2233959585428238
0.2233770191669464
0.22191111743450165
0.2191319614648819
0.21848280727863312
0.2193938046693802
0.21818844974040985
0.21727940440177917
0.21814754605293274
0.2217293679714203
0.21865405142307281
0.21645911037921906
0.21773499250411987
0.21321113407611847
0.21723632514476776
0.21252040565013885
0.21488487720489502
0.21341338753700256
0.21417559683322906
0.21267066895961761
0.21183733642101288
0.21123428642749786
0.21086397767066956
0.20869635045528412
0.21108242869377136
0.21390946209430695
0.20953643321990967
0.20702695846557617
0.20577989518642426
0.21051818132400513
0.20916491746902466
0.20688435435295105
0.20597000420093536
0.2041291892528534
0.2073257714509964
0.20386317372322083
0.20336158573627472
0.20436716079711914
0.2024877518415451
0.2024364322423935
0.2030169665813446
0.20283451676368713
0.19966483116149902
0.20065955817699432
0.20192790031433105
0.20070293545722961
0.20005011558532715
0.19856640696525574
0.19843313097953796
0.19676010310649872
0.19729702174663544
0.20061378180980682
0.19761113822460175
0.19724850356578827
0.19658179581165314
0.19575029611587524
0.19453394412994385
0.19592028856277466
0.19347919523715973
0.1942150890827179
0.1941841095685959
0.19431129097938538
0.19354115426540375
0.19382478296756744
0.19663819670677185
0.19167198240756989
0.19304277002811432
0.19297893345355988
0.1905752420425415
0.1921875774860382
0.19341416656970978
0.19574834406375885
0.1945933699607849
0.19044533371925354
0.18973734974861145
0.18997105956077576
0.18855910003185272
0.18995630741119385
0.18819086253643036
0.1872517317533493
0.18831023573875427
0.18767096102237701
0.1907591074705124
0.19042307138442993
0.18698038160800934
0.18726672232151031
0.18834614753723145
0.18734438717365265
0.18684938549995422
0.18669846653938293
0.186532661318779
0.18863224983215332
0.1858149617910385
0.18486233055591583
0.18396280705928802
0.18264877796173096
0.18192841112613678
0.18417973816394806
0.18260632455348969
0.1825110912322998
0.18460123240947723
0.1830548495054245
0.18268822133541107
0.18249177932739258
0.18195097148418427
0.17977866530418396
0.18231473863124847
0.18206287920475006
0.18016140162944794
0.18128235638141632
0.18114697933197021
0.1827537566423416
0.17828157544136047
0.17840568721294403
0.17905670404434204
0.17927370965480804
0.1788824498653412
0.17747050523757935
0.17776557803153992
0.17808324098587036
0.17582641541957855
0.18154624104499817
0.18326835334300995
0.1750030815601349
0.1758597046136856
0.17486655712127686
0.1763654351234436
0.17439110577106476
0.17312471568584442
0.17680838704109192
0.1738106906414032
0.17235563695430756
0.17304541170597076
0.17413482069969177
0.17277726531028748
0.17225980758666992
0.1708129197359085
0.17134824395179749
0.17124558985233307
0.1699756383895874
0.17210593819618225
0.17048300802707672
0.16863076388835907
0.17725932598114014
0.17071080207824707
0.16757629811763763
0.1690196841955185
0.16953235864639282
0.16936525702476501
0.16828972101211548
0.16725663840770721
0.16763722896575928
0.1673097461462021
0.16654236614704132
0.16668307781219482
0.16550880670547485
0.16346116364002228
0.1648709923028946
0.1649569272994995
0.1636197865009308
0.16344332695007324
0.1669420748949051
0.16464951634407043
0.1623944193124771
0.16222089529037476
0.16493049263954163
0.16640916466712952
0.16217777132987976
0.16139356791973114
0.16071143746376038
0.16158165037631989
0.16186702251434326
0.15977448225021362
0.1594599187374115
0.15891367197036743
0.16076020896434784
0.15850204229354858
0.1586320847272873
0.15962424874305725
0.1578265130519867
0.15969853103160858
0.15666891634464264
0.1650795340538025
0.1623842418193817
0.1631270796060562
0.15906400978565216
0.15662187337875366
0.15943863987922668
0.1555924415588379
0.15570390224456787
0.1575775146484375
0.15530367195606232
0.15544265508651733
0.15537235140800476
0.15487074851989746
0.1545179933309555
0.1538042426109314
0.15707315504550934
0.1547292172908783
0.15286721289157867
0.15132026374340057
0.15203337371349335
0.15344548225402832
0.15117789804935455
0.1532885879278183
0.15076643228530884
0.1485711932182312
0.1506100594997406
0.14851072430610657
0.1491633951663971
0.1499345451593399
0.14777453243732452
0.1486261487007141
0.14879556000232697
0.151829794049263
0.15160265564918518
0.1484561264514923
0.14901866018772125
0.14850346744060516
0.1482388824224472
0.14904800057411194
0.1490745097398758
0.1477576345205307
0.14904610812664032
0.14778614044189453
0.14530691504478455
0.14779821038246155
0.14722131192684174
0.14556410908699036
0.1471610814332962
0.14663062989711761
0.14418292045593262
0.14425568282604218
0.14451546967029572
0.14534151554107666
0.14251093566417694
0.14372937381267548
0.14579644799232483
0.1443949192762375
0.14587636291980743
0.1445067673921585
0.1452379822731018
0.14408689737319946
0.14237035810947418
0.14264999330043793
0.14123320579528809
0.14597061276435852
0.15025067329406738
0.1414896547794342
0.13995005190372467
0.1400884985923767
0.13984815776348114
0.14065949618816376
0.1412825882434845
0.14104779064655304
0.1394607424736023
0.14038896560668945
0.13901260495185852
0.1409096121788025
0.13947434723377228
0.139593705534935
0.14080281555652618
0.14041094481945038
0.14080451428890228
0.14299501478672028
0.14028851687908173
0.14104598760604858
0.14178040623664856
0.139145627617836
0.13942788541316986
0.13773277401924133
0.13811857998371124
0.13643628358840942
0.13826031982898712
0.13636082410812378
0.13821250200271606
0.1427023857831955
0.13950295746326447
0.13517625629901886
0.13457928597927094
0.13527055084705353
0.13561925292015076
0.13655295968055725
0.14054636657238007
0.13619659841060638
0.13628503680229187
0.13589242100715637
0.13610486686229706
0.13653534650802612
0.13669900596141815
0.1347580850124359
0.13435962796211243
0.1336844265460968
0.135602205991745
0.1313830465078354
0.13480809330940247
0.13271452486515045
0.13080906867980957
0.13452963531017303
0.13428570330142975
0.13056252896785736
0.13050107657909393
0.12917591631412506
0.1321788877248764
0.13186894357204437
0.13009832799434662
0.1298302412033081
0.1291186660528183
0.12858811020851135
0.1297592967748642
0.12787194550037384
0.13036665320396423
0.13179540634155273
0.13253670930862427
0.12858308851718903
0.1268865317106247
0.13109569251537323
0.13551630079746246
0.13316717743873596
0.1331872045993805
0.12900355458259583
0.12688910961151123
0.13029609620571136
0.1267705261707306
0.1257043182849884
0.12558907270431519
0.12666797637939453
0.12494616955518723
0.12425816059112549
0.1252738982439041
0.12633927166461945
0.1277025192975998
0.12430546432733536
0.1274108588695526
0.12687402963638306
0.1294841766357422
0.1259017288684845
0.1262940913438797
0.1270216703414917
0.12824156880378723
0.12433025240898132
0.1241316869854927
0.12317574769258499
0.12510809302330017
0.12212136387825012
0.12139733135700226
0.12404430657625198
0.12589094042778015
0.136857807636261
0.12541361153125763
0.12142934650182724
0.12370707094669342
0.12024334818124771
0.12068244814872742
0.12162133306264877
0.12514543533325195
0.12132430076599121
0.12402024120092392
0.12084081768989563
0.12033005803823471
0.12164700776338577
0.12113739550113678
0.11866769194602966
0.11902189999818802
0.12435628473758698
0.11968342214822769
0.11900360882282257
0.11958890408277512
0.12187673151493073
0.1249387189745903
0.11915553361177444
0.12099453061819077
0.11863099038600922
0.11746775358915329
0.11922265589237213
0.11697478592395782
0.11557949334383011
0.11753355711698532
0.11736267805099487
0.11740433424711227
0.11701390147209167
0.11633148789405823
0.12294260412454605
0.12130405008792877
0.1229117289185524
0.11920425295829773
0.11860701441764832
0.11506710201501846
0.11442142724990845
0.1157933697104454
0.11769932508468628
0.11763827502727509
0.11741938441991806
0.11730796843767166
0.11754372715950012
0.11956273764371872
0.11497437953948975
0.11589366942644119
0.1133648008108139
0.11720653623342514
0.11322968453168869
0.11446157097816467
0.11277864128351212
0.11880499869585037
0.11581434309482574
0.11914802342653275
0.11256416141986847
0.11649014055728912
0.11248592287302017
0.11806350201368332
0.1134793609380722
0.11377405375242233
0.11579788476228714
0.11213694512844086
0.11324332654476166
0.11042384058237076
0.1125049740076065
0.11156905442476273
0.11042604595422745
0.11256024986505508
0.1139741763472557
0.11244538426399231
0.11464107781648636
0.1129550114274025
0.12355902045965195
0.11808463931083679
0.11193663626909256
0.11299218237400055
0.11360584944486618
0.11390025913715363
0.10889926552772522
0.10863333195447922
0.10843562334775925
0.10900940746068954
0.11055629700422287
0.10862310230731964
0.10962841659784317
0.10960648208856583
0.10789184272289276
0.1101050153374672
0.11213622242212296
0.1068931296467781
0.10740968585014343
0.10917098075151443
0.10862510651350021
0.10741705447435379
0.10788381099700928
0.10810289531946182
0.11397120356559753
0.11317978799343109
0.10949884355068207
0.10958920419216156
0.10879173129796982
0.1070142611861229
0.10898355394601822
0.1086590439081192
0.10506957769393921
0.10706821829080582
0.11031773686408997
0.10926830768585205
0.10626428574323654
0.10576578229665756
0.10588318109512329
0.10348060727119446
0.10260394960641861
0.11000067740678787
0.11448370665311813
0.11468564718961716
0.10460170358419418
0.10604386776685715
0.10569572448730469
0.1056048721075058
0.11078242212533951
0.10784921050071716
0.11010004580020905
0.1042102500796318
0.10705611109733582
0.10234692692756653
0.10195859521627426
0.10281969606876373
0.10109858214855194
0.10561276227235794
0.10331811755895615
0.10173755139112473
0.10094509273767471
0.1020900085568428
0.10024642199277878
0.10141906887292862
0.10044288635253906
0.10294440388679504
0.10904502868652344
0.10127409547567368
0.10383340716362
0.10050018876791
0.09892052412033081
0.10019431263208389
0.10108756273984909
0.10386987030506134
0.09921763837337494
0.09927331656217575
0.1012217327952385
0.09799803793430328
0.10451555997133255
0.10249721258878708
0.1005479097366333
0.10088992118835449
0.0991145446896553
0.10016059875488281
0.0975508987903595
0.10280773788690567
0.10240012407302856
0.09830950945615768
0.10091331601142883
0.10098203271627426
0.09577430039644241
0.09772400557994843
0.09812239557504654
0.09615012258291245
0.09617729485034943
0.09991410374641418
0.09644072502851486
0.09705108404159546
0.1018068715929985
0.10318420827388763
0.11131422966718674
0.11496668308973312
0.09682375192642212
0.09934496134519577
0.09916781634092331
0.09546173363924026
0.09661106020212173
0.09517606347799301
0.09454621374607086
0.09385169297456741
0.09613696485757828
0.09808851033449173
0.09634394198656082
0.09787135571241379
0.0954476073384285
0.09407561272382736
0.09662679582834244
0.09559614956378937
0.0958562046289444
0.09578592330217361
0.09523697942495346
0.09533803164958954
0.09585756808519363
0.09588893502950668
0.09379105269908905
0.0950244888663292
0.0929136872291565
0.0945865660905838
0.09541575610637665
0.09483826905488968
0.09175736457109451
0.09633781015872955
0.0964360386133194
0.09380050003528595
0.09762151539325714
0.09567295759916306
0.09405487030744553
0.09481029212474823
0.09365440905094147
0.09094014018774033
0.09616178274154663
0.09598211199045181
0.09152067452669144
0.09351281821727753
0.09659694135189056
0.09241225570440292
0.09075116366147995
0.09169907122850418
0.0895625650882721
0.08992336690425873
0.09133152663707733
0.09341330826282501
0.09214683622121811
0.09493336081504822
0.10327009856700897
0.10590624064207077
0.09531919658184052
0.09180227667093277
0.08999603986740112
0.09095979481935501
0.09076981991529465
0.09548315405845642
0.09416411817073822
0.08986449986696243
0.08821559697389603
0.08954416960477829
0.09040607511997223
0.0905977264046669
0.09278150647878647
0.0889306366443634
0.08831555396318436
0.09172111749649048
0.08731291443109512
0.08751397579908371
0.09067285805940628
0.0907987654209137
0.08790139853954315
0.08916874974966049
0.09565652906894684
0.09772498905658722
0.09039542824029922
0.0866161584854126
0.08843475580215454
0.08489780128002167
0.08544240891933441
0.08645393699407578
0.08549265563488007
0.08581984788179398
0.08615927398204803
0.0881129652261734
0.08556780964136124
0.08498421311378479
0.08418455719947815
0.08475985378026962
0.08584283292293549
0.09057985991239548
0.08809853345155716
0.08726339787244797
0.08650636672973633
0.08503320068120956
0.08422224968671799
0.08449001610279083
0.086564801633358
0.08691441267728806
0.08692050725221634
0.08256105333566666
0.08449412882328033
0.08525510877370834
0.0839933231472969
0.09094252437353134
0.08744823187589645
0.09511864930391312
0.11511873453855515
0.0988919660449028
0.0866074487566948
0.08430548012256622
0.08246112614870071
0.0831838920712471
0.08476827293634415
0.08655212074518204
0.08568504452705383
0.08557724207639694
0.08295416831970215
0.08414565771818161
0.08484869450330734
0.08594208210706711
0.08076728880405426
0.08186905086040497
0.08065691590309143
0.08272404223680496
0.08166692405939102
0.08078711479902267
0.07989969849586487
0.08090371638536453
0.0819166898727417
0.07876002788543701
0.07900094985961914
0.08310829102993011
0.08601842075586319
0.08331439644098282
0.08572946488857269
0.08083643019199371
0.07796887308359146
0.08099973201751709
0.08211176097393036
0.079142265021801
0.07736106961965561
0.07919394224882126
0.07690248638391495
0.08202484250068665
0.07961435616016388
0.08192174881696701
0.0825004056096077
0.08101876825094223
0.08523331582546234
0.08638928085565567
0.08545264601707458
0.08026318997144699
0.08186401426792145
0.08930131047964096
0.07954797148704529
0.08010262995958328
0.07678551226854324
0.07678325474262238
0.07846945524215698
0.07791297137737274
0.07799742370843887
0.07672161608934402
0.07695049792528152
0.07669126242399216
0.08031337708234787
0.07766813039779663
0.08063066005706787
0.07584454119205475
0.07388442754745483
0.07647767663002014
0.07246437668800354
0.07608260959386826
0.07475196570158005
0.07808829098939896
0.07553719729185104
0.07499958574771881
0.07282000035047531
0.07445994019508362
0.07295278459787369
0.07323461771011353
0.0730857402086258
0.07664821296930313
0.07624558359384537
0.07318169623613358
0.07444162666797638
0.075760118663311
0.07751293480396271
0.07428059726953506
0.07282587140798569
0.07498633861541748
0.07303276658058167
0.076748788356781
0.08282888680696487
0.07797927409410477
0.07648233324289322
0.07541830837726593
0.0740160346031189
0.07419416308403015
0.08036544173955917
0.081348717212677
0.07669902592897415
0.07859144359827042
0.07376952469348907
0.07419721782207489
0.09385313093662262
0.0777539610862732
0.07341332733631134
0.07297642529010773
0.07315633445978165
0.07285216450691223
0.07120051234960556
0.0693013072013855
0.07121536880731583
0.06953506916761398
0.07190220057964325
0.07144656032323837
0.0670536532998085
0.06966768950223923
0.06939128041267395
0.06802646815776825
0.06855860352516174
0.06950985640287399
0.07356736809015274
0.06979015469551086
0.06991894543170929
0.07312972843647003
0.06974857300519943
0.07017511129379272
0.07838515192270279
0.0731176882982254
0.07106481492519379
0.07280430942773819
0.07787656038999557
0.06880346685647964
0.0684710368514061
0.06873714178800583
0.07255660742521286
0.0737575963139534
0.07923439145088196
0.07476869225502014
0.06743885576725006
0.06603814661502838
0.06901618093252182
0.06610213965177536
0.06616287678480148
0.06849684566259384
0.06661258637905121
0.06618105620145798
0.06628137826919556
0.06795557588338852
0.06465370953083038
0.06479380279779434
0.06499727815389633
0.06611420214176178
0.06567449122667313
0.06568930298089981
0.0634399801492691
0.06756468862295151
0.07103489339351654
0.07129236310720444
0.08724266290664673
0.0775577500462532
0.07060413807630539
0.07681330293416977
0.0763053297996521
0.0776028260588646
0.07144628465175629
0.07528641074895859
0.07130251824855804
0.07013491541147232
0.06598712503910065
0.06380992382764816
0.0638652965426445
0.06460116803646088
0.0655275508761406
0.06589019298553467
0.06603838503360748
0.06839606910943985
0.0648237094283104
0.06328421086072922
0.06663651019334793
0.065366730093956
0.06828557699918747
0.06588583439588547
0.06486710160970688
0.0635896846652031
0.06347884237766266
0.06456848978996277
0.07968336343765259
0.07758285105228424
0.08557073026895523
0.07449885457754135
0.07082203775644302
0.06911589950323105
