0.6854481101036072
0.6668515801429749
0.6409587264060974
0.6146538257598877
0.5906758904457092
0.5678543448448181
0.541746973991394
0.5104356408119202
0.47548648715019226
0.4408385753631592
0.4137457609176636
0.3913036584854126
0.3759995698928833
0.3641989827156067
0.3568728566169739
0.3481278717517853
0.3420804738998413
0.3389436900615692
0.3364463746547699
0.33112549781799316
0.32744503021240234
0.3283359706401825
0.322691947221756
0.3195611536502838
0.3157115876674652
0.31508108973503113
0.31194034218788147
0.31039682030677795
0.3084603548049927
0.30628514289855957
0.30555784702301025
0.3034779131412506
0.3018076419830322
0.29950666427612305
0.29910022020339966
0.2961026728153229
0.29585298895835876
0.29393085837364197
0.29423996806144714
0.2949572801589966
0.2918689250946045
0.28953856229782104
0.28886187076568604
0.28569555282592773
0.28846868872642517
0.2833038568496704
0.2814991772174835
0.2834641635417938
0.28177353739738464
0.2809070646762848
0.27991896867752075
0.2818303108215332
0.2760290205478668
0.27522411942481995
0.274392306804657
0.27365630865097046
0.2746531665325165
0.2723641097545624
0.2717004418373108
0.27164584398269653
0.2736065983772278
0.27143752574920654
0.268442839384079
0.268865704536438
0.26955950260162354
0.2673507332801819
0.2653675377368927
0.26520827412605286
0.2638602554798126
0.26352545619010925
0.26265275478363037
0.26360493898391724
0.26119187474250793
0.26060667634010315
0.26282647252082825
0.2620272636413574
0.25833660364151
0.26301002502441406
0.2577064037322998
0.2560044527053833
0.26032906770706177
0.26035597920417786
0.2587423622608185
0.25475403666496277
0.25480225682258606
0.25461283326148987
0.2528225779533386
0.2539244294166565
0.2513381838798523
0.25196024775505066
0.25063738226890564
0.25107720494270325
0.2505427300930023
0.2505299150943756
0.24810895323753357
0.24782851338386536
0.24890418350696564
0.24796070158481598
0.24683599174022675
0.2458937019109726
0.24621184170246124
0.24390104413032532
0.2436458170413971
0.2429606020450592
0.24589204788208008
0.24067988991737366
0.24133534729480743
0.24197092652320862
0.23984290659427643
0.23962640762329102
0.23989130556583405
0.24004672467708588
0.2399887889623642
0.23893457651138306
0.23869875073432922
0.2376614660024643
0.23771905899047852
0.23615598678588867
0.23547512292861938
0.2367708832025528
0.23508252203464508
0.23480430245399475
0.23388192057609558
0.23339329659938812
0.23331129550933838
0.23287440836429596
0.2324017584323883
0.23135130107402802
0.23028436303138733
0.2305872142314911
0.23189079761505127
0.23375482857227325
0.23151662945747375
0.22899805009365082
0.22841233015060425
0.2311072051525116
0.23114575445652008
0.2269122302532196
0.22797426581382751
0.23081545531749725
0.22864866256713867
0.22534023225307465
0.22693751752376556
0.22542065382003784
0.22365356981754303
0.22742699086666107
0.22963085770606995
0.2241523712873459
0.22552047669887543
0.22662362456321716
0.22545413672924042
0.22256404161453247
0.2217450588941574
0.2224733531475067
0.2221899926662445
0.22266359627246857
0.21966226398944855
0.22032655775547028
0.21995866298675537
0.22187243402004242
0.2202376425266266
0.21836158633232117
0.21997584402561188
0.21690398454666138
0.21912454068660736
0.2190447449684143
0.21631231904029846
0.2171752154827118
0.21735742688179016
0.21672211587429047
0.21609145402908325
0.21515220403671265
0.21495142579078674
0.21633534133434296
0.2178141474723816
0.21661661565303802
0.22150522470474243
0.21389470994472504
0.21437890827655792
0.21192267537117004
0.21378615498542786
0.21119146049022675
0.21345490217208862
0.21050496399402618
0.2093031108379364
0.21081973612308502
0.20873713493347168
0.20887307822704315
0.2116922289133072
0.2098042070865631
0.21511952579021454
0.21424685418605804
0.2070712447166443
0.2076188176870346
0.2076304405927658
0.2086239755153656
0.2079712152481079
0.20976710319519043
0.2094070315361023
0.20496289432048798
0.20573142170906067
0.2046978920698166
0.20778732001781464
0.2050897628068924
0.20417556166648865
0.20546172559261322
0.20661139488220215
0.2040424793958664
0.2060316950082779
0.20431531965732574
0.20089855790138245
0.20160117745399475
0.20146557688713074
0.2030184417963028
0.20682865381240845
0.20296666026115417
0.20119647681713104
0.20085199177265167
0.19848133623600006
0.2000962495803833
0.19950662553310394
0.19972261786460876
0.20070765912532806
0.2008804976940155
0.19867318868637085
0.19959108531475067
0.19713130593299866
0.19827894866466522
0.19946061074733734
0.19898074865341187
0.2001577615737915
0.19790683686733246
0.19660881161689758
0.19880200922489166
0.19878710806369781
0.19777333736419678
0.19875121116638184
0.19571393728256226
0.19603736698627472
0.19623924791812897
0.1943172812461853
0.1933792233467102
0.19637984037399292
0.19859516620635986
0.19231092929840088
0.1964416205883026
0.19770608842372894
0.1918298453092575
0.19453325867652893
0.19267287850379944
0.19321277737617493
0.19234991073608398
0.19381843507289886
0.19408637285232544
0.1966613531112671
0.1945212483406067
0.1900997906923294
0.19319826364517212
0.1920004040002823
0.19183410704135895
0.18872691690921783
0.19687633216381073
0.19704630970954895
0.1926679015159607
0.19050198793411255
0.18912361562252045
0.1902845799922943
0.1898048371076584
0.18816858530044556
0.18897771835327148
0.19018524885177612
0.1887826770544052
0.19056227803230286
0.191270112991333
0.1900784969329834
0.19335545599460602
0.19092582166194916
0.18859320878982544
0.1869434267282486
0.18833161890506744
0.18846914172172546
0.18952196836471558
0.18711839616298676
0.18686819076538086
0.18762117624282837
0.18712222576141357
0.18607266247272491
0.18620692193508148
0.18834006786346436
0.18890121579170227
0.19089838862419128
0.186146542429924
0.18689283728599548
0.185418039560318
0.1870170533657074
0.18461331725120544
0.18628890812397003
0.1893029361963272
0.18693138659000397
0.18784037232398987
0.18509602546691895
0.18703465163707733
0.1844431757926941
0.1913774162530899
0.19041460752487183
0.18561333417892456
0.18391214311122894
0.1846625804901123
0.1863061636686325
0.1845514178276062
0.18844489753246307
0.1872515231370926
0.18486909568309784
0.1845167726278305
0.18512789905071259
0.18512532114982605
0.1867583990097046
0.1832340806722641
0.1819753497838974
0.18220843374729156
0.1851814091205597
0.1838597059249878
0.18236781656742096
0.1859050691127777
0.18348054587841034
0.18289829790592194
0.1835804581642151
0.18550659716129303
0.1823943853378296
0.18293116986751556
0.1822279840707779
0.18583478033542633
0.18274550139904022
0.1823616474866867
0.17973394691944122
0.18372395634651184
0.18175841867923737
0.1807795763015747
0.18330730497837067
0.18329408764839172
0.18200945854187012
0.18064020574092865
0.181745246052742
0.18481159210205078
0.17856146395206451
0.18492479622364044
0.18114732205867767
0.18263877928256989
0.1804889738559723
0.1800847202539444
0.181061252951622
0.183645099401474
0.17916075885295868
0.17727766931056976
0.1820647418498993
0.17858591675758362
0.17884735763072968
0.17896538972854614
0.18146274983882904
0.17859742045402527
0.17983409762382507
0.18027779459953308
0.18254488706588745
0.1767587512731552
0.17632432281970978
0.17644818127155304
0.17614729702472687
0.17817239463329315
0.17627382278442383
0.17627251148223877
0.17718172073364258
0.17497767508029938
0.17559166252613068
0.17450234293937683
0.18070322275161743
0.1739964783191681
0.17701254785060883
0.17820437252521515
0.17500659823417664
0.17618051171302795
0.17861047387123108
0.1740248054265976
0.17573849856853485
0.17910520732402802
0.1737978756427765
0.17465175688266754
0.1759682148694992
0.17607101798057556
0.1751282960176468
0.17291805148124695
0.1809924691915512
0.17365358769893646
0.17326655983924866
0.17285263538360596
0.17355021834373474
0.17980588972568512
0.17161457240581512
0.17208918929100037
0.1706080287694931
0.17113830149173737
0.1702871173620224
0.17304067313671112
0.17109785974025726
0.17185455560684204
0.1705375462770462
0.17047937214374542
0.1717817634344101
0.1693662703037262
0.1698784977197647
0.16839537024497986
0.1712641716003418
0.16882982850074768
0.16780245304107666
0.16835281252861023
0.16802972555160522
0.16831639409065247
0.1679673045873642
0.1682785004377365
0.1688791662454605
0.16747745871543884
0.16967256367206573
0.16694101691246033
0.1670755296945572
0.16935127973556519
0.1674373894929886
0.16764050722122192
0.16535644233226776
0.16679999232292175
0.16980241239070892
0.17243953049182892
0.16708649694919586
0.16851241886615753
0.16751985251903534
0.16598276793956757
0.17073051631450653
0.16713222861289978
0.16407623887062073
0.17059674859046936
0.16535894572734833
0.16698935627937317
0.1649836003780365
0.16541346907615662
0.164367213845253
0.16696137189865112
0.16715107858181
0.16264809668064117
0.16213427484035492
0.16384096443653107
0.1625850945711136
0.16625450551509857
0.16165746748447418
0.16212736070156097
0.1625693142414093
0.16523553431034088
0.16406825184822083
0.16370221972465515
0.16263480484485626
0.16147133708000183
0.16110752522945404
0.16534048318862915
0.1658785045146942
0.16202273964881897
0.16034558415412903
0.1608927994966507
0.16037729382514954
0.1657550036907196
0.16411949694156647
0.16064316034317017
0.15999378263950348
0.16020938754081726
0.1610124260187149
0.15987655520439148
0.1602177768945694
0.15975600481033325
0.16295628249645233
0.16177134215831757
0.15862466394901276
0.15851108729839325
0.15899024903774261
0.16591179370880127
0.16206352412700653
0.15847040712833405
0.1594761610031128
0.15967804193496704
0.16122902929782867
0.160623699426651
0.16193532943725586
0.1594925969839096
0.1578557789325714
0.16603195667266846
0.16208578646183014
0.15895472466945648
0.16103076934814453
0.16016195714473724
0.15826226770877838
0.15997953712940216
0.1621435433626175
0.159626305103302
0.16191785037517548
0.16239242255687714
0.15739737451076508
0.15700942277908325
0.1581181436777115
0.15754111111164093
0.15538322925567627
0.15868741273880005
0.15727700293064117
0.15835949778556824
0.15687613189220428
0.15893718600273132
0.1573360711336136
0.1570163518190384
0.1570643186569214
0.15616334974765778
0.15473631024360657
0.16324618458747864
0.15869855880737305
0.16088485717773438
0.15718615055084229
0.15709511935710907
0.15705738961696625
0.16312630474567413
0.1621256023645401
0.16345450282096863
0.16006921231746674
0.15475541353225708
0.15566158294677734
0.15777122974395752
0.15372128784656525
0.1551395058631897
0.15637515485286713
0.15370041131973267
0.1536046862602234
0.15854482352733612
0.15678822994232178
0.15342268347740173
0.15244489908218384
0.15430843830108643
0.15352676808834076
0.15481029450893402
0.15394137799739838
0.15917912125587463
0.15541213750839233
0.1515556424856186
0.15484222769737244
0.15945374965667725
0.1570914089679718
0.1584264039993286
0.15573763847351074
0.15272091329097748
0.15135176479816437
0.154227614402771
0.15680217742919922
0.15353193879127502
0.1540946066379547
0.14950376749038696
0.15443812310695648
0.1586260348558426
0.15364733338356018
0.1562647819519043
0.1499340981245041
0.1491503119468689
0.15282417833805084
0.15053218603134155
0.15179532766342163
0.14839842915534973
0.14932753145694733
0.15102869272232056
0.1510992795228958
0.14941014349460602
0.15149463713169098
0.1501811444759369
0.15118059515953064
0.14942897856235504
0.15165920555591583
0.14981289207935333
0.14766444265842438
0.14871084690093994
0.14802265167236328
0.15015003085136414
0.14890964329242706
0.14901316165924072
0.1512240767478943
0.1492530256509781
0.14969752728939056
0.1504717916250229
0.15209485590457916
0.15155988931655884
0.1486690491437912
0.1497083157300949
0.1526334285736084
0.14963003993034363
0.14771653711795807
0.14689508080482483
0.1494198590517044
0.14812308549880981
0.14814728498458862
0.14516772329807281
0.14597484469413757
0.14536571502685547
0.146739661693573
0.14766032993793488
0.14852413535118103
0.14810574054718018
0.15290841460227966
0.14570815861225128
0.1468200832605362
0.14471113681793213
0.1459314376115799
0.14990514516830444
0.1480945497751236
0.14598701894283295
0.14403598010540009
0.14447608590126038
0.1450280100107193
0.14776533842086792
0.1488797962665558
0.1439797580242157
0.14565818011760712
0.1454421728849411
0.1440279632806778
0.14638666808605194
0.14422522485256195
0.14310374855995178
0.14427530765533447
0.14439383149147034
0.14499889314174652
0.143741637468338
0.14638037979602814
0.1469365954399109
0.147519052028656
0.1449720412492752
0.14313066005706787
0.1439746618270874
0.1479138284921646
0.14524129033088684
0.14499954879283905
0.1447792798280716
0.14365428686141968
0.14104650914669037
0.14095374941825867
0.14312252402305603
0.14486351609230042
0.14150439202785492
0.14147698879241943
0.14174975454807281
0.14375413954257965
0.14350904524326324
0.14113031327724457
0.14023418724536896
0.13965484499931335
0.1410096138715744
0.1419837772846222
0.140055850148201
0.13996396958827972
0.13961291313171387
0.14354221522808075
0.1420445591211319
0.1412641406059265
0.1395353227853775
0.14134760200977325
0.1390596628189087
0.139412522315979
0.14082561433315277
0.14013023674488068
0.14182233810424805
0.1399533450603485
0.14430132508277893
0.14147768914699554
0.1401100605726242
0.1394834667444229
0.13801661133766174
0.13975489139556885
0.13853073120117188
0.13838744163513184
0.13881626725196838
0.1407191902399063
0.14001676440238953
0.14349988102912903
0.13937002420425415
0.13955125212669373
0.14020216464996338
0.14194916188716888
0.13981908559799194
0.13697826862335205
0.14137014746665955
0.13850751519203186
0.13889271020889282
0.13905157148838043
0.14026665687561035
0.13972389698028564
0.14073875546455383
0.13692954182624817
0.13821038603782654
0.13933125138282776
0.1374625712633133
0.13791687786579132
0.14148855209350586
0.13649235665798187
0.13888786733150482
0.14243873953819275
0.13919416069984436
0.1377139687538147
0.13753613829612732
0.13862244784832
0.13664153218269348
0.13529394567012787
0.13545207679271698
0.13749000430107117
0.13648918271064758
0.137111634016037
0.13761006295681
0.13461948931217194
0.13478563725948334
0.13548649847507477
0.1404314637184143
0.13718558847904205
0.13442687690258026
0.13589338958263397
0.13171842694282532
0.13249114155769348
0.13377144932746887
0.13973112404346466
0.14044860005378723
0.13756874203681946
0.13545291125774384
0.13581612706184387
0.13344411551952362
0.1341378539800644
0.13466282188892365
0.1329948604106903
0.133185476064682
0.133209228515625
0.1331547349691391
0.13516554236412048
0.1326868087053299
0.130497545003891
0.12982507050037384
0.12960083782672882
0.13160483539104462
0.12895320355892181
0.1309845745563507
0.13024243712425232
0.1308799535036087
0.13103997707366943
0.13197281956672668
0.13085699081420898
0.13165633380413055
0.13129453361034393
0.12978973984718323
0.13676726818084717
0.1345013678073883
0.12960997223854065
0.13251079618930817
0.1298903524875641
0.12922941148281097
0.1299658566713333
0.13124293088912964
0.12927976250648499
0.12926717102527618
0.12711302936077118
0.12847913801670074
0.1278092861175537
0.129611536860466
0.13094492256641388
0.12803694605827332
0.12908047437667847
0.12936460971832275
0.12791047990322113
0.12782566249370575
0.12803731858730316
0.13106082379817963
0.13268163800239563
0.12973634898662567
0.12842348217964172
0.13466830551624298
0.12840929627418518
0.12964026629924774
0.13093262910842896
0.12665483355522156
0.12884698808193207
0.12955130636692047
0.1262475848197937
0.13017681241035461
0.13057883083820343
0.13686929643154144
0.12617719173431396
0.12570415437221527
0.1255643665790558
0.12510816752910614
0.12654727697372437
0.1255066841840744
0.12763473391532898
0.12464722990989685
0.126840278506279
0.12628819048404694
0.125265434384346
0.12435591965913773
0.12680555880069733
0.1281215399503708
0.1257188320159912
0.1233292669057846
0.1253998875617981
0.12511251866817474
0.12343265861272812
0.123616524040699
0.12266528606414795
0.12359444797039032
0.12634068727493286
0.1257968693971634
0.1234903559088707
0.12378079444169998
0.1238025650382042
0.12505358457565308
0.12504510581493378
0.12503118813037872
0.12385796010494232
0.12329006940126419
0.12471005320549011
0.12800876796245575
0.12384013086557388
0.12478671222925186
0.1275307536125183
0.13469147682189941
0.13175338506698608
0.13441528379917145
0.12969759106636047
0.1261391043663025
0.1226198598742485
0.12222021073102951
0.1237349882721901
0.12179258465766907
0.12028497457504272
0.12110738456249237
0.12029603868722916
0.12294059991836548
0.12106937915086746
0.12014210969209671
0.11983615159988403
0.11935215443372726
0.12261296063661575
0.12032714486122131
0.1204979345202446
0.12157685309648514
0.13183140754699707
0.13497568666934967
0.13784629106521606
0.127275288105011
0.13562346994876862
0.13000288605690002
0.1271171271800995
0.12471197545528412
0.12195189297199249
0.12166339159011841
0.12228240817785263
0.11953776329755783
0.11811594665050507
0.11844687163829803
0.1218072772026062
0.12224262207746506
0.11993993818759918
0.11728143692016602
0.1158081591129303
0.12510448694229126
0.11838299036026001
0.12043148279190063
0.11976124346256256
0.1198444813489914
0.11818037182092667
0.11935640126466751
0.11711123585700989
0.11998075246810913
0.12254050374031067
0.12360643595457077
0.11864130944013596
0.11643844097852707
0.116921067237854
0.12070220708847046
0.11819552630186081
0.1154831200838089
0.11585109680891037
0.11553404480218887
0.1185627356171608
0.12192665040493011
0.11806762218475342
0.11434143781661987
0.12356839329004288
0.11632505804300308
0.1176186203956604
0.11597885191440582
0.11746509373188019
0.11726980656385422
0.11599201709032059
0.1173827052116394
0.11462042480707169
0.11700855940580368
0.12147441506385803
0.117159403860569
0.12029904872179031
0.12250373512506485
0.11967891454696655
0.11681398749351501
0.11812184751033783
0.11922547221183777
0.11978112161159515
0.11556680500507355
0.1176929920911789
0.11371991038322449
0.11514978110790253
0.11618872731924057
0.11762198060750961
0.12028222531080246
0.11873506754636765
0.11546003818511963
0.114825539290905
0.12033655494451523
0.12336839735507965
0.11512438952922821
0.1141323670744896
0.11496370285749435
0.11407573521137238
0.11497524380683899
0.11146999895572662
0.11274287849664688
0.1136455237865448
0.11377055943012238
0.11386802792549133
0.11380841583013535
0.11019866913557053
0.11345487087965012
0.11444509029388428
0.11696681380271912
0.11478155106306076
0.11429688334465027
0.11624269932508469
0.11322712153196335
0.11257406324148178
0.1130162924528122
0.11191850900650024
0.11183544993400574
0.11414127051830292
0.11714836955070496
0.11545296013355255
0.11483708024024963
0.11764584481716156
0.11518879234790802
0.11445964872837067
0.11371271312236786
0.11532094329595566
0.11932820081710815
0.11239480972290039
0.11206769943237305
0.11116796731948853
0.11863870173692703
0.11855688691139221
0.12458974123001099
0.14068759977817535
0.1377587467432022
0.1318974643945694
0.11965654790401459
0.11282384395599365
0.11507434397935867
0.12200067192316055
0.1200203076004982
0.11829204857349396
0.11536908149719238
0.11470507830381393
0.11796689033508301
0.11343042552471161
0.11085116863250732
0.11114426702260971
0.10920163989067078
0.11175165325403214
0.11395946890115738
0.1115984246134758
0.10980986058712006
0.11130324006080627
0.11561037600040436
0.11182542890310287
0.10886456817388535
0.10810060054063797
0.10692445933818817
0.10723963379859924
0.107420414686203
0.1098645031452179
0.11071046441793442
0.10991913825273514
0.11040516197681427
0.11312694102525711
0.11055072396993637
0.11037642508745193
0.10829345881938934
0.1114259660243988
0.10889687389135361
0.1106070801615715
0.11098392307758331
0.11018173396587372
0.10802905261516571
0.1074228435754776
0.10621002316474915
