0.6852167248725891
0.6681305170059204
0.6557570099830627
0.6453944444656372
0.6290174722671509
0.6047576069831848
0.5861273407936096
0.5759342908859253
0.5671576261520386
0.5583733916282654
0.5500662922859192
0.5429255962371826
0.5386220216751099
0.5313030481338501
0.5262936353683472
0.5219842195510864
0.5169604420661926
0.5091303586959839
0.5043162107467651
0.49871331453323364
0.4945009648799896
0.4875471293926239
0.4807114005088806
0.47545966506004333
0.46790367364883423
0.46182405948638916
0.4549407362937927
0.4461406171321869
0.4387216567993164
0.4274016320705414
0.42075440287590027
0.4092841148376465
0.3965167701244354
0.38779595494270325
0.38127440214157104
0.3768625855445862
0.36453986167907715
0.3606347441673279
0.36179545521736145
0.3597373366355896
0.3565486967563629
0.3446595072746277
0.3405236601829529
0.3353993892669678
0.33108752965927124
0.326730877161026
0.32340577244758606
0.321473628282547
0.32114747166633606
0.3210349380970001
0.3203679621219635
0.31160861253738403
0.30986034870147705
0.30785784125328064
0.308130145072937
0.306130051612854
0.30264586210250854
0.30082711577415466
0.3028056025505066
0.30190277099609375
0.29460546374320984
0.2942671477794647
0.295198529958725
0.2911524474620819
0.28808337450027466
0.2870984375476837
0.28599345684051514
0.286141961812973
0.28232428431510925
0.28203099966049194
0.2797105312347412
0.2785698175430298
0.27764567732810974
0.2780172526836395
0.27750301361083984
0.2742409408092499
0.27455875277519226
0.27116987109184265
0.2722552716732025
0.27190765738487244
0.27255842089653015
0.26974114775657654
0.27414003014564514
0.26764369010925293
0.27169069647789
0.26705455780029297
0.2677854001522064
0.265877366065979
0.2651500403881073
0.26517394185066223
0.2641177773475647
0.26141491532325745
0.26397937536239624
0.2650052309036255
0.2600736916065216
0.2645004689693451
0.26047372817993164
0.2618701457977295
0.2598707377910614
0.2625846862792969
0.26011985540390015
0.2628057897090912
0.25957757234573364
0.25527313351631165
0.25673750042915344
0.25503072142601013
0.26100850105285645
0.2623910903930664
0.25607454776763916
0.2540847957134247
0.25389137864112854
0.2537597417831421
0.25272807478904724
0.2547408938407898
0.2517889440059662
0.2548726797103882
0.2514336109161377
0.24958254396915436
0.25017502903938293
0.24917840957641602
0.2516210079193115
0.2532811462879181
0.2573806643486023
0.25003567337989807
0.25374865531921387
0.24964265525341034
0.25711527466773987
0.25165292620658875
0.2474055141210556
0.24992282688617706
0.2485525906085968
0.2455107718706131
0.24550412595272064
0.246383935213089
0.24482090771198273
0.2483948916196823
0.24459438025951385
0.24781955778598785
0.24724963307380676
0.2459881603717804
0.2466939240694046
0.24660903215408325
0.24273143708705902
0.24279430508613586
0.24506829679012299
0.2425590604543686
0.25264430046081543
0.24467837810516357
0.24465520679950714
0.2420440912246704
0.2453823685646057
0.24077506363391876
0.24415437877178192
0.2416500300168991
0.24051782488822937
0.2402305006980896
0.24058344960212708
0.24617120623588562
0.2465408444404602
0.2425069957971573
0.2413049191236496
0.24320806562900543
0.23902219533920288
0.2439226657152176
0.238262340426445
0.24287791550159454
0.23697300255298615
0.23925942182540894
0.23663678765296936
0.23748479783535004
0.24414509534835815
0.23772032558918
0.2440565675497055
0.2412860244512558
0.2383917272090912
0.23617886006832123
0.2352648824453354
0.23692214488983154
0.2367887794971466
0.24087907373905182
0.23916980624198914
0.23393084108829498
0.23990535736083984
0.23439612984657288
0.23368169367313385
0.232990100979805
0.23439519107341766
0.23228757083415985
0.23290669918060303
0.23177550733089447
0.2356327474117279
0.23187598586082458
0.23211750388145447
0.23660066723823547
0.23986060917377472
0.23563115298748016
0.23362001776695251
0.2294207364320755
0.23298287391662598
0.23029851913452148
0.2346920371055603
0.23756714165210724
0.22623227536678314
0.2378925383090973
0.23241132497787476
0.23151813447475433
0.22918209433555603
0.2293635755777359
0.22948381304740906
0.22976794838905334
0.22687610983848572
0.22993260622024536
0.22960767149925232
0.22796185314655304
0.22762279212474823
0.23077332973480225
0.2297958880662918
0.23263609409332275
0.2269812375307083
0.22901146113872528
0.22740387916564941
0.2287793606519699
0.23391929268836975
0.23366324603557587
0.22826029360294342
0.22670839726924896
0.22783218324184418
0.22817811369895935
0.22651183605194092
0.22560551762580872
0.22452807426452637
0.22398385405540466
0.22295434772968292
0.2480379194021225
0.23910292983055115
0.22728437185287476
0.22637230157852173
0.224416121840477
0.22457732260227203
0.2295343577861786
0.22482803463935852
0.22565241158008575
0.2233550101518631
0.2228180468082428
0.2237916737794876
0.22757011651992798
0.23165948688983917
0.22750644385814667
0.22647179663181305
0.2228778898715973
0.22330601513385773
0.22134441137313843
0.2192392796278
0.2229912430047989
0.2310081273317337
0.2308603823184967
0.22471435368061066
0.22305339574813843
0.21959219872951508
0.2198425680398941
0.22410225868225098
0.22878612577915192
0.22545479238033295
0.21789182722568512
0.219279482960701
0.2177959680557251
0.2154984325170517
0.21476243436336517
0.22010865807533264
0.21972301602363586
0.21575772762298584
0.21513740718364716
0.2164268046617508
0.21479929983615875
0.21686357259750366
0.21620094776153564
0.21955366432666779
0.22174648940563202
0.21673895418643951
0.22428983449935913
0.21693506836891174
0.21529017388820648
0.2162216752767563
0.21337474882602692
0.217677041888237
0.22017478942871094
0.21426136791706085
0.2180606722831726
0.2255210429430008
0.21521136164665222
0.21578872203826904
0.21325795352458954
0.21258679032325745
0.21033702790737152
0.2170298844575882
0.21696637570858002
0.21379119157791138
0.21567638218402863
0.21831151843070984
0.21213993430137634
0.2163350135087967
0.2133314460515976
0.20909994840621948
0.21375682950019836
0.21007324755191803
0.21320883929729462
0.2101352959871292
0.21147742867469788
0.22274190187454224
0.2266055792570114
0.2134261280298233
0.21428954601287842
0.2105715125799179
0.2159479558467865
0.21228943765163422
0.21417967975139618
0.21102255582809448
0.20655345916748047
0.2108415812253952
0.20606912672519684
0.20758050680160522
0.21126119792461395
0.20697174966335297
0.20836739242076874
0.21305330097675323
0.20726278424263
0.2072225660085678
0.2092147171497345
0.21249137818813324
0.20901434123516083
0.21002519130706787
0.2162591814994812
0.20881320536136627
0.20948870480060577
0.2120433896780014
0.2154403030872345
0.21317057311534882
0.20989689230918884
0.20833835005760193
0.2099107950925827
0.21206067502498627
0.21362705528736115
0.21116754412651062
0.21413473784923553
0.205688938498497
0.2085520178079605
0.20376557111740112
0.2083519548177719
0.20674875378608704
0.20682388544082642
0.20699556171894073
0.21323388814926147
0.20958934724330902
0.20652858912944794
0.20618467032909393
0.21572226285934448
0.2129499912261963
0.2047775387763977
0.20411047339439392
0.20812653005123138
0.20762808620929718
0.21536916494369507
0.22782666981220245
0.2127436101436615
0.20459532737731934
0.20625485479831696
0.20714817941188812
0.20432251691818237
0.20419809222221375
0.20553967356681824
0.20645011961460114
0.20264364778995514
0.20429199934005737
0.2087736576795578
0.20478937029838562
0.20998671650886536
0.20459957420825958
0.21054424345493317
0.20635811984539032
0.20518480241298676
0.20754103362560272
0.20702074468135834
0.20859023928642273
0.21624022722244263
0.20671096444129944
0.20896518230438232
0.20302936434745789
0.2032020390033722
0.20027858018875122
0.20204266905784607
0.2041197270154953
0.20304806530475616
0.20687516033649445
0.19987954199314117
0.20042850077152252
0.20003361999988556
0.1997210681438446
0.20247353613376617
0.20073901116847992
0.20079556107521057
0.2214255928993225
0.21597819030284882
0.2246900200843811
0.21108125150203705
0.20476070046424866
0.20392881333827972
0.19887202978134155
0.2028658092021942
0.20396283268928528
0.20851260423660278
0.20226630568504333
0.20705971121788025
0.2098797857761383
0.2015378475189209
0.20165160298347473
0.19991114735603333
0.1977998912334442
0.198695108294487
0.20531493425369263
0.20265069603919983
0.2010127454996109
0.20056477189064026
0.2010880708694458
0.2016088366508484
0.2006414830684662
0.1998719573020935
0.20653001964092255
0.19961874186992645
0.1996123343706131
0.21330732107162476
0.2083779126405716
0.1980307251214981
0.19780413806438446
0.201668381690979
0.20171402394771576
0.20574218034744263
0.201232448220253
0.20198041200637817
0.19926729798316956
0.20383627712726593
0.20261211693286896
0.20761851966381073
0.20317977666854858
0.198618546128273
0.19638758897781372
0.2062128186225891
0.19720086455345154
0.19841234385967255
0.19972734153270721
0.1984211504459381
0.20020875334739685
0.2060805857181549
0.2025245577096939
0.19793514907360077
0.20774775743484497
0.2141956090927124
0.20839309692382812
0.1989402025938034
0.19708868861198425
0.1962183564901352
0.1968890279531479
0.1985539197921753
0.1985611468553543
0.19624339044094086
0.19866624474525452
0.1953345537185669
0.19918544590473175
0.19330012798309326
0.1947755515575409
0.19577114284038544
0.1990058273077011
0.1965193897485733
0.19642981886863708
0.19517982006072998
0.1953313797712326
0.2007455676794052
0.2036776840686798
0.2035980075597763
0.1992834061384201
0.20575030148029327
0.19934192299842834
0.19886226952075958
0.19778499007225037
0.19317851960659027
0.19404122233390808
0.19629080593585968
0.19758076965808868
0.19422775506973267
0.1989898532629013
0.19968412816524506
0.2021683156490326
0.19862215220928192
0.19800841808319092
0.19869689643383026
0.19559472799301147
0.19544851779937744
0.19680649042129517
0.1984158158302307
0.1917336881160736
0.19257420301437378
0.19414794445037842
0.19392603635787964
0.20210157334804535
0.2010866105556488
0.20903614163398743
0.20837825536727905
0.20826394855976105
0.19873397052288055
0.19684529304504395
0.19754169881343842
0.1976897269487381
0.19487817585468292
0.19314171373844147
0.1961354911327362
0.1935805380344391
0.19187355041503906
0.19362208247184753
0.19128645956516266
0.19546256959438324
0.20181113481521606
0.2060171663761139
0.20083363354206085
0.20250381529331207
0.2050572782754898
0.2065068632364273
0.2051289975643158
0.19403371214866638
0.19472499191761017
0.19090864062309265
0.19172346591949463
0.20008409023284912
0.19250023365020752
0.19218453764915466
0.19267283380031586
0.19699418544769287
0.1990601122379303
0.19808998703956604
0.19291363656520844
0.19621768593788147
0.18877047300338745
0.19546379148960114
0.1917165070772171
0.1898203045129776
0.19054129719734192
0.19862960278987885
0.2076062709093094
0.20119518041610718
0.19302839040756226
0.19802138209342957
0.20628418028354645
0.20259502530097961
0.1924573928117752
0.1917644441127777
0.19563573598861694
0.19392699003219604
0.19043493270874023
0.18833185732364655
0.18892624974250793
0.1935640424489975
0.18896174430847168
0.18906599283218384
0.1906994879245758
0.18789082765579224
0.19014103710651398
0.1869431436061859
0.19102336466312408
0.18983906507492065
0.18613329529762268
0.19578130543231964
0.1865834891796112
0.18941429257392883
0.20067636668682098
0.20297780632972717
0.1909121423959732
0.1880350410938263
0.18518245220184326
0.18787544965744019
0.18892887234687805
0.18468846380710602
0.1900586634874344
0.19165290892124176
0.19226670265197754
0.18897368013858795
0.1938193142414093
0.18578721582889557
0.18546631932258606
0.19391261041164398
0.19448412954807281
0.19850409030914307
0.19677793979644775
0.1885286122560501
0.19062107801437378
0.19017738103866577
0.18661870062351227
0.19155468046665192
0.1950596272945404
0.18982663750648499
0.18696652352809906
0.1860697865486145
0.19002193212509155
0.19562950730323792
0.18730466067790985
0.18555384874343872
0.1867944747209549
0.1866283416748047
0.18756408989429474
0.1973930150270462
0.2134827822446823
0.243586465716362
0.19947169721126556
0.19426032900810242
0.18709248304367065
0.1865277737379074
0.1897965371608734
0.18661105632781982
0.18377193808555603
0.18355818092823029
0.18325024843215942
0.18919920921325684
0.18769113719463348
0.18951310217380524
0.18939238786697388
0.18605001270771027
0.19053152203559875
0.18959923088550568
0.18907657265663147
0.18256759643554688
0.18376053869724274
0.18791471421718597
0.18604424595832825
0.20441074669361115
0.19823627173900604
0.18959714472293854
0.19112342596054077
0.1890888661146164
0.19549238681793213
0.1885746717453003
0.18736276030540466
0.1807848960161209
0.1856088489294052
0.18474990129470825
0.18467921018600464
0.1792290061712265
0.1845310628414154
0.1869722604751587
0.18226918578147888
0.18498313426971436
0.19035278260707855
0.18871527910232544
0.1890038549900055
0.18325573205947876
0.1842258870601654
0.18402335047721863
0.18394261598587036
0.18356159329414368
0.19089098274707794
0.18216024339199066
0.18001562356948853
0.17841990292072296
0.19462871551513672
0.18826964497566223
0.19317665696144104
0.19136261940002441
0.18726451694965363
0.18545377254486084
0.18906284868717194
0.1804676353931427
0.18030907213687897
0.17996089160442352
0.19158440828323364
0.18178631365299225
0.17916269600391388
0.17784981429576874
0.17985396087169647
0.187131866812706
0.2005230337381363
0.18832775950431824
0.18768759071826935
0.1945839375257492
0.18239207565784454
0.18232020735740662
0.1859392672777176
0.1791185736656189
0.17939403653144836
0.17938965559005737
0.1807529777288437
0.19047708809375763
0.19893613457679749
0.20254546403884888
0.19206608831882477
0.18353456258773804
0.1803278625011444
0.1824234426021576
0.18270498514175415
0.18034255504608154
0.19867543876171112
0.18934720754623413
0.18045297265052795
0.17942479252815247
0.17951816320419312
0.17905372381210327
0.18430964648723602
0.1777881234884262
0.1862124800682068
0.18418565392494202
0.18671095371246338
0.1896056979894638
0.18250441551208496
0.18197132647037506
0.18144825100898743
0.1818411946296692
0.18068650364875793
0.17984730005264282
0.17964914441108704
0.17929406464099884
0.17700229585170746
0.18054482340812683
0.17557358741760254
0.17723631858825684
0.18556848168373108
0.1829254925251007
0.1846042424440384
0.18145082890987396
0.17846602201461792
0.18318690359592438
0.18638192117214203
0.19306905567646027
0.1791951209306717
0.1777486801147461
0.17594388127326965
0.17542049288749695
0.1793815791606903
0.17879095673561096
0.17835238575935364
0.17438971996307373
0.17401471734046936
0.17540301382541656
0.17877580225467682
0.1795039176940918
0.179269939661026
0.17622703313827515
0.17595888674259186
0.18373648822307587
0.1909729391336441
0.21699856221675873
0.1950354129076004
0.18267589807510376
0.178913876414299
0.173249751329422
0.17378319799900055
0.1751088947057724
0.1758699119091034
0.18084752559661865
0.17487938702106476
0.17973418533802032
0.17745012044906616
0.1939292997121811
0.1971840262413025
0.1784447580575943
0.18164077401161194
0.17694979906082153
0.1792227178812027
0.1791970133781433
0.17837217450141907
0.17842283844947815
0.1781819760799408
0.17590655386447906
0.18106015026569366
0.18124741315841675
0.18103034794330597
0.17687509953975677
0.1796083301305771
0.17755448818206787
0.18093423545360565
0.1749727725982666
0.17270095646381378
0.17262738943099976
0.17366977035999298
0.17685247957706451
0.17288102209568024
0.17366814613342285
0.1730942279100418
0.1861639767885208
0.182885080575943
0.17635969817638397
0.17654795944690704
0.18192802369594574
0.1972113400697708
0.18076804280281067
0.17294031381607056
0.17530076205730438
0.17088356614112854
0.17715948820114136
0.17584596574306488
0.1895930916070938
0.1811666637659073
0.17639195919036865
0.17412139475345612
0.17259065806865692
0.1723930686712265
0.1717592477798462
0.18323403596878052
0.17665180563926697
0.1727875918149948
0.16924884915351868
0.17742298543453217
0.17390316724777222
0.17758861184120178
0.17778880894184113
0.17717231810092926
0.17752397060394287
0.1895633041858673
0.1775599718093872
0.1747138649225235
0.18007130920886993
0.17467641830444336
0.17827928066253662
0.17518772184848785
0.17132031917572021
0.1805581897497177
0.1783149242401123
0.17187856137752533
0.17386259138584137
0.16740410029888153
0.16788795590400696
0.16792558133602142
0.17230039834976196
0.16793318092823029
0.1697092056274414
0.170669287443161
0.168908953666687
0.17164868116378784
0.1711082011461258
0.17287884652614594
0.1845947802066803
0.2010090947151184
0.18244512379169464
0.1760907620191574
0.17720143496990204
0.18736141920089722
0.17753736674785614
0.18237118422985077
0.18426308035850525
0.17445242404937744
0.1727832704782486
0.17895643413066864
0.17826926708221436
0.17097696661949158
0.17458055913448334
0.17529769241809845
0.17315451800823212
0.17227336764335632
0.1719857156276703
0.16918125748634338
0.1796233057975769
0.1745980679988861
0.17271484434604645
0.1691524088382721
0.1677539199590683
0.170156329870224
0.18051579594612122
0.17441608011722565
0.1719880998134613
0.17109090089797974
0.1733136624097824
0.17286916077136993
0.17204998433589935
0.17534714937210083
0.16671165823936462
0.16833944618701935
0.17340783774852753
0.1694045513868332
0.16933085024356842
0.16707997024059296
0.1662142276763916
0.1688539683818817
0.1792391538619995
0.17185980081558228
0.18118903040885925
0.1865808069705963
0.17559973895549774
0.1767989844083786
0.1692744642496109
0.17767071723937988
0.1783662736415863
0.1705632358789444
0.17264580726623535
0.16597972810268402
0.16566337645053864
0.16813938319683075
0.18708939850330353
0.17433448135852814
0.17716290056705475
0.16625533998012543
0.16588813066482544
0.16364863514900208
0.16798779368400574
0.176507368683815
0.17888110876083374
0.18030141294002533
0.1703387200832367
0.17230454087257385
0.17236647009849548
0.16677425801753998
0.16885189712047577
0.17568287253379822
0.18190257251262665
0.18795320391654968
0.16917535662651062
0.16621927917003632
0.170460507273674
0.17069827020168304
0.1665792316198349
0.17744220793247223
0.1820957511663437
0.18380747735500336
0.17001116275787354
0.18895159661769867
0.1845112442970276
0.16958212852478027
0.16968148946762085
0.16799980401992798
0.17086316645145416
0.17096936702728271
0.16945871710777283
0.16875547170639038
0.16553352773189545
0.16710591316223145
0.17817549407482147
0.207134410738945
0.19629576802253723
0.1947336196899414
0.18260478973388672
0.19856654107570648
0.1798260509967804
0.17085926234722137
0.17239108681678772
0.166706845164299
0.16824306547641754
0.16967597603797913
0.16574545204639435
0.16723671555519104
0.1621447503566742
0.16488105058670044
0.16529521346092224
0.16253243386745453
0.16210509836673737
0.16187286376953125
0.1611466258764267
0.16618815064430237
0.16834649443626404
0.16537445783615112
0.1770399659872055
0.17156930267810822
0.17301729321479797
0.17551016807556152
0.17306941747665405
0.16655972599983215
0.16840298473834991
0.16437746584415436
0.1665918231010437
0.1690414547920227
0.16785436868667603
0.16268368065357208
0.16953687369823456
0.195603147149086
0.17669977247714996
0.17289772629737854
0.1927444338798523
0.17742407321929932
0.1737927347421646
0.17178650200366974
0.16729483008384705
0.1699528694152832
0.1699344366788864
0.1655162274837494
0.16511273384094238
0.16451340913772583
0.1667909175157547
0.193317249417305
0.19450071454048157
0.17074333131313324
0.16674669086933136
0.16912439465522766
0.16491349041461945
0.1657944917678833
0.16594195365905762
0.16934822499752045
0.17069129645824432
0.17194369435310364
0.1675150841474533
0.19165125489234924
0.1944590061903
0.1855139136314392
0.19688162207603455
0.18337981402873993
0.18280120193958282
0.18340715765953064
0.17988552153110504
0.1772247850894928
