61.881893157958984
22.518295288085938
15.221362113952637
12.2728271484375
8.575891494750977
5.512895107269287
5.939719200134277
5.233154296875
3.707750082015991
3.9354920387268066
3.2581942081451416
2.8927719593048096
2.4140563011169434
2.103504180908203
1.921697974205017
2.131533622741699
1.7871640920639038
1.7839330434799194
1.4530012607574463
1.571643590927124
1.5085821151733398
1.348888874053955
1.1549866199493408
1.3067424297332764
1.0958455801010132
1.1414216756820679
1.1285901069641113
1.024790644645691
0.9854856133460999
0.9670284390449524
0.9384683966636658
1.0601047277450562
0.8671589493751526
0.9353084564208984
0.9575000405311584
0.880530059337616
0.9101204872131348
0.8851869702339172
0.8246197700500488
0.8754245042800903
0.8606714606285095
0.9034751653671265
0.8253266215324402
0.8060995936393738
0.8150150179862976
0.7827130556106567
0.7756727933883667
0.8088813424110413
0.7826039791107178
0.7757104635238647
0.798106849193573
0.8406509160995483
0.7041060328483582
0.8227813839912415
0.8845239281654358
0.8174727559089661
0.7615488767623901
0.8327832818031311
0.7754320502281189
0.7513911128044128
0.7654446959495544
0.7588680386543274
0.7521098852157593
0.7573140859603882
0.7383313775062561
0.7374701499938965
0.7387306094169617
0.7155246734619141
0.7099204063415527
0.7232000827789307
0.741443932056427
0.7061578631401062
0.7629106640815735
0.7346611022949219
0.7050991058349609
0.7259862422943115
0.7201552987098694
0.7063040733337402
0.6980724334716797
0.7272778153419495
0.6940743327140808
0.7144392132759094
0.7188559770584106
0.7844530344009399
0.7279406189918518
0.7340719699859619
0.7257271409034729
0.7341431379318237
0.7213077545166016
0.7433608770370483
0.7344161868095398
0.709007203578949
0.7284767627716064
0.7409169673919678
0.7443602681159973
0.7053085565567017
0.7815590500831604
0.7348344326019287
0.7036527991294861
0.7050005793571472
0.7102175951004028
0.70430588722229
0.6996558904647827
0.6802404522895813
0.6916261911392212
0.7183958292007446
0.6977581977844238
0.700499415397644
0.689829409122467
0.7170844674110413
0.682445228099823
0.7190485596656799
0.7198770046234131
0.7122297286987305
0.6869096755981445
0.7010975480079651
0.6958333849906921
0.7051090598106384
0.6888555884361267
0.6884758472442627
0.688674807548523
0.6879523992538452
0.6994345784187317
0.6946937441825867
0.6916974782943726
0.6891021728515625
0.6906658411026001
0.6913721561431885
0.6864035725593567
0.7077091336250305
0.6888294219970703
0.6794173121452332
0.6962984800338745
0.6788128018379211
0.6884570717811584
0.6886110305786133
0.697756290435791
0.6781556010246277
0.6880480051040649
0.686754047870636
0.6834180951118469
0.6919616460800171
0.6979949474334717
0.6825922131538391
0.6697486639022827
0.679215669631958
0.6768463850021362
0.6845254898071289
0.7322114109992981
0.6808356642723083
0.6834949254989624
0.6879516839981079
0.714049220085144
0.7150101661682129
0.6963798403739929
0.6726738810539246
0.6757189631462097
0.6684409379959106
0.6608237028121948
0.7269637584686279
0.6788524985313416
0.6964491009712219
0.6771326065063477
0.6835508942604065
0.6907094120979309
0.6963892579078674
0.6948452591896057
0.6719491481781006
0.6775984764099121
0.6733155250549316
0.6591192483901978
0.6603007912635803
0.6525352001190186
0.6790068745613098
0.647088885307312
0.6504278779029846
0.6828485131263733
0.673973798751831
0.6779321432113647
0.6532410979270935
0.6420444846153259
0.6117129921913147
0.6513921618461609
0.6394684910774231
0.6475018262863159
0.6425663232803345
0.6324383020401001
0.6228800415992737
0.7957843542098999
0.722034752368927
0.6982519030570984
0.6813378930091858
0.6945827603340149
0.6940869092941284
0.6842770576477051
0.6829257607460022
0.6838319897651672
0.6615367531776428
0.6811687350273132
0.666640043258667
0.6602889895439148
0.6540216207504272
0.6651731729507446
0.6707140803337097
0.6733137369155884
0.667899489402771
0.6680662631988525
0.6659826636314392
0.6554873585700989
0.7382616400718689
0.675386905670166
0.6694175601005554
0.6746229529380798
0.6710310578346252
0.7875618934631348
0.7533922791481018
0.6965910792350769
0.7048367261886597
0.6773020625114441
0.6837562918663025
0.6728349924087524
0.6823585629463196
0.6816285848617554
0.678435206413269
0.6840687394142151
0.6614558100700378
0.6792516708374023
0.6662899255752563
0.6790911555290222
0.6567654609680176
0.6622027158737183
0.6674591302871704
0.6870918869972229
0.6602973341941833
0.6581060886383057
0.6445954442024231
0.6360300183296204
0.638124942779541
0.6840848326683044
0.640862226486206
0.6275356411933899
0.6748555898666382
0.6748067736625671
0.6542844772338867
0.6531234383583069
0.6472726464271545
0.6185300350189209
0.6567931175231934
0.6246436238288879
0.6735043525695801
0.6720544695854187
0.6807165741920471
0.673908531665802
0.6670763492584229
0.651255190372467
0.6526533365249634
0.6652517914772034
0.6610854268074036
0.6405226588249207
0.6637313365936279
0.6773431897163391
0.6082040667533875
0.6171579360961914
0.6127809286117554
0.5921943783760071
0.6406002640724182
0.6503418684005737
0.6101948618888855
0.639739990234375
0.6109902262687683
0.6075290441513062
0.5763180255889893
0.5963250994682312
0.6111396551132202
0.617868185043335
0.608484148979187
0.5858162641525269
0.5917108654975891
0.6204167008399963
0.6208745837211609
0.6003918647766113
0.632418692111969
0.6391443014144897
0.6297300457954407
0.610095202922821
0.6091585755348206
0.574325442314148
0.5935381650924683
0.6002224087715149
0.5905174612998962
0.5893017649650574
0.5770534873008728
0.5880832672119141
0.5908923745155334
0.5791194438934326
0.5804365277290344
0.6483674049377441
0.6279947757720947
0.6146292090415955
0.5643092393875122
0.5723957419395447
0.555172860622406
0.5919972062110901
0.6145004630088806
0.5854285955429077
0.6343340277671814
0.6642841696739197
0.6595873236656189
0.663059413433075
0.6571646928787231
0.6386755108833313
0.6330593228340149
0.6415343284606934
0.6371573805809021
0.6204392313957214
0.6193771362304688
0.6011028289794922
0.598039448261261
0.6054432988166809
0.6031042337417603
0.5819721817970276
0.5896097421646118
0.5821169018745422
0.5883715152740479
0.5752735137939453
0.5552496910095215
0.6074203252792358
0.6341955661773682
0.570984959602356
0.5955791473388672
0.5862815380096436
0.5878150463104248
0.6006739735603333
0.5954796671867371
0.544721245765686
0.5751074552536011
0.5608911514282227
0.5665040612220764
0.5921964645385742
0.5555922985076904
0.5359305739402771
0.5290993452072144
0.5956650972366333
0.5629944801330566
0.5837327241897583
0.6146714091300964
0.6013845801353455
0.5809665322303772
0.5736256241798401
0.580758810043335
0.5806810259819031
0.5532982349395752
0.575019121170044
0.564430296421051
0.5276694893836975
0.5327805876731873
0.5657126903533936
0.5676632523536682
0.5428762435913086
0.5225490927696228
0.5478452444076538
0.5506894588470459
0.5677075982093811
0.5785958766937256
0.5617165565490723
0.5581533908843994
0.5298012495040894
0.5382745265960693
0.5796998143196106
0.55929034948349
0.5294880867004395
0.5813581943511963
0.5261577367782593
0.5322225689888
0.5151774287223816
0.5274841785430908
0.655555248260498
0.6660777926445007
0.5706142783164978
0.576099157333374
0.5899882912635803
0.5950523614883423
0.5640336275100708
0.5999462604522705
0.5893045663833618
0.5703951120376587
0.5556061863899231
0.574891209602356
0.5546582341194153
0.6188679337501526
0.5667403340339661
0.576583206653595
0.539779543876648
0.5316635370254517
0.5487806797027588
0.5525428652763367
0.5589151382446289
0.5448970794677734
0.5480731129646301
0.5741535425186157
0.5444789528846741
0.5250820517539978
0.5562081933021545
0.5359033942222595
0.5515317320823669
0.5276980400085449
0.5373496413230896
0.4903852045536041
0.6120437383651733
0.6423152089118958
0.5483507513999939
0.579922080039978
0.5151039958000183
0.5489389300346375
0.5243982076644897
0.5067012310028076
0.5155858993530273
0.5209900736808777
0.5175557732582092
0.5344210863113403
0.5117188692092896
0.5025935769081116
0.51156085729599
0.4813401997089386
0.48015108704566956
0.4858260452747345
0.4860183894634247
0.4670429527759552
0.5447618961334229
0.495220422744751
0.49913591146469116
0.5182351469993591
0.47781068086624146
0.5803806781768799
0.5357709527015686
0.4769963026046753
0.49227383732795715
0.5103024244308472
0.48684707283973694
0.5140308737754822
0.487911581993103
0.49407750368118286
0.5112590193748474
0.5132858157157898
0.507408618927002
0.4731327295303345
0.4844571352005005
0.4974926710128784
0.491644024848938
0.5171443819999695
0.45809322595596313
0.4831874668598175
0.48374485969543457
0.46076253056526184
0.48471882939338684
0.4853641092777252
0.46464043855667114
0.4644779562950134
0.4583236277103424
0.4733584523200989
0.4875020980834961
0.5536422729492188
0.48291024565696716
0.47015222907066345
0.46370431780815125
0.450113981962204
0.5407984852790833
0.5233289003372192
0.5841444730758667
0.508652925491333
0.4765082597732544
0.4582592844963074
0.47207194566726685
0.4570314288139343
0.5669946670532227
0.5245389342308044
0.4956327974796295
0.5370618104934692
0.5249263048171997
0.482143759727478
0.49779659509658813
0.4774855375289917
0.45628947019577026
0.4579344093799591
0.5350282192230225
0.5141583681106567
0.4648627042770386
0.48630425333976746
0.4875951409339905
0.4716249406337738
0.4735923111438751
0.4997113049030304
0.4513820707798004
0.45626574754714966
0.44854065775871277
0.4617964029312134
0.4303918182849884
0.4504442512989044
0.45459669828414917
0.4387900233268738
0.44069820642471313
0.44639626145362854
0.4233218729496002
0.46741920709609985
0.5569618940353394
0.5178927183151245
0.5387035012245178
0.5351200699806213
0.5350729823112488
0.5360428094863892
0.5261103510856628
0.4929526746273041
0.47744253277778625
0.4877852201461792
0.4955492317676544
0.5009927749633789
0.49797025322914124
0.4694054126739502
0.49343833327293396
0.48402827978134155
0.49577027559280396
0.4694368243217468
0.426057904958725
0.4549948573112488
0.4399695098400116
0.4684189260005951
0.4648028314113617
0.4768095016479492
0.5010873079299927
0.4981943368911743
0.4837116003036499
0.4547158181667328
0.41415196657180786
0.44745439291000366
0.48289960622787476
0.4931173026561737
0.45687034726142883
0.4458340108394623
0.433972030878067
0.4453818202018738
0.4358352720737457
0.42690128087997437
0.4187079071998596
0.4002600908279419
0.4155121445655823
0.5233070850372314
0.46441739797592163
0.4421195983886719
0.43498343229293823
0.4251639246940613
0.42046990990638733
0.40741100907325745
0.4499070942401886
0.4335092306137085
0.4027087390422821
0.421830415725708
0.4302959442138672
0.39838293194770813
0.4431716203689575
0.429191529750824
0.39720118045806885
0.4374195635318756
0.3976774215698242
0.4293738603591919
0.42277684807777405
0.4420967400074005
0.41759181022644043
0.4315274953842163
0.4212450683116913
0.40733835101127625
0.4225050210952759
0.4074126183986664
0.5601567625999451
0.45002418756484985
0.44255882501602173
0.4277775287628174
0.42285817861557007
0.4256322383880615
0.4289490282535553
0.443911075592041
0.4218593239784241
0.41335219144821167
0.37434083223342896
0.4203774631023407
0.4323335886001587
0.4434201717376709
0.41139286756515503
0.42205339670181274
0.4075218439102173
0.41419553756713867
0.43783578276634216
0.41439953446388245
0.4327951967716217
0.4094115197658539
0.38503795862197876
0.42691493034362793
0.4102018475532532
0.43830937147140503
0.4749176800251007
0.40454381704330444
0.4080401360988617
0.4359667897224426
0.40087834000587463
0.3931766152381897
0.39319437742233276
0.3992326259613037
0.43919283151626587
0.40038830041885376
0.42019373178482056
0.4108636677265167
0.4236585795879364
0.388616144657135
0.385807603597641
0.4159575402736664
0.3855860233306885
0.4289046823978424
0.4207397997379303
0.4133398234844208
0.4065250754356384
0.4075256586074829
0.3996492326259613
0.41215434670448303
0.3983514904975891
0.3764624297618866
0.4207135736942291
0.3964345455169678
0.41021257638931274
0.39027470350265503
0.43544766306877136
0.475253701210022
0.4206169843673706
0.43780750036239624
0.410129189491272
0.4176584482192993
0.39225491881370544
0.43892228603363037
0.39359769225120544
0.3959166407585144
0.3920084834098816
0.38686949014663696
0.4495641887187958
0.4032735824584961
0.38899120688438416
0.37612754106521606
0.3958650529384613
0.4042842388153076
0.39939528703689575
0.38599494099617004
0.431489497423172
0.4159654676914215
0.40020665526390076
0.40884071588516235
0.6728941202163696
0.4705486297607422
0.4747156500816345
0.44415947794914246
0.4456424415111542
0.44923946261405945
0.4431533217430115
0.4546463191509247
0.44783708453178406
0.41750070452690125
0.4332042932510376
0.40065523982048035
0.43806010484695435
0.41432347893714905
0.4010820686817169
0.37043261528015137
0.40750783681869507
0.43173250555992126
0.3974132239818573
0.3812383711338043
0.40305569767951965
0.37379682064056396
0.39490288496017456
0.3735744059085846
0.38944730162620544
0.4048185348510742
0.37134137749671936
0.3742993474006653
0.4027818441390991
0.4061069190502167
0.36950889229774475
0.39064183831214905
0.4847102165222168
0.4313194751739502
0.4307119846343994
0.41596537828445435
0.4010758101940155
0.39840447902679443
0.397106409072876
0.3809886574745178
0.42193514108657837
0.41518455743789673
0.41995957493782043
0.3941211700439453
0.38007068634033203
0.38844648003578186
0.3877268135547638
0.39150136709213257
0.39540669322013855
0.42317408323287964
0.39755842089653015
0.39952439069747925
0.401786208152771
0.38387131690979004
0.38016465306282043
0.3999510705471039
0.4087717533111572
0.39516690373420715
0.3961833715438843
0.37565186619758606
0.37865784764289856
0.38148778676986694
0.4148685038089752
0.3686077892780304
0.37470489740371704
0.3773666024208069
0.38458627462387085
0.3900414705276489
0.38260021805763245
0.3724464178085327
0.3927520215511322
0.39842313528060913
0.39261147379875183
0.39299434423446655
0.3679485023021698
0.39490261673927307
0.37586212158203125
0.36590084433555603
0.3657897412776947
0.3876377046108246
0.40904733538627625
0.38409316539764404
0.3996707499027252
0.41533562541007996
0.39501214027404785
0.37712669372558594
0.37317225337028503
0.3880102038383484
0.3802512288093567
0.38098397850990295
0.39282795786857605
0.3871617615222931
0.41144803166389465
0.39913755655288696
0.3989733159542084
0.4188409149646759
0.391869455575943
0.3858080208301544
0.395252525806427
0.39669692516326904
0.3868987560272217
0.3721494972705841
0.37027767300605774
0.3871563673019409
0.38241046667099
0.35971829295158386
0.36949846148490906
0.37836137413978577
0.3974347412586212
0.3731829822063446
0.3687676787376404
0.35835376381874084
0.3718276023864746
0.3764616549015045
0.3724100589752197
0.3750576972961426
0.3658757209777832
0.37737908959388733
0.36763641238212585
0.36047494411468506
0.3839183449745178
0.36813339591026306
0.3642139732837677
0.36713647842407227
0.3977067768573761
0.3719014525413513
0.3725026547908783
0.3759799897670746
0.36493417620658875
0.3708041310310364
0.3955298066139221
0.37798550724983215
0.378942608833313
0.38058361411094666
0.37671032547950745
0.3628019392490387
0.35902583599090576
0.39917173981666565
0.36736324429512024
0.36980685591697693
0.3752894401550293
0.35255637764930725
0.35996899008750916
0.35706624388694763
0.37009066343307495
0.3791889548301697
0.3624122440814972
0.3761040270328522
0.42114487290382385
0.4078000783920288
0.3810500502586365
0.3650690019130707
0.38106149435043335
0.37300994992256165
0.36511194705963135
0.3566235899925232
0.38422903418540955
0.38694554567337036
0.36574018001556396
0.38806867599487305
0.37827053666114807
0.37207213044166565
0.3624802231788635
0.3741125166416168
0.35546475648880005
0.3815602958202362
0.3469501733779907
0.37193867564201355
0.3748351037502289
0.39116403460502625
0.37757164239883423
0.3601289689540863
0.3646595776081085
0.3643326163291931
0.37353211641311646
0.36685386300086975
0.3716525733470917
0.35608240962028503
0.36841049790382385
0.38223910331726074
0.3537876307964325
0.3698355555534363
0.37840160727500916
0.37414923310279846
0.41247060894966125
0.3796085715293884
0.3766547441482544
0.3752959072589874
0.37041470408439636
0.3846968412399292
0.36994656920433044
0.36728429794311523
0.3738456666469574
0.39735710620880127
0.385869562625885
0.39735063910484314
0.36854925751686096
0.3818759024143219
0.356783926486969
0.37058573961257935
0.3674094080924988
0.3658145070075989
0.3627568185329437
0.39474955201148987
0.3826832175254822
0.3689374327659607
0.35548338294029236
0.3719482421875
0.38617372512817383
0.38645702600479126
0.3519708216190338
0.37270843982696533
0.367186576128006
0.3715747892856598
0.3685764670372009
0.3653099238872528
0.3620527982711792
0.36745354533195496
0.3705386221408844
0.38476255536079407
0.3889425992965698
0.42151156067848206
0.40284761786460876
0.4082070589065552
0.3903413414955139
0.3923249840736389
0.3671110272407532
0.3803357481956482
0.3507592976093292
0.4306914806365967
0.3909419775009155
0.38398295640945435
0.38058581948280334
0.3814670443534851
0.3612419068813324
0.3575954735279083
0.38233643770217896
0.3657676875591278
0.3652523458003998
0.35383325815200806
0.37104102969169617
0.35640063881874084
0.370882123708725
0.35660043358802795
0.36301785707473755
0.36228910088539124
0.3610747754573822
0.3722074627876282
0.360577791929245
0.35959261655807495
0.36163172125816345
0.35911667346954346
0.34534168243408203
0.37566834688186646
0.3563569188117981
0.36980482935905457
0.3572161793708801
0.3441116511821747
0.3615110218524933
0.382279634475708
0.3608950674533844
0.3676883578300476
0.37562984228134155
0.3718734383583069
0.3592677712440491
0.37850329279899597
0.3574409782886505
0.3597111105918884
0.358552485704422
0.3659709393978119
0.37609249353408813
0.3724617063999176
0.37082961201667786
0.3600127696990967
0.36118265986442566
0.3634752035140991
0.36487439274787903
0.36307159066200256
0.368289589881897
0.34778350591659546
0.34193581342697144
0.3715789318084717
0.35041481256484985
0.35318538546562195
0.3773932158946991
0.3671232759952545
0.3897840678691864
0.37024304270744324
0.36996370553970337
0.362337589263916
0.3747510612010956
0.36149829626083374
0.34307655692100525
0.35818982124328613
0.3588085472583771
0.36603274941444397
0.3616747260093689
0.3668542504310608
0.34346824884414673
0.36922377347946167
0.358219176530838
0.36249521374702454
0.3536536395549774
0.3667037785053253
0.3632393181324005
0.35384950041770935
0.3510323762893677
0.3605286180973053
0.35003408789634705
0.36611393094062805
0.35565364360809326
0.3763825297355652
0.3580160439014435
0.3687599003314972
0.35538870096206665
0.34265387058258057
0.378536581993103
0.36255699396133423
0.35377269983291626
0.36078619956970215
0.3600779175758362
0.3578990697860718
0.3618548512458801
0.3545258045196533
0.35531550645828247
0.36054056882858276
0.3706628382205963
0.36501365900039673
0.3734467029571533
0.3351401090621948
0.3734951913356781
0.3542262017726898
0.3579966425895691
0.35978424549102783
0.3690449893474579
0.3579275608062744
0.3549390733242035
0.36767125129699707
0.3622320592403412
0.3734731376171112
0.3592928946018219
0.33110299706459045
0.34926310181617737
0.34759455919265747
0.35190728306770325
0.3622979521751404
0.3544418513774872
0.349789559841156
0.34691643714904785
0.3700084984302521
0.3640426695346832
0.3478585481643677
0.3518635034561157
0.3508758842945099
0.3397514224052429
0.35537949204444885
0.356534868478775
0.3599138557910919
0.3435736894607544
0.36815765500068665
0.36715713143348694
0.36446666717529297
0.3439903259277344
0.3528595566749573
0.35843852162361145
0.367734432220459
0.36655759811401367
0.3568960130214691
0.3438194692134857
0.36025524139404297
0.3721139132976532
0.36514735221862793
0.3524986505508423
0.374555766582489
0.3837774991989136
0.36552849411964417
0.35945433378219604
0.3592439591884613
0.37454578280448914
0.36327242851257324
0.3662884831428528
0.3673038184642792
0.36831578612327576
0.35815608501434326
0.37298887968063354
0.3651826083660126
0.37058791518211365
0.36355313658714294
0.3602713644504547
0.36299005150794983
0.3504050672054291
0.35281288623809814
0.3569621741771698
0.3588207960128784
0.35691800713539124
0.3555474281311035
0.3429756462574005
0.36885228753089905
0.3726554811000824
0.3496910333633423
0.354545533657074
0.35955891013145447
0.3582472503185272
0.3626853823661804
0.3568027913570404
0.3447829484939575
0.3683934211730957
0.3528590798377991
0.35819897055625916
0.35264089703559875
0.3440748453140259
0.3541259169578552
0.34747520089149475
0.33763399720191956
0.35387998819351196
0.350464403629303
0.3461686670780182
0.3606267273426056
0.33065930008888245
0.3518899381160736
0.3641056716442108
0.35499563813209534
0.3604676425457001
0.35153648257255554
0.3565797209739685
0.3552563488483429
0.35803720355033875
0.34702596068382263
0.35850203037261963
0.34850481152534485
0.35480013489723206
0.33951878547668457
0.35937610268592834
0.35906982421875
0.3844476342201233
0.3540768325328827
0.3759426176548004
0.36544254422187805
0.3558538556098938
0.3724464774131775
0.36452749371528625
0.3659699261188507
0.3672862946987152
0.3515748083591461
0.3609541058540344
0.3610133230686188
0.36239710450172424
0.34419238567352295
0.3656170070171356
0.3509329557418823
0.3606812059879303
0.3482404053211212
0.3505471646785736
0.3572371006011963
0.35080671310424805
0.34867361187934875
0.3565426766872406
0.3569602072238922
0.35109633207321167
0.36228495836257935
0.3392142057418823
0.3569004535675049
0.38297635316848755
0.3471718430519104
0.35509157180786133
0.3663099408149719
0.3453863859176636
0.34512439370155334
0.34576722979545593
0.34910455346107483
0.34172025322914124
0.3736148774623871
0.35535871982574463
0.3554040193557739
0.3545342683792114
0.35064950585365295
0.3603956699371338
0.34915101528167725
0.3547159433364868
0.3357512950897217
0.351837694644928
0.35992342233657837
0.3540055453777313
0.36354538798332214
0.37223905324935913
0.3277689218521118
0.34088146686553955
0.3616246283054352
0.35053372383117676
0.344958633184433
0.3497576117515564
0.34652388095855713
0.3692258894443512
0.3544212281703949
0.3344709575176239
0.3615206182003021
0.3436724841594696
0.3615080714225769
0.34301915764808655
0.34796831011772156
0.3379230201244354
0.3560907244682312
0.3641412556171417
0.36618757247924805
0.35216400027275085
0.34076496958732605
0.38235822319984436
0.3841571807861328
0.35688316822052
0.3641226589679718
0.35895368456840515
0.3625394105911255
0.34920111298561096
0.354591429233551
0.3642024099826813
0.34796378016471863
0.3424287736415863
0.34770381450653076
0.3528198301792145
0.3416481912136078
0.3362424969673157
0.35660499334335327
0.34716683626174927
0.35159313678741455
0.3501119315624237
0.34941741824150085
0.3462334871292114
0.36547955870628357
0.36825403571128845
0.3527664542198181
0.3578241765499115
0.34570741653442383
0.34565722942352295
0.34846046566963196
0.36227425932884216
0.33838146924972534
0.35287410020828247
0.3542300760746002
0.35205918550491333
0.3486374616622925
0.36015596985816956
0.3553449213504791
0.3417338728904724
0.33477500081062317
0.3683738708496094
0.36021414399147034
0.36122629046440125
0.3618970811367035
0.34905001521110535
0.34863823652267456
0.34955620765686035
0.34958502650260925
0.3680645525455475
0.3561466634273529
0.3441081643104553
0.3447014093399048
0.3372046649456024
0.33858156204223633
0.35992902517318726
0.36376047134399414
0.33864501118659973
0.36176392436027527
0.35178279876708984
0.3452672064304352
0.3572012782096863
0.3549434542655945
0.3571344316005707
0.34573498368263245
0.3455366790294647
0.3297296464443207
0.36252811551094055
0.339792400598526
0.34441372752189636
0.352418452501297
0.35320550203323364
0.36969080567359924
0.3744043707847595
0.36525803804397583
0.3501600921154022
0.36254817247390747
0.3473334014415741
0.34703895449638367
0.3471227288246155
0.34507250785827637
0.34047070145606995
0.34530624747276306
0.3418087661266327
0.35155558586120605
0.3454640209674835
0.3608661890029907
0.34157466888427734
0.34049084782600403
0.3365572392940521
0.34982410073280334
0.33875226974487305
0.35015296936035156
0.3415781259536743
0.33391591906547546
0.3629482090473175
0.3448939919471741
0.34756019711494446
0.3357961177825928
0.3438851535320282
0.3335809111595154
0.3487989902496338
0.3623882234096527
0.36068466305732727
0.345996618270874
0.3500397503376007
0.34872040152549744
0.3470163941383362
0.3382686376571655
0.3409990072250366
0.34588441252708435
0.33455702662467957
0.348104327917099
0.34148257970809937
0.34685975313186646
0.33957526087760925
0.34627363085746765
0.3373621106147766
0.34157052636146545
0.32878822088241577
0.3414844870567322
0.35694000124931335
0.3423188328742981
0.3378393054008484
0.34458985924720764
0.3357803523540497
0.34079310297966003
0.3338131308555603
0.3646259605884552
0.3459968566894531
0.3364867866039276
0.3453790247440338
0.34291598200798035
0.3565870225429535
0.34094610810279846
0.3446389138698578
0.3481808304786682
0.346014142036438
0.34426406025886536
0.3487716615200043
0.3507614731788635
0.3391616940498352
0.3340255320072174
0.3475292921066284
0.3395478427410126
0.3675169348716736
0.33818018436431885
0.3324938714504242
0.3374272882938385
0.34260380268096924
0.3377360999584198
0.3290390074253082
0.3594263792037964
0.3370128571987152
0.3287780284881592
0.3448791205883026
0.32588687539100647
0.3400513529777527
0.3405452072620392
0.3205319941043854
0.3397710621356964
0.33477282524108887
0.35360464453697205
0.34650158882141113
0.3485272228717804
0.34697094559669495
0.35650792717933655
0.3448001742362976
0.3439399302005768
0.34206894040107727
0.3311236798763275
0.33216428756713867
0.33955347537994385
0.33326610922813416
0.33028659224510193
0.34365367889404297
0.3454374372959137
0.3479333817958832
0.34581607580184937
0.3404102623462677
0.335187166929245
0.3249651789665222
0.34972482919692993
0.356676310300827
0.3455691635608673
0.3504340350627899
0.3467284142971039
0.35115382075309753
0.3429016172885895
0.3602466583251953
0.3436719477176666
0.3429408371448517
0.35440558195114136
0.3633212447166443
0.3610137104988098
0.3619343042373657
0.3400590717792511
0.3491174578666687
0.3524504601955414
0.3499893844127655
0.343214213848114
0.3528536260128021
0.34945350885391235
0.3440013527870178
0.3282322585582733
0.3382573127746582
0.3382573425769806
0.3353163003921509
0.33852410316467285
0.3432791531085968
0.34613606333732605
0.33784908056259155
0.33993232250213623
0.337613582611084
0.33482465147972107
0.3407334089279175
0.36059799790382385
0.3508095443248749
0.34474891424179077
0.36315733194351196
0.3471452593803406
0.3494836986064911
0.34394821524620056
0.34179025888442993
0.34351691603660583
0.3529578745365143
0.34890270233154297
0.33699339628219604
0.3493429720401764
0.3427993953227997
0.33733487129211426
0.3520367443561554
0.34727123379707336
0.3415343463420868
0.3365894854068756
0.34721577167510986
0.34745103120803833
0.3284529745578766
0.3328874409198761
0.3326021432876587
0.334081768989563
0.3378755450248718
0.33468374609947205
0.34269556403160095
0.329510897397995
0.3364109992980957
0.3254257142543793
0.3405155539512634
0.34648141264915466
0.3452454209327698
0.3396729528903961
0.3315599262714386
0.34456005692481995
0.32895636558532715
0.3210337460041046
0.339765340089798
0.34358546137809753
0.3400312662124634
0.3362613916397095
0.35025128722190857
0.3352605402469635
0.351512610912323
0.35318341851234436
0.3549193739891052
0.3294523358345032
0.3492153584957123
0.3466777801513672
0.3422151505947113
0.3286886513233185
0.32458099722862244
0.32914969325065613
0.34273698925971985
0.35420024394989014
0.3502734303474426
0.3415490388870239
0.3413124680519104
0.3355889916419983
0.341378778219223
0.3481786549091339
0.33796605467796326
0.3496831953525543
0.35088464617729187
0.3604092299938202
0.37216123938560486
0.3477625846862793
0.34787261486053467
0.3450234532356262
0.34730952978134155
0.33950376510620117
0.3257937431335449
0.3430447280406952
0.33513370156288147
0.3398865759372711
0.3433445394039154
0.333257257938385
0.3505580425262451
0.3335760831832886
0.3369368612766266
0.34128037095069885
0.3365775942802429
0.3390352725982666
0.3323480486869812
0.3277716338634491
0.3397734463214874
0.33363786339759827
0.3500012457370758
0.3373819589614868
0.3353091776371002
0.3297193646430969
0.33026739954948425
0.32168692350387573
0.33887001872062683
0.3236786425113678
0.3369334638118744
0.3282117247581482
0.34114551544189453
0.33998018503189087
0.34331271052360535
0.34403494000434875
0.3312673568725586
0.3549230396747589
0.34010276198387146
0.3361358940601349
0.33097389340400696
0.3387991786003113
0.3330409824848175
0.3338741958141327
0.3486793041229248
0.3272264003753662
0.3430800437927246
0.347199946641922
0.3322067856788635
0.33047735691070557
0.32716357707977295
0.3282381594181061
0.3548733592033386
0.3281761109828949
0.3370494246482849
0.3333813548088074
0.3426420986652374
0.3445078432559967
0.33568212389945984
0.340876966714859
0.35463380813598633
0.34704944491386414
0.3358513116836548
0.3422258794307709
0.3342774212360382
0.3287065327167511
0.34513765573501587
0.32940131425857544
0.33071279525756836
0.34257954359054565
0.3332652151584625
0.3458622694015503
0.3325425088405609
0.3305189311504364
0.3252943158149719
0.33448949456214905
0.3161661922931671
0.3319281041622162
0.3344394862651825
0.32802602648735046
0.33590760827064514
0.32598191499710083
0.33171477913856506
0.33439481258392334
0.33648332953453064
0.32996878027915955
0.32908502221107483
0.32399407029151917
0.3308149576187134
0.32238543033599854
0.33972275257110596
0.3301956057548523
0.3503480553627014
0.3194010853767395
0.3291640877723694
0.33717080950737
0.3375692069530487
0.3391278088092804
0.33373767137527466
0.32998543977737427
0.3318338990211487
0.3263190984725952
0.34098920226097107
0.32143494486808777
0.33384671807289124
0.3239070773124695
0.33583927154541016
0.34074437618255615
0.32033514976501465
0.32223382592201233
0.32526370882987976
0.32955995202064514
0.32300886511802673
0.3332221806049347
0.34076815843582153
0.3237570524215698
0.33822721242904663
0.3377789556980133
0.3381311893463135
0.3362107276916504
0.3385602533817291
0.32321441173553467
0.3228202760219574
0.3375288248062134
0.3282849192619324
0.34152838587760925
0.32674649357795715
0.3316270709037781
0.3347617983818054
0.34035179018974304
0.3311798572540283
0.3385124206542969
0.33498674631118774
0.32030126452445984
0.3313255310058594
0.3309025466442108
0.3304685950279236
0.3241412937641144
0.3262982964515686
0.3283829092979431
0.3369009792804718
0.33612632751464844
0.32779520750045776
0.3336813747882843
0.33601701259613037
0.3268584609031677
0.32390186190605164
0.3342454135417938
0.33219653367996216
0.33047157526016235
0.3300134837627411
0.3343954086303711
0.3338758945465088
0.31653979420661926
0.32741591334342957
0.33046141266822815
0.3325923681259155
0.3210194408893585
0.3323688805103302
0.3278709053993225
0.33991047739982605
0.32872143387794495
0.3442065715789795
0.3359653651714325
0.3333677351474762
0.3124048709869385
0.3259754478931427
0.3351711332798004
0.3352603614330292
0.34939461946487427
0.32419252395629883
0.33322176337242126
0.3269777297973633
0.32417774200439453
0.3224867880344391
0.3270643353462219
0.33255535364151
0.340069979429245
0.32705768942832947
0.3362557291984558
0.33049800992012024
0.3222310543060303
0.3330635130405426
0.3373136520385742
0.3295263946056366
0.33598920702934265
0.33107006549835205
0.33188822865486145
0.3322068154811859
0.3238634765148163
0.3333219289779663
0.3248548209667206
0.3208274841308594
0.34311047196388245
0.33322542905807495
0.33667081594467163
0.32938477396965027
0.3282241225242615
0.3286176025867462
0.322883665561676
0.3231307864189148
0.32776641845703125
0.3313806653022766
0.3337300717830658
0.33298027515411377
0.3305544853210449
0.3300367593765259
0.34593358635902405
0.3358190357685089
0.344076007604599
0.33449020981788635
0.3373688757419586
0.3381878733634949
0.32738491892814636
0.3317004144191742
0.33725500106811523
0.333625853061676
0.31638258695602417
0.3334871232509613
0.3191956579685211
0.3217203915119171
0.33504995703697205
0.331505686044693
0.33241161704063416
0.3321570158004761
0.3279728293418884
0.32608628273010254
0.3273106813430786
0.33326974511146545
0.34128472208976746
0.3423983156681061
0.3138826787471771
0.31500449776649475
0.329865962266922
0.33419355750083923
0.3374662399291992
0.33162787556648254
0.3323395252227783
0.3270118832588196
0.32987213134765625
0.3265789747238159
0.3225783407688141
0.3294806182384491
0.33843743801116943
0.3395234942436218
0.3194059729576111
0.3471105396747589
0.34784162044525146
0.3282178044319153
0.32765740156173706
0.3257676959037781
0.3322162926197052
0.34035077691078186
0.316092312335968
0.3420269191265106
0.3237815201282501
0.345447301864624
0.3281896114349365
0.32894983887672424
0.3272808790206909
0.3268856704235077
0.32065555453300476
0.32708939909935
0.32583171129226685
0.3356490433216095
0.3279590904712677
0.32373905181884766
0.32402119040489197
0.3269593119621277
0.330162912607193
0.330416738986969
0.32857629656791687
0.32561683654785156
0.32733839750289917
0.33073750138282776
0.3319505751132965
0.32769903540611267
0.32868486642837524
0.31928473711013794
0.33864378929138184
0.32001325488090515
0.33493900299072266
0.33464041352272034
0.329200804233551
0.3351856470108032
0.3271280527114868
0.329070508480072
0.33543649315834045
0.3560294806957245
0.3294292688369751
0.3259020745754242
0.3250596523284912
0.33568480610847473
0.32591089606285095
0.330813467502594
0.33320391178131104
0.3317047953605652
0.32617270946502686
0.3376322090625763
0.3295721709728241
0.33461958169937134
0.3280200958251953
0.33914393186569214
0.3323017954826355
0.3227536976337433
0.3421417474746704
0.33941221237182617
0.33121979236602783
0.3267489969730377
0.3345182538032532
0.32487207651138306
0.3421242833137512
0.3237766623497009
0.32991623878479004
0.32658225297927856
0.32693251967430115
0.3208093047142029
0.3269748091697693
0.32667043805122375
0.3300214409828186
0.3280356824398041
0.3262039124965668
0.3269694447517395
0.3204794228076935
0.3329765796661377
0.3452295958995819
0.3369060456752777
0.31005406379699707
0.3389248847961426
0.3327786922454834
0.3271465003490448
0.3288939297199249
0.3296154737472534
0.329884797334671
0.3300167918205261
0.3343448340892792
0.3298141062259674
0.3304198682308197
0.3262961506843567
0.3222251832485199
0.315123975276947
0.3227364420890808
0.3207252323627472
0.3263218104839325
0.3243151307106018
0.32655271887779236
0.32809314131736755
0.3328804075717926
0.33177176117897034
0.332243412733078
0.33358100056648254
0.32983464002609253
0.325477659702301
0.3157004117965698
0.3071017861366272
0.31656524538993835
0.3261212706565857
0.3205900490283966
0.31464824080467224
0.3325100541114807
0.31687527894973755
0.3324275612831116
0.3275153338909149
0.33974236249923706
0.33310019969940186
0.3269883990287781
0.3208771347999573
0.327515184879303
0.3192709684371948
0.32069361209869385
0.333445280790329
0.3146269917488098
0.3303086459636688
0.3251180350780487
0.3242064118385315
0.34197989106178284
0.3167545199394226
0.3244548738002777
0.32512158155441284
0.32632654905319214
0.33396846055984497
0.33137843012809753
0.3222322165966034
0.33798226714134216
0.32865089178085327
0.3301641345024109
0.3264906108379364
0.3373715281486511
0.32490673661231995
0.3286244869232178
0.32631394267082214
0.33307650685310364
0.33331868052482605
0.3366924524307251
0.32823336124420166
0.314586877822876
0.33302998542785645
0.314812034368515
0.3414025902748108
0.3120414614677429
0.3287939429283142
0.3123534917831421
0.32597616314888
0.33876243233680725
0.3373880386352539
