20.531789779663086
13.19076919555664
9.462956428527832
6.544758319854736
6.316035270690918
4.587174892425537
4.295743942260742
3.6674141883850098
3.113588571548462
3.0710184574127197
2.784022569656372
2.2954771518707275
2.039942741394043
1.87957763671875
1.6976392269134521
1.438382863998413
1.4588855504989624
1.4064929485321045
1.291129469871521
1.3359856605529785
1.2475225925445557
1.1924145221710205
1.1924952268600464
1.0109574794769287
1.0933624505996704
1.0965898036956787
1.0217007398605347
1.102272868156433
1.017614722251892
0.9552959203720093
1.0201858282089233
1.0149707794189453
0.9600315093994141
0.9919571280479431
0.9284806847572327
0.9656908512115479
0.9305824041366577
0.9280887842178345
0.882720947265625
0.7957057356834412
0.8818650245666504
0.8227627277374268
0.8129798173904419
0.7987352609634399
0.8008031845092773
0.8034875392913818
0.7592281699180603
0.7840112447738647
0.7448990941047668
0.83534836769104
0.8140923380851746
0.7829633355140686
0.7907729744911194
0.7770588994026184
0.7570095062255859
0.7559565305709839
0.7488416433334351
0.7725391387939453
0.7690982818603516
0.7416378855705261
0.7258575558662415
0.7154147028923035
0.7183088064193726
0.7408795952796936
0.7802380919456482
0.7576158046722412
0.7474303245544434
0.7493187785148621
0.7313247919082642
0.7841965556144714
0.7531759738922119
0.7050249576568604
0.724544107913971
0.7371057868003845
0.7373319864273071
0.7376592755317688
0.738757312297821
0.7342008948326111
0.7219916582107544
0.7318487763404846
0.7030518651008606
0.7244667410850525
0.7074755430221558
0.718421220779419
0.7159785032272339
0.7093272805213928
0.7312360405921936
0.6991069316864014
0.7017460465431213
0.6831297874450684
0.700708270072937
0.684407651424408
0.7133733630180359
0.7018885016441345
0.7080231308937073
0.6972225904464722
0.7189757227897644
0.7111142873764038
0.7048996090888977
0.6925354599952698
0.7084943056106567
0.6910319924354553
0.6977879405021667
0.6837233304977417
0.7032310366630554
0.6969673037528992
0.7032127380371094
0.7161575555801392
0.7153515815734863
0.7050148844718933
0.7048443555831909
0.7115414142608643
0.6950194835662842
0.6929098963737488
0.6943368911743164
0.7086535096168518
0.7048216462135315
0.7175170183181763
0.6943687796592712
0.6834046840667725
0.7016055583953857
0.7014790177345276
0.7040261030197144
0.6958737969398499
0.7081161141395569
0.7051674723625183
0.69588303565979
0.6943396925926208
0.7039458155632019
0.6875340342521667
0.6966160535812378
0.6964162588119507
0.6825788617134094
0.7024526596069336
0.6973607540130615
0.6926974058151245
0.6962786316871643
0.6836746335029602
0.6925742030143738
0.6927403211593628
0.6831095218658447
0.6961294412612915
0.6929882168769836
0.6978176832199097
0.6858542561531067
0.6950944662094116
0.6917397379875183
0.7045742273330688
0.685268759727478
0.6868705749511719
0.6912623643875122
0.6999859809875488
0.7068476676940918
0.703845739364624
0.6877298355102539
0.687384307384491
0.6778831481933594
0.6915832161903381
0.6941667795181274
0.6826602816581726
0.6956032514572144
0.6895542144775391
0.692292332649231
0.683564305305481
0.6885236501693726
0.6927215456962585
0.6878278255462646
0.6925179958343506
0.6871895790100098
0.6862905621528625
0.6937456727027893
0.6804507374763489
0.6906021237373352
0.6872979402542114
0.686086893081665
0.6885621547698975
0.6951050162315369
0.6844077110290527
0.6863123178482056
0.6941027045249939
0.685495138168335
0.6904157400131226
0.6930345892906189
0.6846718788146973
0.7033788561820984
0.6943745613098145
0.6960674524307251
0.688850998878479
0.6937987804412842
0.6895952820777893
0.6858519315719604
0.6820178627967834
0.6795914769172668
0.682186484336853
0.6792285442352295
0.69368577003479
0.6925420165061951
0.6959947347640991
0.6938836574554443
0.6820423603057861
0.6974841952323914
0.6949731111526489
0.6914774775505066
0.696246862411499
0.6906129121780396
0.6933992505073547
0.6834167242050171
0.6840159893035889
0.6800446510314941
0.6892688274383545
0.6818835139274597
0.6799378395080566
0.6856516599655151
0.6779295802116394
0.6860291957855225
0.6923868656158447
0.6913300156593323
0.6902248859405518
0.6828963160514832
0.6867427825927734
0.6865242719650269
0.6914069056510925
0.6866438388824463
0.6902351975440979
0.6843565702438354
0.6928920149803162
0.6842302680015564
0.6866246461868286
0.689934492111206
0.6836425065994263
0.6882413625717163
0.688939094543457
0.6797066330909729
0.6874697804450989
0.6853834986686707
0.6942064762115479
0.6901708841323853
0.6828266382217407
0.6887406706809998
0.6874435544013977
0.6721169352531433
0.6885337233543396
0.6869944334030151
0.6831107139587402
0.6857121586799622
0.6822447180747986
0.6896295547485352
0.6752128601074219
0.6826212406158447
0.7020626068115234
0.691146194934845
0.6897430419921875
0.6942437291145325
0.6853502988815308
0.6885680556297302
0.6970490217208862
0.6846105456352234
0.6839096546173096
0.6890909075737
0.6936002373695374
0.6851345300674438
0.6843459606170654
0.6843391060829163
0.6866323351860046
0.6870721578598022
0.6887983679771423
0.6768999695777893
0.6839291453361511
0.6875609755516052
0.6794756650924683
0.6882641315460205
0.6924945712089539
0.6811755895614624
0.6789432764053345
0.6872806549072266
0.6792672872543335
0.6795995235443115
0.6808027029037476
0.6763044595718384
0.6822472810745239
0.6798495054244995
0.6780946254730225
0.6809830069541931
0.6716833710670471
0.6764021515846252
0.6826534867286682
0.6834046840667725
0.6827360987663269
0.6808907389640808
0.6800746917724609
0.6871140003204346
0.6791699528694153
0.6749193668365479
0.6762288212776184
0.6821951270103455
0.6812947988510132
0.6838198900222778
0.6781015396118164
0.6872864961624146
0.6734746694564819
0.6801571846008301
0.683929443359375
0.6760849952697754
0.68131422996521
0.6779528260231018
0.6851765513420105
0.6746576428413391
0.6802801489830017
0.6734938621520996
0.6751914024353027
0.6850082278251648
0.6723074913024902
0.6785350441932678
0.6710132956504822
0.6914920806884766
0.6768025755882263
0.6725035905838013
0.666898250579834
0.658311128616333
0.6729956865310669
0.6661279797554016
0.6704325675964355
0.6753016710281372
0.6653891801834106
0.6602638959884644
0.6736003160476685
0.6619871258735657
0.6738083958625793
0.6645424365997314
0.6779443621635437
0.6599705219268799
0.6723276376724243
0.6683638095855713
0.6800460815429688
0.6666553616523743
0.6795647740364075
0.6777182817459106
0.670516848564148
0.6709035038948059
0.6647012233734131
0.6679683327674866
0.662885308265686
0.6609836220741272
0.6647970080375671
0.662122368812561
0.6563701033592224
0.6518012285232544
0.6523447036743164
0.6492449045181274
0.6351660490036011
0.6608495116233826
0.6407265067100525
0.6446194648742676
0.6629689335823059
0.6453518271446228
0.6482279896736145
0.6326069831848145
0.6400484442710876
0.6293604969978333
0.6362419724464417
0.6365838646888733
0.6534079909324646
0.6306576728820801
0.6169918775558472
0.6267004013061523
0.6098023653030396
0.6111929416656494
0.6193468570709229
0.5857066512107849
0.6119784116744995
0.6423535943031311
0.6315169334411621
0.654105007648468
0.6314841508865356
0.6215262413024902
0.6105765700340271
0.5801336169242859
0.6237162351608276
0.6085108518600464
0.6130948662757874
0.5931046009063721
0.5713029503822327
0.6042392253875732
0.5955944657325745
0.5904901027679443
0.5974615216255188
0.5666826367378235
0.6517367959022522
0.6075440645217896
0.6121832728385925
0.6151270866394043
0.5915361046791077
0.5534339547157288
0.5694860816001892
0.5600233674049377
0.5399481058120728
0.5431261658668518
0.563955545425415
0.5644570589065552
0.55552738904953
0.5965204238891602
0.550835132598877
0.543594479560852
0.5556880235671997
0.5641455054283142
0.5295305252075195
0.5469356775283813
0.5119795203208923
0.5100138783454895
0.5259756445884705
0.5348700284957886
0.513286292552948
0.5257335305213928
0.5016427636146545
0.6000953912734985
0.5566808581352234
0.4928916394710541
0.5310965776443481
0.5295872688293457
0.5356797575950623
0.5012123584747314
0.50569748878479
0.4992303252220154
0.49647587537765503
0.4881790578365326
0.5205397605895996
0.5015233755111694
0.4861828684806824
0.5071588754653931
0.49135735630989075
0.5133444666862488
0.5199102759361267
0.4852970838546753
0.5149889588356018
0.5269799828529358
0.491418719291687
0.48333460092544556
0.4608471393585205
0.4735925495624542
0.5361344814300537
0.5231256484985352
0.4846258759498596
0.5214375257492065
0.5224267840385437
0.46727418899536133
0.5445370078086853
0.5154224634170532
0.5057742595672607
0.5304943919181824
0.49267202615737915
0.4813809096813202
0.4901124835014343
0.47547808289527893
0.4698673486709595
0.49687129259109497
0.4602701663970947
0.48337215185165405
0.509619951248169
0.4682665765285492
0.47972652316093445
0.46223971247673035
0.46953365206718445
0.4783899784088135
0.6199209094047546
0.5995112657546997
0.5536481142044067
0.492391437292099
0.49974748492240906
0.505133867263794
0.5019087791442871
0.508582353591919
0.5055425763130188
0.48706987500190735
0.4705459177494049
0.484891802072525
0.4665370583534241
0.4651048481464386
0.44742804765701294
0.46926581859588623
0.4663189947605133
0.4393293559551239
0.4819760024547577
0.4997733533382416
0.5113970637321472
0.47504374384880066
0.4880331754684448
0.4555875062942505
0.4941070079803467
0.5204473733901978
0.5192103981971741
0.4930751621723175
0.4768611192703247
0.46004560589790344
0.4781363010406494
0.48168107867240906
0.48086705803871155
0.486324667930603
0.46420279145240784
0.45783868432044983
0.47543421387672424
0.45817431807518005
0.5348998308181763
0.5148544907569885
0.493605375289917
0.4860406816005707
0.5106638073921204
0.47508615255355835
0.4566676616668701
0.44320592284202576
0.5095896124839783
0.4849969148635864
0.49125534296035767
0.46937841176986694
0.4824933111667633
0.5026279091835022
0.47896429896354675
0.5146938562393188
0.510176956653595
0.5164790153503418
0.4966529607772827
0.4700549244880676
0.49040764570236206
0.47967448830604553
0.4497223496437073
0.44707462191581726
0.49149852991104126
0.45175284147262573
0.45948082208633423
0.455055832862854
0.4539532959461212
0.4929318428039551
0.5394654273986816
0.5290080308914185
0.5415343046188354
0.5070376992225647
0.500176191329956
0.5014410018920898
0.48211371898651123
0.4997302293777466
0.4859464764595032
0.4803905189037323
0.4663534164428711
0.48380371928215027
0.4540275037288666
0.4572335183620453
0.4737199544906616
0.4478869140148163
0.48384663462638855
0.45500192046165466
0.47984930872917175
0.46200400590896606
0.427555650472641
0.462272047996521
0.5014957785606384
0.4443114101886749
0.47148555517196655
0.4733578562736511
0.48234543204307556
0.47819605469703674
0.4954686760902405
0.4497169554233551
0.46941012144088745
0.5345920324325562
0.4849335849285126
0.5038229823112488
0.49116837978363037
0.45836493372917175
0.4908199608325958
0.4636215269565582
0.4740334749221802
0.4751362204551697
0.4921254813671112
0.4672965109348297
0.4375569820404053
0.4543117582798004
0.4194379150867462
0.453779935836792
0.47441813349723816
0.4717522859573364
0.44851386547088623
0.4757692217826843
0.4436080753803253
0.44884511828422546
0.42288437485694885
0.43117988109588623
0.4368405342102051
0.43966642022132874
0.4339791238307953
0.4618417024612427
0.4513530433177948
0.43539291620254517
0.45711976289749146
0.44101303815841675
0.4456008970737457
0.46204474568367004
0.43889352679252625
0.4493658244609833
0.4315243661403656
0.432712197303772
0.4564039409160614
0.45994406938552856
0.41901275515556335
0.42706212401390076
0.4523415267467499
0.42538729310035706
0.4165968894958496
0.5113906860351562
0.48021504282951355
0.4753018617630005
0.4565552771091461
0.48988664150238037
0.4331454038619995
0.4357609152793884
0.47281697392463684
0.4313695430755615
0.4444102346897125
0.5235601663589478
0.5046658515930176
0.4622690975666046
0.4575580358505249
0.4548284113407135
0.43227720260620117
0.4431760311126709
0.4469359219074249
0.4413220286369324
0.4566097557544708
0.4462690055370331
0.439579576253891
0.43199479579925537
0.40932923555374146
0.42890700697898865
0.4482659101486206
0.4382213056087494
0.4170305132865906
0.4466717541217804
0.4441790282726288
0.4244762063026428
0.43802183866500854
0.47783368825912476
0.48303526639938354
0.4558540880680084
0.4151182472705841
0.4557812213897705
0.4484376013278961
0.4441976249217987
0.4188578426837921
0.4255451560020447
0.4225870370864868
0.44955915212631226
0.4159175157546997
0.4063478410243988
0.4491821825504303
0.4233686923980713
0.40954551100730896
0.43017634749412537
0.5130414366722107
0.48617851734161377
0.47115209698677063
0.4935202896595001
0.46657052636146545
0.44786006212234497
0.44435927271842957
0.42111343145370483
0.45947495102882385
0.46178314089775085
0.435304194688797
0.48933690786361694
0.5123712420463562
0.49445608258247375
0.4759643077850342
0.47104376554489136
0.4448844790458679
0.506212592124939
0.4481525719165802
0.4748200476169586
0.42658132314682007
0.4293577969074249
0.44248709082603455
0.4339170753955841
0.4377650022506714
0.41580313444137573
0.42073625326156616
0.44390854239463806
0.41603177785873413
0.4417298138141632
0.438863068819046
0.40046027302742004
0.42428556084632874
0.44018465280532837
0.4174414873123169
0.4051465690135956
0.42468756437301636
0.41473451256752014
0.40902629494667053
0.423175573348999
0.7193028926849365
0.49965015053749084
0.5127881765365601
0.4703826308250427
0.4313587546348572
0.48265188932418823
0.48003968596458435
0.45137709379196167
0.45344477891921997
0.429594486951828
0.4207494556903839
0.43364080786705017
0.42283421754837036
0.4147554337978363
0.4131920337677002
0.41862753033638
0.4132791757583618
0.4395182430744171
0.4316415786743164
0.41980084776878357
0.40722522139549255
0.43767106533050537
0.4623563885688782
0.45118656754493713
0.43030351400375366
0.425142377614975
0.4543268382549286
0.4406275749206543
0.40848490595817566
0.4203964173793793
0.47032493352890015
0.4810495674610138
0.4351331293582916
0.41447728872299194
0.4149673283100128
0.4339068531990051
0.4824480712413788
0.5006386637687683
0.47197049856185913
0.4716535806655884
0.470623254776001
0.46894845366477966
0.44721686840057373
0.45418626070022583
0.4340552091598511
0.4612915813922882
0.4620474576950073
0.46802693605422974
0.4703316390514374
0.4876280128955841
0.4874792695045471
0.460355669260025
0.4654236435890198
0.41182753443717957
0.444649338722229
0.436659574508667
0.4234406650066376
0.4364354610443115
0.41394656896591187
0.41421326994895935
0.4018894135951996
0.42320960760116577
0.41944006085395813
0.42937809228897095
0.443308562040329
0.4088277518749237
0.40307608246803284
0.43561220169067383
0.4521426260471344
0.4161050021648407
0.43432241678237915
0.4190661609172821
0.4129163920879364
0.43370872735977173
0.4090753495693207
0.4079328775405884
0.4293673038482666
0.42526525259017944
0.40302103757858276
0.3938789367675781
0.4216811954975128
0.4096449017524719
0.42188969254493713
0.42980411648750305
0.40661677718162537
0.4312812089920044
0.4067422151565552
0.40071970224380493
0.4163382947444916
0.41976335644721985
0.40074247121810913
0.4249507486820221
0.4181480407714844
0.39780449867248535
0.4109005630016327
0.4113159775733948
0.4498846232891083
0.3946341872215271
0.403249055147171
0.4008111357688904
0.41124528646469116
0.42352592945098877
0.42793354392051697
0.4454096555709839
0.4168809652328491
0.4124875068664551
0.42007189989089966
0.4120977818965912
0.4018443524837494
0.40084901452064514
0.4091142416000366
0.38554835319519043
0.6623203158378601
0.47121143341064453
0.4803996682167053
0.4469393491744995
0.4733871519565582
0.40962809324264526
0.40037354826927185
0.40214240550994873
0.4015903174877167
0.41197189688682556
0.39595869183540344
0.39664149284362793
0.39288970828056335
0.4044472873210907
0.39943137764930725
0.3905128538608551
0.40507107973098755
0.39284512400627136
0.4086045026779175
0.4184156358242035
0.3838499188423157
0.4091868996620178
0.4138217866420746
0.40882408618927
0.39912548661231995
0.4102702736854553
0.39292702078819275
0.42035719752311707
0.40433672070503235
0.38344264030456543
0.40371841192245483
0.3803841769695282
0.40134793519973755
0.3857326805591583
0.38203197717666626
0.4138333797454834
0.36731773614883423
0.3999910354614258
0.40336576104164124
0.4009436070919037
0.382935106754303
0.3907957077026367
0.3853961229324341
0.3969801366329193
0.3924802541732788
0.3884739279747009
0.3934139907360077
0.4036370813846588
0.390115886926651
0.3977294862270355
0.390340656042099
0.391049861907959
0.396457314491272
0.401189923286438
0.3869986832141876
0.3953438103199005
0.38815945386886597
0.3974350690841675
0.3793666958808899
0.4191173315048218
0.4130539000034332
0.40243276953697205
0.3867235779762268
0.40585780143737793
0.39179715514183044
0.4240383803844452
0.42130860686302185
0.38790133595466614
0.39588382840156555
0.37620505690574646
0.3849993348121643
0.4036136567592621
0.4032552242279053
0.4049724042415619
0.39576178789138794
0.40475553274154663
0.44218358397483826
0.4263181984424591
0.4228568375110626
0.39448419213294983
0.4122978448867798
0.4486333131790161
0.4267946183681488
0.4157053232192993
0.3858598470687866
0.3943532109260559
0.394959956407547
0.41075047850608826
0.3880273997783661
0.3748578131198883
0.3700260818004608
0.41000550985336304
0.4113609194755554
0.3856196701526642
0.39217910170555115
0.39442020654678345
0.3961194157600403
0.3953709602355957
0.41498416662216187
0.4107610285282135
0.40446144342422485
0.3961960971355438
0.3943910598754883
0.38688114285469055
0.40562704205513
0.4199948012828827
0.40599843859672546
0.3981495499610901
0.41090407967567444
0.3893240690231323
0.3868056833744049
0.381907194852829
0.39977142214775085
0.3996434807777405
0.38774678111076355
0.3758434057235718
0.41750282049179077
0.3941851556301117
0.3873351514339447
0.3914162814617157
0.4073468744754791
0.39947062730789185
0.3789137303829193
0.39568984508514404
0.37133103609085083
0.397732138633728
0.37552300095558167
0.3825695812702179
0.4077107906341553
0.39797404408454895
0.37993550300598145
0.4017511308193207
0.410848468542099
0.37128719687461853
0.3910295367240906
0.39681851863861084
0.3647697865962982
0.3714836835861206
0.38717126846313477
0.3795160949230194
0.4238603413105011
0.39306730031967163
0.3971956968307495
0.38251301646232605
0.39041653275489807
0.40159183740615845
0.4042530059814453
0.38515082001686096
0.3949507772922516
0.4115023910999298
0.40968599915504456
0.40564820170402527
0.4084790050983429
0.3991127014160156
0.40864017605781555
0.3861893117427826
0.39379873871803284
0.38998734951019287
0.3884626626968384
0.38543233275413513
0.3719710409641266
0.391720175743103
0.38483506441116333
0.37021639943122864
0.3589933514595032
0.387127548456192
0.39252012968063354
0.37592875957489014
0.38718467950820923
0.35945045948028564
0.387664794921875
0.37878209352493286
0.37247341871261597
0.4322313964366913
0.43743896484375
0.39708012342453003
0.4106588363647461
0.37835201621055603
0.3869009017944336
0.3924541175365448
0.4077732264995575
0.38102954626083374
0.3972958028316498
0.3955703377723694
0.3831063508987427
0.3867460787296295
0.36341148614883423
0.39443734288215637
0.384822815656662
0.42074742913246155
0.41459423303604126
0.40303704142570496
0.40236636996269226
0.4113982617855072
0.39801183342933655
0.4009041488170624
0.4018181562423706
0.40173012018203735
0.407328724861145
0.3826279044151306
0.40471166372299194
0.4086504876613617
0.40438660979270935
0.39494824409484863
0.4147018492221832
0.4113076329231262
0.4267190098762512
0.40936279296875
0.38902759552001953
0.3893936574459076
0.40018340945243835
0.3687780499458313
0.37960976362228394
0.4009046256542206
0.4012953042984009
0.38597995042800903
0.38449594378471375
0.3783819079399109
0.40314406156539917
0.379833459854126
0.41241654753685
0.3760776221752167
0.39546850323677063
0.37867891788482666
0.3875599205493927
0.3781074583530426
0.3827510178089142
0.3793998956680298
0.3993721008300781
0.4060351550579071
0.4033702313899994
0.3952503204345703
0.381777822971344
0.386178195476532
0.40255191922187805
0.3828498125076294
0.42764800786972046
0.3697968125343323
0.38731899857521057
0.3653409779071808
0.37945470213890076
0.39565908908843994
0.3619529604911804
0.3682287335395813
0.38309356570243835
0.37516850233078003
0.3884325623512268
0.3637179136276245
0.3666830062866211
0.403682678937912
0.37323951721191406
0.37370020151138306
0.37870344519615173
0.37075573205947876
0.4019390344619751
0.39453303813934326
0.38144537806510925
0.4099534749984741
0.40752124786376953
0.3861469030380249
0.3977722227573395
0.3828854560852051
0.3842698633670807
0.4147001802921295
0.41351598501205444
0.38054633140563965
0.3628178536891937
0.395601749420166
0.37566158175468445
0.3617543876171112
0.39327773451805115
0.36977481842041016
0.36676061153411865
0.3675534129142761
0.38791921734809875
0.3655616044998169
0.3658573031425476
0.3700540363788605
0.37701642513275146
0.3842684030532837
0.373634934425354
0.3932875096797943
0.37929558753967285
0.3694605827331543
0.41959384083747864
0.37161263823509216
0.3866908848285675
0.3694837987422943
0.3726328909397125
0.3737064599990845
0.3951038122177124
0.3801078796386719
0.3992362320423126
0.3996123671531677
0.40071848034858704
0.4135020077228546
0.38634538650512695
0.37053757905960083
0.36770910024642944
0.37556397914886475
0.38439953327178955
0.3812462091445923
0.38073885440826416
0.3976248800754547
0.41427093744277954
0.4146372377872467
0.38414934277534485
0.38377901911735535
0.3826858699321747
0.3711400330066681
0.3579285144805908
0.38437631726264954
0.3684765100479126
0.3691537082195282
0.37361955642700195
0.3848983347415924
0.38346296548843384
0.36295121908187866
0.38730815052986145
0.3646908700466156
0.3585425913333893
0.3858127295970917
0.4178016781806946
0.4061124324798584
0.376970499753952
0.36406925320625305
0.35704779624938965
0.40110236406326294
0.3801257908344269
0.36757156252861023
0.38766685128211975
0.3778708577156067
0.40329012274742126
0.380481094121933
0.3735491931438446
0.3861321806907654
0.37017834186553955
0.35788553953170776
0.35323670506477356
0.3791135549545288
0.37401247024536133
0.3897458016872406
0.39626309275627136
0.3863559663295746
0.3873075246810913
0.44502586126327515
0.415299654006958
0.4149289131164551
0.39018359780311584
0.42093774676322937
0.41234472393989563
0.4011346101760864
0.404369592666626
0.3776363134384155
0.40038415789604187
0.4040783941745758
0.3813708424568176
0.3982577621936798
0.37306153774261475
0.38141509890556335
0.3726426959037781
0.4264894425868988
0.45796963572502136
0.45724302530288696
0.4334501028060913
0.4183856248855591
0.4228947162628174
0.40227872133255005
0.3909060060977936
0.3727611303329468
0.38478419184684753
0.3927331566810608
0.3732725977897644
0.3833773732185364
0.38642820715904236
0.3945906460285187
0.3737739324569702
0.4020332992076874
0.4022715091705322
0.38184574246406555
0.38738876581192017
0.4130729138851166
0.4085071086883545
0.4188350737094879
0.38584306836128235
0.38602107763290405
0.4120369255542755
0.38641491532325745
0.4102531671524048
0.38828375935554504
0.370932400226593
0.389646053314209
0.38065335154533386
0.3920441269874573
0.4076639711856842
0.3941567540168762
0.40265628695487976
0.3996485471725464
0.4088340699672699
0.4112687110900879
0.4041643440723419
0.4089743494987488
0.3932693898677826
0.3982618749141693
0.369767427444458
0.3875683546066284
0.395240843296051
0.39627107977867126
0.3944814205169678
0.378582239151001
0.3816875219345093
0.38457754254341125
0.37548938393592834
0.37485599517822266
0.38224539160728455
0.3776373267173767
0.3568481504917145
0.361860990524292
0.3833317756652832
0.37665116786956787
0.40853220224380493
0.39619898796081543
0.38107314705848694
0.3886830508708954
0.389363169670105
0.39762869477272034
0.39461642503738403
0.4014902412891388
0.38195720314979553
0.37892165780067444
0.38983410596847534
0.37445271015167236
0.3838362991809845
0.3823903799057007
0.35462695360183716
0.36450520157814026
0.37372660636901855
0.35981106758117676
0.3787172734737396
0.3535953462123871
0.380966454744339
0.3674956262111664
0.3651255965232849
0.3771373927593231
0.3803617060184479
0.3756044805049896
0.3498709201812744
0.368472158908844
0.3545500934123993
0.3636378049850464
0.3596698045730591
0.370624303817749
0.36046868562698364
0.383466899394989
0.3600882887840271
0.3461117744445801
0.3676174581050873
0.3705340027809143
0.38171982765197754
0.3722681403160095
0.36251047253608704
0.3807063400745392
0.3716922998428345
0.38177499175071716
0.36237385869026184
0.3457326292991638
0.35809126496315
0.37347522377967834
0.3645170032978058
0.3660719096660614
0.3849790692329407
0.36386117339134216
0.35196343064308167
0.37108170986175537
0.374245822429657
0.36983102560043335
0.34577634930610657
0.3608841598033905
0.3827560544013977
0.3465427756309509
0.3545096218585968
0.35412344336509705
0.35739412903785706
0.36511939764022827
0.37164241075515747
0.351846843957901
0.3600795567035675
0.3704940974712372
0.3568459451198578
0.36041000485420227
0.3621196746826172
0.35582634806632996
0.37967008352279663
0.3438502848148346
0.3664596974849701
0.36332178115844727
0.3932446539402008
0.3726397752761841
0.3436303436756134
0.36520278453826904
0.3673342764377594
0.37657156586647034
0.364880234003067
0.3504540026187897
0.3920706808567047
0.36871999502182007
0.37570926547050476
0.38920164108276367
0.38203784823417664
0.37273773550987244
0.38589587807655334
0.3693147599697113
0.3632969260215759
0.36378929018974304
0.3675369918346405
0.35155189037323
0.36132562160491943
0.3733403980731964
0.3725297451019287
0.3690340220928192
0.3706248998641968
0.3435403108596802
0.3613664209842682
0.37925630807876587
0.36900874972343445
0.3752186894416809
0.358621746301651
0.36198121309280396
0.357117235660553
0.34453102946281433
0.368787556886673
0.37742307782173157
0.3818588852882385
0.38189831376075745
0.3644940257072449
0.3837827742099762
0.3773094117641449
0.38446637988090515
0.3668613135814667
0.35436302423477173
0.3772650957107544
0.3760804533958435
0.36931246519088745
0.3582236170768738
0.3731103241443634
0.37861016392707825
0.36716243624687195
0.3630979061126709
0.37333357334136963
0.36999163031578064
0.3610398471355438
0.37198692560195923
0.36992377042770386
0.364825963973999
0.37014150619506836
0.3811999559402466
0.3577156662940979
0.34901148080825806
0.38092854619026184
0.36394059658050537
0.3821403384208679
0.3567831516265869
0.38804957270622253
0.37518566846847534
0.36237141489982605
0.37112051248550415
0.3694791793823242
0.34809279441833496
0.35821548104286194
0.3762829899787903
0.3718756139278412
0.3609168827533722
0.36016979813575745
0.34904319047927856
0.3541385531425476
0.36824434995651245
0.358362078666687
0.35254111886024475
0.36980926990509033
0.36181020736694336
0.3578217029571533
0.35367944836616516
0.3552299439907074
0.3547522723674774
0.3705468773841858
0.3550628423690796
0.3506515622138977
0.36716246604919434
0.3603813946247101
0.3616347908973694
0.3538704216480255
0.3663206994533539
0.3682289123535156
0.36596834659576416
0.3544704020023346
0.3624747395515442
0.37411966919898987
0.36089441180229187
0.37062737345695496
0.3636590838432312
0.3745507001876831
0.3614404797554016
0.3465377688407898
0.37652528285980225
0.3568783104419708
0.3655650019645691
0.361155241727829
0.3429817259311676
0.36401045322418213
0.3629726469516754
0.37386614084243774
0.36583107709884644
0.3390696942806244
0.3667938709259033
0.3643203675746918
0.38139820098876953
0.3574349880218506
0.34703919291496277
0.3640291094779968
0.340210497379303
0.3716696500778198
0.3695572018623352
0.3622173070907593
0.3522840738296509
0.3557925522327423
0.36097437143325806
0.3647245466709137
0.3505282402038574
0.36688634753227234
0.3727281093597412
0.3577113747596741
0.36207330226898193
0.3558301627635956
0.35692086815834045
0.35658904910087585
0.3579367399215698
0.3719261586666107
0.34245893359184265
0.3597622811794281
0.37078675627708435
0.3658723831176758
0.3573898375034332
0.36352941393852234
0.3381683826446533
0.3653804361820221
0.35332128405570984
0.35967010259628296
0.34663549065589905
0.35488957166671753
0.3633284568786621
0.36800500750541687
0.36300891637802124
0.3612886071205139
0.38056203722953796
0.3635919690132141
0.36434438824653625
0.3633262515068054
0.36384060978889465
0.35735732316970825
0.3805813193321228
0.3519674837589264
0.3692593276500702
0.35811522603034973
0.36157703399658203
0.3594142198562622
0.3432878255844116
0.3739359378814697
0.3717002868652344
0.3642944395542145
0.34827181696891785
0.37186935544013977
0.3642098307609558
0.35133472084999084
0.3765971064567566
0.3488611578941345
0.36347392201423645
0.36148691177368164
0.3517850339412689
0.3680470883846283
0.3468223512172699
0.37124931812286377
0.35150107741355896
0.34675493836402893
0.3518180549144745
0.3547545373439789
0.351520836353302
0.3540579676628113
0.36863479018211365
0.36452844738960266
0.37276414036750793
0.3571241497993469
0.37155959010124207
0.3557434380054474
0.3514580726623535
0.3646896779537201
0.3558805286884308
0.37414756417274475
0.3432769179344177
0.37292036414146423
0.3594731092453003
0.34931057691574097
0.35176339745521545
0.354758083820343
0.3645060956478119
0.3591096103191376
0.36083367466926575
0.351541668176651
0.35805022716522217
0.34911829233169556
0.3587442636489868
0.34751102328300476
0.33549532294273376
0.3616611361503601
0.33854159712791443
0.3387107253074646
0.36691969633102417
0.35257667303085327
0.3488110899925232
0.34446993470191956
0.3585174083709717
0.35541003942489624
0.3623181879520416
0.32832327485084534
0.33182406425476074
0.36321938037872314
0.3592076301574707
0.358920156955719
0.36026838421821594
0.36409249901771545
0.3575151264667511
0.3698759973049164
0.36623692512512207
0.35242876410484314
0.34679293632507324
0.3474220335483551
0.3469449281692505
0.3590646982192993
0.3485771119594574
0.3616374135017395
0.3601109981536865
0.3637961447238922
0.3645032048225403
0.3725719153881073
0.3629820644855499
0.3696041405200958
0.3531121611595154
0.36157166957855225
0.3584652543067932
0.35261988639831543
0.3564301133155823
0.34778010845184326
0.3731994330883026
0.3411020338535309
0.35270652174949646
0.3498607277870178
0.35095101594924927
0.3536124527454376
0.3590337038040161
0.3678419888019562
0.35960012674331665
0.3614324927330017
0.36064964532852173
0.35410672426223755
0.364181250333786
0.34164270758628845
0.35261398553848267
0.34552186727523804
0.35651615262031555
0.356023907661438
0.35722047090530396
0.36858606338500977
0.34509986639022827
0.3548862040042877
0.366134911775589
0.34628820419311523
0.3417615592479706
0.34931105375289917
0.3586063086986542
0.36408761143684387
0.3512668311595917
0.3619893491268158
0.35228198766708374
0.36108413338661194
0.37385356426239014
0.35874077677726746
0.3577103614807129
0.35153380036354065
0.34685418009757996
0.3458915650844574
0.34601709246635437
0.3656921088695526
0.34237027168273926
0.36827582120895386
0.3496790826320648
0.3450268805027008
0.35593825578689575
0.36132198572158813
0.3557974696159363
0.3692833483219147
0.34776416420936584
0.35576552152633667
0.3534255027770996
0.37231922149658203
0.3491797149181366
0.37123823165893555
0.35647228360176086
0.3569090664386749
0.3536728620529175
0.35858920216560364
0.34194764494895935
0.3633337914943695
0.36276429891586304
0.3508501648902893
0.367655873298645
0.37362927198410034
0.35175153613090515
0.37192851305007935
0.34289517998695374
0.36101654171943665
0.359087735414505
0.34615710377693176
0.34288591146469116
0.35474443435668945
0.33748385310173035
0.36186984181404114
0.3640998601913452
0.35204198956489563
0.35556095838546753
0.3470384478569031
0.3582858145236969
0.36907142400741577
0.3547910153865814
0.3634053170681
0.3543369472026825
0.352978378534317
0.35193178057670593
0.36069047451019287
