152.75860595703125
73.09513854980469
54.050743103027344
48.18714141845703
45.9022216796875
40.67765426635742
35.57330322265625
29.784839630126953
24.41942024230957
24.71281623840332
19.60988998413086
18.126367568969727
17.190183639526367
14.158407211303711
11.986927032470703
10.249897003173828
11.028573036193848
8.509345054626465
8.160321235656738
7.343677043914795
8.033926010131836
6.560556888580322
6.407652378082275
5.9839043617248535
6.030213356018066
5.761977195739746
5.320245742797852
5.6635942459106445
6.507301330566406
4.882654190063477
4.12308931350708
4.1836700439453125
4.70230770111084
4.377274513244629
4.517838001251221
3.8854551315307617
3.531765937805176
3.636777639389038
3.7163777351379395
3.742234945297241
3.8211495876312256
2.985379934310913
2.8357067108154297
3.0765273571014404
2.9851348400115967
2.667055130004883
2.9430766105651855
2.495929002761841
2.3844552040100098
2.6194746494293213
2.4247171878814697
2.1988322734832764
2.4950335025787354
2.1015701293945312
2.390791416168213
1.8288952112197876
2.221865653991699
2.3362979888916016
1.8040579557418823
1.822177767753601
1.6510556936264038
1.6660497188568115
1.856782078742981
1.7462480068206787
1.4610809087753296
1.5258898735046387
1.4237544536590576
1.3819712400436401
1.3771398067474365
1.3953605890274048
1.37642240524292
1.3405970335006714
1.1181893348693848
1.290268063545227
1.2216546535491943
1.156233310699463
1.1835099458694458
1.1187293529510498
1.125939130783081
1.1052507162094116
1.072676181793213
1.1071107387542725
0.9782954454421997
0.958145022392273
1.092237949371338
0.931196928024292
0.8578106164932251
0.9543297290802002
0.9178372621536255
0.8436504602432251
0.8346198201179504
0.8891578912734985
0.8960400223731995
0.8592628836631775
0.7399877905845642
0.8416856527328491
0.7367236614227295
0.7484694719314575
0.705760657787323
0.7874151468276978
0.7773723602294922
0.7106108665466309
0.7510966062545776
0.7502322793006897
0.7469314932823181
0.7335545420646667
0.8444189429283142
0.7494484186172485
0.7793079018592834
0.7336217761039734
0.7295894622802734
0.6832594871520996
0.7070629596710205
0.7317884564399719
0.7010354399681091
0.6448428630828857
0.7668991088867188
0.6630756258964539
0.6733461022377014
0.6444144248962402
0.6509448289871216
0.6770328879356384
0.6547864079475403
0.6660502552986145
0.6677390933036804
0.6554874181747437
0.6710050106048584
0.6563374400138855
0.6484631299972534
0.6668830513954163
0.6462655663490295
0.6209569573402405
0.6089991331100464
0.6676639318466187
0.632942259311676
0.6237204670906067
0.6515181660652161
0.631253719329834
0.6264665126800537
0.6004049777984619
0.6023983955383301
0.5861422419548035
0.576518177986145
0.7343767881393433
0.7145182490348816
0.7031685709953308
0.6868696808815002
0.6356775164604187
0.6649677753448486
0.6828794479370117
0.6608138680458069
0.6505832076072693
0.6677826046943665
0.6956996917724609
0.6310846209526062
0.6036324501037598
0.6711367964744568
0.6421729922294617
0.6236457824707031
0.6129224896430969
0.7311773896217346
0.6462994813919067
0.633678138256073
0.6330917477607727
0.6019513010978699
0.6299977898597717
0.5984708070755005
0.6110240817070007
0.6131263375282288
0.6426013112068176
0.678489625453949
0.6666272878646851
0.645944356918335
0.6598129272460938
0.6620057821273804
0.6369221806526184
0.6136314272880554
0.5893663167953491
0.6079332828521729
0.5865962505340576
0.5508278608322144
0.547679603099823
0.5399074554443359
0.5372426509857178
0.4890402555465698
0.5449600219726562
0.5181465744972229
0.4873879551887512
0.5250401496887207
0.49309253692626953
0.504148006439209
0.5157511830329895
0.531134843826294
0.5532509088516235
0.5258090496063232
0.5205774307250977
0.537281334400177
0.5448731780052185
0.4949289858341217
0.5082324147224426
0.574440062046051
0.5732195377349854
0.571835994720459
0.5149065256118774
0.5081030130386353
0.562178909778595
0.5434538125991821
0.5268675684928894
0.5334526300430298
0.5171515345573425
0.4988901913166046
0.4999469518661499
0.5181188583374023
0.4864620864391327
0.5242473483085632
0.47674426436424255
0.4755692481994629
0.5255405306816101
0.4991818368434906
0.4587431252002716
0.44824275374412537
0.45509257912635803
0.5790119767189026
0.5179670453071594
0.5836334228515625
0.511263906955719
0.5046815872192383
0.4828353822231293
0.5465654730796814
0.5426681637763977
0.4960121214389801
0.5028912425041199
0.4556870460510254
0.4450583755970001
0.4868506193161011
0.49978551268577576
0.4654198884963989
0.4519060552120209
0.6437116265296936
0.7019326686859131
0.6084421873092651
0.5865089893341064
0.548282265663147
0.5760776400566101
0.57410728931427
0.5848655104637146
0.6152601838111877
0.5758333802223206
0.5653517842292786
0.5797063112258911
0.5740563273429871
0.5536928176879883
0.5603157877922058
0.5480293035507202
0.5320680141448975
0.5546413660049438
0.532253623008728
0.49488240480422974
0.4682726562023163
0.49941107630729675
0.5264243483543396
0.5024429559707642
0.4960023760795593
0.665707528591156
0.5382362008094788
0.5240839123725891
0.5275576114654541
0.49189311265945435
0.498337984085083
0.4937293529510498
0.5082614421844482
0.4966736435890198
0.5190544128417969
0.4855140745639801
0.5562027096748352
0.522161602973938
0.5141193866729736
0.4682210683822632
0.48271724581718445
0.47696545720100403
0.4284396171569824
0.48511868715286255
0.45520633459091187
0.44774317741394043
0.5819495320320129
0.4897236227989197
0.4834445118904114
0.45879417657852173
0.4663282334804535
0.45191603899002075
0.4915410578250885
0.47689124941825867
0.5184054374694824
0.5010820627212524
0.48105138540267944
0.4560064375400543
0.4702797830104828
0.47125443816185
0.44916218519210815
0.49641090631484985
0.4302804470062256
0.4347490072250366
0.44229671359062195
0.4177883565425873
0.4606401324272156
0.4288579225540161
0.44610166549682617
0.4457957446575165
0.464589387178421
0.443973571062088
0.4293125867843628
0.460139662027359
0.4693148136138916
0.44716352224349976
0.4334578812122345
0.44377845525741577
0.4289809763431549
0.4546229839324951
0.43227463960647583
0.43625661730766296
0.45593932271003723
0.4431704580783844
0.4423671364784241
0.45057380199432373
0.43500036001205444
0.4444681704044342
0.4164217710494995
0.42288079857826233
0.41948458552360535
0.4284976124763489
0.4112907350063324
0.4698559641838074
0.4604641795158386
0.4964272677898407
0.4261692464351654
0.44350820779800415
0.4384084939956665
0.40311989188194275
0.4077454209327698
0.40270093083381653
0.403014600276947
0.41760140657424927
0.45088353753089905
0.4048982858657837
0.4285362958908081
0.4146457016468048
0.47461527585983276
0.4377000629901886
0.41772469878196716
0.42747363448143005
0.43534979224205017
0.4296632707118988
0.4282320737838745
0.4946622848510742
0.48178404569625854
0.4212977886199951
0.40586915612220764
0.4176839292049408
0.4206569492816925
0.4390745460987091
0.4450856149196625
0.41868701577186584
0.4509071409702301
0.4873160123825073
0.4582557678222656
0.4331154525279999
0.43355295062065125
0.4456180930137634
0.4223305284976959
0.4073924720287323
0.4194358289241791
0.5113315582275391
0.45685702562332153
0.4503917396068573
0.4516255557537079
0.4513647258281708
0.4552435576915741
0.46700426936149597
0.4684958755970001
0.429187148809433
0.4822647273540497
0.4359273612499237
0.443087100982666
0.4314967393875122
0.42408663034439087
0.4172546863555908
0.44875413179397583
0.4767534136772156
0.4101227819919586
0.40803417563438416
0.3974895179271698
0.3976820409297943
0.40479665994644165
0.3954743444919586
0.3829347789287567
0.469062864780426
0.5373574495315552
0.49517908692359924
0.46971291303634644
0.5275435447692871
0.505673885345459
0.5248218774795532
0.5190673470497131
0.557556688785553
0.4879733622074127
0.5167664885520935
0.4799058735370636
0.4724824130535126
0.4590573310852051
0.4752638041973114
0.44581499695777893
0.42535191774368286
0.4566592872142792
0.4806833267211914
0.4548656940460205
0.49634692072868347
0.47751230001449585
0.4344930648803711
0.44719573855400085
0.47272205352783203
0.44069403409957886
0.40581372380256653
0.4543417692184448
0.4786023199558258
0.46171703934669495
0.44062718749046326
0.4757348597049713
0.4429589807987213
0.48217061161994934
0.4618806838989258
0.666706383228302
0.4747384786605835
0.48559123277664185
0.43361377716064453
0.42271265387535095
0.4319065809249878
0.41783949732780457
0.45277005434036255
0.41934090852737427
0.40866774320602417
0.3975867033004761
0.41446200013160706
0.4414808452129364
0.4276614189147949
0.43251898884773254
0.413784384727478
0.4152614176273346
0.4110914170742035
0.40242817997932434
0.42347899079322815
0.4272579252719879
0.415366530418396
0.41391125321388245
0.4193679988384247
0.41551661491394043
0.40411680936813354
0.4044574499130249
0.4098465144634247
0.6304494738578796
0.5121514797210693
0.49980002641677856
0.45102113485336304
0.4971844553947449
0.4972519874572754
0.4494512379169464
0.44081467390060425
0.44757089018821716
0.4400927722454071
0.44834965467453003
0.44001370668411255
0.42767980694770813
0.4230812191963196
0.45118147134780884
0.4289947748184204
0.4212661683559418
0.40116065740585327
0.5132603645324707
0.5093021392822266
0.4472677707672119
0.41861671209335327
0.4392646551132202
0.4782131612300873
0.471441388130188
0.44473835825920105
0.42159849405288696
0.42184048891067505
0.402040958404541
0.41014641523361206
0.4090923070907593
0.4012884795665741
0.48113176226615906
0.40523046255111694
0.423329621553421
0.39126962423324585
0.43484655022621155
0.41712823510169983
0.3744312524795532
0.3824411630630493
0.42235976457595825
0.39985159039497375
0.40132835507392883
0.40034618973731995
0.45073822140693665
0.41763919591903687
0.43807506561279297
0.43934473395347595
0.40428704023361206
0.4052959680557251
0.40564486384391785
0.3924367129802704
0.40219730138778687
0.40700221061706543
0.43599119782447815
0.401401549577713
0.4221777617931366
0.4386838674545288
0.4193055331707001
0.3909637928009033
0.3758764863014221
0.42748647928237915
0.4028578996658325
0.4064371585845947
0.4213831424713135
0.4099392592906952
0.3768378496170044
0.3729407787322998
0.3821873366832733
0.383782297372818
0.41630643606185913
0.5219175815582275
0.47186097502708435
0.45913776755332947
0.4150049388408661
0.4424649178981781
0.42804384231567383
0.4350716173648834
0.4231611490249634
0.4346505403518677
0.4114001393318176
0.42448824644088745
0.39763736724853516
0.4142087996006012
0.39155760407447815
0.42519912123680115
0.40852659940719604
0.4140826165676117
0.41858142614364624
0.4564695358276367
0.3986991345882416
0.40678486227989197
0.42055460810661316
0.3793926239013672
0.4024745225906372
0.40764638781547546
0.4336422383785248
0.4305696189403534
0.4195880889892578
0.4492296278476715
0.4106212258338928
0.39093950390815735
0.41192546486854553
0.4158269464969635
0.3599965572357178
0.3875449001789093
0.46334654092788696
0.5200238823890686
0.48219892382621765
0.48521262407302856
0.47214406728744507
0.46311983466148376
0.4509347677230835
0.45061832666397095
0.4306464195251465
0.4199056327342987
0.45939022302627563
0.5016961693763733
0.4495532512664795
0.44059938192367554
0.4196682274341583
0.4891791343688965
0.5070146918296814
0.4890327453613281
0.4606427252292633
0.4455433785915375
0.4536605775356293
0.5102378129959106
0.525802493095398
0.41230982542037964
0.4068865478038788
0.39549028873443604
0.6315771341323853
0.6202223896980286
0.44979387521743774
0.44342976808547974
0.44455963373184204
0.3945922255516052
0.3966802954673767
0.41612520813941956
0.41140666604042053
0.5124337077140808
0.48019304871559143
0.39983898401260376
0.3821207284927368
0.4121955931186676
0.37729522585868835
0.39775076508522034
0.38797494769096375
0.39958637952804565
0.39074623584747314
0.40583425760269165
0.41969776153564453
0.4232596158981323
0.4310080409049988
0.3942418694496155
0.3875437378883362
0.38553914427757263
0.3874659836292267
0.36824852228164673
0.38392868638038635
0.3709055781364441
0.3740653991699219
0.3793812096118927
0.39540186524391174
0.3849853277206421
0.38870903849601746
0.37525299191474915
0.3965417146682739
0.4191957414150238
0.3983622193336487
0.38278308510780334
0.3831852674484253
0.378632515668869
0.3712195158004761
0.4460195302963257
0.4022221565246582
0.3959658741950989
0.40339499711990356
0.3785034120082855
0.36974427103996277
0.3880700469017029
0.3799913227558136
0.3802422881126404
0.42416685819625854
0.4037209749221802
0.3771902918815613
0.38683560490608215
0.38267213106155396
0.3789735734462738
0.3906863331794739
0.38040977716445923
0.3625396490097046
0.4101276695728302
0.3717508018016815
0.4114118814468384
0.41858869791030884
0.3930639326572418
0.39627185463905334
0.375670850276947
0.3707752823829651
0.38136354088783264
0.38565704226493835
0.4269492030143738
0.4258330762386322
0.4184671640396118
0.39867013692855835
0.4236437976360321
0.4276992976665497
0.4003564119338989
0.3956129550933838
0.39600902795791626
0.3839419484138489
0.40983062982559204
0.3935502767562866
0.3750151991844177
0.383502334356308
0.37773630023002625
0.366303026676178
0.36825209856033325
0.37782377004623413
0.3832949101924896
0.3762277364730835
0.4743603765964508
0.43728548288345337
0.40060633420944214
0.43169286847114563
0.4096994400024414
0.386881947517395
0.43923789262771606
0.4221714437007904
0.4478191137313843
0.39210212230682373
0.39574962854385376
0.39000633358955383
0.3763452172279358
0.41377440094947815
0.40624943375587463
0.4198428690433502
0.4435800313949585
0.4115563631057739
0.4130297005176544
0.43051469326019287
0.3906113803386688
0.4809960126876831
0.5279467105865479
0.4353716969490051
0.418813019990921
0.44001084566116333
0.4037264883518219
0.3724612295627594
0.3822823762893677
0.3886859118938446
0.5912716388702393
0.4897880554199219
0.45014530420303345
0.40571704506874084
0.38851940631866455
0.40022167563438416
0.3605051338672638
0.3712388575077057
0.4357408583164215
0.43349435925483704
0.4455258846282959
0.45462843775749207
0.421323299407959
0.4215194880962372
0.4046204090118408
0.4199325740337372
0.4383707046508789
0.4079760015010834
0.42230576276779175
0.4618053138256073
0.38649556040763855
0.46713754534721375
0.4396725594997406
0.3978082835674286
0.39119580388069153
0.3838707208633423
0.4322513937950134
0.4587380886077881
0.43005770444869995
0.41654202342033386
0.4095829725265503
0.3796502351760864
0.40092724561691284
0.3877156674861908
0.3939029574394226
0.3789155185222626
0.3828994035720825
0.3865639865398407
0.4021570384502411
0.3847322165966034
0.3637392222881317
0.3831862807273865
0.3581783175468445
0.41122689843177795
0.4011083245277405
0.39274781942367554
0.4088270366191864
0.3733941316604614
0.38059383630752563
0.38452616333961487
0.3694327473640442
0.3858266770839691
0.45931151509284973
0.3795207440853119
0.37616392970085144
0.3998900353908539
0.3881526291370392
0.3833335041999817
0.3766011893749237
0.35115504264831543
0.3591229319572449
0.3621699810028076
0.3594615161418915
0.36094024777412415
0.3534056544303894
0.3900664746761322
0.3710162341594696
0.36737295985221863
0.35557886958122253
0.3593955636024475
0.35806435346603394
0.35083329677581787
0.3565331697463989
0.35505324602127075
0.35741403698921204
0.3474428057670593
0.3562014400959015
0.35670456290245056
0.47137293219566345
0.4185430109500885
0.4005984365940094
0.3845521807670593
0.38714924454689026
0.3734166920185089
0.3716968894004822
0.37445953488349915
0.39040234684944153
0.4086642265319824
0.38642022013664246
0.3806326389312744
0.4059301018714905
0.47851985692977905
0.4624406099319458
0.4495611786842346
0.4069502353668213
0.3868028521537781
0.41330450773239136
0.386119544506073
0.40435296297073364
0.3873824179172516
0.36149778962135315
0.37889397144317627
0.4298486113548279
0.3947976231575012
0.3842267096042633
0.4059983491897583
0.4134756922721863
0.3982842266559601
0.3901824355125427
0.3974170982837677
0.3717878460884094
0.38453495502471924
0.380609393119812
0.38166531920433044
0.3795698583126068
0.3566017746925354
0.36357903480529785
0.37549978494644165
0.3777267038822174
0.3819468319416046
0.37845635414123535
0.38482382893562317
0.37132567167282104
0.4076457619667053
0.3665122985839844
0.37097403407096863
0.36679741740226746
0.37544766068458557
0.4013237953186035
0.38186386227607727
0.3726402819156647
0.38055217266082764
0.40870237350463867
0.3926199674606323
0.3598829209804535
0.37716227769851685
0.37304943799972534
0.36410200595855713
0.3670516014099121
0.3694108724594116
0.35156896710395813
0.3639531135559082
0.366765558719635
0.36444681882858276
0.3702244758605957
0.36361217498779297
0.34933531284332275
0.3665515184402466
0.3596329689025879
0.3797438144683838
0.3831426203250885
0.39640071988105774
0.3855155110359192
0.3799927830696106
0.4074922800064087
0.36467283964157104
0.37738674879074097
0.3572184443473816
0.35897764563560486
0.3713805675506592
0.3550429940223694
0.3589608371257782
0.339101105928421
0.3742997348308563
0.36201953887939453
0.3559596836566925
0.3493386507034302
0.34258270263671875
0.3495275378227234
0.36097267270088196
0.34933939576148987
0.3645865023136139
0.3583514094352722
0.34384024143218994
0.35460346937179565
0.37097790837287903
0.35677462816238403
0.3406503200531006
0.3583005666732788
0.35625505447387695
0.35073980689048767
0.34226319193840027
0.3520132601261139
0.3609476387500763
0.3528181314468384
0.34654226899147034
0.34334903955459595
0.33534330129623413
0.3575383722782135
0.3392166793346405
0.3472380042076111
0.35908013582229614
0.35435375571250916
0.33907416462898254
0.3653755486011505
0.3394419550895691
0.3542247712612152
0.3413756787776947
0.33907848596572876
0.3533150553703308
0.35562488436698914
0.3449646234512329
0.3444708287715912
0.32594308257102966
0.35478675365448
0.3575247824192047
0.3449181914329529
0.33495548367500305
0.3555435538291931
0.34148091077804565
0.3591710925102234
0.3677780330181122
0.35428741574287415
0.36472609639167786
0.3525437116622925
0.36445069313049316
0.34737569093704224
0.3799511790275574
0.3498067557811737
0.34637534618377686
0.36401596665382385
0.35915112495422363
0.3603017032146454
0.36121895909309387
0.36800307035446167
0.34543490409851074
0.36279964447021484
0.3603348135948181
0.3533695638179779
0.3415946960449219
0.3583623468875885
0.3352755606174469
0.3591644763946533
0.34011173248291016
0.3428366780281067
0.36589547991752625
0.34766221046447754
0.3532406985759735
0.34709632396698
0.3275980055332184
0.3416479229927063
0.3443782925605774
0.3700594902038574
0.3487417697906494
0.35006481409072876
0.3394826650619507
0.33003249764442444
0.3468770682811737
0.34496602416038513
0.3486802279949188
0.3438394069671631
0.35575294494628906
0.34112030267715454
0.3425566554069519
0.34518277645111084
0.36100849509239197
0.3426244258880615
0.3562278747558594
0.36524006724357605
0.3466707170009613
0.34890836477279663
0.3495936095714569
0.3444722294807434
0.3493146002292633
0.35119813680648804
0.3570083975791931
0.34465208649635315
0.34640830755233765
0.3462177515029907
0.3310014009475708
0.3449953496456146
0.3459815979003906
0.339773029088974
0.34597790241241455
0.35086244344711304
0.35104507207870483
0.3379635512828827
0.3341105878353119
0.34375497698783875
0.3543771207332611
0.3451528549194336
0.3433854877948761
0.34328874945640564
0.3552052080631256
0.35010573267936707
0.34022706747055054
0.3428794741630554
0.3544529378414154
0.33448147773742676
0.3643300235271454
0.3511549234390259
0.3572521209716797
0.3366192579269409
0.3586766719818115
0.3732546865940094
0.3558502495288849
0.35758572816848755
0.3549039959907532
0.35929444432258606
0.3452361226081848
0.34679752588272095
0.34513261914253235
0.34765005111694336
0.3430520296096802
0.3498532474040985
0.3524623513221741
0.3446671962738037
0.35190799832344055
0.3511277139186859
0.37331879138946533
0.35189497470855713
0.34354665875434875
0.3470326066017151
0.342631459236145
0.354047030210495
0.4196396470069885
0.4018024802207947
0.3748771548271179
0.3599426746368408
0.3514033854007721
0.34762778878211975
0.34198883175849915
0.3519187271595001
0.3400977551937103
0.3488416075706482
0.35073235630989075
0.33875221014022827
0.34663334488868713
0.35613855719566345
0.3475892245769501
0.3511166274547577
0.34262895584106445
0.35068219900131226
0.3414997160434723
0.33650603890419006
0.34804612398147583
0.3523375689983368
0.3544381558895111
0.3403216302394867
0.35813549160957336
0.3482182025909424
0.3421868085861206
0.3406563997268677
0.34127289056777954
0.3318372964859009
0.36053648591041565
0.35584819316864014
0.3508633077144623
0.3410660922527313
0.3530963063240051
0.3321969509124756
0.3447471261024475
0.34265637397766113
0.36018869280815125
0.3569682538509369
0.3459649085998535
0.33302000164985657
0.3474352955818176
0.34301576018333435
0.34581878781318665
0.35456928610801697
0.3319534957408905
0.3381679952144623
0.3575156331062317
0.3516981601715088
0.34022200107574463
0.35096344351768494
0.3337630033493042
0.34623321890830994
0.33692431449890137
0.3392041325569153
0.336032897233963
0.3413248658180237
0.3468269109725952
0.36177608370780945
0.3503115773200989
0.3367522358894348
0.3367948532104492
0.3361511826515198
0.34577324986457825
0.3410985469818115
0.32183218002319336
0.3454517126083374
0.3462468683719635
0.33974698185920715
0.3418019711971283
0.3362818956375122
0.35215431451797485
0.35450127720832825
0.34361085295677185
0.3429756760597229
0.36608976125717163
0.345115065574646
0.41555508971214294
0.36029672622680664
0.3661993443965912
0.3590763509273529
0.3539851903915405
0.3307722210884094
0.3399667739868164
0.3481898307800293
0.3545401990413666
0.3463292121887207
0.3476632237434387
0.35283222794532776
0.34252849221229553
0.354923814535141
0.33635345101356506
0.3375099301338196
0.3394935429096222
0.34162554144859314
0.3462449908256531
0.33932361006736755
0.345546692609787
0.3259114623069763
0.34437981247901917
0.3318231403827667
0.3439987897872925
0.3433609902858734
0.3387327194213867
0.3429219722747803
0.3370603919029236
0.35816624760627747
0.3345169723033905
0.347140908241272
0.33942121267318726
0.34137505292892456
0.34021446108818054
0.3442419767379761
0.3283465504646301
0.3554121255874634
0.35266658663749695
0.3395175337791443
0.3414352536201477
0.3349018692970276
0.3415031433105469
0.34058693051338196
0.34133270382881165
0.3345968425273895
0.33724847435951233
0.32805514335632324
0.3507051467895508
0.33454349637031555
0.33707159757614136
0.3385876417160034
0.34845656156539917
0.34756937623023987
0.3473067283630371
0.33716896176338196
0.33093202114105225
0.33470064401626587
0.32983043789863586
0.3283269703388214
0.33986225724220276
0.34102514386177063
0.33642154932022095
0.3323631286621094
0.3359270989894867
0.3398263156414032
0.34783297777175903
0.3306300640106201
0.3323388397693634
0.33097609877586365
0.33390113711357117
0.33230501413345337
0.34549933671951294
0.34580671787261963
0.3429315984249115
0.32959166169166565
0.3413807451725006
0.33984193205833435
0.3418468236923218
0.3486064672470093
0.3173317015171051
0.3393532931804657
0.33759963512420654
0.31973469257354736
0.32771146297454834
0.3302140533924103
0.32176628708839417
0.33871427178382874
0.3325065076351166
0.32855722308158875
0.34098806977272034
0.3287973701953888
0.3343661427497864
0.33526453375816345
0.33774203062057495
0.34124115109443665
0.3302313983440399
0.31870171427726746
0.33489763736724854
0.3475985527038574
0.3344103693962097
0.3323839008808136
0.3258856534957886
0.3296745717525482
0.32970014214515686
0.3444291651248932
0.330061137676239
0.33884117007255554
0.32692915201187134
0.3342849016189575
0.3349471092224121
0.3357725143432617
0.3377397358417511
0.33945798873901367
0.3252452611923218
0.3236064910888672
0.3416919410228729
0.3307076692581177
0.31958162784576416
0.34924599528312683
0.3363924026489258
0.3281277120113373
0.32813760638237
0.33703434467315674
0.31880128383636475
0.3366532325744629
0.33653199672698975
0.3428010642528534
0.34184011816978455
0.3369700014591217
0.339973509311676
0.3421894311904907
0.330422967672348
0.3357486128807068
0.3424059748649597
0.33771786093711853
0.33994680643081665
0.3261733651161194
0.33114829659461975
0.3347582519054413
0.33361923694610596
0.3416137099266052
0.3351767063140869
0.32783132791519165
0.32844868302345276
0.3245948553085327
0.3316960334777832
0.3418101668357849
0.32791849970817566
0.32653048634529114
0.3385220468044281
0.33224135637283325
0.3233172595500946
0.3242464065551758
0.3468938171863556
0.3267846405506134
0.3284358084201813
0.3257583975791931
0.3350634276866913
0.33503949642181396
0.32449406385421753
0.3339208960533142
0.3311131000518799
0.3343935012817383
0.32675984501838684
0.3314156234264374
0.3294318914413452
0.33349379897117615
0.33199450373649597
0.343387633562088
0.32947659492492676
0.3486272394657135
0.32219287753105164
0.3323787748813629
0.3357979953289032
0.3418622314929962
0.3332776129245758
0.3351162374019623
0.33124133944511414
0.33430126309394836
0.3293609917163849
0.335440993309021
0.3374952971935272
0.33162933588027954
0.333712100982666
0.3312247097492218
0.3290199339389801
0.34530457854270935
0.3281593322753906
0.3252124786376953
0.34064996242523193
0.3563036024570465
0.326308935880661
0.3257277011871338
0.33755528926849365
0.32597455382347107
0.3256791830062866
0.3382548987865448
0.339111864566803
0.33214467763900757
0.3231467604637146
0.33310651779174805
0.33252811431884766
0.32757139205932617
0.3321085274219513
0.329245388507843
0.33400559425354004
0.3379673361778259
0.3254183828830719
0.3283271789550781
0.32545018196105957
0.33085909485816956
0.3206726908683777
0.32157260179519653
0.33598649501800537
0.3260609805583954
0.32735273241996765
0.32763567566871643
0.3319360315799713
0.32713577151298523
0.32845181226730347
0.33401376008987427
0.3372560441493988
0.3443604111671448
0.33481356501579285
0.332992285490036
0.3313431441783905
0.33050307631492615
0.34053289890289307
0.34083542227745056
0.3321301341056824
0.34452465176582336
0.3261350393295288
0.32661107182502747
0.3315006494522095
0.3368116617202759
0.3235190212726593
0.3291226029396057
0.3211033046245575
0.3324393033981323
0.3342239558696747
0.32865917682647705
0.33054715394973755
0.33161473274230957
0.336835116147995
0.3343391418457031
0.338079035282135
0.3249361217021942
0.3233277499675751
0.3407798707485199
0.32873278856277466
0.3176436126232147
0.324861079454422
0.33338770270347595
0.324093222618103
0.333468496799469
0.3313140869140625
0.3334929645061493
0.3279346823692322
0.32818570733070374
0.3208194971084595
0.33252060413360596
0.3290025293827057
0.32020771503448486
0.3314870297908783
0.3197513818740845
0.3472086191177368
0.334765762090683
0.3311110734939575
0.3259091377258301
0.33282241225242615
0.32599398493766785
0.3362717926502228
0.32621854543685913
0.3413635790348053
0.33304598927497864
0.33285820484161377
0.3317781686782837
0.32763057947158813
0.33554407954216003
0.32325810194015503
0.3252004384994507
0.3305107355117798
0.3283785283565521
0.3293267488479614
0.3236277103424072
0.32008203864097595
0.327792763710022
0.3286154568195343
0.32645556330680847
0.3404853641986847
0.3134610056877136
0.3215039074420929
0.3385215699672699
0.3344036638736725
0.32406026124954224
0.3344091475009918
0.32741352915763855
0.32473891973495483
0.32854607701301575
0.32440370321273804
0.3242952227592468
0.3305804431438446
0.3325178623199463
0.3381611406803131
0.32825109362602234
0.3269328474998474
0.33038002252578735
0.33061152696609497
0.33598339557647705
0.3217152953147888
0.32925936579704285
0.3174773156642914
0.3311766982078552
0.3270597457885742
0.3229099214076996
0.32621118426322937
0.33166512846946716
0.33414536714553833
0.3317314684391022
0.32488054037094116
0.3210085928440094
0.33091601729393005
0.321622759103775
0.33270618319511414
0.3315572738647461
0.33146485686302185
0.3332589864730835
0.334341436624527
0.3335787057876587
0.33107393980026245
0.34299227595329285
0.3393988609313965
0.3286382257938385
0.320847749710083
0.33095842599868774
0.3259130120277405
0.3275301456451416
0.33565598726272583
0.3291836678981781
0.3289557099342346
0.33005958795547485
0.3315194547176361
0.3312162756919861
0.33372390270233154
0.3299916386604309
0.3347448706626892
0.31024280190467834
0.3365641236305237
0.3404759168624878
0.33088651299476624
0.33794310688972473
0.3232812285423279
0.33670365810394287
0.32953688502311707
0.324159175157547
0.3249128758907318
0.32626909017562866
0.33022403717041016
0.3377838730812073
0.32522904872894287
0.3303605020046234
0.3166394829750061
0.3392641544342041
0.3268231153488159
0.3338751196861267
0.3219592571258545
0.3186397850513458
0.33317434787750244
0.32649102807044983
0.3369137644767761
0.32224801182746887
0.3255179226398468
0.3289123475551605
0.31771329045295715
0.3231673538684845
0.32971301674842834
0.3344953656196594
0.33094853162765503
0.33095473051071167
0.3293796479701996
0.33741921186447144
0.33904552459716797
0.3309977948665619
0.32890230417251587
0.3371308445930481
0.3280724585056305
0.3300698399543762
0.32305341958999634
0.3305375277996063
0.3292740285396576
0.3240586221218109
0.3389036953449249
0.3367586135864258
0.3285796642303467
0.32230862975120544
0.32599738240242004
0.32640495896339417
0.3269651532173157
0.3312016427516937
0.3187820315361023
0.3257182836532593
0.32573452591896057
0.33750757575035095
0.3155990242958069
0.3242928683757782
0.32552462816238403
0.3348162770271301
0.32772305607795715
0.3166157901287079
0.32419660687446594
0.32989364862442017
0.3299904763698578
0.3297095000743866
0.32564210891723633
0.3286304771900177
0.32883375883102417
0.3287702798843384
0.32093721628189087
0.32303914427757263
0.3246452212333679
0.3288062810897827
0.3279590308666229
0.32535842061042786
0.3306766450405121
0.3244141936302185
0.3301798403263092
0.3340514898300171
0.3357588052749634
0.3278793692588806
0.3302135765552521
0.34039023518562317
