5.306462287902832
2.9282443523406982
2.5810647010803223
2.4106035232543945
2.2369346618652344
1.9067111015319824
1.5762050151824951
1.495410442352295
1.32734215259552
1.1913936138153076
1.1763795614242554
1.0405775308609009
1.0112557411193848
0.9006782174110413
0.9235137104988098
0.8299983739852905
0.8077400922775269
0.7806650996208191
0.7577264904975891
0.7448115944862366
0.7121317982673645
0.7323544025421143
0.699224054813385
0.6932953000068665
0.7053574323654175
0.7019242644309998
0.7183786630630493
0.6978217959403992
0.6919964551925659
0.7004880309104919
0.6964290142059326
0.691625714302063
0.6957677006721497
0.6991167664527893
0.6958683133125305
0.6942905783653259
0.6884219646453857
0.6885998249053955
0.6972713470458984
0.6940867900848389
0.703663170337677
0.6858909130096436
0.6900537610054016
0.6843801140785217
0.696861982345581
0.692986249923706
0.6952999234199524
0.6869003176689148
0.6954049468040466
0.6911759972572327
0.6902836561203003
0.704081654548645
0.6899770498275757
0.6855044960975647
0.6916428804397583
0.6861860752105713
0.6824861764907837
0.6792377233505249
0.6875780820846558
0.6800263524055481
0.6872014999389648
0.6841662526130676
0.6832729578018188
0.6813989281654358
0.6839630007743835
0.6836403608322144
0.6876111030578613
0.6819858551025391
0.6836100816726685
0.6860378384590149
0.6858954429626465
0.6939369440078735
0.6862380504608154
0.6872237324714661
0.6926634311676025
0.6818993091583252
0.6795645952224731
0.6841827630996704
0.6817631721496582
0.6769055128097534
0.6887537240982056
0.6871033906936646
0.6818395256996155
0.6862744688987732
0.6785892248153687
0.6869295239448547
0.6831369996070862
0.6821874380111694
0.6845004558563232
0.6774699091911316
0.6817728877067566
0.6812214255332947
0.6738867163658142
0.6840051412582397
0.6769748330116272
0.6822366714477539
0.669914186000824
0.680180549621582
0.6800453662872314
0.6789873838424683
0.6826338171958923
0.6716530323028564
0.6833382248878479
0.6744124889373779
0.6694381237030029
0.6795444488525391
0.6753147840499878
0.6733877658843994
0.6749606132507324
0.6642626523971558
0.6672662496566772
0.6684377193450928
0.66603022813797
0.6672484278678894
0.666289210319519
0.6599949598312378
0.6577889323234558
0.6572743058204651
0.6468319892883301
0.6584611535072327
0.6529361605644226
0.6574383974075317
0.6617434620857239
0.6514412760734558
0.6428283452987671
0.6262233853340149
0.6425599455833435
0.6391957998275757
0.6451935768127441
0.6398216485977173
0.624347448348999
0.6416577100753784
0.6205956339836121
0.6487849950790405
0.650153636932373
0.6149399876594543
0.6138650178909302
0.6169161200523376
0.620978057384491
0.6027929186820984
0.6062130928039551
0.6170693039894104
0.6272176504135132
0.6449980735778809
0.5826069116592407
0.5846225619316101
0.6015749573707581
0.6027723550796509
0.6040469408035278
0.580010175704956
0.5880104899406433
0.5671855211257935
0.6499485373497009
0.6472798585891724
0.5777857303619385
0.590905487537384
0.6037786602973938
0.5708377361297607
0.619419515132904
0.6495649814605713
0.6241011023521423
0.6161543726921082
0.6042894124984741
0.6007965207099915
0.5807560086250305
0.5751225352287292
0.6222125291824341
0.5835358500480652
0.5774060487747192
0.5639194250106812
0.5779075026512146
0.5625203251838684
0.5887368321418762
0.5975775718688965
0.5563615560531616
0.5556979775428772
0.5584384799003601
0.5698285698890686
0.5516117215156555
0.5454787015914917
0.5614303350448608
0.5556134581565857
0.5327965617179871
0.5527645945549011
0.5617336630821228
0.5397889614105225
0.5498418211936951
0.5438424348831177
0.594688892364502
0.5826737880706787
0.5791386961936951
0.5898839831352234
0.5524373650550842
0.5947456955909729
0.6019509434700012
0.6161354780197144
0.572821855545044
0.5750735402107239
0.5909254550933838
0.5753576159477234
0.5882947444915771
0.5751228928565979
0.5834814310073853
0.575156033039093
0.7260633111000061
0.7200435996055603
0.5859892964363098
0.654068112373352
0.5649459362030029
0.5467380285263062
0.5494803786277771
0.5432186722755432
0.5276496410369873
0.5660963654518127
0.5324208736419678
0.5448189973831177
0.5349921584129333
0.5459972023963928
0.5302242636680603
0.5165704488754272
0.5209748148918152
0.5070821046829224
0.5081430077552795
0.5207342505455017
0.49293652176856995
0.5171341300010681
0.5267482995986938
0.49989229440689087
0.49681800603866577
0.5031915903091431
0.522576093673706
0.5151833295822144
0.48309579491615295
0.5680931806564331
0.5209897756576538
0.4912014305591583
0.5021811723709106
0.48760804533958435
0.48754003643989563
0.47817593812942505
0.5030244588851929
0.5163158774375916
0.4841765761375427
0.49768704175949097
0.7353581786155701
0.6407882571220398
0.5676829218864441
0.5596687197685242
0.5447779893875122
0.5222007036209106
0.49910035729408264
0.4837547242641449
0.4699716866016388
0.5066133737564087
0.5030228495597839
0.5153082013130188
0.48287782073020935
0.48466914892196655
0.47819504141807556
0.49217790365219116
0.464029461145401
0.46388307213783264
0.49975839257240295
0.4576599895954132
0.5027835369110107
0.47306689620018005
0.4801194667816162
0.47841909527778625
0.46970313787460327
0.4428923428058624
0.44959864020347595
0.46628478169441223
0.45354849100112915
0.46456030011177063
0.46435290575027466
0.4787359833717346
0.44534024596214294
0.4790925681591034
0.446689635515213
0.43212637305259705
0.48307114839553833
0.4619956314563751
0.5010181665420532
0.49925318360328674
0.6453792452812195
0.6565372347831726
0.526787281036377
0.4732000529766083
0.5318915843963623
0.4779565632343292
0.4504045248031616
0.4865696430206299
0.4710733890533447
0.471371054649353
0.4671952724456787
0.4430568516254425
0.4523967504501343
0.4674403667449951
0.45254597067832947
0.46782687306404114
0.4645475149154663
0.4608774483203888
0.4574767053127289
0.43690213561058044
0.4440240263938904
0.47017499804496765
0.436374694108963
0.5398741364479065
0.5055796504020691
0.4893156588077545
0.47974976897239685
0.4448802173137665
0.44648221135139465
0.4761925935745239
0.4866589605808258
0.4936351478099823
0.49028679728507996
0.4565667510032654
0.44407814741134644
0.44913432002067566
0.4836215078830719
0.4669575095176697
0.44848179817199707
0.44827350974082947
0.4468590021133423
0.45524078607559204
0.4553902745246887
0.43604034185409546
0.4230598509311676
0.4349575340747833
0.4633677303791046
0.48220759630203247
0.4712364673614502
0.47424837946891785
0.4918704926967621
0.4921226501464844
0.47944217920303345
0.4876725971698761
0.4551340639591217
0.48884591460227966
0.4691510498523712
0.4678294360637665
0.47168830037117004
0.467781662940979
0.43860432505607605
0.4391211271286011
0.4310137927532196
0.473651260137558
0.47280627489089966
0.4542207419872284
0.4654780626296997
0.4555644690990448
0.44306129217147827
0.45108601450920105
0.40064069628715515
0.5036744475364685
0.500053882598877
0.4746389389038086
0.4851285219192505
0.46502599120140076
0.4693167209625244
0.47122201323509216
0.4241418242454529
0.4512473940849304
0.45076197385787964
0.43390539288520813
0.45245975255966187
0.42141053080558777
0.458634614944458
0.4452846944332123
0.42911893129348755
0.44072070717811584
0.42609935998916626
0.42519471049308777
0.43895357847213745
0.46953490376472473
0.4683482348918915
0.43699342012405396
0.4368491470813751
0.5143595933914185
0.5222012996673584
0.46383532881736755
0.49762171506881714
0.4851216971874237
0.4882177412509918
0.45148447155952454
0.4505385756492615
0.4514940083026886
0.4489591121673584
0.44301703572273254
0.4428081512451172
0.43309029936790466
0.4436393678188324
0.4356921315193176
0.41543570160865784
0.3927334249019623
0.39705488085746765
0.4408927857875824
0.4128071367740631
0.4209764301776886
0.44088611006736755
0.4193059504032135
0.4333385229110718
0.422623872756958
0.4274328649044037
0.42640420794487
0.4223780035972595
0.4271906316280365
0.43245771527290344
0.420379102230072
0.4479992389678955
0.4488573372364044
0.43105146288871765
0.45583873987197876
0.42877012491226196
0.44598641991615295
0.48648399114608765
0.4249989986419678
0.4331871271133423
0.44117119908332825
0.4317767322063446
0.40972068905830383
0.4178110659122467
0.428497850894928
0.4196901321411133
0.41926321387290955
0.4287906885147095
0.4018164277076721
0.4328209161758423
0.42573752999305725
0.4251761734485626
0.43364274501800537
0.4187571704387665
0.4369431734085083
0.41902050375938416
0.4180923402309418
0.4135403335094452
0.41753557324409485
0.42742010951042175
0.4225587844848633
0.5412918925285339
0.4939328134059906
0.45696941018104553
0.473294734954834
0.4258689880371094
0.4267619848251343
0.4162012040615082
0.42511019110679626
0.4136239290237427
0.4213896691799164
0.42970865964889526
0.4271613359451294
0.40759822726249695
0.3967689573764801
0.411838561296463
0.4039857089519501
0.41552630066871643
0.459446519613266
0.41267913579940796
0.4175392687320709
0.42596739530563354
0.41858819127082825
0.43138161301612854
0.41868293285369873
0.4534356892108917
0.4101939797401428
0.4283981919288635
0.4360477924346924
0.4077968895435333
0.40588515996932983
0.40279752016067505
0.40583354234695435
0.41111689805984497
0.40553736686706543
0.4211023151874542
0.41301244497299194
0.4185514450073242
0.41579359769821167
0.47595566511154175
0.48810893297195435
0.544708251953125
0.45165374875068665
0.4394216239452362
0.4599178731441498
0.453114777803421
0.39493632316589355
0.4211020767688751
0.40413883328437805
0.4187780022621155
0.4196109473705292
0.43827614188194275
0.4144383668899536
0.40762487053871155
0.42814603447914124
0.44075435400009155
0.42538997530937195
0.4181499481201172
0.4040457010269165
0.4152199327945709
0.40952616930007935
0.43225663900375366
0.4007216989994049
0.40029874444007874
0.39420968294143677
0.40656763315200806
0.4133656322956085
0.4290459156036377
0.4068582057952881
0.41430985927581787
0.44081658124923706
0.4119540750980377
0.40048471093177795
0.40834012627601624
0.4377414882183075
0.41201701760292053
0.4455641508102417
0.4204040765762329
0.40060147643089294
0.39553117752075195
0.4068171977996826
0.4148414134979248
0.4372369050979614
0.3961019217967987
0.4135681688785553
0.43748152256011963
0.4605405330657959
0.4915317893028259
0.4468346834182739
0.42625442147254944
0.4645029306411743
0.43121251463890076
0.4478822648525238
0.43764668703079224
0.4435415267944336
0.4151689410209656
0.427124559879303
0.44175752997398376
0.4412086009979248
0.4328140318393707
0.409214586019516
0.39862877130508423
0.41965633630752563
0.44168251752853394
0.431325227022171
0.4185192584991455
0.4287945628166199
0.4058765172958374
0.39345744252204895
0.41265422105789185
0.4186691343784332
0.4104838967323303
0.4017834961414337
0.4286373555660248
0.5390721559524536
0.5005961656570435
0.4672733247280121
0.42128974199295044
0.4471774399280548
0.4620233476161957
0.41690316796302795
0.42798900604248047
0.4473654627799988
0.4178101718425751
0.4357732832431793
0.41379424929618835
0.40899786353111267
0.4113576114177704
0.3979874849319458
0.39608025550842285
0.395215779542923
0.40996381640434265
0.39569881558418274
0.4278748035430908
0.39115002751350403
0.40567800402641296
0.4342033267021179
0.4069359302520752
0.4183669984340668
0.3936953842639923
0.4125883877277374
0.416300892829895
0.40650853514671326
0.4024111032485962
0.39003655314445496
0.3868899643421173
0.38911134004592896
0.409711092710495
0.37926676869392395
0.3903730809688568
0.3870936334133148
0.386401891708374
0.40686026215553284
0.38726022839546204
0.391581654548645
0.3892722427845001
0.42260831594467163
0.3886847198009491
0.40305769443511963
0.38233909010887146
0.4030274450778961
0.38057300448417664
0.37179678678512573
0.40412184596061707
0.39810165762901306
0.37385913729667664
0.4095696806907654
0.4008345603942871
0.41270744800567627
0.4053367078304291
0.3801311254501343
0.4029279947280884
0.4239357113838196
0.40643012523651123
0.37866631150245667
0.40492746233940125
0.4071928560733795
0.41025644540786743
0.3969869315624237
0.39318224787712097
0.38762786984443665
0.4243508577346802
0.4112558364868164
0.4186915159225464
0.41128838062286377
0.4303588271141052
0.3969821631908417
0.41730743646621704
0.3903582990169525
0.3938991129398346
0.3897884488105774
0.4004186689853668
0.5038112998008728
0.4552346169948578
0.4871864318847656
0.45298638939857483
0.4078485071659088
0.42019930481910706
0.400206059217453
0.4217865765094757
0.42467597126960754
0.42815476655960083
0.4148693084716797
0.4126022756099701
0.39281418919563293
0.3937227427959442
0.40565481781959534
0.41345447301864624
0.3912946879863739
0.38447824120521545
0.43016356229782104
0.39962273836135864
0.3945774734020233
0.38916492462158203
0.3841552436351776
0.39228367805480957
0.402498334646225
0.40170586109161377
0.38792985677719116
0.3904009461402893
0.3895617723464966
0.39012083411216736
0.4201672375202179
0.3637147843837738
0.36996033787727356
0.39586734771728516
0.39815056324005127
0.38957440853118896
0.3964521288871765
0.4018772840499878
0.39507541060447693
0.39015501737594604
0.41264277696609497
0.39410465955734253
0.4137159585952759
0.42820724844932556
0.4389277696609497
0.39354628324508667
0.40052059292793274
0.4205608069896698
0.42112261056900024
0.4079129695892334
0.41774946451187134
0.4163227081298828
0.39990076422691345
0.3860225975513458
0.4070341885089874
0.3821699619293213
0.4087110757827759
0.387395441532135
0.3935048580169678
0.3806670606136322
0.3907336890697479
0.40187928080558777
0.38344594836235046
0.38497549295425415
0.3849351704120636
0.39340856671333313
0.3932485282421112
0.38155314326286316
0.3823840320110321
0.4042266607284546
0.42992645502090454
0.3808210790157318
0.3939369320869446
0.386627733707428
0.3862540125846863
0.402728796005249
0.4000009298324585
0.39440518617630005
0.3999282419681549
0.41153183579444885
0.41187426447868347
0.41296300292015076
0.416353702545166
0.3740060329437256
0.4043896496295929
0.40078622102737427
0.4075128734111786
0.4020979106426239
0.39244145154953003
0.4037988483905792
0.3793191909790039
0.3981172740459442
0.3739825189113617
0.3938036561012268
0.395906537771225
0.42911285161972046
0.394957959651947
0.38844841718673706
0.3933708965778351
0.38685113191604614
0.3994790315628052
0.4056064784526825
0.39222967624664307
0.39283624291419983
0.3910863697528839
0.38445720076560974
0.3737088143825531
0.3767111599445343
0.4202911853790283
0.41104862093925476
0.38816288113594055
0.4026038646697998
0.41208094358444214
0.40021055936813354
0.38759082555770874
0.37596404552459717
0.3935289680957794
0.38628512620925903
0.3846295177936554
0.40338048338890076
0.4062485694885254
0.4149402976036072
0.41067981719970703
0.38383397459983826
0.4244246780872345
0.4164966344833374
0.3900352716445923
0.36788859963417053
0.3755137026309967
0.4029616117477417
0.3817896246910095
0.38514554500579834
0.3739653527736664
0.41360631585121155
0.39714351296424866
0.3829156160354614
0.41276228427886963
0.4021673798561096
0.3947543203830719
0.38815838098526
0.3995826840400696
0.37479397654533386
0.3998841345310211
0.3605385720729828
0.3807816505432129
0.38531026244163513
0.3694240152835846
0.38402244448661804
0.3863021731376648
0.38231250643730164
0.3881992995738983
0.38780879974365234
0.3858502507209778
0.41376835107803345
0.42588910460472107
0.40774255990982056
0.4037366211414337
0.3976455330848694
0.3699682950973511
0.3832496702671051
0.4047141373157501
0.3833580017089844
0.38684651255607605
0.3972703516483307
0.40855950117111206
0.38775956630706787
0.3810710608959198
0.4035920798778534
0.3782646954059601
0.3794761300086975
0.3697859048843384
0.38831424713134766
0.36861521005630493
0.40508440136909485
0.38534098863601685
0.3968222439289093
0.37806203961372375
0.3892483711242676
0.38270998001098633
0.40023282170295715
0.3711837828159332
0.3789667785167694
0.39175647497177124
0.40740713477134705
0.4008752405643463
0.3882857859134674
0.3757484555244446
0.3808217942714691
0.3701929450035095
0.3997315466403961
0.37087664008140564
0.40156683325767517
0.39899685978889465
0.39388561248779297
0.3901979327201843
0.37453871965408325
0.37901273369789124
0.3991571366786957
0.38301658630371094
0.38823065161705017
0.36860528588294983
0.3917577564716339
0.37880271673202515
0.3989218473434448
0.39042598009109497
0.3724710941314697
0.38936328887939453
0.38027700781822205
0.3912836015224457
0.3740028738975525
0.3711625337600708
0.4104645550251007
0.3720858693122864
0.3953152596950531
0.39606139063835144
0.3863466680049896
0.4017419219017029
0.38497012853622437
0.3879099190235138
0.3962303400039673
0.39881351590156555
0.40750911831855774
0.3792154788970947
0.36952099204063416
0.38273531198501587
0.3995250165462494
0.4045933485031128
0.37502872943878174
0.37213051319122314
0.37648695707321167
0.3892427682876587
0.3972760736942291
0.3845363259315491
0.393594890832901
0.35615822672843933
0.38260534405708313
0.38184282183647156
0.391755610704422
0.3909814655780792
0.377174437046051
0.39491766691207886
0.3855414390563965
0.3827134966850281
0.3775579631328583
0.36852356791496277
0.3940715491771698
0.37604668736457825
0.3765271306037903
0.3975583016872406
0.40818557143211365
0.37173792719841003
0.38107478618621826
0.3802028298377991
0.387653648853302
0.3872494697570801
0.3970164954662323
0.3667406141757965
0.379780650138855
0.3740442395210266
0.3845983147621155
0.3875126242637634
0.3891714811325073
0.3902342915534973
0.4075000286102295
0.41925734281539917
0.3861995339393616
0.36667290329933167
0.37962961196899414
0.3798878490924835
0.39896970987319946
0.3789348304271698
0.38151878118515015
0.3917822539806366
0.37851113080978394
0.40116816759109497
0.3661644160747528
0.379721999168396
0.366791307926178
0.37444260716438293
0.37859469652175903
0.38612034916877747
0.400760680437088
0.372872531414032
0.37865161895751953
0.37157273292541504
0.3651277422904968
0.3795035183429718
0.39244407415390015
0.3791202902793884
0.3825695216655731
0.40126270055770874
0.3794853389263153
0.40086230635643005
0.3695341646671295
0.382182240486145
0.39666876196861267
0.373165488243103
0.3884892761707306
0.3944931924343109
0.35124096274375916
0.37183302640914917
0.39898771047592163
0.3811781108379364
0.369361937046051
0.38344648480415344
0.3765113651752472
0.3919141888618469
0.3686092793941498
0.37974977493286133
0.3725491464138031
0.3856186866760254
0.39182522892951965
0.40163499116897583
0.3848987817764282
0.389161616563797
0.40753063559532166
0.3810352683067322
0.4128437042236328
0.3749956786632538
0.3939928710460663
0.37701013684272766
0.370029091835022
0.36510327458381653
0.3942869305610657
0.3714029788970947
0.3758709728717804
0.3838009536266327
0.38406890630722046
0.39328813552856445
0.3895537853240967
0.42037340998649597
0.38536548614501953
0.3872644603252411
0.3885575830936432
0.3912014365196228
0.3640023171901703
0.38914236426353455
0.3796108067035675
0.39747199416160583
0.3797488510608673
0.39622294902801514
0.37565818428993225
0.38615846633911133
0.3846060335636139
0.3684317469596863
0.3798655569553375
0.40240806341171265
0.37548303604125977
0.4084925055503845
0.37239328026771545
0.3748495876789093
0.3749345541000366
0.37287965416908264
0.3700011968612671
0.3639499545097351
0.4021947383880615
0.3665068447589874
0.392450213432312
0.37388068437576294
0.3722253143787384
0.38745957612991333
0.40315574407577515
0.3967777490615845
0.38244837522506714
0.3888362646102905
0.37402474880218506
0.37889915704727173
0.3801550269126892
0.3823147416114807
0.38944655656814575
0.37770816683769226
0.39956894516944885
0.4002951681613922
0.3877659738063812
0.384305864572525
0.37309154868125916
0.39687490463256836
0.384456068277359
0.37533560395240784
0.393947958946228
0.36230239272117615
0.3867403566837311
0.3693588972091675
0.39166170358657837
0.3705558776855469
0.375070720911026
0.3585405945777893
0.39068594574928284
0.3967413902282715
0.392873615026474
0.38871002197265625
0.36166954040527344
0.3941829204559326
0.3824295997619629
0.390341192483902
0.3728686273097992
0.37963566184043884
0.3904331922531128
0.38286280632019043
0.3687746226787567
0.39037030935287476
0.35664162039756775
0.3608204126358032
0.3800223171710968
0.384034663438797
0.37467047572135925
0.37890690565109253
0.3741705119609833
0.37867575883865356
0.3686518371105194
0.3787585198879242
0.3755093812942505
0.39785730838775635
0.38384586572647095
0.3981672525405884
0.3714941740036011
0.37980973720550537
0.3853679299354553
0.3839778006076813
0.3764355182647705
0.371580570936203
0.3706047236919403
0.3828763961791992
0.4045789837837219
0.3958779275417328
0.38751891255378723
0.38548794388771057
0.36450400948524475
0.3798857629299164
0.38887491822242737
0.3854385316371918
0.37905725836753845
0.37840536236763
0.390049010515213
0.3833361566066742
0.36594825983047485
0.3884046971797943
0.38857442140579224
0.3736916780471802
0.3803299367427826
0.36686256527900696
0.3896142542362213
0.3784058392047882
0.3891262412071228
0.3819861114025116
0.36301955580711365
0.3853986859321594
0.37272918224334717
0.3869161605834961
0.3811373710632324
0.3975568115711212
0.38076382875442505
0.37976714968681335
0.3718283772468567
0.3983920216560364
0.39049893617630005
0.37451261281967163
0.38686349987983704
0.3847696781158447
0.3930029571056366
0.3745777904987335
0.38044115900993347
0.3966016173362732
0.39447319507598877
0.3870067596435547
0.40066519379615784
0.3825977146625519
0.370057612657547
0.3946620225906372
0.3924391567707062
0.38237911462783813
0.35750916600227356
0.37731581926345825
0.39132779836654663
0.38954681158065796
0.37105169892311096
0.3798730969429016
0.40171176195144653
0.3698170781135559
0.3805696964263916
0.3675953149795532
0.3787476122379303
0.38686445355415344
0.38779526948928833
0.375297486782074
0.4083191454410553
0.37536370754241943
0.3821175694465637
0.38616153597831726
0.3968466520309448
0.34697213768959045
0.40335240960121155
0.38605961203575134
0.3931815028190613
0.3660234212875366
0.3909611105918884
0.3798270523548126
0.3732506036758423
0.3711124360561371
0.389101505279541
0.4042559862136841
0.3656582832336426
0.40137964487075806
0.3707425594329834
0.3825650215148926
0.3793753981590271
0.3785087466239929
0.3836756646633148
0.3785489499568939
0.395017147064209
0.3908245861530304
0.38870325684547424
0.39765405654907227
0.3717590570449829
0.38199469447135925
0.37437504529953003
0.36715227365493774
0.38989487290382385
0.38479456305503845
0.37291479110717773
0.37996146082878113
0.3912605047225952
0.3681103587150574
0.37229180335998535
0.3724161684513092
0.3789067566394806
0.3753434121608734
0.394173800945282
0.37052664160728455
0.3830188810825348
0.40255722403526306
0.3802265226840973
0.3645485043525696
0.37621009349823
0.3835282027721405
0.38641592860221863
0.37528160214424133
0.39944353699684143
0.34944766759872437
0.3687840402126312
0.3734050989151001
0.37533092498779297
0.3764660656452179
0.3728818893432617
0.38129785656929016
0.3760072588920593
0.4077104330062866
0.38270148634910583
0.3791115880012512
0.3905067443847656
0.4105701744556427
0.3740726709365845
0.38766491413116455
0.3804698586463928
0.3784576654434204
0.3692714273929596
0.3846297562122345
0.35307180881500244
0.3789476156234741
0.36946144700050354
0.38233059644699097
0.3808400630950928
0.3840668201446533
0.3723992109298706
0.3723253011703491
0.38582080602645874
0.3760595917701721
0.39249929785728455
0.4015732407569885
0.3750641345977783
0.3754124045372009
0.36893048882484436
0.37417688965797424
0.4013560712337494
0.3929288387298584
0.39157602190971375
0.39939674735069275
0.3814973533153534
0.36863505840301514
0.3714747428894043
0.38079777359962463
0.3674594759941101
0.39266690611839294
0.35666143894195557
