91.16377258300781
60.68802261352539
48.02658462524414
47.29506301879883
41.977840423583984
32.94778823852539
32.37709426879883
27.528627395629883
27.848684310913086
22.956146240234375
19.424203872680664
19.072052001953125
14.17542552947998
15.26142692565918
13.418971061706543
13.276318550109863
12.706618309020996
11.543323516845703
10.182413101196289
8.90082836151123
7.6693034172058105
7.594543933868408
7.5583882331848145
7.9448394775390625
7.454282760620117
7.307363986968994
6.053689479827881
6.031703948974609
5.366499423980713
5.098872661590576
4.583661079406738
5.041206359863281
4.645600318908691
4.470057487487793
4.022481441497803
3.891084671020508
3.9143118858337402
3.4198875427246094
3.3629283905029297
3.42700457572937
2.9501330852508545
3.1420130729675293
2.68064546585083
2.5441877841949463
2.780447006225586
2.4453392028808594
2.4318249225616455
2.6361641883850098
2.563446521759033
2.2489726543426514
2.19753360748291
2.3574297428131104
2.088319778442383
2.0217740535736084
2.207951545715332
1.827856183052063
1.7935606241226196
1.8687704801559448
1.6802259683609009
1.5133074522018433
1.6039153337478638
1.454551100730896
1.3767768144607544
1.3731720447540283
1.4188573360443115
1.3845419883728027
1.2852028608322144
1.141333818435669
1.0885969400405884
1.0979231595993042
1.1843165159225464
0.9852578043937683
1.0802438259124756
1.1048754453659058
1.0242180824279785
0.9436413645744324
1.0035408735275269
0.9174788594245911
0.9317662119865417
0.9633004665374756
0.9046295285224915
0.8775750994682312
0.8796188831329346
0.8330649733543396
0.84979647397995
0.8130648136138916
0.7969397902488708
0.81121426820755
0.7975115776062012
0.7355200052261353
0.7378514409065247
0.7294430732727051
0.7640072107315063
0.7202107906341553
0.6858187913894653
0.7098147869110107
0.7035121917724609
0.7069787383079529
0.6785917282104492
0.7447504997253418
0.692877471446991
0.6956802606582642
0.6635871529579163
0.6689485311508179
0.6547756195068359
0.6341102123260498
0.6606311202049255
0.6618698239326477
0.6915187835693359
0.6434400677680969
0.6291907429695129
0.6242309808731079
0.6065851449966431
0.6040182113647461
0.579417884349823
0.5842846632003784
0.5853371620178223
0.6942024230957031
0.617560625076294
0.5998830199241638
0.5932407379150391
0.5805354118347168
0.5644486546516418
0.589488685131073
0.5696672797203064
0.6111857295036316
0.607484757900238
0.6416756510734558
0.6284853219985962
0.6250075101852417
0.6109318733215332
0.5586457252502441
0.6301201581954956
0.5938902497291565
0.5986552238464355
0.5925235748291016
0.6107993125915527
0.5713688731193542
0.5805540084838867
0.6235145926475525
0.5968039035797119
0.6057488322257996
0.5566427111625671
0.5773572325706482
0.5951098203659058
0.5635755062103271
0.5616621375083923
0.5438984036445618
0.5429869294166565
0.5367493629455566
0.5746517181396484
0.5593456029891968
0.5549683570861816
0.5764840245246887
0.553504467010498
0.5466943383216858
0.5732880234718323
0.6592621803283691
0.6309289932250977
0.6705155968666077
0.573026180267334
0.5777638554573059
0.5689243078231812
0.5240156054496765
0.5239946842193604
0.5539915561676025
0.5010136961936951
0.5536372065544128
0.502376914024353
0.5624100565910339
0.6128894686698914
0.6008045077323914
0.56350177526474
0.5505717396736145
0.5509777665138245
0.5408482551574707
0.5021292567253113
0.5072489976882935
0.49559274315834045
0.4929979741573334
0.5311318039894104
0.529739499092102
0.46795549988746643
0.5706518888473511
0.7346581816673279
0.733820915222168
0.5716596245765686
0.6191384792327881
0.5937739610671997
0.5302779078483582
0.5585194230079651
0.5529656410217285
0.595778226852417
0.5273866057395935
0.5658745169639587
0.4980655014514923
0.5407724976539612
0.6119320392608643
0.5515580773353577
0.5497454404830933
0.5878780484199524
0.5311228632926941
0.535675048828125
0.578963577747345
0.5019250512123108
0.535896897315979
0.4947506785392761
0.4612319767475128
0.4863317310810089
0.4853917360305786
0.568670928478241
0.6202725768089294
0.5766704082489014
0.5257233381271362
0.4815584123134613
0.5003626346588135
0.49487847089767456
0.48614996671676636
0.5104777812957764
0.4549657106399536
0.4790632724761963
0.544661283493042
0.47205406427383423
0.4865151643753052
0.46061691641807556
0.5337916016578674
0.48006245493888855
0.45976391434669495
0.4319056272506714
0.4503065049648285
0.4849480986595154
0.5012965798377991
0.5225469470024109
0.4752790927886963
0.4523612856864929
0.4750994145870209
0.44650378823280334
0.4557616710662842
0.7882606387138367
0.9546678066253662
0.7188730239868164
0.6594864726066589
0.601877748966217
0.5503526926040649
0.5520784854888916
0.538077175617218
0.5300261378288269
0.5410174131393433
0.5247761607170105
0.4615961015224457
0.5324872136116028
0.5023842453956604
0.5093416571617126
0.6455501914024353
0.5666942000389099
0.5985381007194519
0.5505553483963013
0.496938556432724
0.5498330593109131
0.6458501815795898
0.6162457466125488
0.49242740869522095
0.49803099036216736
0.4842030107975006
0.4602055549621582
0.43182051181793213
0.46849045157432556
0.48160940408706665
0.4889729917049408
0.5099237561225891
0.4594465494155884
0.44866329431533813
0.45162373781204224
0.48858189582824707
0.4497795104980469
0.4844542443752289
0.45238763093948364
0.4357469081878662
0.4419633746147156
0.45656415820121765
0.44394877552986145
0.4226529002189636
0.44250166416168213
0.44657057523727417
0.4400900900363922
0.45822566747665405
0.4432372450828552
0.4299137592315674
0.5294638872146606
0.4669448137283325
0.552958071231842
0.5103424191474915
0.4429832398891449
0.496256947517395
0.475856751203537
0.4555549621582031
0.4539269208908081
0.5451204776763916
0.5150436758995056
0.4856187701225281
0.5759429335594177
0.4929468631744385
0.5268083810806274
0.5228985548019409
0.5087746977806091
0.50657057762146
0.5037644505500793
0.4572955071926117
0.439482182264328
0.5617966651916504
0.4893280267715454
0.4649321138858795
0.45097535848617554
0.5319276452064514
0.5246383547782898
0.49384838342666626
0.4503711462020874
0.5197368264198303
0.5113450884819031
0.5486927032470703
0.48058196902275085
0.6015283465385437
0.4629839360713959
0.49255314469337463
0.43500816822052
0.501212477684021
0.4594852924346924
0.46525388956069946
0.5242709517478943
0.4666231870651245
0.4620510935783386
0.4785022735595703
0.44547444581985474
0.5188930630683899
0.4702758193016052
0.45834463834762573
0.498710572719574
0.4495401382446289
0.4730517864227295
0.4580790102481842
0.4656071662902832
0.44411665201187134
0.44070324301719666
0.4268057644367218
0.43751198053359985
0.42455407977104187
0.4343416690826416
0.4150997996330261
0.42091482877731323
0.42793697118759155
0.4348527193069458
0.43109315633773804
0.5030767321586609
0.5040992498397827
0.5038410425186157
0.48653534054756165
0.4499783515930176
0.49347376823425293
0.47270169854164124
0.5208239555358887
0.4458616375923157
0.4668309986591339
0.4567188024520874
0.4735119640827179
0.45224860310554504
0.44939345121383667
0.4919198751449585
0.46015506982803345
0.475678026676178
0.6040282249450684
0.7296857237815857
0.6158710718154907
0.5110245943069458
0.5209306478500366
0.4870600700378418
0.4852072596549988
0.5784234404563904
0.4855074882507324
0.4729543924331665
0.47564634680747986
0.4524215757846832
0.5648604035377502
0.45588549971580505
0.4598052501678467
0.4762227237224579
0.4929535388946533
0.4667211174964905
0.44961491227149963
0.42526403069496155
0.44047489762306213
0.4244856834411621
0.4283921718597412
0.4961705207824707
0.4475438892841339
0.45315614342689514
0.4299651086330414
0.45138829946517944
0.4373970925807953
0.4661671221256256
0.4226008951663971
0.4409315288066864
0.6140043139457703
0.5307912230491638
0.5372399091720581
0.5056198239326477
0.489429235458374
0.5041414499282837
0.46808338165283203
0.43093910813331604
0.45585790276527405
0.42919155955314636
0.4169515371322632
0.4692237973213196
0.42545512318611145
0.42558151483535767
0.46437782049179077
0.4824473559856415
0.49784713983535767
0.598065197467804
0.5683066844940186
0.4726850986480713
0.4679245948791504
0.4688490629196167
0.5080764889717102
0.4894181489944458
0.515831708908081
0.5113465189933777
0.44659823179244995
0.4630613327026367
0.47777920961380005
0.5427641272544861
0.5025156140327454
0.5845845341682434
0.6451295614242554
0.5232470035552979
0.47178682684898376
0.4561834931373596
0.4208313524723053
0.4171074628829956
0.40677279233932495
0.43985703587532043
0.42355993390083313
0.4466719925403595
0.4516823887825012
0.42731916904449463
0.42806336283683777
0.43066340684890747
0.41724705696105957
0.44438913464546204
0.4355798661708832
0.4011799991130829
0.405281126499176
0.43921545147895813
0.42155271768569946
0.5252320766448975
0.4692865312099457
0.4529287815093994
0.4544631540775299
0.4274638593196869
0.3898744583129883
0.4132775664329529
0.41272827982902527
0.41274866461753845
0.3981678783893585
0.41963937878608704
0.4077370762825012
0.43255525827407837
0.41427963972091675
0.4903438091278076
0.45978081226348877
0.4379348158836365
0.4099854528903961
0.40953320264816284
0.3977341949939728
0.4234248697757721
0.43390586972236633
0.41273969411849976
0.40966054797172546
0.4279593527317047
0.42235711216926575
0.4024021625518799
0.408746600151062
0.4000667333602905
0.41201096773147583
0.4578688144683838
0.40146806836128235
0.40294888615608215
0.4031035602092743
0.4133875370025635
0.4047582447528839
0.39737141132354736
0.410313218832016
0.4025259017944336
0.39273086190223694
0.41347140073776245
0.41109639406204224
0.4002170264720917
0.41673049330711365
0.5075941681861877
0.43568453192710876
0.40854090452194214
0.3711860775947571
0.39533498883247375
0.412530779838562
0.4240054190158844
0.48082464933395386
0.5295676589012146
0.43484312295913696
0.4445977509021759
0.474800169467926
0.48219364881515503
0.44845491647720337
0.39692071080207825
0.4158388078212738
0.4304048418998718
0.410938024520874
0.4037284851074219
0.4199637174606323
0.39834123849868774
0.3961733877658844
0.40316155552864075
0.39532268047332764
0.4018215835094452
0.3989393413066864
0.3920550048351288
0.4228232800960541
0.3892299234867096
0.394827663898468
0.3950754702091217
0.3963378667831421
0.40055063366889954
0.386905312538147
0.3871718943119049
0.3897089660167694
0.3992702066898346
0.4012666642665863
0.4186006784439087
0.41598767042160034
0.40324264764785767
0.4134730100631714
0.4059182405471802
0.39764121174812317
0.3887457549571991
0.40834540128707886
0.3796410858631134
0.4539242088794708
0.4469398558139801
0.39417368173599243
0.39061638712882996
0.42064037919044495
0.3754396438598633
0.3999254107475281
0.40869325399398804
0.43771228194236755
0.42828312516212463
0.41142159700393677
0.4127839505672455
0.443271279335022
0.4081892967224121
0.3974388837814331
0.4022580087184906
0.40275511145591736
0.4013576805591583
0.3980039060115814
0.3976247310638428
0.40229159593582153
0.4030442237854004
0.39140546321868896
0.37996381521224976
0.40277546644210815
0.430536150932312
0.40637895464897156
0.39263567328453064
0.40550678968429565
0.4094632863998413
0.3924403786659241
0.39907971024513245
0.39165210723876953
0.4211735129356384
0.3985597789287567
0.40616467595100403
0.4081645607948303
0.40549495816230774
0.3975772559642792
0.4164378345012665
0.38939809799194336
0.41898292303085327
0.3974168598651886
0.40061718225479126
0.3950657546520233
0.4700172543525696
0.4461112916469574
0.42454051971435547
0.4627930223941803
0.42396458983421326
0.41604068875312805
0.392631858587265
0.3882887065410614
0.4382072687149048
0.41544467210769653
0.40660184621810913
0.4039662778377533
0.4119756519794464
0.4347516596317291
0.4026172161102295
0.41463780403137207
0.3916543126106262
0.3915916681289673
0.4271624684333801
0.4375917911529541
0.419581800699234
0.4036778211593628
0.40044015645980835
0.3778548240661621
0.3958142101764679
0.4047048091888428
0.37704959511756897
0.40487685799598694
0.4039202928543091
0.3967874050140381
0.4181629717350006
0.4061700403690338
0.3926551938056946
0.41864755749702454
0.38990575075149536
0.3848181962966919
0.4180838465690613
0.48195916414260864
0.4948618710041046
0.4622553288936615
0.48943132162094116
0.48955070972442627
0.47996786236763
0.4004945755004883
0.40866342186927795
0.39730778336524963
0.41905853152275085
0.39664894342422485
0.4082794189453125
0.3957884907722473
0.39790403842926025
0.3830842971801758
0.4080635607242584
0.3700663447380066
0.384468138217926
0.386325478553772
0.4299581050872803
0.435866117477417
0.4134429395198822
0.3930213153362274
0.48432987928390503
0.40944865345954895
0.40254780650138855
0.39299076795578003
0.4191552698612213
0.4110916554927826
0.40449923276901245
0.43116649985313416
0.41485595703125
0.3888712227344513
0.3921228349208832
0.42603209614753723
0.3904062509536743
0.3851965665817261
0.4467920660972595
0.41941961646080017
0.4794706404209137
0.46230438351631165
0.41788581013679504
0.4092055857181549
0.41654422879219055
0.41249850392341614
0.4000270366668701
0.395976185798645
0.3850841820240021
0.4001152515411377
0.41200417280197144
0.388284832239151
0.37732312083244324
0.3985956609249115
0.3802374601364136
0.4132225513458252
0.40227121114730835
0.3868996798992157
0.40476566553115845
0.36800137162208557
0.3893803060054779
0.3909917175769806
0.37924009561538696
0.39363914728164673
0.4045378863811493
0.40066757798194885
0.3884236812591553
0.3896794319152832
0.4117479622364044
0.40041041374206543
0.3858067989349365
0.3974069654941559
0.38682830333709717
0.3929591774940491
0.36989399790763855
0.3887389004230499
0.38290271162986755
0.4049103260040283
0.40560945868492126
0.38531920313835144
0.37286099791526794
0.39993101358413696
0.3773720860481262
0.41200965642929077
0.4047345817089081
0.3878055810928345
0.4274645745754242
0.4011124074459076
0.390179306268692
0.39067700505256653
0.3861522078514099
0.36842939257621765
0.39327138662338257
0.37456345558166504
0.41231492161750793
0.4031200110912323
0.3822869658470154
0.3899899423122406
0.39571404457092285
0.396236389875412
0.4256373643875122
0.3803603947162628
0.39523380994796753
0.36807897686958313
0.3795928359031677
0.37076228857040405
0.395031601190567
0.41636961698532104
0.4072040319442749
0.39689335227012634
0.37677016854286194
0.38131704926490784
0.4033646285533905
0.38231945037841797
0.3837975859642029
0.3919724225997925
0.4040552079677582
0.3960547149181366
0.3877384662628174
0.3937806189060211
0.37111470103263855
0.4026435911655426
0.4094444513320923
0.3922572731971741
0.3838033378124237
0.37597382068634033
0.37582847476005554
0.3797145485877991
0.4054693281650543
0.36956605315208435
0.3661521077156067
0.37215641140937805
0.3696484863758087
0.3855607807636261
0.38081610202789307
0.38172417879104614
0.3908675014972687
0.3988403081893921
0.37494194507598877
0.37813565135002136
0.38485679030418396
0.3748893439769745
0.3722352087497711
0.36719849705696106
0.36819323897361755
0.39137306809425354
0.37287840247154236
0.36415183544158936
0.35999926924705505
0.3775491416454315
0.3825565576553345
0.36668476462364197
0.37345388531684875
0.38379061222076416
0.38295289874076843
0.37005415558815
0.38634833693504333
0.37804800271987915
0.3916020393371582
0.3870547413825989
0.3798551559448242
0.36944326758384705
0.3685074746608734
0.3915152847766876
0.37032797932624817
0.3763861358165741
0.3813546299934387
0.3943304419517517
0.3617597818374634
0.37464842200279236
0.3811436593532562
0.3805902600288391
0.38410913944244385
0.3811778724193573
0.379222571849823
0.36667704582214355
0.38147589564323425
0.37816473841667175
0.3689829111099243
0.3688631057739258
0.36814409494400024
0.36882004141807556
0.3575581908226013
0.3743666410446167
0.3565036654472351
0.37519755959510803
0.3557027280330658
0.37922462821006775
0.38891780376434326
0.3705284893512726
0.37940502166748047
0.3667268753051758
0.3575197160243988
0.3792616128921509
0.3721563518047333
0.38508352637290955
0.37141257524490356
0.361969530582428
0.36286279559135437
0.3953019082546234
0.3870527446269989
0.3875420093536377
0.37762293219566345
0.38468608260154724
0.3723081052303314
0.36784225702285767
0.38730090856552124
0.3667551279067993
0.3910890519618988
0.376254141330719
0.37389397621154785
0.3737936317920685
0.37682244181632996
0.3629770576953888
0.3774460554122925
0.378560334444046
0.38617876172065735
0.3761023283004761
0.37249812483787537
0.36518752574920654
0.3833124339580536
0.3759929835796356
0.38348767161369324
0.3571936786174774
0.36872389912605286
0.3801984190940857
0.37008848786354065
0.3737804889678955
0.40026357769966125
0.38479459285736084
0.38485947251319885
0.3668425381183624
0.37663015723228455
0.3547876179218292
0.36820825934410095
0.38377323746681213
0.3683773875236511
0.37876394391059875
0.3832845985889435
0.3703003525733948
0.37543338537216187
0.38197779655456543
0.3781941533088684
0.35902974009513855
0.3788580000400543
0.37996020913124084
0.35738998651504517
0.36867231130599976
0.37943747639656067
0.366119384765625
0.3704148530960083
0.377233624458313
0.3746036887168884
0.3813718855381012
0.37684428691864014
0.3699800372123718
0.3795925974845886
0.36419713497161865
0.3702660799026489
0.35953468084335327
0.36822235584259033
0.37603339552879333
0.35844624042510986
0.36704763770103455
0.36619168519973755
0.3829791247844696
0.3665773272514343
0.3730687201023102
0.35575437545776367
0.38046935200691223
0.37758132815361023
0.3650294244289398
0.3790317475795746
0.3560523986816406
0.36859190464019775
0.3806217908859253
0.36866438388824463
0.3596001863479614
0.357043981552124
0.3553169369697571
0.3533051609992981
0.3741269111633301
0.37018758058547974
0.37817975878715515
0.37403637170791626
0.3646315932273865
0.3731045722961426
0.36579596996307373
0.3606872856616974
0.35991111397743225
0.36663714051246643
0.37193164229393005
0.36150968074798584
0.37327250838279724
0.3699948787689209
0.3568163216114044
0.37330931425094604
0.3637118935585022
0.36648476123809814
0.3593556582927704
0.36852845549583435
0.36771535873413086
0.37280988693237305
0.3640593886375427
0.3704800009727478
0.36183762550354004
0.36060312390327454
0.3672298192977905
0.35788196325302124
0.3629137873649597
0.3608957827091217
0.36145564913749695
0.37790802121162415
0.36549112200737
0.37215328216552734
0.36937978863716125
0.3583630919456482
0.37424859404563904
0.39006727933883667
0.365896075963974
0.3619469106197357
0.36489203572273254
0.36918726563453674
0.3875545561313629
0.37269356846809387
0.38278988003730774
0.37982362508773804
0.36168649792671204
0.3606388568878174
0.3626285791397095
0.35821932554244995
0.3656637966632843
0.37346720695495605
0.35418686270713806
0.3542519807815552
0.3611986041069031
0.3486293852329254
0.36858755350112915
0.37217599153518677
0.37372440099716187
0.35871651768684387
0.3607264757156372
0.3579023480415344
0.3642576336860657
0.3667733371257782
0.3760048449039459
0.3677436411380768
0.35812318325042725
0.3709827959537506
0.3569355010986328
0.3667772114276886
0.3666823208332062
0.3645341992378235
0.3683335483074188
0.3549352288246155
0.37211155891418457
0.3671787977218628
0.3569313585758209
0.3715633749961853
0.37009599804878235
0.3719981610774994
0.3664831817150116
0.3720434904098511
0.3692342936992645
0.3748982548713684
0.3632968068122864
0.35770371556282043
0.35101327300071716
0.3692198097705841
0.372856467962265
0.3750773072242737
0.35484886169433594
0.3655674159526825
0.3645583391189575
0.358715683221817
0.3621528446674347
0.3707731366157532
0.35907432436943054
0.3628116548061371
0.37523353099823
0.3727112412452698
0.36599668860435486
0.35890036821365356
0.355554461479187
0.3569781184196472
0.3646499812602997
0.34251365065574646
0.3771519064903259
0.38276079297065735
0.3768990933895111
0.3556438088417053
0.3572264611721039
0.36577412486076355
0.3483923673629761
0.3624999225139618
0.35610994696617126
0.3675284683704376
0.37743091583251953
0.3590850234031677
0.36612603068351746
0.35810643434524536
0.3774036765098572
0.3643714189529419
0.3608752191066742
0.3724897503852844
0.36325547099113464
0.37084144353866577
0.37290218472480774
0.36854565143585205
0.3603575825691223
0.36739015579223633
0.36083438992500305
0.35463401675224304
0.3612695038318634
0.37429454922676086
0.36906301975250244
0.36993059515953064
0.3724699020385742
0.37408870458602905
0.36012887954711914
0.35799485445022583
0.3685377538204193
0.36150896549224854
0.37829098105430603
0.36242446303367615
0.3576511740684509
0.370135635137558
0.3549036383628845
0.3643095791339874
0.36616402864456177
0.36640140414237976
0.3667888343334198
0.373788982629776
0.36522942781448364
0.3685285747051239
0.3593180179595947
0.36974212527275085
0.36007454991340637
0.36088061332702637
0.35918310284614563
0.3558632433414459
0.35733649134635925
0.3634314239025116
0.36404141783714294
0.3606674075126648
0.35451266169548035
0.35633864998817444
0.35963988304138184
0.36529284715652466
0.3608746826648712
0.37332481145858765
0.35903385281562805
0.3625067472457886
0.35784393548965454
0.36896008253097534
0.37057533860206604
0.3594805598258972
0.3645745813846588
0.36690500378608704
0.36316218972206116
0.35515353083610535
0.356071799993515
0.3626554608345032
0.366242915391922
0.3744577169418335
0.368191123008728
0.3642771244049072
0.367464154958725
0.35109275579452515
0.34605085849761963
0.367981880903244
0.3651103377342224
0.3565014600753784
0.3648642301559448
0.37084880471229553
0.37115368247032166
0.358174204826355
0.35220736265182495
0.34793126583099365
0.34641242027282715
0.357147753238678
0.3602606952190399
0.36747631430625916
0.34521108865737915
0.36158350110054016
0.3594183325767517
0.35997071862220764
0.35748061537742615
0.3534270226955414
0.3588893711566925
0.3575224280357361
0.3590172231197357
0.35868725180625916
0.3625567555427551
0.36192232370376587
0.3481035828590393
0.36175814270973206
0.36005255579948425
0.3546183407306671
0.3556622266769409
0.35327765345573425
0.3553116023540497
0.36158886551856995
0.36149805784225464
0.36591407656669617
0.36195266246795654
0.3538769483566284
0.346412718296051
0.3583357334136963
0.3624500632286072
0.3640611469745636
0.3571131229400635
0.35336968302726746
0.3586568534374237
0.3657412528991699
0.3669762909412384
0.35889142751693726
0.3657907247543335
0.3526075482368469
0.37024179100990295
0.37090203166007996
0.3756404519081116
0.35906365513801575
0.3612578511238098
0.36144334077835083
0.35430479049682617
0.35649895668029785
0.3562297821044922
0.3483429253101349
0.37130630016326904
0.35165175795555115
0.3683628737926483
0.3664868175983429
0.35171210765838623
0.35475119948387146
0.35623255372047424
0.3612922728061676
0.39281165599823
0.357799768447876
0.3614635765552521
0.3664224147796631
0.3602679371833801
0.368756502866745
0.3660200238227844
0.36465170979499817
0.36192724108695984
0.35668715834617615
0.35712069272994995
0.3548857867717743
0.35600993037223816
0.35434213280677795
0.34434375166893005
0.36606186628341675
0.3566921055316925
0.3585532605648041
0.3434812128543854
0.361329585313797
0.3566945791244507
0.3588945269584656
0.3581608533859253
0.3612343668937683
0.3629463315010071
0.3563985526561737
0.3650422990322113
0.36309826374053955
0.3522314727306366
0.3608742356300354
0.36048150062561035
0.3734617531299591
0.35519731044769287
0.36502233147621155
0.3548106849193573
0.35901767015457153
0.35101965069770813
0.35323870182037354
0.36507943272590637
0.3624764382839203
0.3501953184604645
0.36523404717445374
0.35397106409072876
0.3474865257740021
0.3485215902328491
0.3451433479785919
0.36186012625694275
0.35898569226264954
0.37675443291664124
0.35256072878837585
0.363791286945343
0.3670341670513153
0.3700127899646759
0.3526726961135864
0.3606667220592499
0.3794063329696655
0.3692995309829712
0.36828377842903137
0.3592403531074524
0.36463749408721924
0.3589118421077728
0.3633086383342743
0.3696906268596649
0.35440593957901
0.35721665620803833
0.3624879717826843
0.36618369817733765
0.3577785789966583
0.3544957637786865
0.3526293933391571
0.35580751299858093
0.34827613830566406
0.35985100269317627
0.3614337146282196
0.3625764846801758
0.34605544805526733
0.35134294629096985
0.342693954706192
0.33796223998069763
0.3479562997817993
0.3595476448535919
0.3554864525794983
0.36624762415885925
0.3558107316493988
0.36039596796035767
0.35883063077926636
0.3509442210197449
0.35726654529571533
0.3698473274707794
0.3572690784931183
0.3691693842411041
0.3606502115726471
0.3708087205886841
0.37069809436798096
0.3497132360935211
0.3537071943283081
0.35320061445236206
0.35566166043281555
0.36006125807762146
0.35545438528060913
0.3553250730037689
0.3594037890434265
0.35413241386413574
0.3538821339607239
0.3569869101047516
0.360283762216568
0.3581097722053528
0.345750093460083
0.35947272181510925
0.3512605130672455
0.3634550869464874
0.3499143719673157
0.36952558159828186
0.36068370938301086
0.35483846068382263
0.3606604337692261
0.3473700284957886
0.3682291805744171
0.35203513503074646
0.3531036674976349
0.35682082176208496
0.34816429018974304
0.36209172010421753
0.3612424433231354
0.35892245173454285
0.35835000872612
0.359853595495224
0.3485231399536133
0.3468995988368988
0.36661046743392944
0.36187171936035156
0.3647797405719757
0.36204785108566284
0.3610285222530365
0.35839027166366577
0.35519394278526306
0.35375431180000305
0.3592185974121094
0.3505361080169678
0.3588850498199463
0.3546779453754425
0.35731521248817444
0.3674773573875427
0.36544692516326904
0.3450104296207428
0.3521946370601654
0.3427104651927948
0.3652394115924835
0.3703248202800751
0.3556194007396698
0.3654237985610962
0.3517862558364868
0.3508756756782532
0.35069331526756287
0.3523167073726654
0.3570457100868225
0.3483787477016449
0.34878602623939514
0.3547654151916504
0.3511057496070862
0.35136011242866516
0.3622438907623291
0.3613705337047577
0.3593663275241852
0.34716227650642395
0.3608688712120056
0.35598719120025635
0.35407689213752747
0.35054439306259155
0.3553219735622406
0.35830530524253845
0.3570098280906677
0.36418724060058594
0.3502557575702667
0.3533507287502289
0.3359120786190033
0.34535717964172363
0.3524778187274933
0.3560582101345062
0.3539044260978699
0.34725862741470337
0.34902408719062805
0.3609186112880707
0.3630075752735138
0.35602232813835144
0.3458838164806366
0.35057616233825684
0.3559567928314209
0.3575727343559265
0.34992507100105286
0.3675243556499481
0.3465147316455841
0.33963221311569214
0.34958621859550476
0.37395337224006653
0.344285249710083
0.35718676447868347
0.3453484773635864
0.3508402407169342
0.3538326621055603
0.34620338678359985
0.3567938804626465
0.35455310344696045
0.35382628440856934
0.3615032136440277
0.35412129759788513
0.35540837049484253
0.3497217297554016
0.3526267111301422
0.34415170550346375
0.36162036657333374
0.3482668995857239
0.3501807749271393
0.3552323877811432
0.3598508834838867
0.3585878908634186
0.35410457849502563
0.35918062925338745
0.34782224893569946
0.35330790281295776
0.3455908000469208
0.34217485785484314
0.35176560282707214
0.3485059440135956
0.3510782718658447
0.35596325993537903
0.35539042949676514
0.34597229957580566
0.35951343178749084
0.34132710099220276
0.3551246225833893
0.3567895293235779
0.3411077558994293
0.3448510468006134
0.3616531193256378
0.36042195558547974
0.35877275466918945
0.3618883192539215
0.34876805543899536
0.3557089567184448
0.3503275215625763
0.3541112542152405
0.3481772840023041
0.361998975276947
0.3556923270225525
0.3469822108745575
0.35902461409568787
0.35961613059043884
0.3483574390411377
0.35798606276512146
0.35731008648872375
0.34237900376319885
0.3512542247772217
0.35258638858795166
0.3598093092441559
0.35774821043014526
0.3491229712963104
0.3475756049156189
0.3433685898780823
0.34229496121406555
0.3490722179412842
0.35055723786354065
0.3513536751270294
0.34610384702682495
0.3597322702407837
0.3463948667049408
0.3456207513809204
0.3410071134567261
0.335685670375824
0.35734009742736816
0.3552719056606293
0.3510373830795288
0.3450586795806885
0.3549937307834625
0.35099202394485474
0.3535376191139221
0.3472446799278259
0.35318300127983093
0.35290637612342834
0.3474345803260803
0.3571208715438843
0.3409653604030609
0.35011041164398193
0.34353920817375183
0.3454132080078125
0.35755226016044617
0.33690086007118225
0.34903255105018616
0.35588183999061584
0.3443496823310852
0.3566354513168335
0.3623930811882019
0.344725638628006
0.35499298572540283
0.3479175865650177
0.34643325209617615
0.3471049666404724
0.3485756814479828
0.3617028295993805
0.35093817114830017
0.3491811454296112
0.34767770767211914
0.3620905578136444
0.34266307950019836
0.35440072417259216
0.3500279486179352
0.3484242856502533
0.34860363602638245
0.34765028953552246
0.3551793694496155
0.3590376377105713
0.3520684838294983
0.34527793526649475
0.3545505702495575
0.3503224849700928
0.3552047610282898
0.35029783844947815
0.3570483326911926
0.3488536477088928
0.3491484522819519
0.34797170758247375
0.3433225750923157
0.34766626358032227
0.3445507287979126
0.3446163237094879
0.3525780737400055
0.35156959295272827
0.34719523787498474
0.3418680727481842
0.3378467559814453
0.3536224067211151
0.3439539670944214
0.35830435156822205
0.3509674072265625
0.35717931389808655
0.36147433519363403
0.3592042624950409
0.3490065932273865
0.36200404167175293
0.34444451332092285
0.35423699021339417
0.3513886034488678
0.34891802072525024
0.3427058756351471
0.3331872224807739
0.3518702983856201
0.3568077087402344
0.35322996973991394
0.3475992679595947
0.35233381390571594
0.3687041103839874
0.3541855216026306
0.3370394706726074
0.3507689833641052
0.35501182079315186
0.3525926470756531
0.35336485505104065
0.3436410427093506
0.345547080039978
0.33858391642570496
0.3451600968837738
0.350408673286438
0.3479540944099426
0.3499801754951477
0.35213518142700195
0.3402153253555298
0.35046684741973877
0.34868162870407104
0.3464130163192749
0.33904939889907837
0.33456656336784363
0.3552801012992859
0.3429443836212158
0.3540400564670563
0.34468308091163635
0.3418906033039093
0.3397442400455475
0.3561076819896698
0.350064218044281
0.3484814465045929
0.347185343503952
0.35124701261520386
0.35863301157951355
0.3486173152923584
0.33785170316696167
0.34518396854400635
0.3416159152984619
0.352312833070755
0.35042691230773926
0.3420659899711609
0.3436254560947418
0.3466308116912842
0.3538031280040741
0.3440497815608978
0.34744805097579956
0.3513543903827667
0.34188711643218994
0.3458075225353241
0.34199705719947815
0.34893590211868286
0.3426307141780853
0.34096404910087585
0.3507506847381592
0.34225940704345703
0.351253867149353
0.3447332978248596
0.3516859710216522
0.34241512417793274
0.3477144241333008
0.3512861430644989
0.3456186354160309
0.3511120080947876
0.3501496911048889
0.3415037989616394
0.3572670817375183
0.34134042263031006
0.35456687211990356
0.34409022331237793
0.3357739746570587
0.3437320590019226
0.34960052371025085
0.34681007266044617
0.3395678400993347
0.35078540444374084
0.3400660455226898
0.34210115671157837
0.3506612479686737
0.3461901545524597
0.3580937087535858
0.3425179719924927
0.3508899509906769
0.34731170535087585
0.34437036514282227
0.35136735439300537
0.34330394864082336
0.34890493750572205
0.35301294922828674
0.3331174850463867
0.35378044843673706
0.34674888849258423
0.3550095558166504
0.35037940740585327
0.34909453988075256
0.34533068537712097
0.33990854024887085
0.3504863977432251
0.3458477854728699
0.356739342212677
0.350040465593338
0.3520202338695526
0.34781500697135925
0.3374548554420471
0.348319947719574
0.35083308815956116
0.348910927772522
0.3437798321247101
0.35494035482406616
0.34664854407310486
0.3517650365829468
0.3360503911972046
0.34653690457344055
0.34722089767456055
0.34820643067359924
0.34326714277267456
0.3508111536502838
0.34091538190841675
0.34893083572387695
0.34527426958084106
0.35368844866752625
0.35453012585639954
0.3398151397705078
0.34571030735969543
0.34484654664993286
0.3587307631969452
0.3478866517543793
0.35231542587280273
0.34431323409080505
0.3537205159664154
0.34855103492736816
0.34998053312301636
0.34587207436561584
0.34339916706085205
0.3530237078666687
0.34284040331840515
0.34731438755989075
0.3338763117790222
0.3486288785934448
0.3508720397949219
0.3448553681373596
0.3468751013278961
0.34972286224365234
0.3482092320919037
0.35102400183677673
0.35205307602882385
0.35260942578315735
0.34817934036254883
0.3342456519603729
0.3358983099460602
0.3466961681842804
0.3553604185581207
0.33995237946510315
0.34869152307510376
0.35160642862319946
0.3368969261646271
0.3476436734199524
0.3377736210823059
0.34699395298957825
0.35336771607398987
0.34170061349868774
0.3529878556728363
0.35424548387527466
0.34377267956733704
0.35504817962646484
0.33692726492881775
0.33803755044937134
0.3501817584037781
0.34121933579444885
0.3536583185195923
0.3486315906047821
0.3554304242134094
0.35034918785095215
0.35272476077079773
0.34722310304641724
0.3556426763534546
0.344322144985199
0.3400057554244995
0.3424052894115448
0.33956611156463623
0.3432738780975342
0.35012727975845337
0.3395732641220093
0.3451234698295593
0.34292563796043396
0.34277626872062683
0.35372400283813477
0.36465030908584595
0.34948045015335083
0.3525107502937317
0.34763622283935547
0.35049769282341003
0.3418046832084656
0.34774479269981384
0.33775392174720764
0.34848177433013916
0.3418867290019989
0.3421282172203064
0.35178086161613464
0.34120312333106995
0.3441871702671051
0.3444676101207733
0.34554868936538696
0.34974581003189087
0.3584531247615814
0.33930423855781555
0.34811219573020935
0.3479054272174835
0.3373281955718994
0.335529625415802
0.35953056812286377
0.35667118430137634
0.3537663519382477
0.3497784733772278
0.34071600437164307
0.34853920340538025
0.34684520959854126
0.3471871614456177
0.3447054624557495
0.3498421609401703
0.35622528195381165
0.33805912733078003
0.3407049775123596
0.3430712819099426
0.33817797899246216
0.3479838967323303
0.3436170220375061
0.33620184659957886
0.3455738425254822
0.3420752286911011
0.3381730914115906
0.35066303610801697
0.3561096787452698
0.34151241183280945
0.3375939726829529
0.3429587781429291
0.34802669286727905
0.3535669445991516
0.33722683787345886
0.34717148542404175
0.3425324261188507
0.34707435965538025
0.35277631878852844
0.34257209300994873
0.340902179479599
0.3402446210384369
0.3342643976211548
0.340079128742218
0.34659242630004883
0.34996122121810913
0.34990400075912476
0.3398973345756531
0.34678328037261963
0.35326048731803894
0.34641292691230774
0.35702475905418396
0.3450775742530823
0.33711305260658264
0.35244590044021606
0.34130969643592834
0.34371572732925415
0.33949699997901917
0.3298308849334717
0.346363365650177
0.3397309184074402
0.34094637632369995
0.3508762717247009
0.339500367641449
0.3496113419532776
0.3481023907661438
0.35279589891433716
0.3346671164035797
0.3394206762313843
0.34322410821914673
0.3492131233215332
0.3383500874042511
0.34558722376823425
0.34403422474861145
0.33591383695602417
0.3422539532184601
0.3285382091999054
0.34991636872291565
0.35027462244033813
0.35318535566329956
0.34587034583091736
0.3442121744155884
0.349950909614563
0.3483862578868866
0.33876362442970276
0.34412941336631775
0.349492609500885
0.33047008514404297
0.35282376408576965
0.34907788038253784
0.3358486294746399
0.35312244296073914
0.342744380235672
0.3556307554244995
0.3333147466182709
0.35061824321746826
0.3575449287891388
0.3341382145881653
0.33482006192207336
0.3402140736579895
0.33849889039993286
0.33212438225746155
0.3534720242023468
0.3445311486721039
0.34675461053848267
0.34541913866996765
0.34075894951820374
0.3308430016040802
0.33590808510780334
0.3471686840057373
0.34557223320007324
0.3638070225715637
0.35140955448150635
0.3487122058868408
0.34208062291145325
0.34291553497314453
0.34258511662483215
0.34610870480537415
0.33726346492767334
0.34642493724823
0.3442992866039276
0.3459470868110657
0.3453846275806427
0.3553445041179657
0.34849223494529724
0.34297269582748413
0.34791648387908936
0.3390977680683136
0.3351134955883026
0.33372750878334045
0.3493925929069519
0.3444809019565582
0.3388272225856781
0.3483298420906067
0.34156888723373413
0.3418840169906616
0.3398132920265198
0.3414456248283386
0.34061697125434875
0.3476823568344116
0.3308715224266052
0.34124183654785156
0.34694406390190125
0.33967047929763794
0.33573660254478455
0.33946871757507324
0.342865526676178
0.33818432688713074
0.3448830842971802
0.34959280490875244
0.35165998339653015
0.3482947051525116
0.35066303610801697
0.34151825308799744
0.3417440354824066
0.34690558910369873
0.34336429834365845
0.3477226197719574
0.3427426517009735
0.33922961354255676
0.3391195833683014
0.33986878395080566
0.3444223999977112
0.3472234606742859
0.3547652065753937
0.352255254983902
0.3449271619319916
0.3343745768070221
0.3419811427593231
0.3561820387840271
0.3435400426387787
0.33849036693573
0.3293236792087555
0.33942723274230957
0.35499367117881775
0.35016849637031555
0.36781609058380127
0.3404320478439331
0.343098521232605
0.3515058159828186
0.33955636620521545
0.33378058671951294
0.3448024392127991
0.3432992696762085
0.3514694571495056
0.3306155800819397
0.34269246459007263
0.33748769760131836
0.34663769602775574
0.34210437536239624
0.3440898060798645
0.3374829590320587
0.3369717299938202
0.3395862281322479
0.3438267111778259
0.33698758482933044
0.33809787034988403
0.3554181754589081
0.34837576746940613
0.340257465839386
0.347116619348526
0.34402281045913696
0.3499488830566406
0.3499329686164856
0.3406409025192261
0.3334602415561676
0.3472093343734741
0.3558814823627472
0.3435072898864746
0.339888334274292
0.3347777724266052
0.34675461053848267
0.35144686698913574
0.3481193780899048
0.33988091349601746
0.33708199858665466
0.3380280137062073
0.35583916306495667
0.3397810459136963
0.3374106287956238
0.35095685720443726
0.3409029245376587
0.33277058601379395
0.35084447264671326
0.34511396288871765
0.3440384566783905
0.3372972309589386
0.3399670422077179
0.33833417296409607
0.3441895544528961
0.33705955743789673
0.3349582850933075
0.3367021083831787
0.3366176187992096
0.34281185269355774
0.34331879019737244
0.33499565720558167
0.3552702069282532
0.3547903895378113
0.34654608368873596
0.3528570830821991
0.34587356448173523
0.3431898355484009
0.3536176383495331
0.35195210576057434
0.3377750813961029
0.33904173970222473
0.3527243733406067
0.35048940777778625
0.34819915890693665
0.3469555675983429
0.3423270583152771
0.35448452830314636
0.33850517868995667
0.3391137421131134
0.3445470631122589
0.33900782465934753
0.33902543783187866
0.351395845413208
0.3385693430900574
0.34358838200569153
0.33878377079963684
0.3436608612537384
0.34834420680999756
0.3487614095211029
0.34414851665496826
0.3414264917373657
0.34065675735473633
0.3444923162460327
0.3459482789039612
0.34295496344566345
0.336086630821228
0.33951377868652344
0.3495640158653259
0.351859986782074
0.3386536240577698
0.34691351652145386
0.3373357355594635
0.3462477922439575
0.34502285718917847
0.35049521923065186
0.34795665740966797
0.34427568316459656
0.34869056940078735
0.3376614451408386
0.35487982630729675
0.34982073307037354
0.3421114981174469
0.3481582999229431
0.3497903048992157
0.34536147117614746
0.34149661660194397
0.33472302556037903
0.34456828236579895
0.3505309224128723
0.35426563024520874
0.3337019085884094
0.3311105966567993
0.34104666113853455
0.3341010808944702
0.34653592109680176
0.3482246994972229
0.343400239944458
0.34052327275276184
0.3544688820838928
0.3356013298034668
0.35586100816726685
0.34361428022384644
0.3409532308578491
0.33887410163879395
0.3366585969924927
0.3559516370296478
0.3413495123386383
0.3351125419139862
0.34251365065574646
0.34145912528038025
0.34590938687324524
0.3394280672073364
0.34789374470710754
0.34317901730537415
0.34346628189086914
0.35269713401794434
0.34089091420173645
0.32783043384552
0.3474768400192261
0.3487539291381836
0.3321601450443268
0.33624446392059326
0.347616583108902
0.35474979877471924
0.3464584946632385
0.32921478152275085
0.3421960771083832
0.3458388149738312
0.3417337238788605
0.3463059067726135
0.3523373603820801
0.34542974829673767
0.3454316258430481
0.3412206470966339
0.35639703273773193
0.3427821695804596
0.3452341556549072
0.3583827018737793
0.3383500277996063
0.3543110191822052
0.34349653124809265
0.34235328435897827
0.34814929962158203
0.3450974225997925
0.3436446785926819
0.343677282333374
0.3483172655105591
0.34023839235305786
0.33808013796806335
0.3536004424095154
0.3408741354942322
0.3387295603752136
0.34153658151626587
0.33409297466278076
0.33616140484809875
0.34262409806251526
0.3340045213699341
0.34215661883354187
0.33671632409095764
0.3405977785587311
0.34238991141319275
0.3425075113773346
0.3479230999946594
0.33865809440612793
0.34224987030029297
0.34487247467041016
0.3295668661594391
0.3435141444206238
0.34946778416633606
0.34536513686180115
0.35248371958732605
0.3522490859031677
0.350882351398468
0.34754905104637146
0.3542177975177765
0.35036325454711914
0.35164543986320496
0.34225133061408997
0.3355659246444702
0.33626338839530945
0.340036541223526
0.3373197913169861
0.33748313784599304
0.3322620093822479
0.3439578413963318
0.33985474705696106
0.34063059091567993
0.33690720796585083
0.339419424533844
0.3502850830554962
0.339443176984787
0.35246792435646057
0.3521823585033417
0.3443925678730011
0.3411250710487366
0.3467792272567749
0.3395611643791199
0.3416759669780731
0.3449394106864929
0.3428068459033966
0.348349928855896
0.3537966012954712
0.33947834372520447
0.34279921650886536
0.3443721830844879
0.3421621024608612
0.3542932868003845
0.34554457664489746
0.3562643527984619
0.33321598172187805
0.3409716784954071
0.33465665578842163
0.3478902280330658
0.3391192853450775
0.34296801686286926
0.33029705286026
0.3483125567436218
0.3526798486709595
0.34101060032844543
0.3448909521102905
0.3427497148513794
0.34412476420402527
0.3494001626968384
0.34845468401908875
0.3396572768688202
0.3459700047969818
0.3507102429866791
0.3468977212905884
0.35398197174072266
0.3428035080432892
0.34693291783332825
0.34750887751579285
0.33834657073020935
0.33476513624191284
0.34021639823913574
0.3400474488735199
0.33734560012817383
0.33397823572158813
0.3281961679458618
0.3546411991119385
0.3415369391441345
0.33022642135620117
0.3448546230792999
0.33998414874076843
0.3369591236114502
0.3437883257865906
0.33955034613609314
0.34177181124687195
0.3379128873348236
0.34404999017715454
0.33798375725746155
0.3438427746295929
0.3430083692073822
0.33822980523109436
0.33968186378479004
0.3479573726654053
0.3373582065105438
0.34396791458129883
0.3541547954082489
0.3489997386932373
0.3307550549507141
0.34617793560028076
0.35413238406181335
0.34173330664634705
0.3362441062927246
0.34662678837776184
0.34679707884788513
0.35042983293533325
0.3491128385066986
0.34013208746910095
0.339200496673584
0.33328989148139954
0.34372177720069885
0.34793320298194885
0.34463071823120117
0.3402724862098694
0.34745898842811584
0.3345913290977478
0.35051223635673523
0.3384609520435333
0.33632346987724304
0.343477338552475
0.3364614248275757
0.34302347898483276
0.3451882600784302
0.3358100354671478
0.3437961935997009
0.34604117274284363
0.3390349745750427
0.3531912565231323
0.33823034167289734
0.33321207761764526
0.3411209285259247
0.3417336642742157
0.3460477888584137
0.3352981209754944
0.3363725244998932
0.342477411031723
0.3438989520072937
0.33559131622314453
0.34506601095199585
0.3366456925868988
0.3376851975917816
0.3485775589942932
0.341998815536499
0.3483960032463074
0.34193605184555054
0.34631627798080444
0.341724157333374
0.3324165344238281
0.3425111472606659
0.3399956226348877
0.3515143096446991
0.34435319900512695
0.35331934690475464
0.34590014815330505
0.3410784900188446
0.323748916387558
0.3308350145816803
0.33766624331474304
0.35189929604530334
0.3423995077610016
0.3517805337905884
0.3316256105899811
0.3420254588127136
0.33679109811782837
0.34937623143196106
0.34464824199676514
0.3400510847568512
0.33592501282691956
0.3489173948764801
0.3327888250350952
0.3372408151626587
0.34133049845695496
0.33865824341773987
0.3466809093952179
0.3456200361251831
0.3441082537174225
0.34628650546073914
0.3426855206489563
0.3442375063896179
0.34342387318611145
0.3346399962902069
0.33535099029541016
0.33091840147972107
0.34770408272743225
0.34086355566978455
0.34373241662979126
0.34374430775642395
0.3314279019832611
0.3424379527568817
0.34795519709587097
0.3482925593852997
0.3461470305919647
0.3397664725780487
0.33508118987083435
0.36049553751945496
0.34679779410362244
0.33770686388015747
0.3429607152938843
0.3427398204803467
0.34351491928100586
0.35063743591308594
0.35154619812965393
0.335388720035553
0.34882473945617676
0.34485217928886414
0.34861576557159424
0.33314061164855957
0.35268011689186096
0.3412531316280365
0.33635270595550537
0.34992334246635437
0.3388860523700714
0.34849783778190613
0.3374937176704407
0.3426532745361328
0.3437232971191406
0.34600645303726196
0.3485805094242096
0.3443884551525116
0.34222015738487244
0.33028262853622437
0.3490874469280243
0.33659929037094116
0.3521733283996582
0.3429383337497711
0.35324081778526306
0.35135167837142944
0.3563857972621918
0.33714184165000916
0.34156081080436707
0.3491308391094208
0.34526175260543823
0.3417324125766754
0.3372853100299835
0.34794023633003235
0.34777554869651794
0.3345469534397125
0.3481111526489258
0.33505722880363464
0.33745884895324707
0.34507811069488525
0.3395555317401886
0.3508484363555908
0.3356027901172638
0.34686100482940674
0.35358312726020813
0.3350188732147217
0.34075087308883667
0.3402708172798157
0.3485608696937561
0.3400706648826599
0.33787044882774353
0.35165271162986755
0.34469062089920044
0.33832597732543945
0.34697845578193665
0.34040841460227966
0.3564504086971283
0.34507569670677185
0.34603798389434814
0.33490046858787537
0.3450465798377991
0.335822731256485
0.3447299301624298
0.35452795028686523
0.347585529088974
0.33706018328666687
0.35132840275764465
0.3498802185058594
0.33719590306282043
0.3428346514701843
0.33751043677330017
0.3468613028526306
0.35322266817092896
0.34275534749031067
0.3462306559085846
0.339298814535141
0.3419191837310791
0.34409382939338684
0.3436375856399536
0.355106920003891
0.3475343585014343
