21.63888168334961
13.87946891784668
11.224479675292969
9.371896743774414
6.902994155883789
6.317808628082275
5.481838703155518
4.486710071563721
4.784051895141602
2.968939781188965
2.1549854278564453
1.9353128671646118
1.6522853374481201
1.3233240842819214
1.0064765214920044
0.999016523361206
0.9304242730140686
0.9155490398406982
0.8615050315856934
0.8305159211158752
0.9044861793518066
0.7848580479621887
0.7614392638206482
0.6391722559928894
0.8193750977516174
0.6609493494033813
0.6309943199157715
0.6817813515663147
0.6097848415374756
0.6229289174079895
0.6828992366790771
0.6061751842498779
0.617384135723114
0.5379096865653992
0.5687107443809509
0.5786148309707642
0.563132107257843
0.5503491759300232
0.49404844641685486
0.5119983553886414
0.5829124450683594
0.6438259482383728
0.5870853066444397
0.7692118883132935
0.6596347689628601
1.0830109119415283
0.6468343734741211
0.5909709930419922
0.5779054760932922
0.5417374968528748
0.5639027953147888
0.5279281735420227
0.5404454469680786
0.5009692311286926
0.48597100377082825
0.6424131989479065
0.5518035292625427
1.1694456338882446
0.6516575217247009
0.6792289018630981
0.881439208984375
0.6664586663246155
0.6584845781326294
0.6166594624519348
0.6180301308631897
0.5875465273857117
0.6264261603355408
0.5393094420433044
0.6214222311973572
0.528427243232727
1.0957412719726562
0.9048086404800415
0.6526151299476624
0.697072446346283
0.5984855890274048
0.6870898604393005
0.6889840960502625
0.5677918195724487
0.5173285603523254
0.47578564286231995
0.45406946539878845
0.4854781925678253
0.5118036270141602
0.4650726318359375
0.4888975918292999
0.5596626400947571
0.5783836841583252
0.5382397174835205
0.5447090268135071
0.5294963717460632
0.4669846296310425
0.5105448961257935
1.2979289293289185
0.823354959487915
0.837810754776001
0.8052176833152771
0.875953733921051
0.8436344861984253
0.686610221862793
0.6713959574699402
0.7423045039176941
0.6042056679725647
0.5259309411048889
0.7648393511772156
0.5057680010795593
0.5398091077804565
0.5075116157531738
0.53298020362854
0.5000953674316406
0.5065733790397644
0.4560036361217499
0.7844948768615723
0.5900937914848328
0.6450510025024414
0.6036394834518433
0.6237152218818665
0.5085861086845398
0.5262302160263062
0.4891500174999237
0.44800588488578796
0.44683384895324707
0.4184848368167877
0.4552723467350006
0.43100374937057495
0.5124125480651855
0.45099666714668274
0.460288941860199
0.4464106559753418
0.45455998182296753
0.42769569158554077
0.42747968435287476
0.4539097547531128
0.41381725668907166
0.4306473433971405
0.4584401547908783
0.5464804768562317
0.5422924757003784
0.5054721832275391
0.4879605174064636
0.5545082688331604
0.46247097849845886
0.4558800458908081
0.5155361294746399
0.44246068596839905
0.4064359664916992
0.41444724798202515
0.4874860942363739
0.432474285364151
0.42151811718940735
0.453940749168396
0.426849901676178
0.4445308744907379
0.48735716938972473
0.4243331849575043
0.4425918161869049
0.42461568117141724
0.426190048456192
0.415438175201416
0.657879650592804
0.7074145078659058
0.4750592112541199
0.48494499921798706
0.7672207355499268
0.556567907333374
0.6147128343582153
0.5494306087493896
0.942694365978241
0.5459396243095398
0.49925073981285095
0.4581170380115509
0.6197246313095093
0.4397827386856079
0.45023080706596375
0.43882232904434204
0.41129589080810547
0.4235324561595917
0.43108269572257996
0.4682454764842987
0.6025984287261963
0.8515986204147339
0.7756643891334534
0.6833509206771851
0.5720998048782349
0.5613508820533752
0.7248284220695496
0.5211555361747742
0.5865983366966248
0.502471923828125
0.47146448493003845
0.4359540641307831
0.4777276813983917
0.45120853185653687
0.503808856010437
0.4815336763858795
0.4576127827167511
0.5030073523521423
0.4280087947845459
0.46238604187965393
0.49792400002479553
0.42825716733932495
0.44520753622055054
0.4384140074253082
0.4613516628742218
0.5277856588363647
0.4653289020061493
0.4467484951019287
0.39711499214172363
0.45469504594802856
0.39080676436424255
0.4219282269477844
0.4224596917629242
0.4495256245136261
0.41979551315307617
0.42919936776161194
0.44545504450798035
0.42182835936546326
0.39675500988960266
0.38858509063720703
0.6415824294090271
0.4831089973449707
0.4522212743759155
0.478902131319046
0.4448288679122925
0.44168123602867126
0.45182329416275024
0.5006526708602905
0.43673276901245117
0.406738817691803
0.44417598843574524
0.3929588198661804
0.38657885789871216
0.4055767059326172
0.37448978424072266
0.45188114047050476
0.42742058634757996
0.44310563802719116
0.3787273168563843
0.38973939418792725
0.40875402092933655
0.4183606207370758
0.5037038922309875
0.489335298538208
0.5720056295394897
0.5513343811035156
0.5777699947357178
0.5939762592315674
0.4925110638141632
0.5428896546363831
0.510854184627533
0.4717613458633423
0.4406522512435913
0.5041908025741577
0.4393647015094757
0.7481582164764404
0.5505174994468689
0.5528560876846313
0.5856148600578308
0.5031031966209412
0.46018487215042114
0.4796173870563507
0.4909762442111969
0.48595118522644043
0.45831379294395447
0.44323259592056274
0.4414599537849426
0.44641730189323425
0.43475547432899475
0.455525279045105
0.41989949345588684
0.44394949078559875
0.3985106647014618
0.4465036392211914
0.4441370368003845
0.43344277143478394
0.39840441942214966
0.40139684081077576
0.4192962646484375
0.4170037508010864
0.3874601423740387
0.39810803532600403
0.4126126170158386
0.3923948407173157
0.42674341797828674
0.4636807441711426
0.4787752032279968
0.40646857023239136
0.47104665637016296
0.43365344405174255
0.4110657870769501
0.4562578499317169
0.40703389048576355
0.4745655357837677
0.43533027172088623
0.3970220386981964
0.36790433526039124
0.38033291697502136
0.39230719208717346
0.5580185651779175
0.44013920426368713
0.45040979981422424
0.4866939187049866
0.44825872778892517
0.44831743836402893
0.5016290545463562
0.44636544585227966
0.38843902945518494
0.4522128403186798
0.4512038230895996
0.4563775062561035
0.4180527329444885
0.40245941281318665
0.4141426980495453
0.40742868185043335
0.4013310670852661
0.41119489073753357
0.36944952607154846
0.3816170394420624
0.38815754652023315
0.38661736249923706
0.374920517206192
1.007704257965088
0.4487878382205963
0.49838271737098694
0.5050626993179321
1.0783358812332153
0.8309099078178406
0.661628007888794
0.8537042737007141
0.5754978060722351
0.4731833338737488
0.6450377702713013
0.4676980972290039
0.43528178334236145
0.43773430585861206
0.4352898895740509
0.43908411264419556
0.42672476172447205
0.4435535967350006
0.47071582078933716
0.4369564950466156
0.4272311329841614
0.39551517367362976
0.49784204363822937
0.43133559823036194
0.49085813760757446
0.4499708116054535
0.40273839235305786
0.5744591951370239
0.4619278013706207
0.455974817276001
0.4191584587097168
0.39826396107673645
0.4368012249469757
0.41177991032600403
0.40011709928512573
0.5266663432121277
0.51945960521698
0.5257118940353394
0.4379861354827881
0.4541413486003876
0.4247564375400543
0.4020732641220093
0.4065041244029999
0.4364502429962158
0.49901846051216125
0.43454012274742126
0.45958811044692993
0.40971797704696655
0.4112476110458374
0.4481896758079529
0.41739794611930847
0.38402730226516724
0.4877451956272125
0.37617453932762146
0.3845011293888092
0.3907884359359741
0.3801637291908264
0.39653104543685913
0.36856377124786377
0.5310406684875488
0.4781966507434845
0.4277072250843048
0.4233074188232422
0.4199464023113251
0.3985365033149719
0.3851844370365143
0.6196408271789551
0.5122066736221313
0.4855096638202667
0.5034974217414856
0.42950257658958435
0.5709656476974487
0.5175214409828186
0.47824543714523315
0.5006961822509766
0.4049772322177887
0.3960060179233551
0.39903315901756287
0.40316131711006165
0.3749009072780609
0.3725047707557678
0.38612934947013855
0.3659396767616272
0.3943447470664978
0.5598120093345642
0.4497714340686798
0.4525775909423828
0.43136629462242126
0.5414568185806274
0.44709548354148865
0.3951275944709778
0.3864913582801819
0.3977850675582886
0.3883479833602905
0.3784567713737488
0.37930285930633545
0.4232691526412964
0.4694656431674957
0.42046821117401123
0.43969646096229553
0.3697221875190735
0.3679703176021576
0.37664318084716797
0.3911967873573303
0.42558881640434265
0.3830140233039856
0.3777393102645874
0.37333598732948303
0.3913712501525879
0.39797428250312805
0.38310864567756653
0.3939463496208191
0.40477022528648376
0.37593400478363037
0.36686426401138306
0.37406787276268005
0.37598949670791626
0.3951314389705658
0.4524403512477875
0.4227905869483948
0.5298708081245422
0.49036675691604614
0.4377550184726715
0.4222244322299957
0.3823225200176239
0.3858257234096527
0.3872584104537964
0.3775492310523987
0.3680487275123596
0.36450037360191345
0.3736942708492279
0.3567385673522949
0.43106335401535034
0.3838859796524048
0.384311705827713
0.3793250620365143
0.41299983859062195
0.44687166810035706
0.3898254930973053
0.380910724401474
0.3632449805736542
0.35730889439582825
0.36000993847846985
0.36408886313438416
0.38583335280418396
0.36914852261543274
0.36671626567840576
0.37130576372146606
0.3547510504722595
0.3858610689640045
0.3651517629623413
0.40522366762161255
0.42234060168266296
0.3559449315071106
0.3735986053943634
0.3983202874660492
0.37253057956695557
0.36727893352508545
0.36564695835113525
0.4102977514266968
0.3761746287345886
0.3719269037246704
0.3776353597640991
0.382293164730072
0.3518638610839844
0.3508431911468506
0.353885680437088
0.3438205122947693
0.35096675157546997
0.3553408980369568
0.35335996747016907
0.3453456461429596
0.35108238458633423
0.354132741689682
0.34685391187667847
0.35580721497535706
0.33737775683403015
0.3419036865234375
0.38407689332962036
0.3577827513217926
0.3513261675834656
0.3582679033279419
0.3560006320476532
0.3628893792629242
0.36470407247543335
0.3644530177116394
0.34664982557296753
0.3386446237564087
0.36460718512535095
0.3559272587299347
0.35512781143188477
0.33471134305000305
0.342619389295578
0.3544009327888489
0.3540794253349304
0.375417560338974
0.3717498183250427
0.3468078076839447
0.35544276237487793
0.36180317401885986
0.36523744463920593
0.3890910744667053
0.4007285535335541
0.35460782051086426
0.3712867796421051
0.3674043118953705
0.3862326741218567
0.3651350438594818
0.35336580872535706
0.37158340215682983
0.37202587723731995
0.36621853709220886
0.3640289902687073
0.46242374181747437
0.3460254371166229
0.4002878665924072
0.3752513527870178
0.35429662466049194
0.3846522867679596
0.3674880564212799
0.35238856077194214
0.3785555064678192
0.36095064878463745
0.35420364141464233
0.36381766200065613
0.37038499116897583
0.3777833580970764
0.3729196786880493
0.3656637966632843
0.35586637258529663
0.3539300262928009
0.3578854501247406
0.3550552725791931
0.4541597068309784
0.385991632938385
0.3810800611972809
0.3588436543941498
0.3589863181114197
0.3725135922431946
0.37894871830940247
0.3816794157028198
0.35893040895462036
0.3717072904109955
0.36009350419044495
0.3633913993835449
0.3737918734550476
0.36002713441848755
0.34859809279441833
0.3436926603317261
0.3510916233062744
0.35582447052001953
0.3484307825565338
0.3578408360481262
0.35551390051841736
0.3529433012008667
0.3625408411026001
0.35935404896736145
0.35544124245643616
0.3733161985874176
0.35376012325286865
0.34726008772850037
0.3446515202522278
0.3778470456600189
0.3521849811077118
0.3617593050003052
0.3496801555156708
0.3608984649181366
0.34203416109085083
0.34222713112831116
0.3568130135536194
0.3566408157348633
0.34147122502326965
0.3451167643070221
0.3479609489440918
0.3481915295124054
0.35839709639549255
0.34352046251296997
0.35995855927467346
0.34742361307144165
0.36485588550567627
0.3578405976295471
0.3632565438747406
0.3477296829223633
0.3458334803581238
0.3374485969543457
0.3450466990470886
0.36042919754981995
0.3555692136287689
0.34819233417510986
0.353362500667572
0.35297125577926636
0.3599395751953125
0.38215333223342896
0.3542192876338959
0.38027453422546387
0.3442353308200836
0.34608596563339233
0.38188186287879944
0.35740914940834045
0.36058494448661804
0.3584006428718567
0.3753143846988678
0.37029829621315
0.3751661479473114
0.3476859927177429
0.3775500953197479
0.35930901765823364
0.35300347208976746
0.35324665904045105
0.3544166684150696
0.3900200426578522
0.34975677728652954
0.3642693758010864
0.348745197057724
0.343657910823822
0.37310001254081726
0.3488095998764038
0.33896103501319885
0.3576369881629944
0.40439361333847046
0.3672850728034973
0.34733816981315613
0.33708828687667847
0.347622275352478
0.3360919654369354
0.35020384192466736
0.34700778126716614
0.3442981243133545
0.336006760597229
0.3407756984233856
0.34483999013900757
0.3394240438938141
0.33538204431533813
0.3301346004009247
0.3462813198566437
0.3591952621936798
0.3604798913002014
0.3433838188648224
0.3552497327327728
0.3713425099849701
0.3513753414154053
0.3582136332988739
0.3449888825416565
0.3423084318637848
0.35794973373413086
0.33927667140960693
0.35027047991752625
0.3467981517314911
0.3807295262813568
0.36508122086524963
0.3628826141357422
0.34453022480010986
0.3346494734287262
0.41545408964157104
0.4126777946949005
0.418887734413147
0.39311811327934265
0.39696812629699707
0.3708822727203369
0.3633002042770386
0.3708268105983734
0.3555977940559387
0.38840147852897644
0.35276782512664795
0.3525462746620178
0.35405924916267395
0.34254351258277893
0.34312620759010315
0.34933337569236755
0.384491503238678
0.37172362208366394
0.3471926152706146
0.3413935899734497
0.3384007513523102
0.3337251543998718
0.34266355633735657
0.3371601402759552
0.3408416211605072
0.3473820090293884
0.35730618238449097
0.3548860549926758
0.35897937417030334
0.35635098814964294
0.3583851754665375
0.3440095782279968
0.35727933049201965
0.3452007472515106
0.35947903990745544
0.38425877690315247
0.36798325181007385
0.3698198199272156
0.354867160320282
0.35094696283340454
0.343037486076355
0.35611850023269653
0.3421144485473633
0.3467421531677246
0.3466254770755768
0.33991527557373047
0.3394912779331207
0.336586058139801
0.33163267374038696
0.33711257576942444
0.3449908494949341
0.3451481759548187
0.34505051374435425
0.40733131766319275
0.38639867305755615
0.3868444859981537
0.3584163784980774
0.3998086452484131
0.3805365562438965
0.3580976724624634
0.33872780203819275
0.3508935272693634
0.348552405834198
0.3350221514701843
0.3472546637058258
0.3622921407222748
0.4264019727706909
0.42163509130477905
0.3623042106628418
0.35480913519859314
0.3841085135936737
0.3626970648765564
0.34829214215278625
0.3455464541912079
0.36418381333351135
0.33923113346099854
0.39049482345581055
0.46431246399879456
0.38055622577667236
0.3770134150981903
0.3714110851287842
0.36269301176071167
0.3522893488407135
0.3713427186012268
0.3618617057800293
0.3552509844303131
0.3521687984466553
0.35425078868865967
0.33683687448501587
0.3600418269634247
0.353294312953949
0.35516247153282166
0.34579405188560486
0.3737826943397522
0.42052870988845825
0.3567144572734833
0.3526594638824463
0.3632141649723053
0.35141846537590027
0.34353721141815186
0.34917759895324707
0.3492814898490906
0.34747663140296936
0.3432700037956238
0.3496825397014618
0.36452871561050415
0.372293084859848
0.3619610369205475
0.38778820633888245
0.3635341227054596
0.3616570830345154
0.3431013524532318
0.340580016374588
0.36248093843460083
0.3515477478504181
0.3485161066055298
0.35472267866134644
0.3420688807964325
0.37138205766677856
0.3544475734233856
0.34195706248283386
0.34834104776382446
0.34002092480659485
0.3964051306247711
0.342664510011673
0.35116615891456604
0.3392460346221924
0.37453803420066833
0.38218969106674194
0.3651523292064667
0.3540101647377014
0.3863668441772461
0.3693273961544037
0.3521738052368164
0.33836978673934937
0.3551999032497406
0.3518659472465515
0.3993029296398163
0.35791048407554626
0.3474884629249573
0.34205198287963867
0.41800087690353394
0.4593985080718994
0.4339275062084198
0.45087677240371704
0.39799341559410095
0.3737286329269409
0.3718360364437103
0.3645605742931366
0.384463906288147
0.38640230894088745
0.3567788898944855
0.3538305163383484
0.3447442948818207
0.35212570428848267
0.34784361720085144
0.35538414120674133
0.34809985756874084
0.35243934392929077
0.45032936334609985
0.40489763021469116
0.3902081549167633
0.36772477626800537
0.360261470079422
0.3568066656589508
0.36933350563049316
0.3728545904159546
0.376703679561615
0.36818811297416687
0.3511946499347687
0.3785852789878845
0.38081085681915283
0.4284156560897827
0.37032487988471985
0.37341174483299255
0.41210857033729553
0.36086761951446533
0.36360886693000793
0.3463917076587677
0.34110796451568604
0.34326261281967163
0.35883623361587524
0.3315305709838867
0.3328125774860382
0.3381984531879425
0.3488691449165344
0.3364015519618988
0.33458468317985535
0.3333367705345154
0.3369029760360718
0.33824875950813293
0.3365396559238434
0.33089232444763184
0.33485981822013855
0.3341912627220154
0.3277980387210846
0.3358275294303894
0.35887593030929565
0.349141001701355
0.3516262471675873
0.3358169198036194
0.32632216811180115
0.3315166234970093
0.3445635735988617
0.33999770879745483
0.3625307083129883
0.3578023314476013
0.3507276773452759
0.33272287249565125
0.33313632011413574
0.33818045258522034
0.33745265007019043
0.3452569246292114
0.3364666700363159
0.3375292718410492
0.3335813581943512
0.3670712411403656
0.3539491295814514
0.3561954200267792
0.338701456785202
0.36942601203918457
0.3625105321407318
0.36577272415161133
0.34758564829826355
0.3456815779209137
0.3449981212615967
0.35044771432876587
0.3519878089427948
0.3437865376472473
0.3413997292518616
0.33858349919319153
0.3267466425895691
0.32939672470092773
0.34678539633750916
0.33992233872413635
0.3399112820625305
0.3400546610355377
0.33188948035240173
0.33685457706451416
0.331989049911499
0.3424806296825409
0.3445427119731903
0.3461058437824249
0.3388357162475586
0.3440551161766052
0.3339667022228241
0.3502500653266907
0.3436342775821686
0.33878663182258606
0.3358680307865143
0.33835843205451965
0.3217914402484894
0.33219513297080994
0.3309941589832306
0.3330433666706085
0.3327026069164276
0.3447578549385071
0.33495235443115234
0.3359408378601074
0.33962327241897583
0.3352707624435425
0.33183905482292175
0.32367339730262756
0.33650630712509155
0.3340604603290558
0.3264186978340149
0.33539023995399475
0.3292371332645416
0.34609007835388184
0.35561978816986084
0.3509160578250885
0.35017380118370056
0.343199759721756
0.3393516540527344
0.334148645401001
0.34040603041648865
0.33156999945640564
0.344654381275177
0.33600863814353943
0.3342762887477875
0.3274022936820984
0.33158203959465027
0.34082919359207153
0.3404068052768707
0.3319997191429138
0.33168095350265503
0.3339821696281433
0.334934264421463
0.3350132405757904
0.330533891916275
0.3386705815792084
0.3286688029766083
0.3268577456474304
0.3227963447570801
0.34078216552734375
0.3437940776348114
0.32071128487586975
0.3276571035385132
0.34045475721359253
0.3248331546783447
0.34347015619277954
0.3582421839237213
0.3381351828575134
0.3407869338989258
0.33192187547683716
0.3401026129722595
0.35576942563056946
0.3394489586353302
0.33333730697631836
0.3391966223716736
0.33706071972846985
0.33406534790992737
0.3358210325241089
0.33746907114982605
0.3252737820148468
0.3299005329608917
0.3355060815811157
0.31733596324920654
0.3229488730430603
0.33755582571029663
0.32826000452041626
0.3210010826587677
0.33050084114074707
0.3304704427719116
0.3388128876686096
0.3327378034591675
0.33543258905410767
0.3366281986236572
0.34452196955680847
0.3261260986328125
0.3392307460308075
0.33993783593177795
0.3313482105731964
0.33754581212997437
0.33285245299339294
0.32266029715538025
0.3383648991584778
0.33295610547065735
0.3437879979610443
0.34030064940452576
0.3318266272544861
0.345010906457901
0.3423105776309967
0.3432144820690155
0.3265899121761322
0.3623189628124237
0.3522240221500397
0.36226871609687805
0.3393062353134155
0.3469378650188446
0.3347560167312622
0.3383336067199707
0.32813552021980286
0.3429659307003021
0.34808409214019775
0.3428793251514435
0.34530895948410034
0.33449530601501465
0.32637932896614075
0.3499404788017273
0.3818794786930084
0.3424170911312103
0.3453305959701538
0.33624547719955444
0.3342776894569397
0.3482779264450073
0.336668461561203
0.3399149477481842
0.33733078837394714
0.33948978781700134
0.3229329586029053
0.33786481618881226
0.33700355887413025
0.3428376615047455
0.3345012962818146
0.32371994853019714
0.3197169601917267
0.3315010070800781
0.32820841670036316
0.3337267339229584
0.3286437392234802
0.3488171398639679
0.34204211831092834
0.34936627745628357
0.33233702182769775
0.3406699597835541
0.32951197028160095
0.3415059745311737
0.33131715655326843
0.34092938899993896
0.3341201841831207
0.3249818682670593
0.33931681513786316
0.3266884982585907
0.3344651162624359
0.32097524404525757
0.3277282118797302
0.32574018836021423
0.3286261558532715
0.31873926520347595
0.3347771465778351
0.3336327075958252
0.33404380083084106
0.3322846293449402
0.32438862323760986
0.34104254841804504
0.338264524936676
0.32554128766059875
0.3327251970767975
0.33429187536239624
0.3317573070526123
0.33244457840919495
0.3309940695762634
0.3323165774345398
0.3311765789985657
0.32676732540130615
0.3373466432094574
0.32881829142570496
0.3319714069366455
0.3282124996185303
0.3224722743034363
0.32700616121292114
0.3334978520870209
0.3380110263824463
0.3345828652381897
0.3294406235218048
0.3296970725059509
0.3288787305355072
0.3180398643016815
0.3337628245353699
0.3346981108188629
0.32976654171943665
0.32552555203437805
0.322525292634964
0.3272332549095154
0.3319920003414154
0.33147430419921875
0.32568681240081787
0.3273804187774658
0.3265221118927002
0.3287557065486908
0.32727953791618347
0.3371433913707733
0.3334151804447174
0.3336867690086365
0.3282617926597595
0.3324156403541565
0.32899340987205505
0.3360025882720947
0.3308083713054657
0.3284652829170227
0.3206527829170227
0.32172921299934387
0.3264879882335663
0.3273721933364868
0.32693779468536377
0.3344257175922394
0.3333233594894409
0.33002331852912903
0.33048805594444275
0.32841622829437256
0.3289555013179779
0.3403152525424957
0.3372541666030884
0.33059147000312805
0.3298594057559967
0.324123740196228
0.3288862407207489
0.32789579033851624
0.3285505473613739
0.32869595289230347
0.3337804675102234
0.33519911766052246
0.3279908299446106
0.33638936281204224
0.32378992438316345
0.32458046078681946
0.3228303790092468
0.33282414078712463
0.3283527195453644
0.328835666179657
0.3254815340042114
0.3361399471759796
0.3380594551563263
0.3310360908508301
0.32660552859306335
0.32890287041664124
0.3235923647880554
0.3305361866950989
0.33312058448791504
0.32804301381111145
0.3207888901233673
0.32524770498275757
0.32786840200424194
0.32441067695617676
0.32485976815223694
0.3312707543373108
0.331116259098053
0.32744869589805603
0.3342587351799011
0.32434284687042236
0.31680503487586975
0.3193909227848053
0.3309772312641144
0.3238767087459564
0.32698962092399597
0.32676708698272705
0.3387972116470337
0.3249846398830414
0.3182598650455475
0.33124983310699463
0.32780155539512634
0.330643892288208
0.3339157700538635
0.3273288905620575
0.32612818479537964
0.3251914978027344
0.32430803775787354
0.326935350894928
0.32723188400268555
0.326226145029068
0.3292693495750427
0.3240770101547241
0.33328813314437866
0.3227820098400116
0.32864221930503845
0.33176112174987793
0.3325679898262024
0.32591599225997925
0.3267681896686554
0.3213268518447876
0.32960188388824463
0.33175888657569885
0.3316594362258911
0.32818347215652466
0.32411032915115356
0.3217567801475525
0.33250662684440613
0.32627201080322266
0.33312928676605225
0.32086992263793945
0.3294360339641571
0.32388368248939514
0.3236009180545807
0.32668495178222656
0.32115399837493896
0.3266320824623108
0.31752121448516846
0.32610127329826355
0.3302296996116638
0.32494089007377625
0.325987845659256
0.32955092191696167
0.32675236463546753
0.3262071907520294
0.3337096869945526
0.32460546493530273
0.32855501770973206
0.3293553292751312
0.3244796693325043
0.32549163699150085
0.32742244005203247
0.3301176130771637
0.3208364248275757
0.32376301288604736
0.3276239335536957
0.3288615942001343
0.3234938085079193
0.32358410954475403
0.32301419973373413
0.31711360812187195
0.33339017629623413
0.33068370819091797
0.3334139287471771
0.3328477740287781
0.334897518157959
0.3314950168132782
0.33411896228790283
0.3316827416419983
0.33324167132377625
0.323123961687088
0.32801783084869385
0.332336962223053
0.3296530544757843
0.3249465227127075
0.335703045129776
0.3232956528663635
0.3190869390964508
0.3242381811141968
0.32500937581062317
0.3199866712093353
0.322022944688797
0.33451688289642334
0.3244504928588867
0.33234450221061707
0.325015664100647
0.3215304911136627
0.3260420858860016
0.3190515637397766
0.3316761255264282
0.32337114214897156
0.3320848345756531
0.32734790444374084
0.326205313205719
0.32174381613731384
0.319051593542099
0.32317590713500977
0.32428228855133057
0.3221101462841034
0.3312326669692993
0.3288151025772095
0.3269925117492676
0.3268352448940277
0.33154556155204773
0.329365611076355
0.3174552321434021
0.3225095272064209
0.33092939853668213
0.3403778672218323
0.33049651980400085
0.3196316659450531
0.3274564743041992
0.3330092132091522
0.3226909041404724
0.3221665918827057
0.32513365149497986
0.3297923505306244
0.31971797347068787
0.3285299837589264
0.324033260345459
0.3304125666618347
0.3306359648704529
0.3143792152404785
0.3268527686595917
0.32800987362861633
0.32699137926101685
0.3322070837020874
0.3213888704776764
0.3254889249801636
0.32786810398101807
0.3279304802417755
0.32244744896888733
0.32668814063072205
0.3259410560131073
0.3283999562263489
0.3191038966178894
0.3193190395832062
0.32767152786254883
0.32225391268730164
0.33067017793655396
0.3307369351387024
0.3180798292160034
0.33295440673828125
0.3256804347038269
0.32492154836654663
0.3254294991493225
0.3254871368408203
0.33075904846191406
0.3282144069671631
0.3246980607509613
0.32383355498313904
0.3188111484050751
0.3328648805618286
0.3275914192199707
0.32173478603363037
0.32119545340538025
0.3298962116241455
0.32297080755233765
0.32235032320022583
0.3292767405509949
0.3314364552497864
0.33170536160469055
0.32930752635002136
0.3322276473045349
0.3226481080055237
0.3286134600639343
0.32700565457344055
0.3256191611289978
0.3332335352897644
0.3253559470176697
0.3180322051048279
0.3272675573825836
0.32543328404426575
0.32266998291015625
0.3206747770309448
0.33285143971443176
0.3263750374317169
0.3256560266017914
0.32277119159698486
0.32565513253211975
0.32791653275489807
0.3247033953666687
0.3250557780265808
0.32426705956459045
0.3287539780139923
0.3238894045352936
0.3336116075515747
0.324392706155777
0.32852205634117126
0.3299283981323242
0.32534754276275635
0.3256176710128784
0.31754228472709656
0.327095091342926
0.3304363489151001
0.3218047618865967
0.3177357316017151
0.3202354311943054
0.3192730247974396
0.318000853061676
0.32941892743110657
0.323358416557312
0.32473573088645935
0.32556718587875366
0.32377853989601135
0.32481953501701355
0.3219986855983734
0.3183036148548126
0.31394660472869873
0.32645493745803833
0.3251464366912842
0.32779696583747864
0.3228883445262909
0.32021564245224
0.3181527256965637
0.32520803809165955
0.32317230105400085
0.32110515236854553
0.3267841637134552
0.3244140148162842
0.32757821679115295
0.3321834206581116
0.3270282745361328
0.320890337228775
0.31417936086654663
0.3262568414211273
0.3266204297542572
0.3259437680244446
0.31887540221214294
0.3224301040172577
0.3269350826740265
0.3208734393119812
0.325604647397995
0.3224413990974426
0.31806811690330505
0.32731059193611145
0.3255141079425812
0.3312574625015259
0.3323093354701996
0.3216751515865326
0.33135804533958435
0.31964564323425293
0.31843215227127075
0.3269386291503906
0.32369011640548706
0.3234933614730835
0.3239120841026306
0.3295050263404846
0.32615751028060913
0.3310083746910095
0.32781192660331726
0.3297269940376282
0.3306811451911926
0.325854629278183
0.3284521698951721
0.33349135518074036
0.32889842987060547
0.3259468674659729
0.32446351647377014
0.32649320363998413
0.3288981318473816
0.3327549695968628
0.32298582792282104
0.33057916164398193
0.31759801506996155
0.32609838247299194
0.3246360719203949
0.3252131938934326
0.3167857527732849
0.323509156703949
0.33059507608413696
0.3309416174888611
0.3257448971271515
0.33013466000556946
0.32342880964279175
0.3220093846321106
0.32135632634162903
0.3289358913898468
0.33111825585365295
0.321481853723526
0.32393309473991394
0.31928136944770813
0.3231864869594574
0.3223723769187927
0.3284135162830353
0.3234623968601227
0.32341268658638
0.3218541443347931
0.32763490080833435
0.3241121172904968
0.3204364776611328
0.3294233977794647
0.3256615698337555
0.3113557696342468
0.3271806836128235
0.31653857231140137
0.3207557201385498
0.31810545921325684
0.32417652010917664
0.31991830468177795
0.3271939754486084
0.3292236924171448
0.32733428478240967
0.3316693603992462
0.32970109581947327
0.32458630204200745
0.3168591856956482
0.33426693081855774
0.31835848093032837
0.3256126344203949
0.3253592550754547
0.3351292610168457
0.32329097390174866
0.32651737332344055
0.326735258102417
0.33145466446876526
0.31922680139541626
0.3279467225074768
0.3262004554271698
0.3261433243751526
0.32978174090385437
0.3249817192554474
0.3329585790634155
0.3239668905735016
0.32456329464912415
0.3254302144050598
0.32356250286102295
