82.10794830322266
24.18621826171875
20.520030975341797
17.4282283782959
13.059297561645508
11.668137550354004
9.073844909667969
7.9529571533203125
8.588189125061035
6.34099006652832
4.93498420715332
4.986898899078369
5.053794860839844
4.226935386657715
4.227122783660889
3.764096736907959
4.146199703216553
3.698432683944702
3.539053440093994
2.9948832988739014
2.7241928577423096
2.7426438331604004
2.3855156898498535
2.5486388206481934
2.1470940113067627
2.1757137775421143
2.0830345153808594
2.0455167293548584
2.1457061767578125
2.055558919906616
1.8836711645126343
1.9602680206298828
1.6897984743118286
1.6204031705856323
1.7311736345291138
1.649260401725769
1.534441351890564
1.4679863452911377
1.4229294061660767
1.348888635635376
1.3596752882003784
1.2191745042800903
1.2533378601074219
1.2728593349456787
1.2034991979599
1.1480109691619873
1.2127941846847534
1.25266695022583
1.107668399810791
0.9957585334777832
1.2042748928070068
1.0881861448287964
0.9341444969177246
0.9359235167503357
0.9053763151168823
0.9466599225997925
0.8827295303344727
0.9288303256034851
0.9567493796348572
0.9328100085258484
0.9465349316596985
0.8870000839233398
0.8487340807914734
0.8372524380683899
0.8603897094726562
0.8500609397888184
0.8189259171485901
0.7915021181106567
0.7654544711112976
0.7857638001441956
0.7978408336639404
0.7400915026664734
0.752579927444458
0.8445455431938171
0.7627822756767273
0.77559894323349
0.7245451211929321
0.7904096841812134
0.7602059841156006
0.7640358805656433
0.695208728313446
0.7278624176979065
0.786102831363678
1.1138712167739868
0.7965567111968994
0.7801000475883484
0.7638241648674011
0.7625249624252319
0.8113642930984497
0.7204804420471191
0.7134856581687927
0.7260111570358276
0.766572892665863
0.7424585223197937
0.700786828994751
0.692556619644165
0.6579539179801941
0.7323692440986633
0.7189726829528809
0.7591079473495483
0.701026439666748
0.6990399360656738
0.6860812902450562
0.6668398380279541
0.663311779499054
0.6282393336296082
0.6325883269309998
0.6441837549209595
0.6259564757347107
0.6309934258460999
0.6339952945709229
0.6394209265708923
0.6119735240936279
0.6264151334762573
0.6214351058006287
0.612650454044342
0.6064138412475586
0.62461256980896
0.5913147330284119
0.591637134552002
0.5811424851417542
0.6557340025901794
0.6216561198234558
0.5789653658866882
0.635055661201477
0.6442833542823792
0.6294633746147156
0.5916392803192139
0.5878539681434631
0.5757355093955994
0.5724103450775146
0.5933211445808411
0.5706018209457397
0.5908405780792236
0.5997923612594604
0.5863985419273376
0.5724275708198547
0.6024674773216248
0.5927678346633911
0.573672890663147
0.550794243812561
0.5510260462760925
0.5299951434135437
0.5490832328796387
0.6531404852867126
0.5482102036476135
0.5834845900535583
0.5781786441802979
0.5333693623542786
0.5764644145965576
0.551970362663269
0.5159974694252014
0.5636454820632935
0.5516097545623779
0.5134125351905823
0.5064290165901184
0.5234107971191406
0.5026959776878357
0.5125531554222107
0.5034680366516113
0.5089142918586731
0.5175352692604065
0.5453275442123413
0.5061411261558533
0.4873533248901367
0.6015480756759644
0.5635137557983398
0.6294631958007812
0.5880428552627563
0.6403093338012695
0.6162601113319397
0.5970842242240906
0.5495294332504272
0.522636890411377
0.5205225944519043
0.48761847615242004
0.5844897031784058
0.5370022058486938
0.539946973323822
0.5002462267875671
0.5143880248069763
0.5021407604217529
0.5308051109313965
0.47875288128852844
0.4834419786930084
0.5247519612312317
0.5087783932685852
0.47903507947921753
0.46440765261650085
0.4593885540962219
0.5377992987632751
0.52890944480896
0.541742205619812
0.543708324432373
0.5181437134742737
0.5206491947174072
0.5727331638336182
0.5466558337211609
0.5292341709136963
0.5257214307785034
0.5828685164451599
0.5637272000312805
0.5157791376113892
0.5586954951286316
0.5515337586402893
0.5076037645339966
0.4365333318710327
0.4486498534679413
0.4260355234146118
0.45350182056427
0.45612049102783203
0.44786158204078674
0.44082194566726685
0.5556017160415649
0.5477588772773743
0.5753679275512695
0.4732893109321594
0.4938482940196991
0.4772859513759613
0.4667792022228241
0.4528858959674835
0.4842805564403534
0.499906450510025
0.4758799076080322
0.5050296187400818
0.4931919574737549
0.4406920373439789
0.4298483729362488
0.4989854097366333
0.462890625
0.4786332845687866
0.4979119300842285
0.48216161131858826
0.47400620579719543
0.4765298366546631
0.4599783718585968
0.4465397596359253
0.4703872501850128
0.48838895559310913
0.5292569994926453
0.5116361975669861
0.48052507638931274
0.4838496446609497
0.4904676377773285
0.4677908420562744
0.4585861265659332
0.45958736538887024
0.468815416097641
0.46104320883750916
0.4601570665836334
0.5049343705177307
0.4624096751213074
0.49580246210098267
0.46352240443229675
0.4240529239177704
0.4681570827960968
0.43797340989112854
0.49945253133773804
0.4782135784626007
0.44493022561073303
0.4810580015182495
0.4715595543384552
0.5104328989982605
0.46169957518577576
0.4635297954082489
0.4828922748565674
0.46229758858680725
0.4739161729812622
0.46558529138565063
0.4860948324203491
0.4606081247329712
0.45115232467651367
0.4359118938446045
0.4327705502510071
0.44813722372055054
0.4499223232269287
0.45302465558052063
0.42892056703567505
0.5255818963050842
0.5184581279754639
0.46504780650138855
0.5288553833961487
0.5056218504905701
0.5893915295600891
0.501134991645813
0.5549240112304688
0.5711389183998108
0.5032892227172852
0.4870190918445587
0.46615728735923767
0.4103207588195801
0.4783967435359955
0.4745541512966156
0.5210776329040527
0.5082152485847473
0.4516381025314331
0.4793553948402405
0.4515845775604248
0.4617818593978882
0.4780276417732239
0.4554252326488495
0.46064919233322144
0.4215478301048279
0.4502188563346863
0.584598958492279
0.4688132107257843
0.42874598503112793
0.8176940679550171
0.5271077752113342
0.5221425890922546
0.5033922791481018
0.505789041519165
0.4581252336502075
0.46571221947669983
0.4596945643424988
0.4438079595565796
0.4405772387981415
0.45577749609947205
0.4535296559333801
0.43787285685539246
0.4486766457557678
0.5255811214447021
0.49108070135116577
0.4587022662162781
0.42397111654281616
0.4345542788505554
0.44325488805770874
0.4496203660964966
0.4581008851528168
0.4194204807281494
0.4340721070766449
0.46408015489578247
0.4284757375717163
0.4423106610774994
0.43847110867500305
0.4174937307834625
0.43594399094581604
0.42501822113990784
0.4372631907463074
0.44764837622642517
0.4521189033985138
0.4249831736087799
0.4216349422931671
0.4070586562156677
0.4123445749282837
0.4187730550765991
0.4158600866794586
0.43562981486320496
0.4532252550125122
0.4195955991744995
0.4182077944278717
0.43211933970451355
0.4630405902862549
0.43527477979660034
0.4065071642398834
0.4157527983188629
0.5474154949188232
0.4544036388397217
0.48434847593307495
0.5510632395744324
0.5311172604560852
0.51991868019104
0.46878090500831604
0.4564129114151001
0.45565277338027954
0.4262698292732239
0.43372660875320435
0.4310440123081207
0.4433636963367462
0.4073062837123871
0.42049404978752136
0.46120211482048035
0.4781171977519989
0.4532684087753296
0.42569002509117126
0.4601305425167084
0.39426320791244507
0.424068808555603
0.41943857073783875
0.4141619801521301
0.3893311023712158
0.4037178158760071
0.39723682403564453
0.4270280599594116
0.41152650117874146
0.40235239267349243
0.41257864236831665
0.4007823169231415
0.40769776701927185
0.3986438512802124
0.43305593729019165
0.4246399402618408
0.4054725766181946
0.3965424597263336
0.40300828218460083
0.40809014439582825
0.41786083579063416
0.4084310233592987
0.4015362560749054
0.4216282069683075
0.4289974868297577
0.4085850119590759
0.46898165345191956
0.4124993085861206
0.4243185520172119
0.4058944284915924
0.42826756834983826
0.4396358132362366
0.4467873275279999
0.4171704053878784
0.4302416741847992
0.38575172424316406
0.48949331045150757
0.48234787583351135
0.43027418851852417
0.5074467658996582
0.42321300506591797
0.41642624139785767
0.4608764052391052
0.45162346959114075
0.4415163993835449
0.42657750844955444
0.4009475111961365
0.41593047976493835
0.3989737331867218
0.40688422322273254
0.42350369691848755
0.42113208770751953
0.4241955280303955
0.39790770411491394
0.42235758900642395
0.3913513720035553
0.3993435800075531
0.39648643136024475
0.41913074254989624
0.40418535470962524
0.39633896946907043
0.39959076046943665
0.3871370255947113
0.4013978838920593
0.4144797623157501
0.38349294662475586
0.4166680872440338
0.3787733316421509
0.39522838592529297
0.4040273427963257
0.43289583921432495
0.40844428539276123
0.3858919143676758
0.40843814611434937
0.39466506242752075
0.42726412415504456
0.3711763322353363
0.41232916712760925
0.3799844980239868
0.4360722303390503
0.39440110325813293
0.40927085280418396
0.4943648874759674
0.46246281266212463
0.4357477128505707
0.4239810109138489
0.43900856375694275
0.42024368047714233
0.4407545030117035
0.43663281202316284
0.40130168199539185
0.39972010254859924
0.39993956685066223
0.40280479192733765
0.40961307287216187
0.35954540967941284
0.3698570430278778
0.4085496962070465
0.494838684797287
0.38398507237434387
0.4222361147403717
0.3985419273376465
0.3929896056652069
0.3959634602069855
0.38403233885765076
0.390845388174057
0.40283212065696716
0.48636335134506226
0.4740183353424072
0.4204327464103699
0.4227657616138458
0.4023633301258087
0.4069969654083252
0.4021722078323364
0.4779958724975586
0.4288451671600342
0.40755772590637207
0.3825530707836151
0.3963583707809448
0.38819223642349243
0.386067271232605
0.37451720237731934
0.3935658931732178
0.39868247509002686
0.4028363525867462
0.38269856572151184
0.4016628563404083
0.4053690731525421
0.4092997610569
0.4036911427974701
0.4186705946922302
0.4013247787952423
0.41207748651504517
0.388057142496109
0.3837319612503052
0.40141791105270386
0.38441285490989685
0.39269310235977173
0.37874624133110046
0.40406933426856995
0.40922603011131287
0.39417141675949097
0.37824881076812744
0.47266101837158203
0.41813912987709045
0.41768428683280945
0.389193594455719
0.3973045349121094
0.40433114767074585
0.38036400079727173
0.4051568806171417
0.38018015027046204
0.3744050860404968
0.47283321619033813
0.41263696551322937
0.40166741609573364
0.4298233091831207
0.44460412859916687
0.42975038290023804
0.44518396258354187
0.4943087697029114
0.42934295535087585
0.431637167930603
0.37400683760643005
0.3876228630542755
0.40548548102378845
0.37809669971466064
0.3840121030807495
0.38616859912872314
0.38690537214279175
0.4039630889892578
0.4001556932926178
0.39338141679763794
0.39496198296546936
0.37691065669059753
0.3641285300254822
0.403471440076828
0.3963812589645386
0.4748576879501343
0.46318069100379944
0.43546563386917114
0.40481656789779663
0.3802527189254761
0.38474076986312866
0.4128245413303375
0.3905843198299408
0.3644426167011261
0.3637682795524597
0.4647512137889862
0.4888637959957123
0.434841126203537
0.4196479320526123
0.45254436135292053
0.48016926646232605
0.4601500928401947
0.4175132215023041
0.40200868248939514
0.4135412275791168
0.4086577594280243
0.4076799154281616
0.4589707851409912
0.4222028851509094
0.4229157865047455
0.42353692650794983
0.4121905267238617
0.3966745436191559
0.42582860589027405
0.5962973833084106
0.4844619929790497
0.49821290373802185
0.5129593014717102
0.44216886162757874
0.41819170117378235
0.3967442512512207
0.42487290501594543
0.49898359179496765
0.3799374997615814
0.42757949233055115
0.4185466766357422
0.3809888958930969
0.38316449522972107
0.4167451858520508
0.4228719472885132
0.3800564706325531
0.3916876018047333
0.4127754271030426
0.39287835359573364
0.38245081901550293
0.40497058629989624
0.3794293701648712
0.38149887323379517
0.5093817114830017
0.40848395228385925
0.3817254602909088
0.3786619305610657
0.4368153512477875
0.4428866505622864
0.4167211949825287
0.3870714604854584
0.4010734558105469
0.3916333019733429
0.40207499265670776
0.3907002806663513
0.3906901776790619
0.37131738662719727
0.3892253339290619
0.3683127462863922
0.3828651010990143
0.39771297574043274
0.37994202971458435
0.40052691102027893
0.3730887174606323
0.36380535364151
0.3667771816253662
0.40036576986312866
0.3628048896789551
0.37564924359321594
0.582038402557373
0.4641352891921997
0.4447363615036011
0.4170196056365967
0.4061550199985504
0.4098898768424988
0.3990781307220459
0.40222230553627014
0.3680131137371063
0.37872132658958435
0.3840348422527313
0.36635342240333557
0.3827638030052185
0.38874903321266174
0.39186543226242065
0.4041714370250702
0.38674017786979675
0.3971569538116455
0.38599449396133423
0.3989080488681793
0.3819541931152344
0.37372273206710815
0.3663478195667267
0.3609527051448822
0.38100042939186096
0.3597780466079712
0.375861793756485
0.39659908413887024
0.39448752999305725
0.3980296850204468
0.392297625541687
0.3957861661911011
0.41396215558052063
0.3777475357055664
0.37527331709861755
0.3626454770565033
0.3723595142364502
0.3591868579387665
0.3759373426437378
0.4327443540096283
0.3983355462551117
0.3761790692806244
0.3780796527862549
0.3623865246772766
0.3623571991920471
0.3653613030910492
0.37382110953330994
0.3614075481891632
0.435123085975647
0.41059476137161255
0.39336347579956055
0.36839333176612854
0.4126538038253784
0.3691805303096771
0.35829827189445496
0.362989604473114
0.3660929501056671
0.3498927652835846
0.3699773848056793
0.3560163378715515
0.35645073652267456
0.4171444773674011
0.4020805358886719
0.42153245210647583
0.40527209639549255
0.37633016705513
0.3956781327724457
0.3740169405937195
0.37027058005332947
0.3726337254047394
0.48322370648384094
0.4273952543735504
0.38907405734062195
0.39177194237709045
0.4062282145023346
0.37651515007019043
0.356591135263443
0.35662680864334106
0.37481966614723206
0.3568868935108185
0.35022521018981934
0.3393867611885071
0.3708295524120331
0.3656773865222931
0.36673861742019653
0.36016523838043213
0.3632526099681854
0.3636105954647064
0.36662039160728455
0.3704458177089691
0.3696148097515106
0.37802764773368835
0.44134658575057983
0.3657592236995697
0.41370365023612976
0.3872334659099579
0.3742103576660156
0.36506980657577515
0.36481988430023193
0.36540308594703674
0.3669665455818176
0.3657510280609131
0.3506682217121124
0.38175973296165466
0.3663523197174072
0.3866899907588959
0.3784533441066742
0.3924906551837921
0.3625146150588989
0.3638458549976349
0.3563787043094635
0.3705469071865082
0.37418243288993835
0.3668435215950012
0.3967590630054474
0.3629504144191742
0.5084189772605896
0.3751160502433777
0.3730134963989258
0.3754141330718994
0.3604429364204407
0.4010516405105591
0.3613176643848419
0.3701046109199524
0.35972240567207336
0.357992559671402
0.36479341983795166
0.36305689811706543
0.3625296652317047
0.3557770550251007
0.3570128083229065
0.35764360427856445
0.37967658042907715
0.3786538243293762
0.3679870069026947
0.34901562333106995
0.35682380199432373
0.35563549399375916
0.3531739115715027
0.34767207503318787
0.34341973066329956
0.3509562015533447
0.3451730012893677
0.3491731286048889
0.3380623757839203
0.3622682988643646
0.34811291098594666
0.3484194874763489
0.36756524443626404
0.3541029989719391
0.3529053330421448
0.352935254573822
0.359615683555603
0.3390115201473236
0.366333931684494
0.33683300018310547
0.34870582818984985
0.3520244359970093
0.33906492590904236
0.35131147503852844
0.334577739238739
0.34413692355155945
0.33762088418006897
0.3483637273311615
0.372322142124176
0.34534192085266113
0.3527944087982178
0.36501196026802063
0.39514681696891785
0.46972936391830444
0.3949337601661682
0.3764875829219818
0.3578614592552185
0.3556291460990906
0.366824746131897
0.3620145618915558
0.40840014815330505
0.37789100408554077
0.3433588743209839
0.3474615812301636
0.36886119842529297
0.3623484671115875
0.3715539276599884
0.34447821974754333
0.35068297386169434
0.34061869978904724
0.36477068066596985
0.35460934042930603
0.33793458342552185
0.3565981984138489
0.3364391028881073
0.3327903747558594
0.345070481300354
0.34683406352996826
0.3515578806400299
0.3492591679096222
0.34757086634635925
0.34439560770988464
0.37396538257598877
0.38150957226753235
0.36897367238998413
0.40080830454826355
0.39112621545791626
0.37347930669784546
0.3746371269226074
0.3733309507369995
0.3857439458370209
0.37413182854652405
0.3678623139858246
0.36278480291366577
0.38839268684387207
0.34578171372413635
0.3395622670650482
0.3572467565536499
0.36865416169166565
0.35269007086753845
0.35551702976226807
0.35498520731925964
0.3495309352874756
0.3473648130893707
0.3401646614074707
0.3463798761367798
0.32955288887023926
0.34181860089302063
0.3550563454627991
0.388285756111145
0.35241055488586426
0.35331904888153076
0.34457430243492126
0.3704487085342407
0.3512106239795685
0.37057065963745117
0.3470042943954468
0.35147398710250854
0.3390725255012512
0.33632591366767883
0.3372012674808502
0.3482639193534851
0.39895662665367126
0.35320666432380676
0.342151403427124
0.37004977464675903
0.37628427147865295
0.36675867438316345
0.3470483720302582
0.34186968207359314
0.370137482881546
0.3710900545120239
0.33300328254699707
0.3342885673046112
0.34063607454299927
0.3621124029159546
0.33858269453048706
0.3391692638397217
0.3396972119808197
0.3271512985229492
0.3617458939552307
0.3710799813270569
0.36329662799835205
0.3709011971950531
0.3454383909702301
0.3415827453136444
0.3441277742385864
0.33986058831214905
0.3554641306400299
0.35741448402404785
0.3624028265476227
0.3710254430770874
0.34670040011405945
0.33603158593177795
0.33215585350990295
0.33936628699302673
0.3409462571144104
0.3294146656990051
0.3554386496543884
0.3425498604774475
0.33564019203186035
0.3359067440032959
0.3528623878955841
0.3383078873157501
0.33401933312416077
0.3516404330730438
0.3451557457447052
0.3426659405231476
0.3266640901565552
0.34028083086013794
0.3554619252681732
0.3403438329696655
0.3374336063861847
0.3238494098186493
0.33747681975364685
0.34774503111839294
0.33463430404663086
0.3368834853172302
0.34222903847694397
0.3347019553184509
0.3341330289840698
0.34008467197418213
0.3263549506664276
0.34364476799964905
0.33504077792167664
0.34301549196243286
0.33043643832206726
0.3510357737541199
0.34731194376945496
0.3405710756778717
0.34128808975219727
0.3440680205821991
0.32023316621780396
0.3211650848388672
0.32828009128570557
0.3319776654243469
0.33064910769462585
0.333616703748703
0.33062270283699036
0.3203169107437134
0.33070334792137146
0.3244257867336273
0.3351929187774658
0.32521092891693115
0.3271857798099518
0.34043267369270325
0.32280901074409485
0.337146520614624
0.32896688580513
0.334379643201828
0.3363734781742096
0.32736673951148987
0.32501497864723206
0.32698944211006165
0.34188640117645264
0.32960930466651917
0.351631760597229
0.34414151310920715
0.35613390803337097
0.3374607264995575
0.341028094291687
0.3398478925228119
0.3344402015209198
0.34036973118782043
0.3245169520378113
0.33133673667907715
0.3556148111820221
0.35633644461631775
0.33512061834335327
0.33482956886291504
0.3344966173171997
0.3158860206604004
0.32587671279907227
0.32390347123146057
0.33437472581863403
0.32084333896636963
0.3354288637638092
0.3245614767074585
0.32411956787109375
0.32105061411857605
0.32984745502471924
0.35000312328338623
0.32944342494010925
0.33289316296577454
0.3283737897872925
0.33210429549217224
0.32301974296569824
0.3257210850715637
0.31816986203193665
0.3273254930973053
0.33158189058303833
0.33489999175071716
0.3224019408226013
0.3120141327381134
0.3351988196372986
0.3285749852657318
0.33517009019851685
0.3230894207954407
0.322709321975708
0.31269845366477966
0.3228677213191986
0.31532517075538635
0.3236892521381378
0.3263741731643677
0.3090238571166992
0.32691293954849243
0.3397994339466095
0.3394079804420471
0.32773861289024353
0.33829015493392944
0.33344247937202454
0.3254765272140503
0.32126426696777344
0.3170766830444336
0.3332923650741577
0.33103057742118835
0.3236929178237915
0.3261701166629791
0.3251335918903351
0.33612725138664246
0.33303067088127136
0.3322208821773529
0.3115641474723816
0.32169726490974426
0.30945026874542236
0.313720166683197
0.32488247752189636
0.3241416811943054
0.3215716779232025
0.3166525661945343
0.3294350206851959
0.32133135199546814
0.3205185532569885
0.3224233090877533
0.3167606592178345
0.31334051489830017
0.3167431056499481
0.3114340901374817
0.3383094072341919
0.32037779688835144
0.32358628511428833
0.3239322602748871
0.3336554169654846
0.31737056374549866
0.3284370005130768
0.3258177936077118
0.33886343240737915
0.3367605209350586
0.3182583749294281
0.3330947160720825
0.3264807164669037
0.32616126537323
0.3269209563732147
0.31866639852523804
0.30625277757644653
0.3206220865249634
0.32738348841667175
0.3256071209907532
0.3277600109577179
0.316787451505661
0.3340129852294922
0.32616525888442993
0.32500943541526794
0.334856778383255
0.32441195845603943
0.32704418897628784
0.32726067304611206
0.31699085235595703
0.32973772287368774
0.3096981942653656
0.3316287100315094
0.3167814016342163
0.3236476480960846
0.3276413083076477
0.32653024792671204
0.308890163898468
0.3338833451271057
0.32418712973594666
0.32100915908813477
0.3248957693576813
0.316175252199173
0.3190450668334961
0.32077130675315857
0.31055882573127747
0.33039015531539917
0.3126492500305176
0.3177635073661804
0.3196498155593872
0.3219820261001587
0.34030967950820923
0.3289366364479065
0.312520831823349
0.32484981417655945
0.3283233642578125
0.3303951025009155
0.32755377888679504
0.3282313048839569
0.31928256154060364
0.31281745433807373
0.3215112090110779
0.3088572323322296
0.31884765625
0.3311493396759033
0.32751190662384033
0.33092984557151794
0.32273736596107483
0.3206707835197449
0.3382692337036133
0.324318528175354
0.3259754478931427
0.3228503167629242
0.3241075277328491
0.32355552911758423
0.31699201464653015
0.3200581967830658
0.3180161416530609
0.3275498151779175
0.3221952021121979
0.3035772442817688
0.3155710697174072
0.3209412693977356
0.32521364092826843
0.33633512258529663
0.3127693235874176
0.3154837489128113
0.31220248341560364
0.3219555914402008
0.32581081986427307
0.3195474147796631
0.31974655389785767
0.3086434602737427
0.31398656964302063
0.3120028078556061
0.30736252665519714
0.31628239154815674
0.3149522840976715
0.32193779945373535
0.30751436948776245
0.3142373263835907
0.32284602522850037
0.32728615403175354
0.31318652629852295
0.3292492926120758
0.318674236536026
0.3262748718261719
0.3252890408039093
0.31362104415893555
0.3199189305305481
0.3203568458557129
0.3046532869338989
0.3238050043582916
0.3041188716888428
0.3089156150817871
0.3175419270992279
0.31385186314582825
0.31697869300842285
0.3229483962059021
0.32213035225868225
0.32846787571907043
0.3298337161540985
0.34334230422973633
0.3207283914089203
0.316288024187088
0.32176944613456726
0.30701544880867004
0.32402321696281433
0.32046249508857727
0.3173629641532898
0.33396247029304504
0.31285229325294495
0.32683563232421875
0.31737634539604187
0.32330426573753357
0.31812363862991333
0.3163304924964905
0.326951801776886
0.3116583526134491
0.3227735757827759
0.32392480969429016
0.30540814995765686
0.31485816836357117
0.3094954788684845
0.3146263062953949
0.3142065405845642
0.32528671622276306
0.33311671018600464
0.31301674246788025
0.30752116441726685
0.31729966402053833
0.32601651549339294
0.3088913857936859
0.3134452700614929
0.32049867510795593
0.31062644720077515
0.32102033495903015
0.3180830180644989
0.3169725835323334
0.3095620274543762
0.32117101550102234
0.32145997881889343
0.3088177740573883
0.33039164543151855
0.30222663283348083
0.3157378137111664
0.30787885189056396
0.3293628990650177
0.31666964292526245
0.32023435831069946
0.3135055601596832
0.311348557472229
0.31767386198043823
0.32266220450401306
0.3107741177082062
0.3204597532749176
0.3032597303390503
0.3107830882072449
0.3115904927253723
0.32352569699287415
0.3117256760597229
0.30303147435188293
0.31747493147850037
0.3243325650691986
0.3262668251991272
0.3003367781639099
0.30637139081954956
0.3116980493068695
0.30770906805992126
0.3119789958000183
0.3285093605518341
0.3120580315589905
0.3213586211204529
0.3117671310901642
0.3192044198513031
0.3182850778102875
0.31735673546791077
0.30878013372421265
0.31209903955459595
0.31537654995918274
0.3017798960208893
0.31623175740242004
0.3128691613674164
0.3132731020450592
0.3157607614994049
0.3027125597000122
0.311027854681015
0.3027111887931824
0.3122974634170532
0.32547450065612793
0.31276944279670715
0.3213483989238739
0.3246709406375885
0.32231876254081726
0.31533220410346985
0.3073519766330719
0.3201603293418884
0.3238631784915924
0.3082203269004822
0.307220995426178
0.3184724450111389
0.3207423985004425
0.3102565109729767
0.31101056933403015
0.30395519733428955
0.2992279529571533
0.31741324067115784
0.3171529471874237
0.3205137252807617
0.30994492769241333
0.3252120912075043
0.3074254095554352
0.31148913502693176
0.3071083426475525
0.3185657262802124
0.3169347941875458
0.31251776218414307
0.32374274730682373
0.32876288890838623
0.32374778389930725
0.31540173292160034
0.31822648644447327
0.3167695999145508
0.33575430512428284
0.3139686584472656
0.3252059519290924
0.30846738815307617
0.30977270007133484
0.3163120150566101
0.3149568438529968
0.2989281117916107
0.30960801243782043
0.3205961585044861
0.3164694905281067
0.3083069920539856
0.3167136311531067
0.3158925175666809
0.3134990930557251
0.3168269693851471
0.31693971157073975
0.31330761313438416
0.31726497411727905
0.3195754289627075
0.3165031969547272
0.3287830352783203
0.30535075068473816
0.31902119517326355
0.31909388303756714
0.331274151802063
0.3209303021430969
0.3189210891723633
