41.73477554321289
16.007417678833008
3.5429043769836426
2.133946180343628
1.3049390316009521
0.9896403551101685
1.005436658859253
0.8557104468345642
0.6699259877204895
0.6494123935699463
0.6310787200927734
0.6347732543945312
0.6183783411979675
0.7261026501655579
0.6034390330314636
0.5819063782691956
0.5612218379974365
0.5563899874687195
0.5565371513366699
0.5878444910049438
0.5435207486152649
0.5365249514579773
0.5479320287704468
0.5098841786384583
0.4977353811264038
0.5540705323219299
0.4862685203552246
0.48188701272010803
0.5948757529258728
0.5504291653633118
0.5120481848716736
0.5504528284072876
0.5621193647384644
0.5578412413597107
0.5005701780319214
0.5313311219215393
0.9809988737106323
0.4764018654823303
0.6570558547973633
0.4970513582229614
0.481701135635376
0.48697927594184875
0.4841180741786957
0.5028510093688965
0.4142122268676758
0.4511030316352844
0.4212353527545929
0.40995803475379944
0.40613478422164917
0.4077032804489136
0.4190259277820587
0.4105415344238281
0.4105658531188965
0.4076296091079712
0.39998161792755127
0.4292517304420471
0.4930700957775116
0.428039014339447
0.3964582085609436
0.5476459264755249
0.5298006534576416
0.3975461721420288
0.4114648997783661
0.41552016139030457
0.38764017820358276
0.3845328390598297
0.38919156789779663
0.5381987690925598
0.5108125805854797
0.4849660396575928
0.5314477682113647
0.4000430107116699
0.3806150555610657
0.3847617506980896
0.3912622332572937
0.5538000464439392
0.3923951983451843
0.37992969155311584
0.4753929376602173
0.44798001646995544
0.46301397681236267
0.7536685466766357
0.4900256395339966
0.5508435368537903
0.3662671744823456
0.4050726592540741
0.48655205965042114
0.3977213501930237
0.4276157319545746
0.414697527885437
0.3771516680717468
0.3759170472621918
0.3771212697029114
0.372861385345459
0.3724486529827118
0.3868916928768158
0.38187316060066223
0.38134849071502686
0.36974406242370605
0.3846913278102875
0.48876577615737915
0.3776441514492035
0.6141154170036316
0.42202624678611755
0.4278869032859802
0.41077226400375366
0.38326728343963623
0.4149221181869507
0.5616526007652283
0.43168407678604126
0.4097777307033539
0.38075777888298035
0.36950090527534485
0.40916940569877625
0.45869016647338867
0.4502764046192169
0.37558606266975403
0.6575144529342651
0.4130061864852905
0.7599852085113525
0.5002792477607727
0.39126256108283997
0.3925415277481079
0.3715343773365021
0.41269415616989136
0.42240583896636963
0.4197995662689209
0.379947692155838
0.3685951828956604
0.47209495306015015
0.3975742757320404
0.3847184181213379
0.43846672773361206
0.4206473231315613
0.4474957287311554
0.4615597724914551
0.4174954295158386
0.40711709856987
0.42862385511398315
0.4278419017791748
0.4113301932811737
0.3700084984302521
0.36674195528030396
0.36934390664100647
0.3866749107837677
0.4156312048435211
0.36795496940612793
0.38556453585624695
0.391398549079895
0.3720921576023102
0.3958934247493744
0.46586281061172485
0.3969612121582031
0.3642725348472595
0.4074428379535675
0.3753087818622589
0.5255797505378723
0.4123515784740448
0.49366921186447144
0.5352179408073425
0.407806396484375
0.36310434341430664
0.37755241990089417
0.5402044653892517
0.758251428604126
0.4193415641784668
0.40883058309555054
0.3673718273639679
0.3625698983669281
0.36674588918685913
0.38927242159843445
0.37501558661460876
0.3703480064868927
0.4040583372116089
0.7449154257774353
0.5850624442100525
0.4667049050331116
0.4264528751373291
0.36695969104766846
0.3726966083049774
0.394857794046402
0.3765926957130432
0.36311808228492737
0.3912489712238312
0.3679599165916443
0.3689514696598053
0.48175957798957825
0.3777032196521759
0.3813539445400238
0.3707769811153412
0.3662300407886505
0.39902907609939575
0.440277636051178
0.3722841143608093
0.37133169174194336
0.3654690384864807
0.3709092438220978
0.4656825065612793
0.40851062536239624
0.5568414330482483
0.9145201444625854
0.3875431418418884
0.3639923334121704
0.3848794400691986
0.3959471881389618
0.38447776436805725
0.3953927457332611
0.49068671464920044
0.4879969358444214
0.5962229371070862
0.48691681027412415
0.41940465569496155
0.38653844594955444
0.3885223865509033
0.3794100284576416
0.3775063157081604
0.38630130887031555
0.3833504915237427
0.3900454342365265
0.3762607276439667
0.3882210850715637
0.3675779402256012
0.7032986879348755
0.5146360993385315
0.3602603077888489
0.36620864272117615
0.38379815220832825
0.5819956660270691
0.38096708059310913
0.4703846871852875
0.5278806090354919
0.39254167675971985
0.3749884366989136
0.37117087841033936
0.42868831753730774
0.3851321041584015
0.3621146082878113
0.3630819022655487
0.36270344257354736
0.43044814467430115
0.4153710901737213
0.4586949944496155
0.6249082684516907
0.4082448482513428
0.37457576394081116
0.3780515789985657
0.453540563583374
0.4017392098903656
0.4740554988384247
0.3816443979740143
0.42608314752578735
0.481827974319458
0.4606360197067261
0.6649249196052551
0.4395654499530792
0.36422571539878845
0.36464810371398926
0.37001833319664
0.4215930104255676
0.39242497086524963
0.503188967704773
0.39991945028305054
0.3828168511390686
0.3795606791973114
0.3696514666080475
0.3868619203567505
0.49429911375045776
0.8968309164047241
0.5748174786567688
0.4117848575115204
0.36405065655708313
0.5024958252906799
0.425464391708374
0.3763061463832855
0.3835940361022949
0.8251526951789856
0.5097345113754272
0.49631622433662415
0.5112493634223938
0.5293121337890625
0.44601354002952576
0.392002135515213
0.3899634778499603
0.3864552676677704
0.39101043343544006
0.4105049669742584
0.3685489594936371
0.379597544670105
0.3872825503349304
0.3764205873012543
0.36739790439605713
0.38851213455200195
0.3762058615684509
0.37199559807777405
0.38060933351516724
0.3693484961986542
0.36836421489715576
0.3674761950969696
0.3687143623828888
0.39065098762512207
0.3826848566532135
0.4428272247314453
0.3788532614707947
0.40178045630455017
0.39497360587120056
0.39145901799201965
0.37459859251976013
0.40241819620132446
0.6069201231002808
0.40244120359420776
0.39738214015960693
0.374105840921402
0.384315550327301
0.4657498300075531
0.4979911148548126
0.6499552726745605
0.38951781392097473
0.3822256624698639
0.6273713707923889
0.42589235305786133
0.40519818663597107
0.4372822344303131
0.3600127696990967
0.36986324191093445
0.3668961524963379
0.4047422409057617
0.3684818744659424
0.4346485137939453
0.38629963994026184
0.628567636013031
0.42794984579086304
0.5400089025497437
1.13255774974823
0.6587943434715271
0.6277208924293518
0.43498727679252625
0.4892531931400299
0.3694421350955963
0.3739599585533142
0.5982688069343567
0.3918274939060211
0.36670729517936707
0.773617684841156
0.3719417154788971
0.44628122448921204
0.3703915476799011
0.3669184446334839
0.3637846112251282
0.37916654348373413
0.38275280594825745
0.39547088742256165
0.36187267303466797
0.36662983894348145
0.3629845678806305
0.3737644851207733
0.36862072348594666
0.372038334608078
0.37971967458724976
0.38004425168037415
0.3626863360404968
0.36780446767807007
0.36198103427886963
0.6437942981719971
0.45693066716194153
0.5845580697059631
0.5508137345314026
0.4008817970752716
0.37547406554222107
0.37131834030151367
0.38468262553215027
0.6277779936790466
0.5833747386932373
0.489107608795166
0.40239933133125305
0.39630231261253357
0.4106177091598511
0.4171603322029114
0.7644166350364685
0.4412800967693329
0.3636632561683655
0.384065181016922
0.4223552346229553
0.3684874475002289
0.41146835684776306
0.3811389207839966
0.4043198823928833
0.3720179796218872
0.4125922918319702
0.4057125151157379
0.3658222258090973
0.37252381443977356
0.4649888873100281
0.4194299876689911
0.375338077545166
0.3946397304534912
0.4038918614387512
0.36838868260383606
0.3747756779193878
0.3610726594924927
0.36739128828048706
0.40114715695381165
0.3608368933200836
0.45008355379104614
0.3901172876358032
0.37940576672554016
0.4194403886795044
0.37007826566696167
0.39068081974983215
0.3626251220703125
0.44419071078300476
0.37204015254974365
0.42537420988082886
0.4091285467147827
0.38105377554893494
0.35631731152534485
0.6431092619895935
0.659115731716156
0.5687835216522217
0.4787619411945343
0.41629621386528015
0.39468666911125183
0.3656340539455414
0.4157570004463196
0.5277373790740967
0.38666003942489624
0.39105212688446045
0.4187079071998596
0.37256649136543274
0.38716554641723633
0.39948564767837524
0.40341895818710327
0.4369324743747711
0.3623676300048828
0.3620162308216095
0.38607582449913025
0.3853529095649719
0.38498103618621826
0.4999643862247467
0.3877588212490082
0.36262282729148865
0.37699976563453674
0.3812323808670044
0.3975006341934204
0.3876429498195648
0.3695361316204071
0.3724173903465271
0.38355112075805664
0.3795357942581177
0.37062016129493713
0.3876514434814453
0.36571210622787476
0.36234793066978455
0.4084106981754303
0.37182047963142395
0.4902433156967163
0.4368232488632202
0.5344253182411194
0.4542970359325409
0.6963711977005005
0.44835755228996277
0.39798882603645325
0.5665358901023865
0.3918798267841339
0.3679288923740387
0.5297678709030151
0.4121168255805969
0.46723228693008423
0.44951778650283813
0.674640417098999
0.9680371880531311
0.4947474002838135
0.41188833117485046
0.37096691131591797
0.3857947587966919
0.3739313781261444
0.41309255361557007
0.42095690965652466
0.39922210574150085
0.43489572405815125
0.3955378234386444
0.38518133759498596
0.4380023181438446
0.41291487216949463
0.5613287687301636
0.441250205039978
0.4825373888015747
0.42172497510910034
0.42352524399757385
0.44812944531440735
0.40982288122177124
0.40076112747192383
0.7557379603385925
0.3675934970378876
0.3918306529521942
0.3681553304195404
0.36290547251701355
0.45028454065322876
0.5048153400421143
0.4148736298084259
0.3630695641040802
0.43546515703201294
0.3904443681240082
0.3771144449710846
0.4340090751647949
0.5189391374588013
0.42576462030410767
0.4225883483886719
0.4203471839427948
0.41440027952194214
0.3904491066932678
0.36687204241752625
0.37677425146102905
0.36648350954055786
0.38758400082588196
0.4184999167919159
0.4639727771282196
0.4186054766178131
0.5304158329963684
0.5214597582817078
0.3822755217552185
0.36669033765792847
0.36775752902030945
0.4487370252609253
0.39165356755256653
0.40994030237197876
0.5018912553787231
0.44587430357933044
0.43209022283554077
0.36038318276405334
0.3873670995235443
0.3726794421672821
0.3787318766117096
0.4275539815425873
0.37326186895370483
0.3714776933193207
0.36500999331474304
0.36943188309669495
0.3979511857032776
0.3947910666465759
0.3707614839076996
0.456092894077301
0.3872799277305603
0.3617401719093323
0.39020293951034546
0.3656737506389618
0.38266199827194214
0.39457613229751587
0.36589619517326355
0.36508381366729736
0.3645303249359131
0.364799439907074
0.3627018928527832
0.37103089690208435
0.38493964076042175
0.36317265033721924
0.4363584518432617
0.3854900002479553
0.5373325347900391
0.39933207631111145
0.3759416341781616
0.46700042486190796
0.404757022857666
0.48635658621788025
0.4355802536010742
0.40180888772010803
0.3849201500415802
0.3700963258743286
0.3858316242694855
0.3682730197906494
0.4066121280193329
0.6513653993606567
0.5528274774551392
0.41690853238105774
0.37326779961586
0.3766394257545471
0.36528337001800537
0.3614669144153595
0.3939741551876068
0.5263500809669495
0.4299904406070709
0.3673165738582611
0.3670979142189026
0.36257216334342957
0.3595295548439026
0.3609752655029297
0.36086738109588623
0.36532658338546753
0.43153175711631775
0.4403121769428253
0.3999063968658447
0.37150096893310547
0.36698466539382935
0.3710680902004242
0.5601641535758972
0.3993436098098755
0.3732244074344635
0.3805893063545227
0.3632167875766754
0.36281391978263855
0.36300477385520935
0.37678593397140503
0.3595154881477356
0.36207571625709534
0.36973607540130615
0.3635510504245758
0.36219388246536255
0.36710506677627563
0.3598374128341675
0.37623849511146545
0.3915519118309021
0.3724740743637085
0.36489635705947876
0.47975823283195496
0.558281660079956
0.40697258710861206
0.3925817012786865
0.387429416179657
0.3728795647621155
0.38130903244018555
0.40969088673591614
0.37240758538246155
0.3776037395000458
0.36908435821533203
0.3611249327659607
0.36038294434547424
0.4450702667236328
0.39957737922668457
0.3643281161785126
0.36594608426094055
0.36330103874206543
0.3741970956325531
0.3646973669528961
0.36373236775398254
0.36423566937446594
0.3613288700580597
0.3603537082672119
0.44232168793678284
0.40488719940185547
0.361969918012619
0.35908272862434387
0.36167222261428833
0.361721932888031
0.3679870367050171
0.48700687289237976
0.4021064043045044
0.41843220591545105
0.36365050077438354
0.40565842390060425
0.3667847514152527
0.36057350039482117
0.3703480660915375
0.5252780318260193
0.4604076147079468
0.434209942817688
0.4307936429977417
0.3734663128852844
0.40170392394065857
0.3713095486164093
0.3670238256454468
0.3921997547149658
0.38171109557151794
0.3826713562011719
0.6094224452972412
0.5308371782302856
0.4652740955352783
0.4043281674385071
0.3793248236179352
0.3805605471134186
0.3711744248867035
0.37880685925483704
0.38966235518455505
0.8507551550865173
0.463146448135376
0.3804398775100708
0.4032907485961914
0.46224552392959595
0.3794597089290619
0.4611133337020874
0.4028661251068115
0.373115599155426
0.36236026883125305
0.4467422068119049
0.4100460112094879
0.4184242784976959
0.37276986241340637
0.36411920189857483
0.36052316427230835
0.37383803725242615
0.36515623331069946
0.46885594725608826
0.388245165348053
0.3864786624908447
0.4795382618904114
0.39983323216438293
0.3806718587875366
0.38936254382133484
0.365491658449173
0.36573633551597595
0.37588822841644287
0.42896929383277893
0.38235676288604736
0.4041043221950531
0.37919625639915466
0.3703846037387848
0.3831753432750702
0.3735201060771942
0.36430302262306213
0.35983210802078247
0.3648146390914917
0.36250463128089905
0.35890063643455505
0.3696095943450928
0.37500619888305664
0.376426637172699
0.37812647223472595
0.37425217032432556
0.3619368374347687
0.3601698577404022
0.3594435751438141
0.35932353138923645
0.36935701966285706
0.3648250997066498
0.36544135212898254
0.3599659204483032
0.3951382339000702
0.3714579939842224
0.36021888256073
0.36226990818977356
0.36842334270477295
0.38027170300483704
0.3778458833694458
0.36458659172058105
0.3798449635505676
0.37913480401039124
0.35874077677726746
0.39254552125930786
0.3913112282752991
0.48752596974372864
0.438852995634079
0.4345260560512543
0.3804139494895935
0.36313381791114807
0.3583422601222992
0.4487797021865845
0.408443808555603
0.41712936758995056
0.38227251172065735
0.36582157015800476
0.360602468252182
0.36128538846969604
0.3718491196632385
0.37021899223327637
0.3864762485027313
0.36395514011383057
0.38070350885391235
0.3737778067588806
0.3945741653442383
0.3687340021133423
0.361055850982666
0.4019419252872467
0.3636011779308319
0.3843610882759094
0.3724195659160614
0.3703663647174835
0.3594435155391693
0.3613741993904114
0.37062785029411316
0.3645511865615845
0.3597700297832489
0.3621409237384796
0.360880970954895
0.35919395089149475
0.3885129988193512
0.38452205061912537
0.40718868374824524
0.3696463406085968
0.3743242025375366
0.36531367897987366
0.3610568046569824
0.3578640818595886
0.3592457175254822
0.3629075586795807
0.36473336815834045
0.37275785207748413
0.36087924242019653
0.3636879026889801
0.37315383553504944
0.4863036870956421
0.40804430842399597
0.39627256989479065
0.3768293857574463
0.3830050230026245
0.3702734112739563
0.36638975143432617
0.3630799651145935
0.3626146614551544
0.36325961351394653
0.35989177227020264
0.44198766350746155
0.3925478756427765
0.3895641565322876
0.38956621289253235
0.39562079310417175
0.3768584132194519
0.35911399126052856
0.36048683524131775
0.3634846806526184
0.35865432024002075
0.36019447445869446
0.36692866683006287
0.3670218586921692
0.3717418313026428
0.36760589480400085
0.37637415528297424
0.3825817108154297
0.3658333718776703
0.3788944482803345
0.36040136218070984
0.35888680815696716
0.36771535873413086
0.3680691719055176
0.3643471896648407
0.3622729182243347
0.359343558549881
0.3740007281303406
0.3597705066204071
0.3610689342021942
0.36346644163131714
0.3776302635669708
0.36599642038345337
0.36686432361602783
0.3587663471698761
0.3633689880371094
0.3620566725730896
0.3692536950111389
0.36103323101997375
0.38375404477119446
0.3614892363548279
0.3709408938884735
0.3659990429878235
0.4626583158969879
0.4042823910713196
0.3889670968055725
0.4162833094596863
0.4127473831176758
0.37301695346832275
0.37017515301704407
0.3582376539707184
0.3592498302459717
0.39698562026023865
0.355221152305603
0.37327122688293457
0.36557987332344055
0.3687900900840759
0.3605678379535675
0.35835903882980347
0.376885324716568
0.3888130784034729
0.5395708680152893
0.3713054955005646
0.36927154660224915
0.3769557476043701
0.3883574604988098
0.3729114532470703
0.373170405626297
0.3660553991794586
0.3652042746543884
0.36505505442619324
0.4664818048477173
0.4259382486343384
0.3795103132724762
0.3653485178947449
0.3605692982673645
0.36350950598716736
0.3590376377105713
0.3589341938495636
0.36726507544517517
0.37290361523628235
0.37081292271614075
0.36797386407852173
0.3673059940338135
0.35988351702690125
0.3647041320800781
0.36841171979904175
0.376335084438324
0.3631824553012848
0.35959747433662415
0.5013698935508728
0.36862751841545105
0.3733598589897156
0.361836314201355
0.3576472997665405
0.38115108013153076
0.38110023736953735
0.42364799976348877
0.41494718194007874
0.3799372613430023
0.3789359927177429
0.3671877980232239
0.3616678714752197
0.37690097093582153
0.3749638795852661
0.3590615391731262
0.3607933223247528
0.36220619082450867
0.42444077134132385
0.35937145352363586
0.3631572425365448
0.3592398464679718
0.35938915610313416
0.3620644807815552
0.35928574204444885
0.36553552746772766
0.47145408391952515
0.4423951208591461
0.4077271521091461
0.374129056930542
0.355545312166214
0.36651360988616943
0.3948502540588379
0.3657248318195343
0.35815340280532837
0.3584766387939453
0.37102118134498596
0.36231374740600586
0.3653843104839325
0.4465198814868927
0.5269160866737366
0.4156567454338074
0.39662638306617737
0.3549326956272125
0.3913035988807678
0.36780455708503723
0.36300206184387207
0.36058470606803894
0.359355092048645
0.3596549928188324
0.3901071846485138
0.3887762427330017
0.3838536739349365
0.39887088537216187
0.37162765860557556
0.3590855896472931
0.3922286331653595
0.3596380949020386
0.3650229275226593
0.3656851649284363
0.35946545004844666
0.36078715324401855
0.40518510341644287
0.37420380115509033
0.3625798523426056
0.3664568364620209
0.36697936058044434
0.40074166655540466
0.4080336093902588
0.38405290246009827
0.3834386169910431
0.3571776747703552
0.3691379427909851
0.3944689929485321
0.3582833409309387
0.366350919008255
0.3810691833496094
0.40462371706962585
0.3646371066570282
0.3659987449645996
0.3660285174846649
0.37675940990448
0.37695035338401794
0.40342146158218384
0.383862167596817
0.37481072545051575
0.3732829689979553
0.35766229033470154
0.4609855115413666
0.4738136827945709
0.3869900703430176
0.36188697814941406
0.3620965778827667
0.38395532965660095
0.39650899171829224
0.41696101427078247
0.3778873682022095
0.37402331829071045
0.3643720746040344
0.3593853712081909
0.3575938045978546
0.36170053482055664
0.36113837361335754
0.3568769693374634
0.40693673491477966
0.3600543141365051
0.40061816573143005
0.37215718626976013
0.3642353415489197
0.35872772336006165
0.3599469065666199
0.35751599073410034
0.35832738876342773
0.3798615634441376
0.359321266412735
0.36057204008102417
0.35775303840637207
0.3582914173603058
0.36058640480041504
0.35943228006362915
0.360975980758667
0.35664427280426025
0.35848429799079895
0.35912376642227173
0.35923972725868225
0.37008264660835266
0.3666793406009674
0.35661980509757996
0.37754181027412415
0.364084392786026
0.36175718903541565
0.36416858434677124
0.3575080335140228
0.36002475023269653
0.35917532444000244
0.35908734798431396
0.357331782579422
0.3584609627723694
0.35867103934288025
0.3876485526561737
0.3876453638076782
0.36700010299682617
0.35715702176094055
0.3634546399116516
0.39365410804748535
0.3593974709510803
0.35768774151802063
0.3575713634490967
0.3577430248260498
0.35782238841056824
0.3935968279838562
0.3707147538661957
0.3635288178920746
0.3628475069999695
0.3618658185005188
0.523310124874115
0.38854411244392395
0.36063235998153687
0.37770354747772217
0.35854193568229675
0.3620304465293884
0.3595482409000397
0.3978244662284851
0.3575809895992279
0.36237144470214844
0.3569686710834503
0.3582824468612671
0.3895053267478943
0.3901669383049011
0.3625126779079437
0.3780437111854553
0.35876211524009705
0.38783544301986694
0.37704476714134216
0.358168363571167
0.35735026001930237
0.3610343933105469
0.3709704875946045
0.35803133249282837
0.3586007356643677
0.3576851189136505
0.3591761291027069
0.36027947068214417
0.38111451268196106
0.35737013816833496
0.3588465750217438
0.3601642847061157
0.36640220880508423
0.3737487494945526
0.36416682600975037
0.383677214384079
0.368913859128952
0.36385414004325867
0.35980063676834106
0.3623011112213135
0.35970577597618103
0.3614671230316162
0.3698086440563202
0.3591098189353943
0.3688637316226959
0.38420727849006653
0.36185455322265625
0.36922696232795715
0.36836177110671997
0.3599102795124054
0.36256542801856995
0.36219558119773865
0.3598611056804657
0.35684147477149963
0.3574262261390686
0.3592180013656616
0.3584039509296417
0.35743406414985657
0.37992069125175476
0.3670208752155304
0.37481653690338135
0.36433839797973633
0.3608097434043884
0.3583967387676239
0.3576953113079071
0.35806313157081604
0.36321112513542175
0.35820090770721436
0.3569927215576172
0.3601449131965637
0.35816115140914917
0.35706019401550293
0.3576129674911499
0.35670462250709534
0.36149027943611145
0.3581307530403137
0.3595782220363617
0.35696887969970703
0.35887593030929565
0.35806143283843994
0.3576958179473877
0.3579099774360657
0.3599012494087219
0.38022691011428833
0.36543500423431396
0.3637768030166626
0.3616437017917633
0.35780060291290283
0.3587212860584259
0.3568341135978699
0.35853418707847595
0.3569903075695038
0.3574308454990387
0.3837832808494568
0.3653174042701721
0.35713720321655273
0.36018437147140503
0.3575187623500824
0.3692671060562134
0.360151082277298
0.3594968616962433
0.36102384328842163
0.3570900857448578
0.35727840662002563
0.3566458523273468
0.36067190766334534
0.3754635155200958
0.3654075860977173
0.3611942231655121
0.3584987223148346
0.3579913079738617
0.3578375577926636
0.36107999086380005
0.35777729749679565
0.35787633061408997
0.3569837808609009
0.3571501672267914
0.3596484959125519
0.35675734281539917
0.35847052931785583
0.35697051882743835
0.37206530570983887
0.3551701009273529
0.3607608377933502
0.35681888461112976
0.3591839671134949
0.3581714928150177
0.3620339334011078
0.3628467917442322
0.3584875166416168
0.35662251710891724
0.3582612872123718
0.3568260669708252
0.3647659718990326
0.35883617401123047
0.3665093779563904
0.3582703471183777
0.3573903739452362
0.35742634534835815
0.3575700521469116
0.3586804270744324
0.3590621054172516
0.36308786273002625
0.36604607105255127
0.38509419560432434
0.36732056736946106
0.3664429783821106
0.3651818037033081
0.35706183314323425
0.3634587228298187
0.3666608929634094
0.3677981495857239
0.36042124032974243
0.36271342635154724
0.3578924834728241
0.3585331439971924
0.3589312434196472
0.35805433988571167
0.35642877221107483
0.3606208562850952
0.3600524365901947
0.3568478524684906
0.3573456406593323
0.3577320873737335
0.36410439014434814
0.360390841960907
0.3581086993217468
0.3579280972480774
0.36980140209198
0.3701826333999634
0.3564758598804474
0.35692667961120605
0.35694098472595215
0.35684674978256226
0.3567162752151489
0.3568476438522339
0.357528418302536
0.3567652404308319
0.3577357828617096
0.3575616180896759
0.3578748106956482
0.3566983938217163
0.35625147819519043
0.3581349849700928
0.35710999369621277
0.35772112011909485
0.35996466875076294
0.3575512766838074
0.36236780881881714
0.36572882533073425
0.35757705569267273
0.37160491943359375
0.3743923008441925
0.35748106241226196
0.37380072474479675
0.3753643333911896
0.3568633794784546
0.3579748570919037
0.3571454882621765
0.36036041378974915
0.3587590157985687
0.3580465018749237
0.3582480847835541
0.357928991317749
0.3583715856075287
0.36644530296325684
0.35923776030540466
0.3688647449016571
0.35550686717033386
0.3568792939186096
0.3656846880912781
0.36172083020210266
0.35848966240882874
0.3577346205711365
0.3610211908817291
0.35839778184890747
0.3568519353866577
0.3568721115589142
0.35731640458106995
0.36144718527793884
0.36226484179496765
0.35508570075035095
0.3619762361049652
0.3575628697872162
0.3579331040382385
0.3589269518852234
0.35826268792152405
0.3565812408924103
0.35701438784599304
0.35842081904411316
0.3572978675365448
0.358708918094635
0.35731443762779236
0.3566128611564636
0.35709142684936523
0.35697686672210693
0.3559191823005676
0.35817182064056396
0.35682788491249084
0.3570152521133423
0.3571998178958893
0.35704702138900757
0.3615075349807739
0.35861092805862427
0.3570607900619507
0.35736143589019775
0.35684633255004883
0.3565823435783386
0.3566657304763794
0.3577897548675537
0.3571297228336334
0.3566795289516449
0.3564876317977905
0.35654306411743164
0.35678598284721375
0.3566714823246002
0.3567776679992676
0.35674798488616943
0.35673463344573975
0.3566134572029114
0.3565822243690491
0.3581579923629761
0.3570146858692169
0.3566996157169342
0.3565129339694977
0.3569106459617615
0.35696253180503845
0.35670965909957886
0.35659560561180115
0.3569098114967346
0.35781899094581604
0.358781099319458
0.3587157726287842
0.3589836061000824
0.35667455196380615
0.35873106122016907
0.35823559761047363
0.35691484808921814
0.35692623257637024
0.3566751182079315
0.3565082550048828
0.35661745071411133
0.3570960760116577
0.3575077950954437
0.3565753996372223
0.35671907663345337
0.3566364645957947
0.35667911171913147
0.3564049005508423
0.35686323046684265
0.3564961850643158
0.35652977228164673
0.35746219754219055
0.359517902135849
0.3579869866371155
0.35845693945884705
0.3598790764808655
0.3622085750102997
0.35973748564720154
0.35811400413513184
0.3573267459869385
0.3562279939651489
0.35658666491508484
0.3574257791042328
0.3590308427810669
0.35737791657447815
0.35655489563941956
0.35726672410964966
0.3566642701625824
0.35657063126564026
0.3563646376132965
0.3566218316555023
0.356829434633255
0.3566020131111145
0.35695040225982666
0.35782134532928467
0.35836952924728394
0.3571566939353943
0.3565361499786377
0.35785919427871704
0.3566729724407196
0.3576592803001404
0.35883828997612
0.357588529586792
0.3566575050354004
0.3564891815185547
0.35667672753334045
0.35716065764427185
0.3569561541080475
0.3558923900127411
0.3587310314178467
0.3581838309764862
0.3558184504508972
0.36313706636428833
0.36019831895828247
0.3574741780757904
0.3569750487804413
0.3560834228992462
0.35660839080810547
0.35688987374305725
0.35651451349258423
0.3566654622554779
0.35683906078338623
