61.50837707519531
34.76797103881836
21.960403442382812
16.249507904052734
11.600174903869629
8.795222282409668
6.670311450958252
5.483209609985352
4.525496959686279
3.934875965118408
3.0909199714660645
3.0874392986297607
2.726064443588257
2.326906442642212
1.9929208755493164
1.9268664121627808
1.5895061492919922
1.6399407386779785
1.477813720703125
1.4310009479522705
1.3906666040420532
1.2598705291748047
1.2404557466506958
1.6482287645339966
1.5778048038482666
1.43098783493042
1.2180417776107788
1.253061056137085
1.1232883930206299
1.004949688911438
0.9266070127487183
0.9033837914466858
0.9255408048629761
0.8919150829315186
0.7777036428451538
0.8055828809738159
0.7640138864517212
0.7978768348693848
0.8185701370239258
0.7389161586761475
0.7585439682006836
0.8013554811477661
0.7546535730361938
0.7419372797012329
0.6347246766090393
0.6419526934623718
0.6915446519851685
0.625893771648407
0.7249361872673035
0.7515647411346436
0.8554195165634155
0.7621275782585144
0.6338575482368469
0.59596848487854
0.6248302459716797
0.6525192856788635
0.6307660341262817
0.6193122863769531
0.550658643245697
0.5369671583175659
0.5509781241416931
0.5533276796340942
0.5724026560783386
0.5487146377563477
0.5459019541740417
0.6450757384300232
0.625978410243988
0.5695286393165588
0.5633416175842285
0.5437988042831421
0.536854088306427
0.5717969536781311
0.5985508561134338
0.5601743459701538
0.5293168425559998
0.8544973134994507
0.770784854888916
0.6792234778404236
0.6627863049507141
0.5964919924736023
0.6080842018127441
0.6207889914512634
0.6167371273040771
0.586662769317627
0.5875985026359558
0.5552803874015808
0.5408115386962891
0.5186265707015991
0.4983433485031128
0.4802795946598053
0.6434763669967651
0.5482211112976074
0.5051532983779907
0.5397964119911194
0.5006292462348938
0.495338499546051
0.47667521238327026
0.47879770398139954
0.5022512078285217
0.5057178735733032
1.0425636768341064
0.6413137912750244
0.5216041207313538
0.7157334685325623
0.6087396144866943
0.6432958841323853
0.5980605483055115
0.5479519367218018
0.6079260110855103
0.9878152012825012
0.9150192737579346
0.7179677486419678
0.5304640531539917
0.5222939252853394
0.5292292237281799
0.5106877088546753
0.5025385022163391
0.49615350365638733
0.48746949434280396
0.469167560338974
0.48051467537879944
0.46901172399520874
0.44145649671554565
0.45570653676986694
0.4650200605392456
0.48239126801490784
0.4361828565597534
0.44231244921684265
0.4637708365917206
0.4685351848602295
0.45759397745132446
0.44093480706214905
0.440256804227829
0.43115922808647156
0.4716750681400299
0.5277338027954102
0.47614729404449463
0.4879775941371918
0.5127705931663513
0.4871448874473572
0.45063239336013794
0.45832449197769165
0.4885457456111908
0.4345567524433136
0.47312113642692566
0.44548434019088745
0.4568341076374054
0.4837755262851715
0.4863938093185425
0.4828813970088959
0.47828760743141174
0.47924014925956726
0.45288828015327454
0.5197975635528564
0.47453659772872925
0.4789876639842987
0.46250393986701965
0.4572611153125763
0.4284798800945282
0.43009886145591736
0.4465990364551544
0.5564504861831665
0.48561879992485046
0.48572105169296265
0.45558637380599976
0.44179365038871765
0.4525259733200073
0.490580677986145
0.4424343407154083
0.4104844927787781
0.42591625452041626
0.4094165563583374
0.4351765215396881
0.4492954611778259
0.5029926896095276
0.4687846601009369
0.4411029815673828
0.6555680632591248
1.5108821392059326
1.4179062843322754
1.0282219648361206
0.6720389723777771
0.6329120993614197
0.5994430780410767
0.9939024448394775
0.6756956577301025
0.6298775672912598
0.517738938331604
0.5170721411705017
0.49822431802749634
0.6695675253868103
0.6226630210876465
0.49958112835884094
0.4775068759918213
0.4745637774467468
0.4955008924007416
0.48579221963882446
0.4347379803657532
0.4313737154006958
0.48361605405807495
0.4936099052429199
0.4429836571216583
0.9130949974060059
0.7936780452728271
0.73844975233078
0.6091414093971252
0.5815960168838501
0.5636731386184692
0.6350215077400208
0.5648521184921265
0.551184892654419
0.5778892040252686
0.5071373581886292
0.5717692375183105
0.5503188967704773
0.5242541432380676
0.5331059098243713
0.4995447099208832
0.4857409596443176
0.457121342420578
0.4702560007572174
0.49442318081855774
0.47705334424972534
0.4496413767337799
0.48043742775917053
0.46646830439567566
0.4531232416629791
0.4850824177265167
0.4449160695075989
0.4791147708892822
0.47492149472236633
0.49278730154037476
0.46234890818595886
0.48045405745506287
0.46347907185554504
0.4625154733657837
0.45511576533317566
0.5363616347312927
0.5004976391792297
0.4845390021800995
0.5093616247177124
0.4842037260532379
0.6649613380432129
0.499491810798645
0.4747331440448761
0.4890042543411255
0.4448816478252411
0.4574073553085327
0.47897568345069885
0.45453402400016785
0.47350603342056274
0.5190257430076599
0.5771961808204651
0.5842962861061096
0.5023213624954224
0.47620466351509094
0.49283355474472046
0.43846753239631653
0.4199431240558624
0.4480736255645752
0.4543309211730957
0.42502349615097046
0.4513101577758789
0.40592947602272034
0.4333406686782837
0.4114493429660797
0.4470090866088867
0.4518543779850006
0.4536043107509613
0.42655137181282043
0.4232824742794037
0.4251272678375244
0.4193974733352661
0.4236721098423004
0.41241520643234253
0.39674147963523865
0.40752628445625305
0.3907228708267212
0.4257265329360962
0.44173988699913025
0.6713162064552307
0.5164610147476196
0.5304211974143982
0.5639513731002808
0.5016041398048401
0.4439045488834381
0.4484672248363495
0.4356497526168823
0.428126722574234
0.4593513607978821
0.41162538528442383
0.6855413317680359
0.5332708358764648
0.5484991073608398
0.6306375861167908
0.5244229435920715
0.49186602234840393
0.4575923681259155
0.4794031083583832
0.4424096345901489
0.42505311965942383
0.4696105718612671
0.4368188679218292
0.4534943103790283
0.45571401715278625
0.4333743751049042
0.46582260727882385
0.409488320350647
0.43328946828842163
0.4078531563282013
0.41984981298446655
0.43984171748161316
0.4316455125808716
0.4064173102378845
0.41587740182876587
0.4030563533306122
0.4127991199493408
0.4131473898887634
0.4229840040206909
0.40581580996513367
0.38208577036857605
0.40814247727394104
0.46303004026412964
0.40531641244888306
0.3950568437576294
0.41081351041793823
0.4208480417728424
0.4154527187347412
0.3995179831981659
0.41277891397476196
0.40607962012290955
0.5395403504371643
0.4773279130458832
0.4393730163574219
0.4223358631134033
0.4325297772884369
0.43871888518333435
0.46539899706840515
0.4419769048690796
0.4487822949886322
0.4201020896434784
0.4131448268890381
0.7180079221725464
0.6915003657341003
0.5985226035118103
0.4850683808326721
0.43973857164382935
0.5438792109489441
0.6946513056755066
0.590874195098877
0.46204981207847595
0.48584821820259094
0.47037893533706665
0.4482049345970154
0.46402454376220703
0.7983521819114685
0.6196497082710266
0.5187932252883911
0.5151594281196594
0.5073385834693909
0.45228466391563416
0.47255566716194153
0.4704313278198242
0.45842602849006653
0.4489920437335968
0.4419519603252411
0.4250407814979553
0.5030598640441895
0.4546774625778198
0.4669519364833832
0.4086965322494507
0.4182838499546051
0.43544358015060425
0.4164196848869324
0.40602871775627136
0.40209752321243286
0.3874025344848633
0.4121756851673126
0.3878559470176697
0.6494355201721191
0.5161760449409485
0.4446990191936493
0.39831528067588806
0.3908613324165344
0.4180786907672882
0.4054199755191803
0.49669018387794495
0.4880518317222595
0.4250280559062958
0.40724635124206543
0.43623122572898865
0.4295654296875
0.41432446241378784
0.38697752356529236
0.3875925540924072
0.3940040171146393
0.41193273663520813
0.3969513475894928
0.3624030351638794
0.3855341076850891
0.38834813237190247
0.37636107206344604
0.3878622353076935
0.3712911307811737
0.5036105513572693
0.4265599846839905
0.39835551381111145
0.39074817299842834
0.4264317750930786
0.4182611405849457
0.427268385887146
0.415103942155838
0.418927401304245
0.3974027633666992
0.41162365674972534
0.39123669266700745
0.38488903641700745
0.431764155626297
0.40382954478263855
0.39105212688446045
0.4159955084323883
0.40708646178245544
0.403171181678772
0.43410152196884155
0.3840551972389221
0.3810717761516571
0.38856422901153564
0.3686973452568054
0.3840501308441162
0.41623541712760925
0.3737122714519501
0.380777508020401
0.3798380196094513
0.38539162278175354
0.37362733483314514
0.3810631334781647
0.4922660291194916
0.4354959726333618
0.45088452100753784
0.3728152811527252
0.45080727338790894
0.4185134470462799
0.4061213731765747
0.3694964349269867
0.3949010968208313
0.39496520161628723
0.41170236468315125
0.4037601053714752
0.3778933584690094
0.3968636691570282
0.36820101737976074
0.38740450143814087
0.4273933470249176
0.4094434082508087
0.3844545781612396
0.4025764763355255
0.4645459055900574
0.43796247243881226
0.39352354407310486
0.38927173614501953
0.3863832652568817
0.37735825777053833
0.4040627181529999
0.3873700499534607
0.3739391267299652
0.3880079388618469
0.39792799949645996
0.3714480400085449
0.3915359079837799
0.3926394581794739
0.3859342336654663
0.3789706826210022
0.368268221616745
0.37978029251098633
0.3891441226005554
0.37142398953437805
0.3541374206542969
0.3759162724018097
0.3739306628704071
0.4134759306907654
0.41359004378318787
0.37658706307411194
0.4005763530731201
0.4334797263145447
0.393156498670578
0.39117249846458435
0.4100155830383301
0.38588380813598633
0.3697706460952759
0.3586413264274597
0.38129958510398865
0.3798806369304657
0.3694053590297699
0.401645690202713
0.3788413107395172
0.41425782442092896
0.38746050000190735
0.3783242106437683
0.3878020644187927
0.3835830092430115
0.3991679847240448
0.3620239794254303
0.3651321232318878
0.3715813159942627
0.3981359601020813
0.3622691333293915
0.37320926785469055
0.37256672978401184
0.35924679040908813
0.3865790367126465
0.3647764027118683
0.34711024165153503
0.3708997666835785
0.371061772108078
0.36826765537261963
0.3765243887901306
0.3636539578437805
0.3917788565158844
0.3680574595928192
0.3597247302532196
0.3767309784889221
0.5002703070640564
0.5028733015060425
0.5332828760147095
0.47284621000289917
0.4511594772338867
0.41693568229675293
0.4251477122306824
0.4586474895477295
0.4631004333496094
0.36661359667778015
0.3846653401851654
0.37091800570487976
0.39187392592430115
0.38491421937942505
0.39969030022621155
0.37838777899742126
0.36503997445106506
0.3779281973838806
0.3681742250919342
0.3683326840400696
0.36205482482910156
0.3824174404144287
0.3657616674900055
0.36681172251701355
0.36676764488220215
0.3531641960144043
0.3779730200767517
0.37554025650024414
0.35518980026245117
0.3626975417137146
0.3635580837726593
0.36077654361724854
0.35568004846572876
0.3724130392074585
0.37226641178131104
0.3403509259223938
0.3751605153083801
0.37206366658210754
0.3452340066432953
0.3618341088294983
0.345559298992157
0.36932942271232605
0.3494063913822174
0.3522549569606781
0.41241103410720825
0.37338322401046753
0.348211407661438
0.3532829284667969
0.3672180771827698
0.36262598633766174
0.356404185295105
0.3789036273956299
0.358562707901001
0.35920119285583496
0.3412795960903168
0.36474522948265076
0.34536057710647583
0.35503286123275757
0.36778751015663147
0.35608017444610596
0.37585678696632385
0.3707351088523865
0.360342413187027
0.36906522512435913
0.3401870131492615
0.3617705702781677
0.3675547242164612
0.36323800683021545
0.36197760701179504
0.3519732654094696
0.348442941904068
0.3690229654312134
0.35991179943084717
0.37141939997673035
0.36682549118995667
0.36536064743995667
0.3693879544734955
0.37975987792015076
0.36206406354904175
0.35469943284988403
0.3606826364994049
0.34261366724967957
0.36144721508026123
0.3434191346168518
0.35719940066337585
0.3608377277851105
0.36792007088661194
0.3544688820838928
0.35585710406303406
0.3641711473464966
0.36048462986946106
0.3512430787086487
0.35854214429855347
0.3587203025817871
0.3754148781299591
0.3735041618347168
0.3699239492416382
0.36373767256736755
0.3621743321418762
0.3619559109210968
0.3654294013977051
0.3718832731246948
0.3655183017253876
0.4156806468963623
0.39696386456489563
0.40559816360473633
0.3668981194496155
0.3811905086040497
0.40257832407951355
0.37766554951667786
0.3656300902366638
0.3800056576728821
0.36001890897750854
0.4135160446166992
0.3830397129058838
0.36477234959602356
0.37318968772888184
0.35845765471458435
0.34655389189720154
0.3564920723438263
0.36059555411338806
0.36678346991539
0.3725130558013916
0.35585907101631165
0.35617706179618835
0.36193156242370605
0.35424861311912537
0.3629089891910553
0.3635112941265106
0.3597656786441803
0.3521682620048523
0.3488781452178955
0.36685582995414734
0.37030619382858276
0.344481885433197
0.3502599000930786
0.36218443512916565
0.35353878140449524
0.354343056678772
0.36096954345703125
0.3667539060115814
0.3824065029621124
0.3716011047363281
0.347185879945755
0.3576388359069824
0.36672452092170715
0.3533622920513153
0.3666938841342926
0.37286949157714844
0.36870136857032776
0.3335984945297241
0.3602764904499054
0.37542280554771423
0.3475401997566223
0.35563501715660095
0.35818198323249817
0.36872783303260803
0.3606017231941223
0.3588048815727234
0.3609163761138916
0.3537072241306305
0.3409404456615448
0.3456546366214752
0.3626721501350403
0.35493147373199463
0.34794124960899353
0.34918197989463806
0.36312663555145264
0.3470398783683777
0.35489341616630554
0.36086326837539673
0.36415207386016846
0.34332525730133057
0.3515416085720062
0.3581533133983612
0.35143595933914185
0.34897294640541077
0.3546603322029114
0.3528396487236023
0.35559913516044617
0.35355982184410095
0.37137889862060547
0.34392011165618896
0.35813358426094055
0.3372265100479126
0.3429108262062073
0.342903196811676
0.37277522683143616
0.3684394955635071
0.349168986082077
0.35679492354393005
0.3711128234863281
0.3494666814804077
0.3520372807979584
0.36897677183151245
0.346041202545166
0.3539101779460907
0.36172667145729065
0.36203572154045105
0.3488927483558655
0.36927756667137146
0.3743359446525574
0.34946876764297485
0.3577495217323303
0.34250131249427795
0.36839404702186584
0.34218907356262207
0.38087353110313416
0.3712300658226013
0.37890079617500305
0.3838503658771515
0.38179898262023926
0.38512375950813293
0.3637603223323822
0.4007159471511841
0.4120333790779114
0.38433969020843506
0.4066885709762573
0.3880695700645447
0.37081044912338257
0.3731098771095276
0.3657475411891937
0.3675350546836853
0.36818239092826843
0.3893498182296753
0.352845698595047
0.37857556343078613
0.3610197603702545
0.3526487350463867
0.3714979887008667
0.3686137795448303
0.36220240592956543
0.37380316853523254
0.3679038882255554
0.36526036262512207
0.3512801229953766
0.36344367265701294
0.36458030343055725
0.3589562177658081
0.36819809675216675
0.3510339558124542
0.35554319620132446
0.35403183102607727
0.363988995552063
0.35788649320602417
0.3992060422897339
0.3843970000743866
0.38567718863487244
0.37253737449645996
0.3663337826728821
0.3632628619670868
0.36401423811912537
0.36260533332824707
0.3560837507247925
0.3931497037410736
0.40069395303726196
0.37913379073143005
0.36419978737831116
0.3542971611022949
0.3621372580528259
0.3500114679336548
0.3667413890361786
0.37089669704437256
0.377189040184021
0.35248270630836487
0.36932769417762756
0.35681653022766113
0.3711701035499573
0.37712883949279785
0.3537711501121521
0.36366450786590576
0.3657487630844116
0.36095714569091797
0.36669492721557617
0.35820168256759644
0.3484739363193512
0.36866140365600586
0.3631110191345215
0.35614001750946045
0.3591957092285156
0.3878938555717468
0.40094083547592163
0.38112857937812805
0.3656389117240906
0.3807429373264313
0.36913421750068665
0.3522540330886841
0.37459057569503784
0.35638245940208435
0.3520923852920532
0.3664398491382599
0.36263734102249146
0.3676975667476654
0.3704993724822998
0.3712588846683502
0.3510296940803528
0.3564903438091278
0.3662203848361969
0.3604236841201782
0.3587948977947235
0.3633957803249359
0.35725632309913635
0.354499489068985
0.36669740080833435
0.3670368492603302
0.35319784283638
0.3548276424407959
0.348125159740448
0.35810941457748413
0.36368805170059204
0.3560607433319092
0.3636136054992676
0.3572566509246826
0.34835174679756165
0.36014729738235474
0.3380407989025116
0.3681738078594208
0.332047700881958
0.3511221706867218
0.36665838956832886
0.33883965015411377
0.359404057264328
0.37255212664604187
0.3696858882904053
0.34509673714637756
0.3562278151512146
0.3567155599594116
0.3602883219718933
0.36659491062164307
0.34807491302490234
0.35805821418762207
0.3499525189399719
0.34224769473075867
0.3583807647228241
0.3690193295478821
0.35503488779067993
0.33983665704727173
0.35689619183540344
0.33864864706993103
0.3397184908390045
0.34852898120880127
0.3350014090538025
0.354370653629303
0.3424024283885956
0.3389304578304291
0.35678407549858093
0.3351786434650421
0.3513389229774475
0.347604364156723
0.34757906198501587
0.34982165694236755
0.34756311774253845
0.35025525093078613
0.3482714891433716
0.35109710693359375
0.3387835621833801
0.35793790221214294
0.35289254784584045
0.350071519613266
0.36937347054481506
0.36402106285095215
0.3575606644153595
0.3723348081111908
0.3482380509376526
0.3481387197971344
0.3492546081542969
0.34867361187934875
0.34426721930503845
0.3541901707649231
0.3591509759426117
0.34958964586257935
0.3398081660270691
0.3510887622833252
0.3465534448623657
0.3730410933494568
0.34659820795059204
0.35484668612480164
0.3547697067260742
0.3388330936431885
0.35027679800987244
0.36073988676071167
0.35787779092788696
0.35868915915489197
0.35187822580337524
0.35035866498947144
0.36238229274749756
0.34519118070602417
0.35604128241539
0.34514376521110535
0.34507808089256287
0.35724905133247375
0.3374793529510498
0.35496988892555237
0.35387441515922546
0.3601353168487549
0.34933966398239136
0.3552292287349701
0.3448761999607086
0.3535291254520416
0.3489256203174591
0.3536292016506195
0.3442247211933136
0.3474472761154175
0.3583853840827942
0.33538153767585754
0.3623039126396179
0.34779471158981323
0.35855337977409363
0.3393540680408478
0.3560543954372406
0.3569908142089844
0.3448983430862427
0.37208008766174316
0.3292422294616699
0.34018245339393616
0.3331283926963806
0.33445045351982117
0.34506016969680786
0.3458719849586487
0.3309353291988373
0.3469462990760803
0.35426926612854004
0.34062060713768005
0.3445339798927307
0.34651660919189453
0.3555556535720825
0.3274201452732086
0.3529928922653198
0.34972071647644043
0.34545910358428955
0.350702166557312
0.34217140078544617
0.35405516624450684
0.33624356985092163
0.3581204414367676
0.3670901358127594
0.34952956438064575
0.3539544939994812
0.33676666021347046
0.3589531481266022
0.35004299879074097
0.3405516445636749
0.34871965646743774
0.3530455231666565
0.3534964323043823
0.356848806142807
0.3463646173477173
0.33844393491744995
0.3429463803768158
0.3164547085762024
0.3556460738182068
0.3455919325351715
0.3507479429244995
0.37070533633232117
0.3617301881313324
0.3510768711566925
0.35055723786354065
0.3538665771484375
0.3540436923503876
0.3442753255367279
0.35545408725738525
0.34974029660224915
0.34967154264450073
0.3474798798561096
0.34104713797569275
0.3358546197414398
0.36826738715171814
0.36143335700035095
0.3398849070072174
0.3466276228427887
0.3563061058521271
0.34817996621131897
0.35506829619407654
0.3383350670337677
0.3386708199977875
0.34143686294555664
0.3335464596748352
0.35527318716049194
0.3666771352291107
0.33541080355644226
0.33246704936027527
0.3435482382774353
0.36072030663490295
0.36028793454170227
0.3503027558326721
0.34974774718284607
0.35962599515914917
0.3566189408302307
0.34407028555870056
0.3578278720378876
0.3492640554904938
0.34858518838882446
0.34249138832092285
0.33263373374938965
0.34718284010887146
0.34394046664237976
0.3585800230503082
0.35068807005882263
0.3611011803150177
0.345538854598999
0.3393869698047638
0.34644395112991333
0.3431825041770935
0.3511756956577301
0.3470558226108551
0.3552595376968384
0.3472972810268402
0.3543383777141571
0.3383063077926636
0.34131723642349243
0.35666316747665405
0.3388267457485199
0.3377896249294281
0.3429288864135742
0.3447768986225128
0.34566155076026917
0.32992544770240784
0.344626784324646
0.3598826229572296
0.3566066324710846
0.3591587245464325
0.3528735637664795
0.34817439317703247
0.3328186869621277
0.3541843593120575
0.3422704339027405
0.3540845215320587
0.3592677116394043
0.33966687321662903
0.3603733479976654
0.35538533329963684
0.3479514718055725
0.35234421491622925
0.35660645365715027
0.34435442090034485
0.34163424372673035
0.3550040125846863
0.35766467452049255
0.3516653776168823
0.337453693151474
0.343252032995224
0.34819215536117554
0.35816121101379395
0.3503032326698303
0.3589387834072113
0.32238009572029114
0.35079193115234375
0.33997881412506104
0.3484582304954529
0.3378092050552368
0.34695252776145935
0.34924712777137756
0.36084359884262085
0.3503095805644989
0.34057578444480896
0.3536314368247986
0.3548380434513092
0.3424125015735626
0.3527449667453766
0.3383309543132782
0.3419027328491211
0.3358621299266815
0.3322793245315552
0.3524313271045685
0.3476699888706207
0.36712655425071716
0.360064297914505
0.34271717071533203
0.3435211479663849
0.33675679564476013
0.3453633785247803
0.33788001537323
0.3472582697868347
0.3356543779373169
0.34570789337158203
0.3510986268520355
0.35336604714393616
0.34399333596229553
0.35592004656791687
0.35342273116111755
0.34830257296562195
0.3546444773674011
0.34389689564704895
0.34543296694755554
0.35086125135421753
0.3546754717826843
0.36872005462646484
0.3400770425796509
0.34283944964408875
0.34190234541893005
0.3585827946662903
0.35906460881233215
0.34085240960121155
0.35131192207336426
0.3531204164028168
0.3401971161365509
0.3434668779373169
0.34496840834617615
0.3495634198188782
0.3386397659778595
0.34260380268096924
0.3482930064201355
0.35367122292518616
0.35278409719467163
0.35267871618270874
0.3434109687805176
0.35499879717826843
0.34955987334251404
0.3466092646121979
0.34498098492622375
0.34162619709968567
0.3370022773742676
0.35908767580986023
0.3420213758945465
0.35533154010772705
0.3568829894065857
0.33781570196151733
0.3631384074687958
0.3347166180610657
0.347870409488678
0.34383174777030945
0.3432003855705261
0.3460215628147125
0.35033997893333435
0.35104116797447205
0.33303070068359375
0.34352734684944153
0.33596619963645935
0.34338289499282837
0.3486940860748291
0.34743326902389526
0.3593900203704834
0.35184788703918457
0.34458839893341064
0.3453928530216217
0.33431753516197205
0.33654704689979553
0.34359827637672424
0.3394129276275635
0.3254643678665161
0.3549136221408844
0.3506775498390198
0.3479709327220917
0.3475996255874634
0.3414440453052521
0.33762481808662415
0.3368196487426758
0.3328469693660736
0.35027995705604553
0.35902872681617737
0.345720499753952
0.34057319164276123
0.3399010896682739
0.3523663580417633
0.34974753856658936
0.33915528655052185
0.34450066089630127
0.3408692181110382
0.34916558861732483
0.3341427743434906
0.33317244052886963
0.3504680097103119
0.3553849160671234
0.34938547015190125
0.341978520154953
0.3544757068157196
0.34325987100601196
0.3519288897514343
0.34081992506980896
0.34029921889305115
0.32661527395248413
0.3572787046432495
0.3542299270629883
0.3339221179485321
0.3406006693840027
0.33608749508857727
0.3615127205848694
0.3349889814853668
0.35683512687683105
0.338980108499527
0.3417592942714691
0.33353814482688904
0.3553699851036072
0.3502230942249298
0.34409305453300476
0.34941256046295166
0.34876713156700134
0.342899352312088
0.33982500433921814
0.35491743683815
0.3336639702320099
0.35645151138305664
0.34238070249557495
0.35434526205062866
