41.325374603271484
25.307281494140625
14.65630054473877
12.923869132995605
11.246917724609375
9.66694450378418
6.655632495880127
4.914420127868652
4.241591453552246
3.303842067718506
3.3843424320220947
3.4287967681884766
2.858835458755493
2.4049479961395264
2.372119426727295
2.5804600715637207
2.2420432567596436
2.0493125915527344
1.9048433303833008
1.6105601787567139
1.6222349405288696
1.4119197130203247
1.3735297918319702
1.2792835235595703
1.4418492317199707
1.424376130104065
1.2544102668762207
1.2158619165420532
1.0942312479019165
1.0469619035720825
1.0709460973739624
0.9986990690231323
0.9308637976646423
0.9214702844619751
0.9184921979904175
0.8168376088142395
0.8575530648231506
0.8989310264587402
0.8109956979751587
0.8083836436271667
0.8100913166999817
0.8519283533096313
0.7486154437065125
0.765819251537323
0.7477056384086609
0.7271423935890198
0.752086341381073
0.7299959659576416
0.7111489176750183
0.8000569343566895
0.7898056507110596
0.7458274960517883
0.7185428738594055
0.673895537853241
0.6950793862342834
0.7165479063987732
0.738024890422821
0.7147999405860901
0.6643764972686768
0.8965114951133728
0.8092586994171143
0.7986756563186646
0.6851308941841125
0.6495517492294312
0.6041978597640991
0.6684516072273254
0.618232786655426
0.7207633256912231
0.7937338948249817
1.0223230123519897
0.8460570573806763
0.9332098364830017
0.7369165420532227
0.6945841908454895
0.6644492745399475
0.6502549648284912
0.6988593935966492
0.6268380880355835
0.6279518604278564
0.6588426232337952
0.6112011671066284
0.6143514513969421
0.6015933156013489
0.6244784593582153
0.6107850074768066
0.6917106509208679
0.6378129124641418
0.6714257597923279
0.6401809453964233
0.6716392040252686
0.6486462354660034
0.6236473917961121
0.6537972688674927
0.5871322751045227
0.5905896425247192
0.5865769386291504
0.5965823531150818
0.5458976030349731
0.5972080230712891
0.5601985454559326
0.5629614591598511
0.6135707497596741
0.6451693177223206
0.5821354389190674
0.6004411578178406
0.5545259714126587
0.5352322459220886
0.5987822413444519
0.5502409934997559
0.5294083952903748
0.5120726227760315
0.5319095849990845
0.6232523322105408
0.6395643949508667
0.5807406902313232
0.645973801612854
0.5845987200737
0.7150557041168213
0.6184647083282471
0.6147931814193726
0.6235923767089844
0.7780557870864868
0.6971757411956787
0.6101886034011841
0.609682559967041
0.6224913597106934
0.5894349813461304
0.5845766663551331
0.5384076833724976
0.5315427184104919
0.5761103630065918
0.5701583623886108
0.5440546274185181
0.6432684063911438
0.6054301261901855
0.5518878102302551
0.5626800060272217
0.6074873208999634
0.5683512091636658
0.5435301661491394
0.5052894949913025
0.5139310359954834
0.5271989107131958
0.5126489400863647
0.525204598903656
0.5163169503211975
0.48557332158088684
0.49357810616493225
0.47437888383865356
0.4548019468784332
0.618204653263092
0.6190786957740784
0.590398371219635
0.5195940732955933
0.5755330920219421
0.5230185985565186
0.5866566300392151
0.5981929302215576
0.7738045454025269
0.5728484988212585
0.6116088032722473
0.5150912404060364
0.5560489296913147
0.929286777973175
0.6327519416809082
0.6183733344078064
0.583930253982544
0.5301560759544373
0.5722339153289795
0.5596065521240234
0.48943477869033813
0.4964999854564667
0.4933410882949829
0.5274588465690613
0.5432614088058472
0.5250684022903442
0.5627402663230896
0.5148152112960815
0.4993687868118286
0.5389338135719299
0.5387787818908691
0.5189865231513977
0.48630279302597046
0.47387441992759705
0.4565812945365906
0.4880402088165283
0.5414178967475891
0.5213861465454102
0.4427691698074341
0.44116273522377014
0.4600687325000763
0.49813899397850037
0.4737255871295929
0.44309836626052856
0.4823364019393921
0.4512428343296051
0.4829442799091339
0.5334591269493103
0.4467492997646332
0.5262913107872009
0.5269119739532471
0.5005457997322083
0.5668074488639832
0.46689993143081665
0.45796138048171997
0.44218868017196655
0.48413142561912537
0.5279751420021057
0.47137540578842163
0.5172790884971619
0.4831705093383789
0.4875265955924988
0.6956668496131897
0.5939775705337524
0.622653067111969
0.5795343518257141
0.511229395866394
0.4765959680080414
0.47742384672164917
0.488080233335495
0.4660757780075073
0.4733038544654846
0.5668994784355164
0.5234483480453491
0.6010353565216064
0.5558848977088928
0.4894690215587616
0.643736720085144
0.5170831084251404
0.6512818932533264
0.5462955832481384
0.4910413920879364
0.6103252172470093
0.4522570073604584
0.48342257738113403
0.4750981330871582
0.4309871196746826
0.49588266015052795
0.46484869718551636
0.4842040240764618
0.43335217237472534
0.4534352719783783
0.42814555764198303
0.443521648645401
0.4052008092403412
0.4192063808441162
0.4154989719390869
0.41062280535697937
0.4682338535785675
0.4343262314796448
0.4422112703323364
0.45948338508605957
0.42036980390548706
0.4929107427597046
0.45754486322402954
0.5010496377944946
0.5338053703308105
0.5364298820495605
0.4498380422592163
0.4857324957847595
0.488165020942688
0.4947979748249054
0.4465685784816742
0.462939590215683
0.47524169087409973
0.49568048119544983
0.4595946669578552
0.49159950017929077
0.43437978625297546
0.4956579804420471
0.43217259645462036
0.490908145904541
0.4867124855518341
0.48427560925483704
0.4443342685699463
0.6363592147827148
0.5739101767539978
0.5979582667350769
0.4851003885269165
0.5253140330314636
0.4566538333892822
0.48673099279403687
0.5009610652923584
0.46397343277931213
0.44824495911598206
0.4616260528564453
0.4017760753631592
0.45176514983177185
0.4091816246509552
0.4281494617462158
0.39144742488861084
0.42897161841392517
0.40077415108680725
0.40394145250320435
0.38694846630096436
0.3903391361236572
0.43373963236808777
0.418304443359375
0.4071333408355713
0.44769105315208435
0.41498079895973206
0.3975425958633423
0.41016966104507446
0.40815621614456177
0.4863206744194031
0.43661850690841675
0.39106568694114685
0.419679194688797
0.41459670662879944
0.48012739419937134
0.3893519937992096
0.43705374002456665
0.4107234477996826
0.4015081226825714
0.39118000864982605
0.5338615775108337
0.55686354637146
0.4844193160533905
0.6297385692596436
0.6315355896949768
0.5405094027519226
0.470255970954895
0.4387325942516327
0.48038989305496216
0.4425986707210541
0.7999581098556519
0.5072441101074219
0.5253742933273315
0.48416170477867126
0.49213021993637085
0.45020410418510437
0.42458897829055786
0.44341471791267395
0.4635167717933655
0.4019744098186493
0.4304431080818176
0.4505308270454407
0.39711686968803406
0.38912054896354675
0.48361021280288696
0.5386589169502258
0.454597532749176
0.4994169771671295
0.4822871685028076
0.47162511944770813
0.4520728588104248
0.4065254330635071
0.42434626817703247
0.4188857972621918
0.4474070966243744
0.4519198536872864
0.4009268283843994
0.44353368878364563
0.3843533396720886
0.4067041575908661
0.44407814741134644
0.4051191806793213
0.3943111002445221
0.43261662125587463
0.3922848403453827
0.4066340923309326
0.37537142634391785
0.40719491243362427
0.4271795451641083
0.5437832474708557
0.4987733066082001
0.44798168540000916
0.4341876208782196
0.44157689809799194
0.4117112159729004
0.5104413628578186
0.427646666765213
0.4302397072315216
0.45169728994369507
0.4500184953212738
0.446368932723999
0.4545292854309082
0.48914429545402527
0.4682677686214447
0.4181842803955078
0.43813472986221313
0.42113515734672546
0.426554799079895
0.4184607267379761
0.4233323931694031
0.415436327457428
0.3908716142177582
0.4325995147228241
0.3899037539958954
0.4215388894081116
0.4031827449798584
0.46127817034721375
0.46337053179740906
0.40117067098617554
0.4200980067253113
0.4209110736846924
0.3997354507446289
0.37951406836509705
0.3877551257610321
0.37448593974113464
0.3947991132736206
0.37192821502685547
0.4376777708530426
0.40960440039634705
0.38332316279411316
0.3806668817996979
0.3978877663612366
0.40316906571388245
0.4064067304134369
0.43311530351638794
0.400431364774704
0.4874143898487091
0.4134524464607239
0.37610241770744324
0.37163683772087097
0.500495195388794
0.5444092750549316
0.4812200367450714
0.42369788885116577
0.46091729402542114
0.4667133092880249
0.4119005501270294
0.42878755927085876
0.5055491328239441
0.4471605718135834
0.46855226159095764
0.49386343359947205
0.45704737305641174
0.40207865834236145
0.42786043882369995
0.4407650828361511
0.39888912439346313
0.39016827940940857
0.4195687472820282
0.41178038716316223
0.42911574244499207
0.4706417918205261
0.40802863240242004
0.42979079484939575
0.39871880412101746
0.38427069783210754
0.428199827671051
0.3997530937194824
0.4178581237792969
0.43788036704063416
0.4242667257785797
0.4203379452228546
0.39630141854286194
0.38991856575012207
0.39465048909187317
0.39344367384910583
0.3935146629810333
0.3912120759487152
0.417236328125
0.4678531885147095
0.4300224781036377
0.40173405408859253
0.3935495913028717
0.46798843145370483
0.39853450655937195
0.3901832401752472
0.40926438570022583
0.43330103158950806
0.3880205750465393
0.6519321203231812
0.48610347509384155
0.4139592945575714
0.44171974062919617
0.4766106903553009
0.4503803253173828
0.4106144905090332
0.43974626064300537
0.4452469050884247
0.4413473606109619
0.41091808676719666
0.5007808208465576
0.40750545263290405
0.4154978096485138
0.4013112783432007
0.3679651916027069
0.4038033187389374
0.3664194345474243
0.3743903934955597
0.3895152807235718
0.397189736366272
0.40022024512290955
0.3987041115760803
0.41420847177505493
0.4395188093185425
0.42045697569847107
0.40894538164138794
0.4253838062286377
0.4440627098083496
0.441736102104187
0.38790008425712585
0.3896315395832062
0.40535953640937805
0.3848751485347748
0.403136670589447
0.39043891429901123
0.44442567229270935
0.40796586871147156
0.3783382177352905
0.41690966486930847
0.5001195669174194
0.449736088514328
0.39207613468170166
0.4043220579624176
0.40621206164360046
0.3882391154766083
0.3999670445919037
0.3996756374835968
0.38356703519821167
0.4032851457595825
0.38212329149246216
0.4336703419685364
0.3883483111858368
0.4061877727508545
0.39857223629951477
0.43052127957344055
0.3848908543586731
0.3854049742221832
0.4013405740261078
0.4058738946914673
0.38393667340278625
0.36964598298072815
0.3811171054840088
0.3736795485019684
0.3628457188606262
0.3940885066986084
0.376576691865921
0.3830917775630951
0.41208556294441223
0.4239698648452759
0.35658490657806396
0.37620896100997925
0.3663668930530548
0.3865658640861511
0.3777988851070404
0.35952046513557434
0.3784773647785187
0.3724845051765442
0.3651723861694336
0.3713535666465759
0.36847421526908875
0.37850329279899597
0.48678702116012573
0.3942452669143677
0.3851144015789032
0.35091984272003174
0.3768024742603302
0.3564278185367584
0.3758922219276428
0.36199110746383667
0.368892103433609
0.3580072522163391
0.3742310702800751
0.49746614694595337
0.39676976203918457
0.40554970502853394
0.5227221250534058
0.42418140172958374
0.41463369131088257
0.4700068235397339
0.4402546286582947
0.4143158495426178
0.3749969005584717
0.3750826120376587
0.3692198693752289
0.3901824355125427
0.45500829815864563
0.4018899202346802
0.3734450042247772
0.3839934468269348
0.3940747082233429
0.3541845679283142
0.3666990399360657
0.34376344084739685
0.3981299102306366
0.37142708897590637
0.37405145168304443
0.39715689420700073
0.3943222165107727
0.43183085322380066
0.3829277455806732
0.38302797079086304
0.38706567883491516
0.4191224277019501
0.4030524492263794
0.3821609914302826
0.3905600309371948
0.3931797742843628
0.35124385356903076
0.4433630704879761
0.3638377785682678
0.41580215096473694
0.37759929895401
0.3757585883140564
0.3648906350135803
0.3610038757324219
0.3667139410972595
0.36340847611427307
0.3372756838798523
0.35458311438560486
0.5725359320640564
0.43656283617019653
0.4129079282283783
0.39139941334724426
0.37274834513664246
0.4110950827598572
0.3577903211116791
0.3848028779029846
0.47802725434303284
0.4453836977481842
0.43759676814079285
0.40095263719558716
0.4722232520580292
0.37543556094169617
0.36996185779571533
0.39615485072135925
0.3832082748413086
0.34960049390792847
0.3432474434375763
0.3573378920555115
0.37399327754974365
0.3850165903568268
0.37636059522628784
0.3747108578681946
0.3670831024646759
0.3463694453239441
0.386126846075058
0.3646273910999298
0.3517179489135742
0.3915874660015106
0.35351040959358215
0.3636888563632965
0.36989647150039673
0.3612324297428131
0.3767843246459961
0.36227208375930786
0.3558506369590759
0.3395119309425354
0.354815274477005
0.36738458275794983
0.3906862139701843
0.35729867219924927
0.35774362087249756
0.357697069644928
0.3360668420791626
0.36476433277130127
0.3528204560279846
0.42912378907203674
0.37871745228767395
0.3790377378463745
0.37413525581359863
0.4025912284851074
0.40656590461730957
0.3978385627269745
0.41954857110977173
0.436674028635025
0.41426151990890503
0.3722001612186432
0.5924961566925049
0.4823957681655884
0.4265214204788208
0.41803377866744995
0.3830699026584625
0.3854197561740875
0.41328367590904236
0.367109477519989
0.4200727045536041
0.4377696216106415
0.4038989543914795
0.37955567240715027
0.3646317720413208
0.4368208050727844
0.377636194229126
0.437775194644928
0.4238493740558624
0.39526066184043884
0.42369887232780457
0.39121130108833313
0.3860425651073456
0.39583298563957214
0.3612683415412903
0.3644541800022125
0.3692304491996765
0.3782150149345398
0.37920087575912476
0.4536891579627991
0.43231186270713806
0.38944709300994873
0.399444043636322
0.40570172667503357
0.38852033019065857
0.3933001458644867
0.4020540118217468
0.37074780464172363
0.39995652437210083
0.37524792551994324
0.38379448652267456
0.3746781051158905
0.3866710960865021
0.37389662861824036
0.4450043737888336
0.3979630172252655
0.4210887551307678
0.40030720829963684
0.3822620213031769
0.36546269059181213
0.3466108441352844
0.3614758849143982
0.40434929728507996
0.37171995639801025
0.4072936475276947
0.42895960807800293
0.3985487222671509
0.3826479911804199
0.3553466498851776
0.3594067394733429
0.3581583797931671
0.3710695505142212
0.3731575012207031
0.36324265599250793
0.3636806011199951
0.3579463064670563
0.3605637848377228
0.3403850197792053
0.36531955003738403
0.3619869351387024
0.33935898542404175
0.35704663395881653
0.35495316982269287
0.35478702187538147
0.3620941936969757
0.3636099100112915
0.3499951958656311
0.3998856544494629
0.3789297640323639
0.3632585406303406
0.37539276480674744
0.3445020616054535
0.34495997428894043
0.4053381681442261
0.35637080669403076
0.37622371315956116
0.34951505064964294
0.3713614344596863
0.3648173213005066
0.36799028515815735
0.35083329677581787
0.3635422885417938
0.36214274168014526
0.3364587128162384
0.3836952745914459
0.35972732305526733
0.3584247827529907
0.36508214473724365
0.33416926860809326
0.3498061001300812
0.3498215079307556
0.3510586619377136
0.3644011914730072
0.34514036774635315
0.34254950284957886
0.32519111037254333
0.3528118431568146
0.34353798627853394
0.33557602763175964
0.3392488658428192
0.34133675694465637
0.33316537737846375
0.34516632556915283
0.3359425961971283
0.3741089105606079
0.3530454635620117
0.33750060200691223
0.34821537137031555
0.3316923677921295
0.3248818516731262
0.34717047214508057
0.33751022815704346
0.35293853282928467
0.343300461769104
0.34170520305633545
0.3403778672218323
0.3317098319530487
0.393164724111557
0.37876176834106445
0.3743633031845093
0.35726991295814514
0.3645322620868683
0.34708094596862793
0.3545031249523163
0.3374853730201721
0.3355126976966858
0.3555956184864044
0.34374144673347473
0.35734763741493225
0.3508855998516083
0.3710743486881256
0.3906998336315155
0.35761746764183044
0.36523330211639404
0.37091338634490967
0.354738712310791
0.36070090532302856
0.3386880159378052
0.3347899615764618
0.34998607635498047
0.34195780754089355
0.333662211894989
0.3484615087509155
0.3603968620300293
0.33748576045036316
0.36193084716796875
0.3706922233104706
0.3539052903652191
0.33347636461257935
0.34081146121025085
0.35013607144355774
0.3452502191066742
0.3254115879535675
0.328960657119751
0.3536817133426666
0.3300071954727173
0.33017849922180176
0.33203986287117004
0.33670854568481445
0.33610621094703674
0.3394339382648468
0.33145394921302795
0.33158940076828003
0.3298947513103485
0.3318333923816681
0.3279615640640259
0.35584595799446106
0.3370985984802246
0.3346734941005707
0.3405042886734009
0.32639002799987793
0.33077993988990784
0.3352360725402832
0.3621024191379547
0.34446409344673157
0.3311067223548889
0.34378281235694885
0.33335617184638977
0.32813218235969543
0.3260147273540497
0.3329300582408905
0.33317530155181885
0.33016830682754517
0.33362725377082825
0.3400172293186188
0.3300328552722931
0.3286677598953247
0.342305064201355
0.35063812136650085
0.34335678815841675
0.3386317789554596
0.3517647683620453
0.3365750014781952
0.3369799852371216
0.3261285126209259
0.3176051378250122
0.3258630633354187
0.3296465575695038
0.34723153710365295
0.330074667930603
0.33560946583747864
0.34479162096977234
0.3344497084617615
0.3318639397621155
0.3342770040035248
0.3288697302341461
0.34739935398101807
0.33997291326522827
0.334398478269577
0.34836509823799133
0.3339007496833801
0.3232700228691101
0.3221053183078766
0.34366878867149353
0.3345653712749481
0.32153943181037903
0.32154297828674316
0.3302612602710724
0.3355710506439209
0.32489079236984253
0.32362350821495056
0.3197430372238159
0.3310771584510803
0.3478945791721344
0.3285026550292969
0.3412782549858093
0.3380775451660156
0.3242878019809723
0.33840733766555786
0.3358137309551239
0.33300158381462097
0.32614490389823914
0.3272487223148346
0.3187844157218933
0.32983407378196716
0.3434448540210724
0.3441350758075714
0.3323638141155243
0.3400775194168091
0.3307114839553833
0.33563554286956787
0.33669063448905945
0.3365078866481781
0.35464295744895935
0.335844486951828
0.34799036383628845
0.36167147755622864
0.3345269560813904
0.3383595049381256
0.3352469801902771
0.3357796370983124
0.32314035296440125
0.3417596220970154
0.33470746874809265
0.3431009352207184
0.3192169666290283
0.37973830103874207
0.3604544997215271
0.35863956809043884
0.34250539541244507
0.3459819555282593
0.3279030919075012
0.335695743560791
0.33576783537864685
0.3434918522834778
0.338358074426651
0.3164142966270447
0.34129980206489563
0.32446998357772827
0.3300046920776367
0.3369220197200775
0.32508793473243713
0.3158816993236542
0.33786532282829285
0.33504608273506165
0.33092737197875977
0.3263764977455139
0.32173651456832886
0.3290192782878876
0.32865971326828003
0.34439152479171753
0.34135013818740845
0.338565468788147
0.3373640179634094
0.3389117121696472
0.3477986454963684
0.32630443572998047
0.3247831463813782
0.3328808546066284
0.3211210370063782
0.35292574763298035
0.3399811387062073
0.33671775460243225
0.33961811661720276
0.3306617736816406
0.3174826502799988
0.32988986372947693
0.3222026228904724
0.3309875726699829
0.3311997652053833
0.3307438790798187
0.32957571744918823
0.3115972876548767
0.336030513048172
0.32798245549201965
0.33616045117378235
0.33533215522766113
0.3399403989315033
0.32563498616218567
0.32492902874946594
0.338440865278244
0.31678417325019836
0.32844552397727966
0.3286513686180115
0.32682695984840393
0.3256411850452423
0.32188880443573
0.32092225551605225
0.33264920115470886
0.3166385889053345
0.33549243211746216
0.32895687222480774
0.3366786539554596
0.33516725897789
0.32570329308509827
0.33906102180480957
0.3173238933086395
0.3278772532939911
0.3197782635688782
0.32871803641319275
0.3307998776435852
0.3303959369659424
0.3257558345794678
0.32058122754096985
0.32060399651527405
0.31984490156173706
0.3209138810634613
0.32404813170433044
0.32440420985221863
0.3253653943538666
0.3180955648422241
0.33723288774490356
0.32294750213623047
0.31991153955459595
0.31572720408439636
0.3251556158065796
0.32046836614608765
0.32030412554740906
0.33359211683273315
0.3155479431152344
0.32334104180336
0.31952103972435
0.31545400619506836
0.33103787899017334
0.32915592193603516
0.3256957232952118
0.3233431279659271
0.33013489842414856
0.3315860629081726
0.3199390470981598
0.32234007120132446
0.3269916772842407
0.3286121189594269
0.3170677721500397
0.3233482241630554
0.3242025077342987
0.3230057954788208
0.31627964973449707
0.32506996393203735
0.31667688488960266
0.3173908591270447
0.3222057819366455
0.3240438401699066
0.3321901261806488
0.3292841911315918
0.3252435028553009
0.32515230774879456
0.3312230706214905
0.3189661502838135
0.33175116777420044
0.3326415419578552
0.3334621489048004
0.3364432156085968
0.3338828980922699
0.3310511112213135
0.32118338346481323
0.3263230323791504
0.31816259026527405
0.333633691072464
0.32719141244888306
0.3225700259208679
0.32299163937568665
0.3194214403629303
0.3221701383590698
0.33052152395248413
0.3211061358451843
0.3327902555465698
0.3283900320529938
0.31243664026260376
0.3337017893791199
0.32356691360473633
0.3195085823535919
0.317490816116333
0.3318796455860138
0.3244074285030365
0.3283400535583496
0.32275500893592834
0.31932947039604187
0.32227399945259094
0.32626107335090637
0.32353731989860535
0.31985893845558167
0.3134291172027588
0.3239404261112213
0.3174540400505066
0.3227618634700775
0.31853970885276794
0.32218506932258606
0.3236663043498993
0.3281481862068176
0.32945114374160767
0.3269042670726776
0.3218766450881958
0.32667219638824463
0.3170180916786194
0.32024040818214417
0.3216889500617981
0.32335150241851807
0.3337739109992981
0.3217232823371887
0.3137121796607971
0.3212968707084656
0.34171435236930847
0.33207425475120544
0.3280443549156189
0.3165946900844574
0.3142787516117096
0.313239187002182
0.308556467294693
0.33133456110954285
0.315597802400589
0.3207013010978699
0.3217889666557312
0.32258591055870056
0.31682077050209045
0.3140066862106323
0.3243258595466614
0.3219650983810425
0.31499597430229187
0.32661172747612
0.3177972733974457
0.324750155210495
0.32122695446014404
0.3249906599521637
0.33252251148223877
0.3190807104110718
0.32226771116256714
0.3212094008922577
0.3169955909252167
0.31837552785873413
0.3252081573009491
0.3285069465637207
0.3217802941799164
0.3245076835155487
0.3199668526649475
0.3229832053184509
0.32080820202827454
0.32854124903678894
0.31856271624565125
0.31953513622283936
0.3239481449127197
0.32078492641448975
0.31337815523147583
0.32231444120407104
0.3238880932331085
0.323893278837204
0.3153460621833801
0.31554991006851196
0.33742067217826843
0.3307501971721649
0.3168371915817261
0.31060388684272766
0.3172629773616791
0.32066255807876587
0.3065168857574463
0.32607796788215637
0.3274568021297455
0.3175022602081299
0.31565701961517334
0.3152875304222107
0.31856614351272583
0.31497228145599365
0.33184245228767395
0.3205304741859436
0.31205084919929504
0.31068655848503113
0.32051196694374084
0.3111443817615509
0.3150847852230072
0.31984755396842957
0.3199329972267151
0.3217698037624359
0.31584155559539795
0.3205398917198181
0.3239056169986725
0.3136931359767914
0.31939437985420227
0.3199768364429474
0.3174703121185303
0.3131932318210602
0.31762173771858215
0.3126385807991028
0.31746965646743774
0.3177339434623718
0.31803613901138306
0.3302738666534424
0.32079118490219116
0.3134652078151703
0.3204346001148224
0.3197988271713257
0.32027769088745117
0.3201124370098114
0.31737831234931946
0.31979885697364807
0.3086114227771759
0.308076411485672
0.3044997453689575
0.3282151222229004
0.3269329071044922
0.3111027181148529
0.31348273158073425
0.3155607283115387
0.31144803762435913
0.319984495639801
0.3038148581981659
0.31232619285583496
0.32002875208854675
0.32697370648384094
0.3180772662162781
0.30951446294784546
0.31523117423057556
0.32223770022392273
0.3253118097782135
0.3065696060657501
0.3121223449707031
0.3203907310962677
0.31095561385154724
0.31027573347091675
0.3259689211845398
0.3172616958618164
0.31885623931884766
0.3220050036907196
0.31486600637435913
0.323111891746521
0.3095526397228241
0.3210624158382416
0.31154486536979675
0.31926459074020386
0.32231834530830383
0.31174737215042114
0.3103629946708679
0.32026830315589905
0.31462693214416504
0.31894373893737793
0.3154826760292053
0.32603147625923157
0.32041725516319275
0.3217417001724243
0.31746935844421387
0.31988760828971863
0.3142593204975128
0.3205656111240387
0.3091678023338318
0.31232401728630066
0.30726030468940735
0.3118245601654053
0.3226574957370758
0.3168322443962097
0.3128645718097687
0.30550751090049744
0.3144276440143585
0.3235650658607483
0.3220095932483673
0.3110756278038025
0.3223181664943695
0.315736323595047
0.31430673599243164
0.3212844729423523
0.3153063952922821
0.31854841113090515
0.3126848042011261
0.3197299540042877
0.3198702931404114
0.314931720495224
0.31064221262931824
0.31785327196121216
0.3116467297077179
0.3161622881889343
0.31116655468940735
0.31593501567840576
0.3191620409488678
0.31634554266929626
0.3167673349380493
0.3165777921676636
0.3097686469554901
0.3122301995754242
0.309325635433197
0.3150700628757477
0.3100184500217438
0.3173307180404663
0.3209494352340698
0.3186657130718231
0.30694258213043213
0.31072482466697693
0.3076364994049072
0.3212907612323761
0.31464019417762756
0.31338590383529663
0.3219947814941406
0.31600871682167053
0.3251340091228485
0.3117261826992035
0.31182777881622314
0.31612199544906616
0.320980042219162
0.3133556842803955
0.30857980251312256
0.320541650056839
0.3190712034702301
0.31097060441970825
0.30988410115242004
0.3167884945869446
0.3070681691169739
0.30834516882896423
0.31530556082725525
0.30495715141296387
0.3161996901035309
0.3187521994113922
0.31216955184936523
0.31265297532081604
0.32028988003730774
0.3169650733470917
0.3186414837837219
0.30865412950515747
0.3106082081794739
0.3136352002620697
0.3151246905326843
0.3149477243423462
0.3167571425437927
0.3164673447608948
0.31780940294265747
0.31441575288772583
0.3128758668899536
0.3089192807674408
0.3148459494113922
0.3118121325969696
0.31874141097068787
0.3148203492164612
0.3070020377635956
0.31769654154777527
0.31187838315963745
0.31405118107795715
0.314033567905426
0.3096441924571991
0.3188020586967468
0.30689945816993713
0.3169093430042267
0.3212045431137085
0.32148146629333496
0.3200414180755615
0.3210473358631134
0.31727737188339233
0.32078447937965393
0.3153279721736908
0.31907573342323303
0.30960583686828613
0.30963918566703796
0.3090377151966095
0.30739468336105347
0.3036165237426758
0.3113817870616913
0.3087482750415802
0.318887859582901
0.3234337866306305
0.31236210465431213
0.30930814146995544
0.3192859888076782
0.3191593289375305
0.3150515556335449
0.3220025300979614
0.310183584690094
0.3247883915901184
0.31126639246940613
0.31590721011161804
0.3132786452770233
0.3151187598705292
0.31307798624038696
0.3103770315647125
0.3055359721183777
0.31251060962677
0.30556005239486694
0.31461209058761597
0.3208293318748474
0.3091884255409241
0.31421956419944763
0.3070680797100067
0.3129239082336426
0.31219252943992615
0.3098865747451782
0.30838802456855774
0.31077560782432556
0.31919220089912415
0.314126193523407
