13.589492797851562
8.272110939025879
6.75118350982666
5.190619468688965
4.692266464233398
3.6253225803375244
2.791391611099243
1.98078453540802
1.4740358591079712
1.1040242910385132
1.0225515365600586
1.0209811925888062
0.9865800738334656
0.8267964720726013
0.7970983386039734
0.7654286026954651
0.7174893021583557
0.7482864260673523
0.7312272191047668
0.6674109697341919
0.6537678241729736
0.6719561815261841
0.6592462062835693
0.6229725480079651
0.6052485108375549
0.6687844395637512
0.6011453866958618
0.60805743932724
0.6293104290962219
0.6123887896537781
0.6859387755393982
0.5872821807861328
0.5698719024658203
0.6190050840377808
0.640300452709198
0.6620225310325623
0.6045870184898376
0.5794193148612976
0.6038825511932373
0.6094170212745667
0.586768627166748
0.5640377402305603
0.5444353222846985
1.6642097234725952
0.9449875354766846
0.6686702966690063
0.6046436429023743
0.5760118365287781
0.8371979594230652
0.7083448171615601
0.6402220129966736
0.6419810652732849
0.5946957468986511
0.6846690773963928
1.058892011642456
0.8571326732635498
0.7799586057662964
0.60777747631073
0.5982983112335205
0.5609939694404602
0.569541335105896
0.6278738379478455
0.548869788646698
0.5593726634979248
0.5218691825866699
0.5459452867507935
0.5328840613365173
0.5097944140434265
0.5052752494812012
0.4795091450214386
0.4897923469543457
0.5019243359565735
0.5291278958320618
0.5020245909690857
0.4902236759662628
0.46891921758651733
0.5081104040145874
0.49703657627105713
0.7073671817779541
0.5304698348045349
0.5704781413078308
0.6308621764183044
0.6355075836181641
0.5426592230796814
0.7361167669296265
0.6078005433082581
0.6790381669998169
0.6196750402450562
0.5614889860153198
0.5054571032524109
0.6402384638786316
0.6056528687477112
0.527102530002594
0.6395204663276672
0.5192223191261292
0.5612950921058655
0.5363261103630066
0.5323821902275085
0.48271188139915466
0.5381162762641907
0.6156913638114929
0.9262558221817017
0.5546280741691589
0.592195987701416
0.5526823997497559
0.5435189604759216
0.46780404448509216
0.46854421496391296
0.6050602793693542
0.5493859648704529
0.5221407413482666
0.5648077130317688
0.48170599341392517
0.47280412912368774
0.49372175335884094
0.4888685941696167
0.5042312145233154
0.5192835330963135
0.5037912726402283
0.4480118751525879
0.434366911649704
0.4805237054824829
0.47426560521125793
0.47287434339523315
0.47904330492019653
0.47663697600364685
0.47224971652030945
0.45974841713905334
0.4630287289619446
0.4923919141292572
0.45710474252700806
0.4788634479045868
0.46557745337486267
0.4420855641365051
0.45647481083869934
0.47475484013557434
0.44187086820602417
0.4978942275047302
0.5044786930084229
0.4688009023666382
0.4767504930496216
0.4831653833389282
0.4708506166934967
0.4850057065486908
0.4807543456554413
0.4462920129299164
0.4609900712966919
0.5231758952140808
0.4946672320365906
0.4598206579685211
0.47212332487106323
0.4995701313018799
0.5010425448417664
0.5362250208854675
0.4742523431777954
0.4762234389781952
0.4488464891910553
0.41896575689315796
0.5776445865631104
0.5389256477355957
0.6475028395652771
0.48053857684135437
0.4782331585884094
0.5390594005584717
0.5243738889694214
2.840569257736206
2.2488186359405518
0.7495092749595642
0.7741394639015198
0.7428666353225708
0.6184828877449036
0.6307817697525024
0.5951078534126282
0.5943755507469177
0.5961996912956238
0.5793874859809875
0.5697945356369019
0.5377969145774841
0.48831871151924133
0.4941449463367462
0.4979291260242462
0.47914445400238037
0.4379000663757324
0.49885591864585876
0.4555063247680664
0.48006317019462585
0.573543906211853
0.5321193933486938
0.569101095199585
0.5198031663894653
0.5564069151878357
0.5322028994560242
0.501789391040802
0.4793200194835663
0.4681601822376251
0.48518532514572144
0.48223334550857544
0.45853501558303833
0.4834521412849426
0.47769349813461304
0.47596171498298645
0.4433305263519287
0.5379363894462585
0.49689748883247375
0.4791186451911926
0.48230817914009094
0.46373024582862854
0.5027539730072021
0.4506147503852844
0.47078827023506165
0.465783953666687
0.46312564611434937
0.4327203333377838
0.464066743850708
0.45677271485328674
0.4729789197444916
0.4649845063686371
0.4840354919433594
0.44006985425949097
0.4772583246231079
0.4616331160068512
0.45926573872566223
0.5102940201759338
0.4932512938976288
0.46767550706863403
0.4433586597442627
0.4664943218231201
0.4527926445007324
0.44444283843040466
0.45932283997535706
0.451791912317276
0.43737921118736267
0.41007164120674133
0.5037937164306641
0.4565011262893677
0.5274948477745056
0.5014775991439819
0.5950211882591248
0.5071595907211304
0.46431592106819153
0.46136927604675293
0.43940505385398865
0.4376544952392578
0.4580955505371094
0.43482014536857605
0.43779486417770386
0.4476751983165741
0.4536564350128174
0.4385606646537781
0.4221915304660797
0.4414820075035095
0.4162926971912384
0.4423229694366455
0.463075190782547
0.4735901653766632
0.46122851967811584
0.44618770480155945
0.42310434579849243
0.41958436369895935
0.45220980048179626
0.438620924949646
0.43926194310188293
0.4413549602031708
0.42815306782722473
0.4936469793319702
0.4847981929779053
0.43955764174461365
0.4718553423881531
0.45273876190185547
0.4479639232158661
0.41928166151046753
0.4548276960849762
0.40917715430259705
0.40493056178092957
0.46008044481277466
0.4292753338813782
0.4332701861858368
0.42884504795074463
0.4366244971752167
0.4099595844745636
0.47215279936790466
0.41838017106056213
0.4228990375995636
0.4310222864151001
0.657234251499176
0.464428186416626
0.45873314142227173
0.45832425355911255
0.41795870661735535
0.3997989892959595
0.41774240136146545
0.4634004831314087
0.4531519412994385
0.4547467529773712
0.4404768943786621
0.4297322928905487
0.42331188917160034
0.3953191936016083
0.42737463116645813
0.41222256422042847
0.4241098165512085
0.4134085178375244
0.41378146409988403
0.4282636344432831
0.4228247404098511
0.4308302402496338
0.40099480748176575
0.4143020808696747
0.422818660736084
0.4265390634536743
0.4208555519580841
0.43806251883506775
0.4075423777103424
0.4084494113922119
0.4217097759246826
0.5011871457099915
0.44296830892562866
0.44557246565818787
0.4029994010925293
0.4012503921985626
0.462373822927475
0.44835492968559265
0.44560202956199646
0.4220619201660156
0.4165477752685547
0.4260130226612091
0.46878373622894287
0.4299122095108032
0.42116400599479675
0.39461252093315125
0.3816039562225342
0.4093319773674011
0.4317964017391205
0.41352301836013794
0.4787213206291199
0.510869562625885
0.4807521402835846
0.45938631892204285
0.5069485306739807
0.49188974499702454
0.4724321663379669
0.4543447494506836
0.6617494225502014
0.5376495718955994
0.5270350575447083
0.4908195734024048
0.4524569809436798
0.4379897117614746
0.4183756411075592
0.42452892661094666
0.464047908782959
0.41133755445480347
0.41135185956954956
0.43938538432121277
0.41690748929977417
0.4050913155078888
0.4736977815628052
0.45137253403663635
0.4295617341995239
0.4301718771457672
0.4136740565299988
0.43578004837036133
0.3944670557975769
0.4027943015098572
0.4235939085483551
0.3979182839393616
0.44484201073646545
0.42260709404945374
0.39884933829307556
0.39711788296699524
0.3958037793636322
0.4463473856449127
0.4018939137458801
0.4507495164871216
0.4262709617614746
0.4342819154262543
0.42951756715774536
0.388208270072937
0.3920189440250397
0.450445294380188
0.4263109862804413
0.3980739414691925
0.3813527524471283
0.4056577980518341
0.39950528740882874
0.40776100754737854
0.3890572190284729
0.4423335790634155
0.4131194055080414
0.4091029763221741
0.3650211691856384
0.4056878983974457
0.4033081531524658
0.408673495054245
0.4177758991718292
0.3907407820224762
0.4067491292953491
0.39153215289115906
0.3791085481643677
0.3964887857437134
0.3945847153663635
0.38000714778900146
0.3790609538555145
0.4034339189529419
0.49095097184181213
0.4752168357372284
0.4618184566497803
0.4392293393611908
0.45847973227500916
0.440645307302475
0.4781934320926666
0.4658103883266449
0.433917373418808
0.44360095262527466
0.45867985486984253
0.41826120018959045
0.40353065729141235
0.4205322861671448
0.4252486228942871
0.4270477890968323
0.42583295702934265
0.3910391628742218
0.41647306084632874
0.38763877749443054
0.3857904374599457
0.3853578567504883
0.4000345468521118
0.3909327983856201
0.36714795231819153
0.4213814437389374
0.39435043931007385
0.3908291757106781
0.3979168236255646
0.3903788924217224
0.3709487318992615
0.3847099542617798
0.41946297883987427
0.4315811097621918
0.47955599427223206
0.4977748394012451
0.5589939951896667
0.48455891013145447
0.4757830798625946
0.5157104134559631
0.46407681703567505
0.44600555300712585
0.4376109838485718
0.4168490469455719
0.38747477531433105
0.3991848826408386
0.38154348731040955
0.37636327743530273
0.38628441095352173
0.3944622874259949
0.37279459834098816
0.37063083052635193
0.3946537375450134
0.44676488637924194
0.41345733404159546
0.40412336587905884
0.3797363042831421
0.38807451725006104
0.36511746048927307
0.3784696161746979
0.5058337450027466
0.44379571080207825
0.4072931110858917
0.40502065420150757
0.4235113561153412
0.3760206997394562
0.3791091740131378
0.41425368189811707
0.3969743251800537
0.37931278347969055
0.39252856373786926
0.40181291103363037
0.3910960853099823
0.39474937319755554
0.3936508893966675
0.39913174510002136
0.37752479314804077
0.3666999340057373
0.3951098918914795
0.3857894539833069
0.3806726932525635
0.38078930974006653
0.3750198483467102
0.36869776248931885
0.37844598293304443
0.37764185667037964
0.3885445296764374
0.38465237617492676
0.37232068181037903
0.3994574546813965
0.3703559935092926
0.3593144714832306
0.3854462206363678
0.3840210437774658
0.4077468812465668
0.3840351402759552
0.3594053387641907
0.38109922409057617
0.3792138993740082
0.37159115076065063
0.3807605803012848
0.39145758748054504
0.37491315603256226
0.39048221707344055
0.3844950795173645
0.38195300102233887
0.3863057792186737
0.3639567494392395
0.3788313567638397
0.3606393039226532
0.36853137612342834
0.4057777523994446
0.380301833152771
0.3900231719017029
0.361905038356781
0.3824519217014313
0.3849320113658905
0.3945801556110382
0.36872997879981995
0.3709942102432251
0.3654225468635559
0.3669152855873108
0.42424458265304565
0.4494202136993408
0.4172185957431793
0.4138964116573334
0.38844501972198486
0.38834822177886963
0.3684067726135254
0.38058051466941833
0.37248295545578003
0.38044214248657227
0.38750723004341125
0.38221707940101624
0.37394651770591736
0.37075018882751465
0.3624943494796753
0.36795473098754883
0.35303995013237
0.36005711555480957
0.3560556173324585
0.37807589769363403
0.3630150258541107
0.3479308784008026
0.35797062516212463
0.3628467917442322
0.3610820472240448
0.39293617010116577
0.388706773519516
0.4101337790489197
0.3876323103904724
0.3818877041339874
0.358066201210022
0.38276243209838867
0.36840254068374634
0.3548479974269867
0.36694201827049255
0.3475484251976013
0.3786360025405884
0.3739257752895355
0.36302638053894043
0.3541509211063385
0.36752381920814514
0.36612623929977417
0.36406606435775757
0.3653204143047333
0.36379125714302063
0.3611562252044678
0.3450513184070587
0.36772775650024414
0.37994155287742615
0.36622145771980286
0.3769579827785492
0.3762189447879791
0.37432923913002014
0.3740231692790985
0.35445231199264526
0.3544543981552124
0.37768664956092834
0.35448864102363586
0.3575766682624817
0.37211495637893677
0.3673798143863678
0.35737553238868713
0.34833234548568726
0.35871049761772156
0.3739001750946045
0.3996577858924866
0.3845553398132324
0.36438313126564026
0.3705671429634094
0.36857983469963074
0.3622141182422638
0.35217994451522827
0.35455286502838135
0.3494166433811188
0.3672316074371338
0.367603063583374
0.35777193307876587
0.35343798995018005
0.35211798548698425
0.3542936146259308
0.3707318902015686
0.37529686093330383
0.3675942122936249
0.35219624638557434
0.3458409905433655
0.3653886318206787
0.3861897885799408
0.347980797290802
0.35944750905036926
0.3718644082546234
0.3765883147716522
0.3588956892490387
0.39154258370399475
0.38672104477882385
0.4150594472885132
0.389539897441864
0.4070489704608917
0.4014752209186554
0.4037644863128662
0.37719103693962097
0.3495750427246094
0.3560974895954132
0.3604090213775635
0.3521318733692169
0.3538318872451782
0.35217347741127014
0.357825368642807
0.37224575877189636
0.37322306632995605
0.3845241367816925
0.34282276034355164
0.3668506443500519
0.3693641722202301
0.38840508460998535
0.38225993514060974
0.3744286298751831
0.3539297580718994
0.34340476989746094
0.3522082269191742
0.3584570288658142
0.3590902090072632
0.34879806637763977
0.36939185857772827
0.34874239563941956
0.3525646924972534
0.3548930585384369
0.367583692073822
0.358745813369751
0.3460485637187958
0.34765276312828064
0.3497048318386078
0.3584481477737427
0.35916054248809814
0.3673606216907501
0.36704906821250916
0.3409370183944702
0.3639434278011322
0.37852904200553894
0.3671453297138214
0.3618987202644348
0.35349127650260925
0.3469318151473999
0.3708680272102356
0.3703499436378479
0.37996259331703186
0.3624151647090912
0.3581694960594177
0.38501015305519104
0.3731841444969177
0.37465691566467285
0.3582310974597931
0.3602406978607178
0.3749715983867645
0.3620483875274658
0.39287319779396057
0.37733280658721924
0.3785560727119446
0.36691635847091675
0.3567683696746826
0.3692271411418915
0.3676435351371765
0.37158676981925964
0.3504870533943176
0.38937628269195557
0.4054982662200928
0.38884055614471436
0.38241708278656006
0.37726491689682007
0.4014577865600586
0.3915993869304657
0.37761223316192627
0.36282801628112793
0.34856492280960083
0.36930352449417114
0.3644647002220154
0.3401466906070709
0.3501473367214203
0.35947903990745544
0.3420984148979187
0.3451538383960724
0.3557255268096924
0.3498554527759552
0.3412937521934509
0.35358723998069763
0.34785130620002747
0.3672430217266083
0.3463314175605774
0.3459332585334778
0.3615294098854065
0.3567255735397339
0.3509756922721863
0.3481918275356293
0.36735454201698303
0.3532281219959259
0.3492617607116699
0.3498536944389343
0.3643040955066681
0.3512663245201111
0.35937732458114624
0.35124000906944275
0.3693211078643799
0.3729041516780853
0.3954474925994873
0.40045711398124695
0.3846309781074524
0.37445345520973206
0.38474807143211365
0.3720109164714813
0.35878440737724304
0.3936682641506195
0.37210842967033386
0.38022422790527344
0.3769497275352478
0.4383607804775238
0.40148892998695374
0.3674292266368866
0.3614988327026367
0.376537561416626
0.35196730494499207
0.35316604375839233
0.344914048910141
0.36030903458595276
0.3585016131401062
0.350816011428833
0.36348757147789
0.3573641777038574
0.3650672435760498
0.3662410080432892
0.3573966324329376
0.35951271653175354
0.34673982858657837
0.3478641211986542
0.3465552031993866
0.3471713364124298
0.3495461940765381
0.356473833322525
0.34946244955062866
0.373224139213562
0.35252848267555237
0.3444191813468933
0.3799944519996643
0.395568311214447
0.3923565745353699
0.3896327614784241
0.34950098395347595
0.3452872633934021
0.3631967604160309
0.35361945629119873
0.36606931686401367
0.37903377413749695
0.3681735396385193
0.3855467140674591
0.3806390166282654
0.35736390948295593
0.34493061900138855
0.3520998954772949
0.358895480632782
0.3556109368801117
0.3679813742637634
0.3594783842563629
0.37413179874420166
0.3482235372066498
0.3638271391391754
0.3323783874511719
0.3695926070213318
0.3622528314590454
0.35852256417274475
0.35501736402511597
0.3445163071155548
0.3334091305732727
0.35628119111061096
0.35941144824028015
0.3679186701774597
0.35397496819496155
0.3841858208179474
0.38038793206214905
0.3552244305610657
0.3679669499397278
0.3747544288635254
0.3609505891799927
0.3532100319862366
0.3646791875362396
0.3588164746761322
0.35771286487579346
0.3507397770881653
0.34982845187187195
0.3240474760532379
0.34910961985588074
0.40157705545425415
0.39167946577072144
0.3998590409755707
0.3910449147224426
0.38786938786506653
0.39706331491470337
0.3849659264087677
0.38731494545936584
0.38530540466308594
0.3695663809776306
0.367291659116745
0.35744738578796387
0.3584161400794983
0.35089001059532166
0.3566688895225525
0.3718802034854889
0.34971189498901367
0.3590710461139679
0.3539416790008545
0.34647682309150696
0.34253615140914917
0.33541280031204224
0.34343549609184265
0.3516120910644531
0.3458726704120636
0.34201353788375854
0.3456416726112366
0.3426714539527893
0.3562714457511902
0.3495871126651764
0.3574265241622925
0.34639424085617065
0.345212459564209
0.35307106375694275
0.37233099341392517
0.3727191686630249
0.342958927154541
0.348276287317276
0.3465724587440491
0.35262060165405273
0.36150187253952026
0.347881555557251
0.35136282444000244
0.3649310767650604
0.3341076672077179
0.34804514050483704
0.34308183193206787
0.3351694941520691
0.3347790539264679
0.35051968693733215
0.33473584055900574
0.3439061641693115
0.3379691243171692
0.3537502586841583
0.354997456073761
0.3572881519794464
0.37957802414894104
0.35475003719329834
0.3487206995487213
0.3560207486152649
0.35053858160972595
0.33881479501724243
0.3499602973461151
0.3530927896499634
0.3629441261291504
0.36049240827560425
0.36625123023986816
0.34683462977409363
0.35072678327560425
0.3450675308704376
0.3525639474391937
0.350563108921051
0.3547593653202057
0.3441174030303955
0.34176766872406006
0.3602019250392914
0.35896551609039307
0.34215405583381653
0.3493482172489166
0.34945252537727356
0.34353160858154297
0.34260094165802
0.3524479269981384
0.3487726151943207
0.35329195857048035
0.365264356136322
0.35504230856895447
0.34326693415641785
0.3489760160446167
0.36713311076164246
0.34119391441345215
0.3487865924835205
0.33565554022789
0.34968364238739014
0.33455967903137207
0.35117971897125244
0.34633582830429077
0.3525761067867279
0.33475688099861145
0.3435032069683075
0.34114640951156616
0.34781911969184875
0.36850616335868835
0.3494243919849396
0.349222332239151
0.3392426669597626
0.3390074074268341
0.346436470746994
0.33961009979248047
0.35161909461021423
0.34961047768592834
0.34356844425201416
0.3407963514328003
0.34903961420059204
0.32510441541671753
0.3459300696849823
0.35594990849494934
0.3493294417858124
0.34050607681274414
0.33937299251556396
0.3410700261592865
0.334684818983078
0.3491993248462677
0.3319146931171417
0.34455156326293945
0.3390134871006012
0.339185893535614
0.3411684036254883
0.3375118672847748
0.3413768410682678
0.3319483995437622
0.34742507338523865
0.33459532260894775
0.34321796894073486
0.3554880619049072
0.34857526421546936
0.33096179366111755
0.3539803922176361
0.3453468382358551
0.33766835927963257
0.3461068570613861
0.33698976039886475
0.3485373258590698
0.35577982664108276
0.35384735465049744
0.34599247574806213
0.35418906807899475
0.36316922307014465
0.3442976176738739
0.33426371216773987
0.3320741057395935
0.3479672968387604
0.3465231955051422
0.338605135679245
0.34130531549453735
0.34216228127479553
0.3410012423992157
0.34535855054855347
0.34730061888694763
0.3412555158138275
0.33427977561950684
0.351270467042923
0.3371257483959198
0.34432122111320496
0.3567957282066345
0.3475381135940552
0.35208413004875183
0.3525080978870392
0.3434256613254547
0.34731096029281616
0.3475302755832672
0.3292360007762909
0.34640368819236755
0.332430362701416
0.3431914448738098
0.3305971026420593
0.3256159722805023
0.3548015058040619
0.3359834849834442
0.33344441652297974
0.3451557755470276
0.33479005098342896
0.3565022945404053
0.3375602662563324
0.3327275514602661
0.34661367535591125
0.3465636074542999
0.3568701446056366
0.3349039554595947
0.3533438444137573
0.34644317626953125
0.35432833433151245
0.33643844723701477
0.3423110246658325
0.3388441205024719
0.34786146879196167
0.34731850028038025
0.3434355556964874
0.3485780656337738
0.3497788608074188
0.3596985340118408
0.35059854388237
0.34248751401901245
0.3391649127006531
0.348075807094574
0.3458595871925354
0.3376829922199249
0.3506823480129242
0.33516964316368103
0.33906254172325134
0.3461667001247406
0.3552255630493164
0.34253638982772827
0.3429889678955078
0.32991689443588257
0.3612745404243469
0.3524024784564972
0.3482019901275635
0.3508918285369873
0.3568184971809387
0.3366304337978363
0.33777520060539246
0.3522016704082489
0.3391171395778656
0.3320079743862152
0.3438981771469116
0.34072738885879517
0.34894266724586487
0.34522855281829834
0.3569922149181366
0.3335270285606384
0.33557364344596863
0.3336046040058136
0.3390160799026489
0.3370664417743683
0.33598607778549194
0.3529447913169861
0.34597960114479065
0.3476616442203522
0.34233275055885315
0.34137770533561707
0.3500613868236542
0.34141993522644043
0.3346398174762726
0.34642812609672546
0.3504309356212616
0.3462175130844116
0.34013834595680237
0.327762246131897
0.33515679836273193
0.34022456407546997
0.34004926681518555
0.32954394817352295
0.34397706389427185
0.33281180262565613
0.3414428234100342
0.35092005133628845
0.36189761757850647
0.34176206588745117
0.3408632278442383
0.33913877606391907
0.34276139736175537
0.34619393944740295
0.34293168783187866
0.3439665138721466
0.35260695219039917
0.3482474088668823
0.3391733765602112
0.34294164180755615
0.3434247076511383
0.3403202295303345
0.34316474199295044
0.31767067313194275
0.3401515483856201
0.3295750021934509
0.3370458781719208
0.3376210629940033
0.3259553015232086
0.33870676159858704
0.3376312255859375
0.33031201362609863
0.34997546672821045
0.33894264698028564
0.3411945700645447
0.3404462933540344
0.3417068421840668
0.3441716730594635
0.31740930676460266
0.3377815783023834
0.33874765038490295
0.34451374411582947
0.35433685779571533
0.3563729524612427
0.340684175491333
0.3373450040817261
0.34411829710006714
0.35264697670936584
0.3500088155269623
0.35779377818107605
0.3425033986568451
0.3385705053806305
0.3389274477958679
0.34130966663360596
0.33868223428726196
0.33755800127983093
0.33915621042251587
0.35018330812454224
0.33687373995780945
0.3342614471912384
0.3322807252407074
0.33029064536094666
0.35928425192832947
0.3340911567211151
0.32301491498947144
0.3368290364742279
0.3404284417629242
0.35513341426849365
0.3404603600502014
0.33205902576446533
0.3422583341598511
0.3311758041381836
0.3453722298145294
0.35436055064201355
0.339172899723053
0.3494802415370941
0.35253822803497314
0.3436276912689209
0.35560914874076843
0.3477509915828705
0.3329862654209137
0.34770694375038147
0.36287620663642883
0.33991193771362305
0.3593006730079651
0.3471072316169739
0.3331495523452759
0.3520788848400116
0.33566364645957947
0.34577488899230957
0.33614829182624817
0.3350026607513428
0.34836655855178833
0.3434232771396637
0.32741057872772217
0.35376301407814026
0.33692750334739685
0.336121141910553
0.3287436366081238
0.3336198627948761
0.3278534412384033
0.3366854786872864
0.341262549161911
0.3433961272239685
0.3362005650997162
0.3463239371776581
0.3547491729259491
0.33645713329315186
0.34018540382385254
0.3227398693561554
0.32882434129714966
0.3317824900150299
0.3480437397956848
0.34187132120132446
0.34899312257766724
0.33849093317985535
0.3462655246257782
0.34067589044570923
0.3349273204803467
0.335713654756546
0.34123891592025757
0.32703086733818054
0.3412003219127655
0.35717180371284485
0.34654393792152405
0.33277830481529236
0.3431982100009918
0.3443993926048279
0.33021220564842224
0.33953842520713806
0.33452972769737244
0.3599741458892822
0.3377063274383545
0.3366786539554596
0.340126633644104
0.3380622863769531
0.3352355360984802
0.3396262228488922
0.3382469415664673
0.3422916829586029
0.3430054783821106
0.3554556369781494
0.34484386444091797
0.33609655499458313
0.3352198600769043
0.33792778849601746
0.33336177468299866
0.32092607021331787
0.34966543316841125
0.34719276428222656
0.3340546190738678
0.3516017496585846
0.33446216583251953
0.3447628319263458
0.3257083594799042
0.355742484331131
0.32569143176078796
0.34907475113868713
0.3517208993434906
0.3395988643169403
0.3355918824672699
0.35434508323669434
0.33939576148986816
0.3283407986164093
0.35077014565467834
0.349500834941864
0.34760037064552307
