0.6958677768707275
0.5901741981506348
0.5367982387542725
0.5008231997489929
0.47554439306259155
0.4579927325248718
0.4447045922279358
0.4318475127220154
0.4209322929382324
0.40906083583831787
0.40019312500953674
0.3910060226917267
0.3833780586719513
0.3773210346698761
0.36727920174598694
0.3598763048648834
0.35238751769065857
0.34610360860824585
0.34217873215675354
0.33749642968177795
0.33089393377304077
0.32490646839141846
0.31810376048088074
0.3136349618434906
0.3093896806240082
0.30369630455970764
0.2996092438697815
0.2916112542152405
0.28718847036361694
0.2822786271572113
0.2761187255382538
0.26988938450813293
0.26497983932495117
0.2593282461166382
0.25665605068206787
0.2497778832912445
0.24388045072555542
0.23855875432491302
0.23253412544727325
0.22795893251895905
0.22343853116035461
0.21920156478881836
0.21526145935058594
0.21142295002937317
0.20581015944480896
0.20084837079048157
0.1941048949956894
0.1917470097541809
0.18486088514328003
0.18182943761348724
0.17594407498836517
0.17398689687252045
0.16835498809814453
0.16575372219085693
0.1593979299068451
0.1583174169063568
0.15208247303962708
0.14675059914588928
0.14446905255317688
0.13956725597381592
0.1352565735578537
0.130663201212883
0.12917938828468323
0.12977473437786102
0.12174899876117706
0.12108690291643143
0.1143164187669754
0.11019839346408844
0.10669692605733871
0.10246455669403076
0.10048802196979523
0.09393417090177536
0.09157442301511765
0.08784885704517365
0.08749862760305405
0.08064234256744385
0.0817471519112587
0.07471635937690735
0.07100601494312286
0.06958549469709396
0.06493429839611053
0.06287304311990738
0.05897817760705948
0.05824197456240654
0.05379491299390793
0.05476991832256317
0.049471497535705566
0.04856540635228157
0.04589490965008736
0.04358929023146629
0.04264669865369797
0.04172973707318306
0.0388665609061718
0.03905735909938812
0.036811038851737976
0.035391729325056076
0.03492860123515129
0.03293894976377487
0.03194433078169823
0.029854493215680122
0.030102849006652832
0.02839052677154541
0.027194466441869736
0.025777030736207962
0.02615501545369625
0.024743421003222466
0.022998346015810966
0.02154632844030857
0.020431505516171455
0.01972377486526966
0.0194512028247118
0.01882045343518257
0.01858476735651493
0.018261753022670746
0.01779164746403694
0.017438005656003952
0.01706339232623577
0.016675641760230064
0.016368675976991653
0.016114110127091408
0.015796516090631485
0.01557377353310585
0.015173912048339844
0.01525851245969534
0.01480588037520647
0.014877980574965477
0.014442313462495804
0.014575785957276821
0.01385482493788004
0.013928331434726715
0.013505983166396618
0.01355116255581379
0.013020879589021206
0.012792248278856277
0.012448284775018692
0.012419445440173149
0.012082092463970184
0.01196766272187233
0.011578804813325405
0.01129155047237873
0.011129625141620636
0.010979980230331421
0.010792280547320843
0.010650455951690674
0.010437650606036186
0.010186399333178997
0.010283200070261955
0.01034883689135313
0.009917701594531536
0.009675483219325542
0.009457828477025032
0.009314795024693012
0.009142085909843445
0.00896416325122118
0.008863394148647785
0.008710396476089954
0.008488446474075317
0.008399538695812225
0.008409295231103897
0.008347244001924992
0.00800180621445179
0.007986757904291153
0.00793627928942442
0.007901648990809917
0.007858830504119396
0.00749208964407444
0.007596392650157213
0.007228198926895857
0.007185976020991802
0.007085836958140135
0.0068801394663751125
0.006781521253287792
0.006559507921338081
0.006508036982268095
0.006467611528933048
0.006415046285837889
0.006264109630137682
0.006119769997894764
0.00608702190220356
0.00595604395493865
0.006015484221279621
0.005832245573401451
0.005818447098135948
0.00563997495919466
0.0057253725826740265
0.0055429874919354916
0.005397466942667961
0.005391187034547329
0.005258788820356131
0.005286140367388725
0.005136424209922552
0.005056213587522507
0.004990635439753532
0.004911887459456921
0.004816452041268349
0.004802263807505369
0.004689579363912344
0.004697916563600302
0.004619260784238577
0.0045296549797058105
0.0044949352741241455
0.004405302926898003
0.004357653204351664
0.004307870753109455
0.004250509198755026
0.0042451899498701096
0.004179606679826975
0.004115059971809387
0.004088228568434715
0.004005718510597944
0.003976847976446152
0.003951712045818567
0.003928737249225378
0.0038981949910521507
0.0038803964853286743
0.0038443959783762693
0.0038197971880435944
0.003801776096224785
0.0037886148784309626
0.0037568663246929646
0.0037343131843954325
0.0037199771031737328
0.0036954779643565416
0.003664789954200387
0.0036485560704022646
0.003616033121943474
0.003593173809349537
0.0035749091766774654
0.0035616366658359766
0.003526221727952361
0.003511595306918025
0.0035018962807953358
0.003492193529382348
0.003475889563560486
0.003461317392066121
0.003404916962608695
0.0034048522356897593
0.0033687257673591375
0.0033425737638026476
0.0033237850293517113
0.003296094248071313
0.00330152059905231
0.0032744379714131355
0.003256316762417555
0.0032340246252715588
0.003215440548956394
0.0031901609618216753
0.0031717827077955008
0.0031640261877328157
0.0031313267536461353
0.003116838401183486
0.0030972205568104982
0.0030769614968448877
0.003071401733905077
0.0030540318693965673
0.003026491031050682
0.0030158234294503927
0.002995386254042387
0.002986355684697628
0.002971213310956955
0.002961543155834079
0.0029397374019026756
0.0029165903106331825
0.002891207579523325
0.002877207240089774
0.0028570599388331175
0.0028413620311766863
0.0028369957581162453
0.0028234717901796103
0.0027973526157438755
0.002788356738165021
0.0027817331720143557
0.002764645731076598
0.002729788888245821
0.0027186768129467964
0.0027002880815416574
0.002680782927200198
0.0026696466375142336
0.0026553005445748568
0.002647535176947713
0.0026211063377559185
0.0026158869732171297
0.0025936802849173546
0.0025882981717586517
0.0025703732389956713
0.0025464717764407396
0.0025277105160057545
0.0025137776974588633
0.0025035617873072624
0.0025020164903253317
0.0024859148543328047
0.002468674909323454
0.002453613793477416
0.002432342153042555
0.002424823585897684
0.0024081396404653788
0.0023920100647956133
0.0023762648925185204
0.0023662601597607136
0.0023659910075366497
0.002336738398298621
0.0023187098558992147
0.0023118406534194946
0.0023011276498436928
0.002280761953443289
0.002271076897159219
0.0022504287771880627
0.002232321072369814
0.0022365848999470472
0.002218924928456545
0.0022099618799984455
0.002199155744165182
0.0021881344728171825
0.0021819656249135733
0.002180491341277957
0.0021684253588318825
0.002163591794669628
0.0021547102369368076
0.00214955466799438
0.0021507644560188055
0.0021452615037560463
0.002132430439814925
0.0021222282666713
0.002120622433722019
0.002116268966346979
0.0021086058113723993
0.0020962092094123363
0.0020901416428387165
0.002086226362735033
0.002081518527120352
0.002073663054034114
0.0020681743044406176
0.002060270868241787
0.0020538102835416794
0.002049577422440052
0.002041803440079093
0.0020346608944237232
0.0020296010188758373
0.002025376074016094
0.0020195264369249344
0.0020134923979640007
0.0020079093519598246
0.0019989130087196827
0.0019927986431866884
0.001989165088161826
0.001985574373975396
0.0019816712010651827
0.001977265113964677
0.0019709859043359756
0.0019640035461634398
0.001957089640200138
0.001955700572580099
0.0019447054946795106
0.0019369347719475627
0.0019357868004590273
0.0019302989821881056
0.0019262938294559717
0.001918821013532579
0.001906794379465282
0.0019033934222534299
0.001898378599435091
0.0018886049510911107
0.0018820340046659112
0.0018785202410072088
0.0018725913250818849
0.0018680756911635399
0.0018634728621691465
0.0018510400550439954
0.0018467385089024901
0.001837532501667738
0.001831746194511652
0.0018277716590091586
0.0018218006007373333
0.0018150248797610402
0.0018083361210301518
0.0018048122292384505
0.0017973418580368161
0.0017927107401192188
0.0017949240282177925
0.001785480766557157
0.0017786204116418958
0.0017714239656925201
0.0017671907553449273
0.0017608054913580418
0.0017528708558529615
0.001745122135616839
0.0017442022217437625
0.0017431513406336308
0.001733277807943523
0.0017251825192943215
0.0017229244112968445
0.001717029488645494
0.0017106400337070227
0.0017035737400874496
0.001698087900876999
0.0016956840408965945
0.0016883377684280276
0.0016854205168783665
0.0016777346609160304
0.0016740078572183847
0.0016682513523846865
0.0016606891294941306
0.0016553518362343311
0.001649038982577622
0.0016416764119639993
0.0016381720779463649
0.001632401836104691
0.0016307348851114511
0.0016216669464483857
0.0016193410847336054
0.0016163544496521354
0.0016139803919941187
0.001610710402019322
0.0016068898839876056
0.0016044853255152702
0.0016004397766664624
0.0016007160302251577
0.0015974834095686674
0.0015925855841487646
0.0015919303987175226
0.0015870294300839305
0.001584868412464857
0.001584195764735341
0.0015799516113474965
0.0015771096805110574
0.0015732968458905816
0.0015726874116808176
0.0015691923908889294
0.0015670399880036712
0.0015638142358511686
0.001561949378810823
0.0015573428245261312
0.0015558804152533412
0.0015545004280284047
0.0015509246150031686
0.001546789426356554
0.0015447603072971106
0.0015419450355693698
0.0015413305955007672
0.0015379971591755748
0.0015359596582129598
0.0015335268108174205
0.0015307663707062602
0.0015275153564289212
0.0015248632989823818
0.0015231386059895158
0.0015200903872027993
0.0015174801228567958
0.0015145048964768648
0.0015124708879739046
0.0015101211611181498
0.0015070188092067838
0.0015056537231430411
0.0015022746520116925
0.001502013998106122
0.001500717713497579
0.0014961602864786983
0.001492014853283763
0.0014912659535184503
0.0014894061023369431
0.0014860165538266301
0.001484895939938724
0.0014791544526815414
0.0014769708504900336
0.0014746851520612836
0.0014717231970280409
0.0014687038492411375
0.0014655733248218894
0.0014667127979919314
0.0014636664418503642
0.0014603862073272467
0.0014581972500309348
0.0014544588048011065
0.0014511669287458062
0.0014515063958242536
0.001448201946914196
0.0014451972674578428
0.0014422429958358407
0.001439206418581307
0.0014380259672179818
0.0014339222107082605
0.0014340775087475777
0.0014274342684075236
0.0014300059992820024
0.001427195966243744
0.0014239076990634203
0.0014199441066011786
0.0014166715554893017
0.0014137888792902231
0.001411698292940855
0.0014073906932026148
0.0014087113086134195
0.0014048574957996607
0.001401232904754579
0.0013997384812682867
0.0013964000390842557
0.0013938099145889282
0.001391707337461412
0.001389437122270465
0.0013851115945726633
0.0013832508120685816
0.0013829391682520509
0.001378419459797442
0.0013762337621301413
0.0013746106997132301
0.0013723056763410568
0.001368248020298779
0.001366474898532033
0.0013636233052238822
0.0013602927792817354
0.0013591126771643758
0.001358611392788589
0.0013557744678109884
0.001354575389996171
0.0013550079893320799
0.001352804247289896
0.0013513900339603424
0.0013506896793842316
0.0013489355333149433
0.0013475845335051417
0.0013464048970490694
0.0013453501742333174
0.0013437867164611816
0.0013432998675853014
0.0013418738963082433
0.001340337097644806
0.0013396439608186483
0.0013377517461776733
0.001336512970738113
0.0013357080752030015
0.001334688044153154
0.001332942396402359
0.0013316184049472213
0.0013304257299751043
0.0013289600610733032
0.0013278002152219415
0.00132665631826967
0.0013253642246127129
0.0013244114816188812
0.0013233724748715758
0.0013221345143392682
0.0013211615150794387
0.0013199792010709643
0.0013183244736865163
0.0013167103752493858
0.0013160499511286616
0.0013144176919013262
0.0013131150044500828
0.001311390195041895
0.0013109780848026276
0.0013094386085867882
0.001307788072153926
0.001306939753703773
0.0013054301962256432
0.0013039864134043455
0.0013031652197241783
0.0013015776639804244
0.0013005235232412815
0.0012989651877433062
0.0012986041838303208
0.0012964308261871338
0.0012956077698618174
0.0012940196320414543
0.001292728935368359
0.001290653133764863
0.0012900051660835743
0.0012896896805614233
0.0012881569564342499
0.001286915852688253
0.0012850364437326789
0.0012838160619139671
0.001282458077184856
0.0012820558622479439
0.001279813121072948
0.0012784786522388458
0.0012765254359692335
0.0012754901545122266
0.0012746644206345081
0.0012738965451717377
0.0012724503176286817
0.0012713961768895388
0.0012702068779617548
0.0012682656524702907
0.0012669448042288423
0.0012655484024435282
0.0012642418732866645
0.001262776437215507
0.0012614586157724261
0.0012608744436874986
0.0012604385847225785
0.001257720636203885
0.001256575807929039
0.0012548835948109627
0.0012543826596811414
0.0012525334022939205
0.0012517919531092048
0.001250179368071258
0.0012485559564083815
0.0012473604874685407
0.0012462632730603218
0.001245282357558608
