0.8078464865684509
0.7878157496452332
0.7683961391448975
0.7496021389961243
0.7329310774803162
0.7150968909263611
0.6983658075332642
0.683058500289917
0.6691864132881165
0.6527529954910278
0.6392735838890076
0.6273766160011292
0.6153391003608704
0.6034389138221741
0.5939019322395325
0.5826621055603027
0.5726544260978699
0.5626267194747925
0.5541592836380005
0.5457121133804321
0.5376161336898804
0.5307164788246155
0.5236961245536804
0.5172650218009949
0.5113099813461304
0.5055277347564697
0.5008590221405029
0.4957253038883209
0.49116867780685425
0.48634403944015503
0.4827576279640198
0.4792133569717407
0.475580632686615
0.47245582938194275
0.46967053413391113
0.4671238660812378
0.464578777551651
0.4619510769844055
0.45992138981819153
0.45784997940063477
0.45621031522750854
0.4540829658508301
0.45256316661834717
0.45095255970954895
0.4494532346725464
0.44785088300704956
0.4466777443885803
0.4455893039703369
0.44440674781799316
0.4431765675544739
0.4420663118362427
0.4410744905471802
0.43993479013442993
0.4388779401779175
0.4379030168056488
0.43699243664741516
0.4361996650695801
0.4353857636451721
0.4344277083873749
0.4336962103843689
0.4328145384788513
0.4320312738418579
0.43119198083877563
0.4303692877292633
0.429756760597229
0.4291459321975708
0.4285741150379181
0.4282160997390747
0.4270946979522705
0.4263995289802551
0.4257282018661499
0.4250726103782654
0.4244801700115204
0.42380112409591675
0.4233110845088959
0.42272141575813293
0.42214497923851013
0.42161375284194946
0.4211741089820862
0.4207521080970764
0.4201034605503082
0.4196683168411255
0.4192642271518707
0.41886889934539795
0.4184381663799286
0.4180969297885895
0.41743040084838867
0.4170997142791748
0.4168035089969635
0.4161503314971924
0.4158798158168793
0.41523095965385437
0.4149708151817322
0.41445019841194153
0.4140462279319763
0.4136277437210083
0.4132527709007263
0.4131337106227875
0.4123632609844208
0.4120015501976013
0.41146987676620483
0.4110957682132721
0.41074472665786743
0.410427063703537
0.4101199507713318
0.4098477363586426
0.40939879417419434
0.4090525507926941
0.4087006747722626
0.4083901047706604
0.4080134332180023
0.4075978994369507
0.40731409192085266
0.4070814549922943
0.40669265389442444
0.40636754035949707
0.4060935974121094
0.40588870644569397
0.40537452697753906
0.4051620066165924
0.40483877062797546
0.40445390343666077
0.4040897488594055
0.40368810296058655
0.40328449010849
0.4029053747653961
0.4026485085487366
0.4025009274482727
0.40203937888145447
0.40181440114974976
0.4013698101043701
0.4011097550392151
0.4006204307079315
0.40023601055145264
0.3999979496002197
0.39958587288856506
0.3994300663471222
0.39937782287597656
0.39867305755615234
0.3982786238193512
0.3978259265422821
0.39744266867637634
0.39720892906188965
0.3968377709388733
0.39664119482040405
0.396239697933197
0.395906537771225
0.39579036831855774
0.39535126090049744
0.3949216306209564
0.39473071694374084
0.3943563401699066
0.3940104842185974
0.3936668336391449
0.3934232294559479
0.393076092004776
0.39303070306777954
0.3926527500152588
0.3924683630466461
0.39220812916755676
0.39170536398887634
0.3913726210594177
0.3912658989429474
0.390668660402298
0.3904343843460083
0.390146940946579
0.38991907238960266
0.38961729407310486
0.3893565833568573
0.3891807198524475
0.38880807161331177
0.38854169845581055
0.3880605399608612
0.3877660036087036
0.38788583874702454
0.38738951086997986
0.3868456780910492
0.3865608274936676
0.38642099499702454
0.38601452112197876
0.3856301009654999
0.3855290412902832
0.3852030336856842
0.38476553559303284
0.38464489579200745
0.3842858672142029
0.38397544622421265
0.38360339403152466
0.38326796889305115
0.38296282291412354
0.3828054368495941
0.382441908121109
0.3822593092918396
0.3817863464355469
0.38158226013183594
0.3813883066177368
0.3810906708240509
0.3808795213699341
0.38067036867141724
0.3802008628845215
0.37994158267974854
0.3794892728328705
0.37924474477767944
0.37919536232948303
0.37878161668777466
0.37844154238700867
0.3780685067176819
0.3779763877391815
0.3776026964187622
0.377307653427124
0.3770146369934082
0.3766106069087982
0.3764086961746216
0.3761526346206665
0.37587377429008484
0.3756553530693054
0.37538930773735046
0.3750867545604706
0.37487950921058655
0.3744538426399231
0.3742790222167969
0.3740939497947693
0.37376976013183594
0.37330979108810425
0.37314373254776
0.3728882074356079
0.3726866543292999
0.37241172790527344
0.37216654419898987
0.37188953161239624
0.3714563548564911
0.3713452219963074
0.3709305226802826
0.37072131037712097
0.3703180253505707
0.3700684905052185
0.36984923481941223
0.36970967054367065
0.3692654073238373
0.3690658211708069
0.368566632270813
0.3685952425003052
0.36817467212677
0.3678909242153168
0.3674342632293701
0.36739081144332886
0.36713483929634094
0.36701712012290955
0.3668534457683563
0.36670446395874023
0.3666679263114929
0.36638930439949036
0.3662968575954437
0.36616793274879456
0.3660205006599426
0.3658669888973236
0.365768164396286
0.36574116349220276
0.3655211925506592
0.3653304874897003
0.36518481373786926
0.3651782274246216
0.36494889855384827
0.36481189727783203
0.36484411358833313
0.36464256048202515
0.36442551016807556
0.3643096089363098
0.364351361989975
0.36406829953193665
0.363953173160553
0.3640190064907074
0.3637792766094208
0.3636156916618347
0.36339327692985535
0.36328187584877014
0.3632143437862396
0.36303287744522095
0.36280912160873413
0.3626593351364136
0.3626270294189453
0.36241021752357483
0.3622645139694214
0.3621477484703064
0.3619714379310608
0.36185550689697266
0.36167916655540466
0.36166027188301086
0.3613806664943695
0.36124387383461
0.36113765835762024
0.36096855998039246
0.36087676882743835
0.36066684126853943
0.360544353723526
0.360434889793396
0.3603222370147705
0.36020416021347046
0.3600054085254669
0.359920471906662
0.3598306179046631
0.35968783497810364
0.35946375131607056
0.3594014644622803
0.35930147767066956
0.35915425419807434
0.35898661613464355
0.3587985336780548
0.35865506529808044
0.35862207412719727
0.35841718316078186
0.35827502608299255
0.3580907881259918
0.35796281695365906
0.35793760418891907
0.35778507590293884
0.3576129972934723
0.3575347661972046
0.35739612579345703
0.35736486315727234
0.3571310341358185
0.3569487929344177
0.3567841351032257
0.3566538393497467
0.3566022217273712
0.3564196228981018
0.3562436103820801
0.35612952709198
0.35602161288261414
0.35585805773735046
0.3558535575866699
0.35561349987983704
0.35548272728919983
0.355288565158844
0.35517972707748413
0.3549877107143402
0.35486018657684326
0.35473212599754333
0.35458219051361084
0.3544495403766632
0.3544076383113861
0.3541471064090729
0.35410985350608826
0.3539349436759949
0.3537473678588867
0.3537253737449646
0.35359373688697815
0.3535774052143097
0.3534590005874634
0.3534104526042938
0.3533676266670227
0.35326287150382996
0.3531970977783203
0.35313621163368225
0.3530481159687042
0.3529781699180603
0.3528980612754822
0.35279595851898193
0.3527911603450775
0.3526677191257477
0.3526018559932709
0.3525018095970154
0.352495014667511
0.3523848354816437
0.3523850440979004
0.35228589177131653
0.35221248865127563
0.3521464765071869
0.35208308696746826
0.3519730865955353
0.35192927718162537
0.3518478572368622
0.3517572283744812
0.3516799509525299
0.3516620397567749
0.3515499234199524
0.35152801871299744
0.35142993927001953
0.35134240984916687
0.35131677985191345
0.35125845670700073
0.35116323828697205
0.3510863780975342
0.35104045271873474
0.35096603631973267
0.3508963882923126
0.35087865591049194
0.35076040029525757
0.350717693567276
0.35060688853263855
0.35052844882011414
0.3504680395126343
0.35041069984436035
0.3503504991531372
0.35024118423461914
0.3501651883125305
0.35009217262268066
0.350056916475296
0.3499401807785034
0.34995415806770325
0.34983813762664795
0.34971755743026733
0.3496730923652649
0.34959086775779724
0.34949779510498047
0.3494589030742645
0.3494139611721039
0.34930792450904846
0.3492136001586914
0.34917688369750977
0.3491321802139282
0.34904783964157104
0.3490128219127655
0.3489397466182709
0.3488607406616211
0.3487599194049835
0.34868329763412476
0.34862256050109863
0.34859204292297363
0.34849172830581665
0.3484216332435608
0.3483240306377411
0.34831175208091736
0.34820830821990967
0.3481416404247284
0.34813278913497925
0.3480236232280731
0.3479492664337158
0.34787002205848694
0.3478087782859802
0.3477358818054199
0.3476598858833313
0.347650408744812
0.34752967953681946
0.3474414646625519
0.34738609194755554
0.3472834825515747
0.34723976254463196
0.3471471667289734
0.34713026881217957
0.3470311760902405
0.34696274995803833
0.346944659948349
0.346883624792099
0.34678101539611816
0.34673476219177246
0.34669551253318787
0.3466609716415405
0.3466174304485321
0.3465712368488312
0.3465743362903595
0.3465271592140198
0.3464794158935547
0.34644457697868347
0.3464106619358063
0.3463761806488037
0.346343994140625
0.3463108539581299
0.346329927444458
0.34632307291030884
0.3462301194667816
0.34618818759918213
0.34615659713745117
0.346110999584198
0.3460805416107178
0.34605008363723755
0.3460119664669037
0.34599924087524414
0.345951646566391
0.34591811895370483
0.3458884656429291
0.345858097076416
0.34580424427986145
0.3457874059677124
0.3457604944705963
0.34571409225463867
0.3456834554672241
0.3456489145755768
0.34563279151916504
0.34558624029159546
0.3455474078655243
0.3455212414264679
0.34549480676651
0.3454621732234955
0.34541669487953186
0.34539103507995605
0.34537553787231445
0.3453233242034912
0.34529316425323486
0.34525519609451294
0.34521546959877014
0.34520718455314636
0.3451635241508484
0.3451400399208069
0.345105916261673
0.34507501125335693
0.3450466990470886
0.3450295031070709
0.34497329592704773
0.34495043754577637
0.344894677400589
0.3448833227157593
0.3448321521282196
0.34479930996894836
0.34475940465927124
0.34473127126693726
0.34470149874687195
0.34469231963157654
0.3446334898471832
0.34459206461906433
0.3445684611797333
0.34452351927757263
0.3444959223270416
0.3444552719593048
0.34443387389183044
0.34441590309143066
0.3443870544433594
0.3443509042263031
0.3443325161933899
0.3442939817905426
0.3442622125148773
0.34423908591270447
0.34417906403541565
0.344144731760025
0.34413740038871765
0.34408828616142273
0.34406086802482605
0.34404346346855164
0.3439835011959076
0.3439428210258484
0.34391069412231445
0.34388217329978943
0.3438400328159332
0.34380871057510376
0.3437961935997009
0.3437616527080536
0.3437267243862152
0.3436778783798218
0.3436727523803711
0.34363508224487305
0.3436054289340973
0.3435414135456085
0.34351781010627747
0.34349414706230164
0.3434431850910187
0.34343019127845764
0.3434094786643982
0.3433995842933655
0.34338417649269104
0.34336820244789124
0.34334641695022583
0.34332969784736633
0.3433225154876709
0.34330448508262634
0.34327957034111023
0.3432682752609253
0.34325453639030457
0.34323427081108093
0.343205988407135
0.34320253133773804
0.3431723415851593
0.3431647717952728
0.3431408107280731
0.34312984347343445
0.34311679005622864
0.34308817982673645
0.34307828545570374
0.3430631458759308
0.34303855895996094
0.343023419380188
0.3430066704750061
0.3429884612560272
0.34297239780426025
0.34295445680618286
0.3429428040981293
0.34292054176330566
0.3429047763347626
0.3428981602191925
0.3428741693496704
0.342854768037796
0.34283456206321716
0.3428198993206024
0.3428258001804352
0.34279629588127136
0.34278982877731323
0.3427770435810089
0.3427477777004242
0.34272661805152893
0.3427150845527649
0.3426949083805084
0.34267786145210266
0.34266191720962524
0.3426412045955658
0.3426375985145569
0.34261152148246765
0.3425992727279663
0.3425782322883606
0.3425629436969757
0.3425494432449341
0.3425480127334595
0.34252655506134033
0.34250935912132263
0.34249308705329895
0.3424820005893707
0.34245923161506653
0.34244483709335327
0.34243038296699524
0.34241896867752075
0.3423990309238434
0.34237924218177795
0.3423662483692169
0.3423522412776947
0.34233564138412476
0.34231460094451904
0.3422984480857849
0.3422889709472656
0.34225648641586304
0.3422497808933258
0.3422311544418335
0.34221750497817993
0.3421984910964966
0.34218069911003113
0.34216275811195374
0.34215372800827026
0.3421326279640198
0.342132031917572
0.3421035706996918
0.3420754373073578
0.3420601785182953
0.3420431315898895
0.34203410148620605
0.3420168161392212
0.34199821949005127
0.3419727087020874
0.3419624865055084
0.34195196628570557
0.3419388234615326
0.3419232964515686
0.341902494430542
0.34189361333847046
0.3418732285499573
0.3418543040752411
0.3418385982513428
0.3418291211128235
0.3418104946613312
