0.7058384418487549
0.5532640814781189
0.479471355676651
0.4352346360683441
0.4145539700984955
0.39984309673309326
0.39163991808891296
0.38291555643081665
0.37186399102211
0.36547181010246277
0.3593194782733917
0.3537443280220032
0.35096389055252075
0.3453671932220459
0.3390827775001526
0.3348649740219116
0.33056965470314026
0.32521405816078186
0.3215460777282715
0.3177390694618225
0.31230872869491577
0.30709630250930786
0.30425599217414856
0.3014030158519745
0.296570748090744
0.29258793592453003
0.2878892421722412
0.2851203382015228
0.2813069820404053
0.2769715487957001
0.27279847860336304
0.26933524012565613
0.2645571827888489
0.26182520389556885
0.2579011023044586
0.25433349609375
0.25009092688560486
0.2450772076845169
0.24172726273536682
0.23818668723106384
0.2331317514181137
0.232080340385437
0.2272627055644989
0.2231287658214569
0.2187476009130478
0.21603704988956451
0.21343249082565308
0.20919448137283325
0.20529553294181824
0.20224429666996002
0.20130157470703125
0.1957084834575653
0.19108523428440094
0.18827007710933685
0.18418367207050323
0.18074427545070648
0.18138864636421204
0.1762751042842865
0.17138221859931946
0.16966572403907776
0.16390973329544067
0.16183842718601227
0.15718619525432587
0.1540364772081375
0.15272271633148193
0.15119555592536926
0.1476249098777771
0.14402852952480316
0.14239628612995148
0.13839876651763916
0.13459931313991547
0.13168147206306458
0.12823575735092163
0.12634946405887604
0.12375600636005402
0.12100424617528915
0.12034004181623459
0.11640279740095139
0.1144382506608963
0.11105181276798248
0.10909689962863922
0.10680752992630005
0.10244672000408173
0.10069839656352997
0.09847498685121536
0.09820203483104706
0.0950315073132515
0.09359240531921387
0.09107040613889694
0.08853599429130554
0.08601991832256317
0.08405760675668716
0.08314066380262375
0.08091184496879578
0.0801437720656395
0.07788334786891937
0.07556511461734772
0.07296194136142731
0.07120195776224136
0.07005909830331802
0.06855323165655136
0.06793754547834396
0.06593354791402817
0.06457323580980301
0.06266006082296371
0.06181764230132103
0.062011782079935074
0.05962919071316719
0.05841581150889397
0.058481696993112564
0.05527679994702339
0.05486903339624405
0.05348936468362808
0.053750984370708466
0.05034628510475159
0.04954824596643448
0.047778546810150146
0.04680884629487991
0.04690111055970192
0.0462651401758194
0.04623871669173241
0.04505118355154991
0.044721610844135284
0.043876513838768005
0.04383515194058418
0.04385529085993767
0.043192148208618164
0.04220770671963692
0.04206489771604538
0.04174257814884186
0.04132632166147232
0.04013897851109505
0.03978004306554794
0.03977508842945099
0.038931526243686676
0.038876790553331375
0.03897830471396446
0.03749212622642517
0.037271928042173386
0.03778780996799469
0.036865606904029846
0.03605302795767784
0.035653211176395416
0.03536249324679375
0.035003356635570526
0.03469925373792648
0.03411698341369629
0.033819779753685
0.03343407064676285
0.03281153365969658
0.03267328068614006
0.03204039856791496
0.031697966158390045
0.03140882030129433
0.03107445500791073
0.030626408755779266
0.03060160204768181
0.03011871874332428
0.02984975464642048
0.029273847118020058
0.02909165620803833
0.028903981670737267
0.028647050261497498
0.02823120728135109
0.027960868552327156
0.027422547340393066
0.027266917750239372
0.026842819526791573
0.026459597051143646
0.026526041328907013
0.02655521035194397
0.026049092411994934
0.025556474924087524
0.02577328495681286
0.025376535952091217
0.024768507108092308
0.02430114522576332
0.02471921034157276
0.024325938895344734
0.02328008972108364
0.023139409720897675
0.023531019687652588
0.02340489998459816
0.02239995263516903
0.022017277777194977
0.021845776587724686
0.021662799641489983
0.02115515060722828
0.02113414742052555
0.02086234837770462
0.020440377295017242
0.02045765332877636
0.02041599527001381
0.020049400627613068
0.019743075594305992
0.01951373927295208
0.019130131229758263
0.018896430730819702
0.018681032583117485
0.01858585886657238
0.018345044925808907
0.018145151436328888
0.018074164167046547
0.018005652353167534
0.017931826412677765
0.017802901566028595
0.017369678243994713
0.017226694151759148
0.01692783832550049
0.016632862389087677
0.016385279595851898
0.016262775287032127
0.015951061621308327
0.01584598794579506
0.015629064291715622
0.015419486910104752
0.01533852145075798
0.015240312553942204
0.015164599753916264
0.01502928975969553
0.01496825274080038
0.01485367026180029
0.014780895784497261
0.014728259295225143
0.0146151352673769
0.014435292221605778
0.014578328467905521
0.014607192948460579
0.014572078362107277
0.014317512512207031
0.014253665693104267
0.014202786609530449
0.014102824963629246
0.01395803689956665
0.013841813430190086
0.013721204362809658
0.013669384643435478
0.01372695341706276
0.013576262630522251
0.01345428079366684
0.013312481343746185
0.01331760548055172
0.013307278044521809
0.013343214057385921
0.013308955356478691
0.013215648010373116
0.013043055310845375
0.012916231527924538
0.012872003018856049
0.012799271382391453
0.012651643715798855
0.01255379430949688
0.01259228028357029
0.01253090426325798
0.012524179182946682
0.012361906468868256
0.01226373203098774
0.01220606453716755
0.012089291587471962
0.012066060677170753
0.012016171589493752
0.011920768767595291
0.011996499262750149
0.011869728565216064
0.011702637188136578
0.011649464257061481
0.011645549908280373
0.011555874720215797
0.011494820937514305
0.011545051820576191
0.011436427012085915
0.011347020044922829
0.011246021836996078
0.011235101148486137
0.011100630275905132
0.01105470024049282
0.010997116565704346
0.010978871025145054
0.0109125766903162
0.01085819210857153
0.010906429961323738
0.010831639170646667
0.010729403235018253
0.010578326880931854
0.010541469790041447
0.010446200147271156
0.010360543616116047
0.010308438912034035
0.010252118110656738
0.010183928534388542
0.010143796913325787
0.010086093097925186
0.010055136866867542
0.009998423047363758
0.009930170141160488
0.009853827767074108
0.009785367175936699
0.009750696830451488
0.009693525731563568
0.009706239216029644
0.009702028706669807
0.009612483903765678
0.0095546655356884
0.009435865096747875
0.009403389878571033
0.009315377101302147
0.009267433546483517
0.009252541698515415
0.009186367504298687
0.00912113580852747
0.009069511666893959
0.009042066521942616
0.008981953375041485
0.008937316946685314
0.008905196562409401
0.008845418691635132
0.00878217350691557
0.008766564540565014
0.008741584606468678
0.008751289919018745
0.008734145201742649
0.00868447870016098
0.008655530400574207
0.008659604005515575
0.008618801832199097
0.008578508161008358
0.008533955551683903
0.008559594862163067
0.008533003740012646
0.008496618829667568
0.008460616692900658
0.008432988077402115
0.008397202007472515
0.00837745051831007
0.008429213427007198
0.008401934057474136
0.008340617641806602
0.008308173157274723
0.008275981061160564
0.008275783620774746
0.008275643922388554
0.008224834688007832
0.00818446185439825
0.00816208403557539
0.008120018988847733
0.008112650364637375
0.008054113015532494
0.008061942644417286
0.008015179075300694
0.007985679432749748
0.007987597957253456
0.007899494841694832
0.007892627269029617
0.007930172607302666
0.007880843244493008
0.00784013420343399
0.007832863368093967
0.0077802143059670925
0.007781525608152151
0.007777727209031582
0.007735188119113445
0.007744167000055313
0.007707848213613033
0.00767405005171895
0.007644011173397303
0.007630174979567528
0.007593860384076834
0.007572772912681103
0.007539588026702404
0.007508064620196819
0.00749175064265728
0.007471468299627304
0.007449044845998287
0.007446674630045891
0.007415096275508404
0.007425189018249512
0.007376859430223703
0.007339928299188614
0.00730586051940918
0.007295189891010523
0.0072696637362241745
0.0072318678721785545
0.007231591269373894
0.007227588910609484
0.007152888458222151
0.0071553634479641914
0.0071214959025382996
0.007143070455640554
0.0070792632177472115
0.007091420236974955
0.007043353747576475
0.007020595949143171
0.006981286685913801
0.00696092564612627
0.0069630383513867855
0.006935763172805309
0.0069188610650599
0.006899429485201836
0.006852226797491312
0.006839868146926165
0.006815442815423012
0.006798666901886463
0.006770413368940353
0.0067532481625676155
0.006731267087161541
0.006707857362926006
0.006672461982816458
0.006665956228971481
0.006643542088568211
0.006630784831941128
0.006594676058739424
0.006590765900909901
0.006557193584740162
0.006538365967571735
0.006520956289023161
0.006496837362647057
0.006479798350483179
0.006471186876296997
0.0064606377854943275
0.006447319872677326
0.006435396149754524
0.0064261602237820625
0.006424181163311005
0.0064037274569272995
0.006389733869582415
0.006390468217432499
0.006371229887008667
0.006360223051160574
0.006351981777697802
0.00633877981454134
0.006329806987196207
0.006325749214738607
0.006316482555121183
0.006299544591456652
0.006296024192124605
0.0062810624949634075
0.006281485315412283
0.00626269681379199
0.00625411793589592
0.006248239427804947
0.0062380461022257805
0.006242156960070133
0.006222414784133434
0.006208739709109068
0.006197855342179537
0.006182652898132801
0.006175706163048744
0.006156429182738066
0.006157457362860441
0.006147946231067181
0.006142375525087118
0.00612930441275239
0.006112474016845226
0.0061012329533696175
0.006093062460422516
0.006076020188629627
0.006072299554944038
0.0060601672157645226
0.006056821905076504
0.00604841485619545
0.006036392413079739
0.006026469636708498
0.006023804657161236
0.006000172812491655
0.005986672360450029
0.005986068397760391
0.005972957704216242
0.005969387013465166
0.005951279774308205
0.005939147900789976
0.005929657723754644
0.005918579176068306
0.005914878100156784
0.005916494410485029
0.005910354666411877
0.005900976713746786
0.0058851768262684345
0.005861400160938501
0.005848614498972893
0.0058542522601783276
0.005833569448441267
0.005825444590300322
0.0058031948283314705
0.005795672070235014
0.005788718815892935
0.005775721278041601
0.005766148678958416
0.005757770035415888
0.005750053096562624
0.005738997831940651
0.005726541858166456
0.005720957648009062
0.00569553580135107
0.005692739505320787
0.0056958431378006935
0.005680304951965809
0.005672323517501354
0.005656367167830467
0.005653170868754387
0.005636799149215221
0.005632003769278526
0.0056200711987912655
0.00560555886477232
0.005604485981166363
0.005580567289143801
0.005576552357524633
0.005568450316786766
0.005567548796534538
0.005549370776861906
0.005550198256969452
0.005534261465072632
0.005527358967810869
0.005511899944394827
0.005512346513569355
0.0054969280026853085
0.005491198040544987
0.0054857367649674416
0.005473019555211067
0.005471555981785059
0.005453247576951981
0.005446094088256359
0.0054441336542367935
0.0054397243075072765
0.005433517508208752
0.005432490725070238
0.005422296468168497
0.005414898972958326
0.005413701292127371
0.005405210889875889
0.005403860472142696
0.00539607647806406
0.005386323668062687
0.005387624725699425
0.005395876243710518
0.005377897061407566
0.005363272037357092
0.005357525777071714
0.005373328924179077
0.005363326519727707
0.005356800742447376
0.005353798624128103
0.005344889592379332
0.005335061810910702
0.005330944899469614
0.00532188918441534
0.005320336669683456
0.005311667453497648
0.005309747997671366
0.00530838081613183
0.005300861783325672
0.005295346025377512
0.005287296138703823
0.005282670725136995
0.005277739372104406
0.005273905117064714
0.005263659171760082
0.005261290818452835
0.0052686333656311035
0.005264067556709051
0.005250552203506231
0.0052431365475058556
0.005239301826804876
0.00523196067661047
0.005228227470070124
0.0052224015817046165
0.005222446285188198
0.005215742625296116
0.005210539326071739
0.005208891350775957
0.005198740866035223
0.005195683799684048
0.005190855357795954
0.005187751725316048
0.005179615691304207
0.005174245685338974
0.005170195363461971
0.005161691457033157
0.005155375227332115
0.005153127480298281
0.0051454962231218815
0.005141932982951403
0.005140200257301331
0.005131452810019255
0.0051271975971758366
0.005123472772538662
0.005115517880767584
0.005111584905534983
0.0051090600900352
0.005100416950881481
0.005101251881569624
0.0050940378569066525
0.005088448524475098
0.005083292722702026
0.005080782808363438
0.005072932690382004
0.0050671761855483055
0.005060947500169277
0.00506020151078701
0.005048548802733421
0.005044195801019669
0.00503636384382844
