0.7595541477203369
0.745118260383606
0.7319855093955994
0.7197870016098022
0.7081410884857178
0.696877658367157
0.6854737401008606
0.6747897267341614
0.6631942987442017
0.6521880626678467
0.6404106020927429
0.6294131875038147
0.6179187297821045
0.6072586178779602
0.5967375040054321
0.5862562656402588
0.5758548378944397
0.566294252872467
0.5572682023048401
0.5486783981323242
0.5410984754562378
0.5331860780715942
0.5262863039970398
0.5199868083000183
0.5142834782600403
0.5086314082145691
0.5039809942245483
0.4998370409011841
0.4951866865158081
0.4915999174118042
0.4880196154117584
0.484516441822052
0.48145607113838196
0.4786151945590973
0.4758017957210541
0.47331082820892334
0.4710061848163605
0.46865466237068176
0.466644287109375
0.4646620750427246
0.4628644287586212
0.46100977063179016
0.4594515264034271
0.45771053433418274
0.45634210109710693
0.45476990938186646
0.4533517360687256
0.4519539773464203
0.4503953158855438
0.4492286741733551
0.44755128026008606
0.4463579058647156
0.44497236609458923
0.44359609484672546
0.44229063391685486
0.44102567434310913
0.43988341093063354
0.4386333227157593
0.437433660030365
0.43632766604423523
0.4351934492588043
0.43431195616722107
0.43327754735946655
0.43217894434928894
0.4311276078224182
0.43023937940597534
0.42911142110824585
0.4282027781009674
0.4272320866584778
0.42644208669662476
0.4254622757434845
0.4247247874736786
0.4237556755542755
0.4229547679424286
0.4220724403858185
0.42134130001068115
0.42037782073020935
0.41946616768836975
0.4187066853046417
0.418133407831192
0.41700461506843567
0.4161849021911621
0.41542938351631165
0.41452476382255554
0.41375693678855896
0.41273367404937744
0.4118522107601166
0.41166195273399353
0.4103770852088928
0.40944039821624756
0.4085691571235657
0.40787094831466675
0.40701383352279663
0.40625327825546265
0.40531060099601746
0.40452083945274353
0.4036825895309448
0.40290823578834534
0.40223681926727295
0.40136682987213135
0.40067774057388306
0.39991316199302673
0.39924299716949463
0.3987258970737457
0.3980365991592407
0.3973274827003479
0.3966422379016876
0.39609628915786743
0.3954160511493683
0.3948765993118286
0.39407622814178467
0.39338424801826477
0.39299023151397705
0.3921993672847748
0.39162003993988037
0.39091384410858154
0.3902626037597656
0.38956397771835327
0.3890267610549927
0.3885197341442108
0.38781625032424927
0.3872321844100952
0.38673821091651917
0.38626623153686523
0.38566771149635315
0.385084331035614
0.38472169637680054
0.3840571641921997
0.38346078991889954
0.38297927379608154
0.38228026032447815
0.38196197152137756
0.3813045620918274
0.38075318932533264
0.38027092814445496
0.3796742558479309
0.3791769742965698
0.37865498661994934
0.3779207170009613
0.3775406777858734
0.377031534910202
0.3763014078140259
0.37569573521614075
0.3749502897262573
0.37439215183258057
0.37365415692329407
0.3732044994831085
0.37276491522789
0.37226611375808716
0.3716809153556824
0.3712652623653412
0.3705119490623474
0.3701537251472473
0.3695181906223297
0.36898958683013916
0.36830630898475647
0.36781492829322815
0.3671925663948059
0.3666497468948364
0.3662338852882385
0.365601509809494
0.3654005229473114
0.36517006158828735
0.3646310269832611
0.36404433846473694
0.3637619912624359
0.3633418679237366
0.3627685010433197
0.3621557652950287
0.36163464188575745
0.3611849546432495
0.36069440841674805
0.36006107926368713
0.35963740944862366
0.3591572046279907
0.35865938663482666
0.358318567276001
0.3579222857952118
0.3574453294277191
0.3569917678833008
0.3564312756061554
0.3559916019439697
0.35556405782699585
0.35515210032463074
0.35480085015296936
0.3542580008506775
0.35387107729911804
0.35372450947761536
0.3530929684638977
0.3528323769569397
0.35235336422920227
0.35183656215667725
0.3516388535499573
0.35121262073516846
0.35077449679374695
0.35020238161087036
0.34993237257003784
0.34957417845726013
0.34910979866981506
0.3487797975540161
0.3484582304954529
0.34788644313812256
0.347635954618454
0.34735822677612305
0.3466513156890869
0.34659481048583984
0.34616199135780334
0.34549257159233093
0.3452051281929016
0.3447595536708832
0.3444322943687439
0.34414440393447876
0.34361401200294495
0.3430764973163605
0.3428182899951935
0.3422697186470032
0.34192848205566406
0.3416667580604553
0.34121787548065186
0.3408927023410797
0.3402555286884308
0.34010252356529236
0.33974549174308777
0.3394384980201721
0.3388836085796356
0.3384287357330322
0.3380594253540039
0.3376278281211853
0.337270587682724
0.33681902289390564
0.3362147808074951
0.3357548713684082
0.3361343741416931
0.3355042636394501
0.3348117172718048
0.33436816930770874
0.3338693082332611
0.33359959721565247
0.3332948386669159
0.3329625427722931
0.3327309489250183
0.33255869150161743
0.33240121603012085
0.332219660282135
0.3318587839603424
0.3317103087902069
0.33143889904022217
0.3311835825443268
0.3310532867908478
0.33074885606765747
0.33050423860549927
0.33034083247184753
0.33007967472076416
0.329848974943161
0.32957229018211365
0.329309344291687
0.32910940051078796
0.3288787007331848
0.32865187525749207
0.3283534348011017
0.32828977704048157
0.3280322849750519
0.32785606384277344
0.32766595482826233
0.3274822235107422
0.32718732953071594
0.3269813656806946
0.32672548294067383
0.32666146755218506
0.3263174593448639
0.3260704278945923
0.3260711133480072
0.32576650381088257
0.32549184560775757
0.325304239988327
0.325030654668808
0.3247948884963989
0.32471799850463867
0.32454726099967957
0.32438647747039795
0.3242550492286682
0.3239808678627014
0.3237650990486145
0.323561429977417
0.32333630323410034
0.32319819927215576
0.3228910565376282
0.3226870000362396
0.3224647343158722
0.3224531412124634
0.322226881980896
0.32205069065093994
0.3217497169971466
0.3215230703353882
0.3212665021419525
0.3210843503475189
0.32086828351020813
0.32071784138679504
0.3204420506954193
0.32039493322372437
0.3200753629207611
0.31983089447021484
0.3197341561317444
0.3194340467453003
0.319214403629303
0.3191043734550476
0.3188433349132538
0.3187359571456909
0.31850382685661316
0.3182985782623291
0.3180469274520874
0.3179037570953369
0.31769126653671265
0.31745702028274536
0.31727540493011475
0.3172306716442108
0.3168773055076599
0.31665003299713135
0.316486656665802
0.3164423406124115
0.3161606788635254
0.31600189208984375
0.31580883264541626
0.3155900239944458
0.3154551386833191
0.3153040111064911
0.3151063919067383
0.3148183226585388
0.31463614106178284
0.31437554955482483
0.31418198347091675
0.31400442123413086
0.3137857913970947
0.31366658210754395
0.31356513500213623
0.3133925795555115
0.31318122148513794
0.3130444288253784
0.31291094422340393
0.31279903650283813
0.3127131760120392
0.3125564157962799
0.3124685287475586
0.312338650226593
0.31222885847091675
0.3121427893638611
0.31204190850257874
0.31199583411216736
0.3118714690208435
0.31170421838760376
0.3115820586681366
0.3115278482437134
0.3114100992679596
0.31130579113960266
0.31123974919319153
0.311093807220459
0.31101587414741516
0.3109413683414459
0.31083378195762634
0.3106885850429535
0.31059443950653076
0.3105297386646271
0.3104286789894104
0.3102997839450836
0.31021690368652344
0.310104638338089
0.3100580871105194
0.30994611978530884
0.3098349869251251
0.3097452223300934
0.3096770942211151
0.3095657229423523
0.3095238208770752
0.30940699577331543
0.3092717230319977
0.3091767728328705
0.3090918958187103
0.3089795708656311
0.30890464782714844
0.30885136127471924
0.30874204635620117
0.30860114097595215
0.3085426092147827
0.30844420194625854
0.30834972858428955
0.308265745639801
0.30816832184791565
0.30815887451171875
0.30807602405548096
0.3079720437526703
0.3079259693622589
0.30777451395988464
0.3076399564743042
0.307545006275177
0.3074477016925812
0.3073534369468689
0.3072490692138672
0.3072684407234192
0.30708837509155273
0.30696189403533936
0.3068513870239258
0.30675357580184937
0.3066934049129486
0.3065758943557739
0.30648961663246155
0.306412011384964
0.30629801750183105
0.3062736392021179
0.3061307370662689
0.30610722303390503
0.3059214949607849
0.3058847486972809
0.3057849407196045
0.30569544434547424
0.3055948317050934
0.3055081069469452
0.3054048418998718
0.30531954765319824
0.30527129769325256
0.30515891313552856
0.30505600571632385
0.30497926473617554
0.30491554737091064
0.3047981560230255
0.30470019578933716
0.3046231269836426
0.30451953411102295
0.30443069338798523
0.3043777048587799
0.30422243475914
0.30417171120643616
0.3040205240249634
0.3040009140968323
0.303880900144577
0.30382242798805237
0.3036879897117615
0.30358949303627014
0.3035374581813812
0.3034937083721161
0.30344292521476746
0.30336952209472656
0.30337098240852356
0.3033140003681183
0.30325084924697876
0.30317434668540955
0.3031611144542694
0.30307096242904663
0.30304229259490967
0.30296438932418823
0.30290746688842773
0.3028543293476105
0.30279311537742615
0.302750825881958
0.30271196365356445
0.3026619851589203
0.3026335835456848
0.30256587266921997
0.30251944065093994
0.30248409509658813
0.3024331033229828
0.3023887574672699
0.3023672103881836
0.3022874593734741
0.30222582817077637
0.30217933654785156
0.3021353781223297
0.3020918369293213
0.3020428419113159
0.3020396828651428
0.30195850133895874
0.30189618468284607
0.3018637001514435
0.3018246293067932
0.30175113677978516
0.30173489451408386
0.3016698956489563
0.30162206292152405
0.30160096287727356
0.3015466034412384
0.30150383710861206
0.30146896839141846
0.30145004391670227
0.3013732433319092
0.30132782459259033
0.3012879192829132
0.30121564865112305
0.30118465423583984
0.3011208176612854
0.30108335614204407
0.30104300379753113
0.3009989559650421
0.3009483814239502
0.30090269446372986
0.3008366823196411
0.30079761147499084
0.3007209300994873
0.30068403482437134
0.3006024658679962
0.3005523383617401
0.3004995584487915
0.300435334444046
0.30038851499557495
0.3003101348876953
0.3002604842185974
0.3002729117870331
0.3002106845378876
0.30011141300201416
0.3000486195087433
0.30000928044319153
0.299945592880249
0.29990196228027344
0.29984673857688904
0.29978302121162415
0.2997228801250458
0.2997136414051056
0.2996276617050171
0.2995917499065399
0.2995188534259796
0.29947763681411743
0.29944440722465515
0.29940569400787354
0.29934340715408325
0.2992951273918152
0.299274206161499
0.2992136776447296
0.29916200041770935
0.29909059405326843
0.29904860258102417
0.2989835739135742
0.2989380657672882
0.2989266514778137
0.2988474369049072
0.29881054162979126
0.2987358570098877
0.2987019121646881
0.2986350357532501
0.29858553409576416
0.298554927110672
0.2985427975654602
0.29851093888282776
0.29848629236221313
0.29846498370170593
0.29843488335609436
0.2984008491039276
0.29836946725845337
0.29836538434028625
0.2983361780643463
0.2983042299747467
0.29827621579170227
0.2982674837112427
0.2982449233531952
0.2982030212879181
0.298176109790802
0.2981562316417694
0.29812169075012207
0.29811590909957886
0.2980835437774658
0.2980647683143616
0.29803773760795593
0.2980456054210663
0.2979912757873535
0.2979649305343628
0.2979243993759155
0.29791462421417236
0.29788830876350403
0.2978596091270447
0.2978297770023346
0.29781076312065125
0.2977873384952545
0.2977486848831177
0.29772675037384033
0.2977076768875122
0.2976876199245453
0.2976648509502411
0.2976289689540863
0.297603964805603
0.29758304357528687
0.29756197333335876
0.29753220081329346
0.2975086271762848
0.2974819242954254
0.2974608838558197
0.2974343001842499
0.29740315675735474
0.2973932921886444
0.29735010862350464
0.2973244786262512
0.29730740189552307
0.2972823679447174
0.2972549498081207
0.2972274124622345
0.2972096800804138
0.2971758246421814
0.2971671223640442
0.2971407473087311
0.2971074879169464
0.29708755016326904
0.29705899953842163
0.29703235626220703
0.29700183868408203
0.2969856858253479
0.29695573449134827
0.29692941904067993
0.29690060019493103
0.2968836724758148
0.29685959219932556
0.29683902859687805
0.29682523012161255
0.2967899739742279
0.29676318168640137
0.29674482345581055
0.29671746492385864
0.2966935634613037
0.29666832089424133
0.2966393232345581
0.29662656784057617
0.29659560322761536
0.2965886890888214
0.2965468466281891
0.2965448200702667
0.2965063452720642
0.296480655670166
0.2964627146720886
0.29643651843070984
0.2964176833629608
0.2964004874229431
0.29636725783348083
0.2963472902774811
0.2963196933269501
0.29629799723625183
0.2962851822376251
0.29625043272972107
0.29622483253479004
0.2961956262588501
0.29618170857429504
0.2961520552635193
