0.7043282389640808
0.6592141389846802
0.6273163557052612
0.6001091003417969
0.5769461393356323
0.5528815388679504
0.5318157076835632
0.513616681098938
0.4950679540634155
0.4805109202861786
0.46695491671562195
0.45624029636383057
0.44684821367263794
0.43845927715301514
0.43203243613243103
0.4250097870826721
0.4197844862937927
0.4149738550186157
0.41075828671455383
0.4061923027038574
0.40244486927986145
0.39860159158706665
0.39529314637184143
0.3910696804523468
0.38725441694259644
0.38414162397384644
0.38107115030288696
0.37830662727355957
0.37560299038887024
0.3727527856826782
0.36961865425109863
0.36684608459472656
0.36449629068374634
0.36254969239234924
0.3597402572631836
0.35742396116256714
0.3554609417915344
0.35290437936782837
0.3508579432964325
0.34859412908554077
0.34698519110679626
0.34402376413345337
0.34287184476852417
0.3407035171985626
0.33829325437545776
0.3362380564212799
0.33468762040138245
0.3331916034221649
0.3302987515926361
0.3288862407207489
0.3275156021118164
0.32551848888397217
0.3233865797519684
0.32086512446403503
0.3195030689239502
0.31725820899009705
0.31590208411216736
0.3139130771160126
0.31250709295272827
0.3104504346847534
0.30986589193344116
0.3083718717098236
0.30624282360076904
0.30461645126342773
0.30312737822532654
0.3018321990966797
0.3007928431034088
0.2990018427371979
0.2963840663433075
0.2954990565776825
0.2937082350254059
0.2923874855041504
0.29094693064689636
0.2895578444004059
0.2880910038948059
0.2869160771369934
0.2851273715496063
0.28422224521636963
0.2826172113418579
0.2824672758579254
0.28067946434020996
0.279164582490921
0.2774626910686493
0.277195543050766
0.2751087546348572
0.2735449969768524
0.2720967233181
0.2711562514305115
0.2699737548828125
0.2685547471046448
0.26788097620010376
0.2658456861972809
0.2647134065628052
0.26340487599372864
0.26208943128585815
0.2616438567638397
0.26046234369277954
0.2592569887638092
0.25753751397132874
0.25600945949554443
0.25480595231056213
0.2533254325389862
0.2520236372947693
0.25086894631385803
0.24938419461250305
0.24927492439746857
0.24770070612430573
0.24580945074558258
0.2446112036705017
0.24402067065238953
0.24280355870723724
0.241367369890213
0.24029797315597534
0.23918020725250244
0.23829278349876404
0.23731811344623566
0.2364591658115387
0.23603686690330505
0.23515281081199646
0.23500801622867584
0.2341804802417755
0.23329854011535645
0.23255564272403717
0.2315240055322647
0.23069070279598236
0.23005202412605286
0.2295236587524414
0.22876524925231934
0.22792178392410278
0.22758159041404724
0.22646701335906982
0.22586458921432495
0.22514036297798157
0.2245117872953415
0.22416040301322937
0.22330625355243683
0.22287821769714355
0.22295930981636047
0.22166402637958527
0.22077983617782593
0.22051545977592468
0.22009429335594177
0.21935537457466125
0.21888954937458038
0.2181069403886795
0.2174997180700302
0.216980442404747
0.21648165583610535
0.21569928526878357
0.21540091931819916
0.21510183811187744
0.21437932550907135
0.21378397941589355
0.21331457793712616
0.21279342472553253
0.2121863216161728
0.2117302268743515
0.2110929936170578
0.21078428626060486
0.2104046493768692
0.20936161279678345
0.20895248651504517
0.20859503746032715
0.20781663060188293
0.20757250487804413
0.2070855051279068
0.20655186474323273
0.20608943700790405
0.20544709265232086
0.20481723546981812
0.2044285535812378
0.20393650233745575
0.20331676304340363
0.20319561660289764
0.20290271937847137
0.20208853483200073
0.20135419070720673
0.20073556900024414
0.20091889798641205
0.19998900592327118
0.19913573563098907
0.19873768091201782
0.19841298460960388
0.19783155620098114
0.19752851128578186
0.19673937559127808
0.1962408423423767
0.19566357135772705
0.19527119398117065
0.19482307136058807
0.19439004361629486
0.1938222199678421
0.1933169960975647
0.19313134253025055
0.19236548244953156
0.19183188676834106
0.1913401037454605
0.19101625680923462
0.19118982553482056
0.19081951677799225
0.19000490009784698
0.18921419978141785
0.18861405551433563
0.18820391595363617
0.1875181347131729
0.18705742061138153
0.1864200085401535
0.18606209754943848
0.18544380366802216
0.18527528643608093
0.18477584421634674
0.18415428698062897
0.1835622787475586
0.1831768900156021
0.1828879415988922
0.1826813668012619
0.18224787712097168
0.18208296597003937
0.18184152245521545
0.18166911602020264
0.18142768740653992
0.1811418980360031
0.18077394366264343
0.1804574429988861
0.1800917685031891
0.17990058660507202
0.17969778180122375
0.17955154180526733
0.17942534387111664
0.1792527586221695
0.17876049876213074
0.17850561439990997
0.17823061347007751
0.1781541258096695
0.17772990465164185
0.17757880687713623
0.1772492676973343
0.1770978420972824
0.1768496185541153
0.17665541172027588
0.17622393369674683
0.17599080502986908
0.17588943243026733
0.17563442885875702
0.17533695697784424
0.17521846294403076
0.17498207092285156
0.17475956678390503
0.17446179687976837
0.17417950928211212
0.17396751046180725
0.17370359599590302
0.17350873351097107
0.17327247560024261
0.17305885255336761
0.17281347513198853
0.17256413400173187
0.17225852608680725
0.17196549475193024
0.17174021899700165
0.17157799005508423
0.17127683758735657
0.1711006909608841
0.1709936261177063
0.1709248423576355
0.17069722712039948
0.1702212244272232
0.16997641324996948
0.16974879801273346
0.1694430261850357
0.16925270855426788
0.16891425848007202
0.1690375655889511
0.16882923245429993
0.16849181056022644
0.16846558451652527
0.16796599328517914
0.1678842306137085
0.16737569868564606
0.1671620011329651
0.16717217862606049
0.16693240404129028
0.16645798087120056
0.16643697023391724
0.16623559594154358
0.16606026887893677
0.16582924127578735
0.16545815765857697
0.16524982452392578
0.1648767590522766
0.16465041041374207
0.16427092254161835
0.16408301889896393
0.16391654312610626
0.16358786821365356
0.16335923969745636
0.16305658221244812
0.16294385492801666
0.16269567608833313
0.16244882345199585
0.1621219664812088
0.16187995672225952
0.16161848604679108
0.16149239242076874
0.16126863658428192
0.16099998354911804
0.16080543398857117
0.1606365442276001
0.16031181812286377
0.16025371849536896
0.1598649024963379
0.1596003919839859
0.15950645506381989
0.15916475653648376
0.15905539691448212
0.15897274017333984
0.15878926217556
0.15868937969207764
0.15856456756591797
0.1585584133863449
0.15833349525928497
0.15823324024677277
0.1582062989473343
0.15811817348003387
0.15797120332717896
0.1578465700149536
0.15773381292819977
0.157601460814476
0.15745235979557037
0.1572459191083908
0.15723863244056702
0.1570523977279663
0.15692207217216492
0.15683451294898987
0.15669110417366028
0.1565016657114029
0.15638171136379242
0.15633122622966766
0.1561659872531891
0.1562328189611435
0.15603281557559967
0.15585266053676605
0.15580442547798157
0.15569138526916504
0.155556783080101
0.15545518696308136
0.15530645847320557
0.15524578094482422
0.1550643891096115
0.15497155487537384
0.15488392114639282
0.15474584698677063
0.15459080040454865
0.15449026226997375
0.15428730845451355
0.15417346358299255
0.15404590964317322
0.1539759635925293
0.15390130877494812
0.1537398099899292
0.15361228585243225
0.15343019366264343
0.15341846644878387
0.15326038002967834
0.1532067060470581
0.15304343402385712
0.15292100608348846
0.15273407101631165
0.15260149538516998
0.15248818695545197
0.15255287289619446
0.15249323844909668
0.15234525501728058
0.15217731893062592
0.15208891034126282
0.1518915444612503
0.15182805061340332
0.15159013867378235
0.15147213637828827
0.15128980576992035
0.15118646621704102
0.1510775238275528
0.15094533562660217
0.15082727372646332
0.150706484913826
0.1506548374891281
0.15055863559246063
0.15038742125034332
0.15031234920024872
0.15012980997562408
0.15006832778453827
0.14997811615467072
0.14981907606124878
0.14971423149108887
0.1495412439107895
0.14947156608104706
0.14933417737483978
0.14936381578445435
0.1491706222295761
0.1492428034543991
0.14899903535842896
0.14882946014404297
0.14874182641506195
0.14860349893569946
0.14848487079143524
0.14833472669124603
0.14828671514987946
0.1481049507856369
0.1479542851448059
0.1479010134935379
0.1477869600057602
0.14765983819961548
0.1475292593240738
0.14742329716682434
0.1473718285560608
0.14730937778949738
0.14722025394439697
0.14715030789375305
0.1471441239118576
0.14700376987457275
0.1469617486000061
0.14689074456691742
0.14686353504657745
0.14679493010044098
0.14669841527938843
0.14668221771717072
0.14657984673976898
0.14651073515415192
0.146495059132576
0.14643724262714386
0.14635813236236572
0.14626476168632507
0.1462564915418625
0.1461719125509262
0.14608134329319
0.1460597813129425
0.14596721529960632
0.1458924263715744
0.1458151787519455
0.14580337703227997
0.14568771421909332
0.1456330567598343
0.14559265971183777
0.14559464156627655
0.1455325186252594
0.14543591439723969
0.14532886445522308
0.1452997922897339
0.1452246755361557
0.14521516859531403
0.14515899121761322
0.14507219195365906
0.14498271048069
0.14493341743946075
0.14486835896968842
0.14481619000434875
0.14475825428962708
0.14472000300884247
0.14467965066432953
0.14468134939670563
0.14456869661808014
0.14448173344135284
0.14441221952438354
0.14436142146587372
0.14429409801959991
0.14424701035022736
0.1441671997308731
0.1441316306591034
0.1441279649734497
0.14403514564037323
0.1440032571554184
0.14391373097896576
0.14385440945625305
0.14378760755062103
0.14374515414237976
0.14366456866264343
0.14366048574447632
0.14358088374137878
0.14351235330104828
0.1434544026851654
0.14339123666286469
0.14331534504890442
0.14326351881027222
0.14321745932102203
0.14313668012619019
0.1431109607219696
0.14306557178497314
0.14295409619808197
0.14289399981498718
0.14287430047988892
0.14280834794044495
0.14280085265636444
0.14272412657737732
0.14261698722839355
0.14257404208183289
0.14251859486103058
0.14249564707279205
0.1424456536769867
0.14235945045948029
0.1423034518957138
0.14222876727581024
0.14223165810108185
0.14213912189006805
0.14205025136470795
0.1419990211725235
0.141937717795372
0.14196279644966125
0.14184749126434326
0.14180314540863037
0.14174072444438934
0.141689270734787
0.14162029325962067
0.14158032834529877
0.1415230929851532
0.14149917662143707
0.14147593080997467
0.14144228398799896
0.14138874411582947
0.14135773479938507
0.14132435619831085
0.1413070112466812
0.1412498950958252
0.14124087989330292
0.14124053716659546
0.14123529195785522
0.14119583368301392
0.14113931357860565
0.14110535383224487
0.14106246829032898
0.14101777970790863
0.1409910023212433
0.14096546173095703
0.1409398913383484
0.14090023934841156
0.14089922606945038
0.1408604085445404
0.14082418382167816
0.14079539477825165
0.14078204333782196
0.14075450599193573
0.14071640372276306
0.14067798852920532
0.14063577353954315
0.14061234891414642
0.1405748575925827
0.14056023955345154
0.1405346542596817
0.1405099332332611
0.1404867172241211
0.14043329656124115
0.14041763544082642
0.14036814868450165
0.14034070074558258
0.14033441245555878
0.1402800977230072
0.14025497436523438
0.1402624547481537
0.14019304513931274
0.14016203582286835
0.14019708335399628
0.14013618230819702
0.14011865854263306
0.14007309079170227
0.14004462957382202
0.14001521468162537
0.13998711109161377
0.13995933532714844
0.13992144167423248
0.1398845911026001
0.13985690474510193
0.1398310512304306
0.1397932916879654
0.13976451754570007
0.1397409588098526
0.13972578942775726
0.1396821141242981
0.13965697586536407
0.1396515965461731
0.13960151374340057
0.1395748406648636
0.139553502202034
0.1395058035850525
0.1395103931427002
0.13946028053760529
0.13943472504615784
0.13941054046154022
0.13936468958854675
0.13933806121349335
0.13930022716522217
0.1392740160226822
0.1392466425895691
0.13922913372516632
0.13917891681194305
0.13915860652923584
0.1391473263502121
0.13910828530788422
0.1390770971775055
0.13903497159481049
0.13902325928211212
0.1389998495578766
0.13896791636943817
