0.7603809833526611
0.6630216240882874
0.5936356782913208
0.5545418858528137
0.5231655240058899
0.4984409809112549
0.4760519564151764
0.46109363436698914
0.44805294275283813
0.437030166387558
0.42653316259384155
0.4181312024593353
0.4106389880180359
0.4041227102279663
0.39695239067077637
0.390046089887619
0.38371431827545166
0.37603995203971863
0.3710005283355713
0.3670569360256195
0.36323583126068115
0.3574761152267456
0.35234129428863525
0.348947674036026
0.3438376486301422
0.33981576561927795
0.33480632305145264
0.3315013647079468
0.32761064171791077
0.3254907727241516
0.32213255763053894
0.315649151802063
0.3125123083591461
0.30953365564346313
0.30539074540138245
0.3023776412010193
0.29894816875457764
0.2926616370677948
0.2928677201271057
0.2871024012565613
0.2852231562137604
0.27813422679901123
0.2764819264411926
0.26950424909591675
0.2682459354400635
0.26132717728614807
0.2574310004711151
0.2548721134662628
0.2507808208465576
0.24868203699588776
0.24399258196353912
0.24221475422382355
0.237178772687912
0.23383966088294983
0.23182350397109985
0.22728285193443298
0.22486503422260284
0.2220110148191452
0.21911004185676575
0.21605175733566284
0.21660029888153076
0.21207542717456818
0.20947718620300293
0.20710736513137817
0.20454749464988708
0.20023050904273987
0.19674451649188995
0.19453251361846924
0.19147470593452454
0.1857588291168213
0.18466345965862274
0.18012410402297974
0.17746658623218536
0.1737094521522522
0.16967038810253143
0.16801610589027405
0.16522175073623657
0.16415882110595703
0.15789169073104858
0.15524330735206604
0.15210558474063873
0.14820703864097595
0.14494535326957703
0.14270202815532684
0.13922512531280518
0.1361045241355896
0.1334063857793808
0.1333189606666565
0.13016101717948914
0.1270504891872406
0.1232813373208046
0.12296892702579498
0.11780627816915512
0.11395568400621414
0.11089825630187988
0.10845386236906052
0.10582789033651352
0.10380010306835175
0.0999903455376625
0.09862831979990005
0.09394315630197525
0.09529954940080643
0.09127508103847504
0.08547883480787277
0.08479078114032745
0.08124842494726181
0.08014149963855743
0.07499022036790848
0.073385089635849
0.070723757147789
0.06623489409685135
0.06424621492624283
0.06427139788866043
0.05899875611066818
0.05631936714053154
0.053600605577230453
0.050614237785339355
0.04783184826374054
0.04637051001191139
0.04344587400555611
0.045420773327350616
0.04100184887647629
0.03757432475686073
0.03696902096271515
0.03345475718379021
0.03277011960744858
0.02856583520770073
0.026930171996355057
0.025850489735603333
0.025867875665426254
0.024084873497486115
0.021964797750115395
0.02125406451523304
0.02055879309773445
0.019680486992001534
0.01916474848985672
0.018801823258399963
0.01800955832004547
0.017482688650488853
0.017409784719347954
0.01674560271203518
0.01649218052625656
0.016970794647932053
0.017350802198052406
0.015598633326590061
0.016009777784347534
0.015592286363244057
0.016660042107105255
0.014735324308276176
0.014532135799527168
0.014698795974254608
0.014469670131802559
0.013303796760737896
0.013005430810153484
0.013113180175423622
0.012387135066092014
0.012390593066811562
0.011890930123627186
0.011657150462269783
0.011293748393654823
0.010975628159940243
0.011368648149073124
0.010701730847358704
0.010530446656048298
0.01025170087814331
0.010046146810054779
0.009940975345671177
0.009693171828985214
0.00961735937744379
0.009390466846525669
0.008979514241218567
0.009986838325858116
0.009450162760913372
0.008746164850890636
0.00866231881082058
0.00846501812338829
0.00830197986215353
0.00851421244442463
0.008383887819945812
0.007997744716703892
0.007692050654441118
0.007752984296530485
0.007628404535353184
0.007397905923426151
0.007166257593780756
0.0069902148097753525
0.006866273935884237
0.006798089947551489
0.006626024376600981
0.006527554243803024
0.006466114427894354
0.006750828120857477
0.006914343219250441
0.008144942112267017
0.006922925356775522
0.006979565601795912
0.006286346819251776
0.005987036041915417
0.005932732950896025
0.0055458578281104565
0.00545446528121829
0.005342470016330481
0.005124643910676241
0.0050994716584682465
0.005025185644626617
0.00496271438896656
0.004869351163506508
0.004768014885485172
0.004671362228691578
0.004645319189876318
0.004578487016260624
0.004507704172283411
0.004447760991752148
0.004394836723804474
0.0043449620716273785
0.004253624007105827
0.004249259363859892
0.004222234711050987
0.004263429902493954
0.004131735302507877
0.004017532337456942
0.004021096043288708
0.003919291775673628
0.003845538478344679
0.003790396498516202
0.00373445195145905
0.003663901938125491
0.0036953266244381666
0.003559293458238244
0.0035192433279007673
0.003471128176897764
0.0034404608886688948
0.0033777307253330946
0.00338027928955853
0.0033554770052433014
0.0033261417411267757
0.003296254202723503
0.0032676365226507187
0.003256747731938958
0.003245432861149311
0.003225027583539486
0.0031824996694922447
0.0032568268943578005
0.003218709258362651
0.0031682071276009083
0.0031337046530097723
0.0031034487765282393
0.0030785854905843735
0.003069498809054494
0.0030354850459843874
0.0030251850839704275
0.003004508325830102
0.0029803505167365074
0.0029817605391144753
0.002947289729490876
0.0029331566765904427
0.0029143618885427713
0.0029144156724214554
0.002876774175092578
0.002861815970391035
0.0028541558422148228
0.0028391487430781126
0.002822538372129202
0.0028135699685662985
0.00279607018455863
0.0027642245404422283
0.0027574191335588694
0.002746489131823182
0.002740149386227131
0.002715485170483589
0.0027074096724390984
0.0026937692891806364
0.002667192369699478
0.002648239256814122
0.002630786504596472
0.0026132562197744846
0.002607248490676284
0.0025931813288480043
0.0025808438658714294
0.002577714854851365
0.0025384342297911644
0.0025661869440227747
0.0025445460341870785
0.0025008602533489466
0.002492523519322276
0.0024629596155136824
0.0024745387490838766
0.0024643901269882917
0.002445653546601534
0.002417979994788766
0.002413075417280197
0.002407156629487872
0.00239141215570271
0.002383786952123046
0.0023549555335193872
0.002369928639382124
0.002363249659538269
0.0023508286103606224
0.002319399267435074
0.002291816519573331
0.0022708671167492867
0.0022569955326616764
0.00223564519546926
0.0022617450449615717
0.0022345762699842453
0.002205977449193597
0.0022073748987168074
0.0021900825668126345
0.0021736696362495422
0.002223020186647773
0.002188214100897312
0.002157957525923848
0.002126147039234638
0.00211880705319345
0.0021173926070332527
0.0020912406034767628
0.002075544558465481
0.0020724316127598286
0.0020623074378818274
0.0020470458548516035
0.002035908168181777
0.00206720526330173
0.0020599502604454756
0.002025564666837454
0.0019915704615414143
0.001993440091609955
0.001983109163120389
0.0019615828059613705
0.0019435995491221547
0.0019360472215339541
0.001922811265103519
0.0019169524312019348
0.0019109059358015656
0.0019081898499280214
0.0019022769993171096
0.0018971055978909135
0.0018909235950559378
0.001886531594209373
0.001882371841929853
0.0018736202036961913
0.0018718623323366046
0.001863360870629549
0.0018651931313797832
0.0018585337093099952
0.0018508106004446745
0.0018557971343398094
0.0018493332900106907
0.0018463906599208713
0.0018381436821073294
0.0018323444528505206
0.0018268650164827704
0.0018160251202061772
0.0018072831444442272
0.0018033066298812628
0.0018010346684604883
0.0017970730550587177
0.0017980312695726752
0.0017904358683153987
0.0017879691440612078
0.0017777938628569245
0.0017725421348586679
0.0017638521967455745
0.001757209305651486
0.0017565140733495355
0.0017508658347651362
0.001747730071656406
0.0017394068418070674
0.001733203767798841
0.0017296515870839357
0.001725675305351615
0.0017190816579386592
0.0017161526484414935
0.0017132193315774202
0.0016966649563983083
0.0017249213997274637
0.0017198415007442236
0.0017135763773694634
0.0016943583032116294
0.001682415371760726
0.0016811441164463758
0.0016850598622113466
0.0016804930055513978
0.0016764163738116622
0.0016643902054056525
0.001652510603889823
0.0016539953649044037
0.001644228701479733
0.001638992689549923
0.001634244923479855
0.001627808203920722
0.0016267773462459445
0.0016238543903455138
0.0016245647566393018
0.001617926056496799
0.001603172393515706
0.001607156707905233
0.0015990721294656396
0.0015961190219968557
0.0015888032503426075
0.0015831532655283809
0.0015752986073493958
0.001570672495290637
0.001571996370330453
0.0015665218234062195
0.001562541234306991
0.001554763992317021
0.0015548821538686752
0.0015520296292379498
0.0015433874214068055
0.0015362318372353911
0.001534885261207819
0.0015416445676237345
0.0015389388427138329
0.0015357894590124488
0.0015199655899778008
0.0015113510889932513
0.0015038421843200922
0.0015035157557576895
0.001497963210567832
0.0014929547905921936
0.0014892421895638108
0.0014852865133434534
0.001476712292060256
0.0014749433612450957
0.0014735049335286021
0.0014651356032118201
0.0014833739260211587
0.0014687933726236224
0.0014573775697499514
0.0014517017407342792
0.0014515953371301293
0.0014466545544564724
0.0014456812059506774
0.0014399897772818804
0.001435130019672215
0.001433961559087038
0.0014331390848383307
0.0014312881976366043
0.0014234973350539804
0.0014220532029867172
0.0014214706607162952
0.0014183749444782734
0.001416730578057468
0.0014193410752341151
0.0014174513053148985
0.0014124274021014571
0.0014082039706408978
0.0014052157057449222
0.0014027580618858337
0.0014059935929253697
0.0013975451001897454
0.0013963151723146439
0.0013953781453892589
0.0013933093287050724
0.0013913933653384447
0.0013882332714274526
0.0013853032141923904
0.0013843468623235822
0.001382023561745882
0.0013801142340525985
0.0013790265657007694
0.0013764123432338238
0.0013746892800554633
0.0013706564204767346
0.0013703214935958385
0.0013676679227501154
0.0013661689590662718
0.001364460214972496
0.0013603796251118183
0.0013597841607406735
0.0013577520148828626
0.0013532269513234496
0.0013522910885512829
0.0013494051527231932
0.001347251352854073
0.0013450054684653878
0.001346695818938315
0.0013404767960309982
0.0013414770364761353
0.0013402575859799981
0.0013370731612667441
0.0013334468239918351
0.0013311938382685184
0.001329555525444448
0.001326683908700943
0.0013245635200291872
0.0013231529155746102
0.0013199120294302702
0.0013177269138395786
0.0013168876757845283
0.0013149661244824529
0.001311980769969523
0.0013111797161400318
0.001307676313444972
0.0013051689602434635
0.001303760684095323
0.0012992266565561295
0.0013066964456811547
0.0013026774395257235
0.00129898136947304
0.0012933885445818305
0.0012912778183817863
0.0012895797844976187
0.0012886703480035067
0.0012847890611737967
0.0012822680873796344
0.0012835513334721327
0.0012793652713298798
0.0012770640896633267
0.0012739881640300155
0.0012729481095448136
0.0012695055920630693
0.001270439475774765
0.0012665934627875686
0.0012639188207685947
0.0012613527942448854
0.0012616970343515277
0.0012607777025550604
0.0012590031838044524
0.0012569176033139229
0.0012514798436313868
0.0012509096413850784
0.0012487155618146062
0.001247700653038919
0.0012472416274249554
0.001243245555087924
0.0012358338572084904
0.0012440483551472425
0.0012341822730377316
0.0012289718724787235
0.0012317937798798084
0.0012354969512671232
0.001234894385561347
0.0012331714387983084
0.0012301860842853785
0.0012282599927857518
0.0012258085189387202
0.001223981729708612
0.0012228622799739242
0.0012208198895677924
0.0012190764537081122
0.0012174852890893817
0.0012170349946245551
0.0012158199679106474
0.0012148113455623388
0.0012143546482548118
0.001211176160722971
0.0012106577632948756
0.0012099797604605556
0.0012085639173164964
0.001206924906000495
0.0012065144255757332
0.0012057740241289139
0.001205138280056417
0.001203948981128633
0.0012024880852550268
0.001203679945319891
0.0012030183570459485
0.001201159437187016
0.0011995952809229493
0.001197200850583613
0.0011965251760557294
0.0011950084008276463
0.001193654490634799
0.0011935235233977437
0.0011900683166459203
0.0011898002121597528
0.0011887091677635908
0.0011879496742039919
0.0011861470993608236
0.0011862003011628985
0.0011837825877591968
0.0011830838629975915
0.0011820594081655145
0.0011811236618086696
0.0011801827931776643
0.0011787611292675138
0.0011780731147155166
0.0011767132673412561
0.0011755734449252486
0.0011745680822059512
0.0011735898442566395
0.0011731029953807592
0.001171828480437398
0.0011701188050210476
0.0011710715480148792
0.0011694756103679538
0.0011679858434945345
0.0011656221468001604
0.0011646186467260122
0.001164428424090147
0.0011605225736275315
0.0011605628533288836
0.0011591148795560002
0.0011571814538910985
0.0011569204507395625
0.0011547139147296548
0.0011533829383552074
0.001151643693447113
0.0011506618466228247
0.0011499024694785476
