0.8547457456588745
0.6556205749511719
0.5043017864227295
0.48251020908355713
0.431689977645874
0.40612277388572693
0.3939222991466522
0.37614768743515015
0.3624984622001648
0.353684663772583
0.3441115915775299
0.33750009536743164
0.32861995697021484
0.31942087411880493
0.3129138946533203
0.30388548970222473
0.29573190212249756
0.2874922752380371
0.28233757615089417
0.27461478114128113
0.26704394817352295
0.26013439893722534
0.2531174421310425
0.2465779334306717
0.23650404810905457
0.23145806789398193
0.2273823767900467
0.22084525227546692
0.21366751194000244
0.20601700246334076
0.20046423375606537
0.1951518952846527
0.18995751440525055
0.18158285319805145
0.17772918939590454
0.1748669296503067
0.16756950318813324
0.16581152379512787
0.16278260946273804
0.15494060516357422
0.1499658077955246
0.14677542448043823
0.14006689190864563
0.1375020146369934
0.132650226354599
0.12488969415426254
0.12689313292503357
0.11952067166566849
0.11312447488307953
0.1151663213968277
0.10738275200128555
0.10275715589523315
0.10899076610803604
0.10196375101804733
0.09616556018590927
0.09691567718982697
0.094204843044281
0.08834966272115707
0.08110501617193222
0.0836852639913559
0.07652731239795685
0.07441198080778122
0.06778569519519806
0.0660330131649971
0.06227349862456322
0.05935712158679962
0.057299379259347916
0.056209057569503784
0.051636140793561935
0.049671534448862076
0.0509708933532238
0.04823694005608559
0.04672854393720627
0.04317302256822586
0.04253225028514862
0.04045603796839714
0.035217031836509705
0.03574751317501068
0.03307192400097847
0.031699780374765396
0.02978927083313465
0.028501417487859726
0.027605125680565834
0.026129061356186867
0.024687182158231735
0.023708684369921684
0.023120958358049393
0.022518539801239967
0.021385805681347847
0.019879110157489777
0.01901850476861
0.018532948568463326
0.017617546021938324
0.01681721769273281
0.01645238697528839
0.015518573112785816
0.015164154581725597
0.014339798130095005
0.013747709803283215
0.013440072536468506
0.012669903226196766
0.012199596501886845
0.012180388905107975
0.011486034840345383
0.0109219029545784
0.01029630284756422
0.010073991492390633
0.009744938462972641
0.009522557258605957
0.009383738040924072
0.009159328415989876
0.0090646892786026
0.008881630375981331
0.008764360100030899
0.008600064553320408
0.008498959243297577
0.008335281163454056
0.008350999094545841
0.007956983521580696
0.00805019773542881
0.0078071653842926025
0.007873262278735638
0.00751352496445179
0.0073594143614172935
0.007361286785453558
0.007140010595321655
0.006963272113353014
0.006853974889963865
0.006991393398493528
0.00681437598541379
0.006548366975039244
0.006972206756472588
0.006393073126673698
0.006741728633642197
0.006360457744449377
0.006203806027770042
0.005877537652850151
0.005890521686524153
0.005785240326076746
0.005615790840238333
0.0055597079917788506
0.005458442028611898
0.005383842159062624
0.005259187426418066
0.005159202963113785
0.005086468532681465
0.004987636115401983
0.0049271476455032825
0.004852749407291412
0.004787453915923834
0.004684139043092728
0.004634516313672066
0.004627806134521961
0.004540328402072191
0.004416991025209427
0.004300134256482124
0.004287302028387785
0.004215490072965622
0.004222203977406025
0.004153730813413858
0.004023202229291201
0.003999282140284777
0.003957811277359724
0.0038939614314585924
0.0037954724393785
0.003795960918068886
0.0037089986726641655
0.0036394777707755566
0.003592012682929635
0.003549447050318122
0.003512270748615265
0.003442774061113596
0.0033874022774398327
0.0033300211653113365
0.0032911619637161493
0.003276584204286337
0.0031849241349846125
0.0031817457638680935
0.0031346301548182964
0.00308524863794446
0.003043287666514516
0.0029936027713119984
0.002927507506683469
0.0028908620588481426
0.002868012525141239
0.002833578735589981
0.0028161972295492887
0.002810308476909995
0.0027391992043703794
0.002714764792472124
0.002684270730242133
0.002657052595168352
0.0025834355037659407
0.0025508617982268333
0.0025049636606127024
0.002461241791024804
0.00243533868342638
0.002422134857624769
0.0023677474819123745
0.0023476944770663977
0.0023135917726904154
0.0022861927282065153
0.002266153460368514
0.0022336679976433516
0.002218094654381275
0.0021866566967219114
0.0021544862538576126
0.0021292371675372124
0.0021189365070313215
0.002106357365846634
0.002094206167384982
0.0020734139252454042
0.0020593751687556505
0.0020551474299281836
0.002033724682405591
0.0020287877414375544
0.0020211420487612486
0.0020021856762468815
0.001991825643926859
0.001976514235138893
0.00196636444889009
0.0019510129932314157
0.001938678091391921
0.0019267547177150846
0.0019134030444547534
0.0019015762954950333
0.0019008900271728635
0.0018808539025485516
0.001869653700850904
0.001847947365604341
0.001854526693932712
0.0018426603637635708
0.0018312445608898997
0.001815465628169477
0.0018025878816843033
0.001791669987142086
0.001784432795830071
0.0017730358522385359
0.0017568044131621718
0.0017496326472610235
0.0017369798151776195
0.0017277173465117812
0.0017230414086952806
0.0017168105114251375
0.0017022310057654977
0.001690576784312725
0.0016812239773571491
0.0016827621730044484
0.001661058166064322
0.0016542766243219376
0.0016448323149234056
0.0016363434260711074
0.0016265721060335636
0.0016185761196538806
0.0016113696619868279
0.0015951478853821754
0.001581901335157454
0.001573530025780201
0.001564833684824407
0.001555000082589686
0.0015462819719687104
0.0015442579751834273
0.0015391898341476917
0.0015248515410348773
0.001511545735411346
0.001511009526439011
0.0014976339880377054
0.0014840851072221994
0.0014754142612218857
0.0014658330474048853
0.001457032049074769
0.0014481153339147568
0.0014376858016476035
0.0014293583808466792
0.0014231050154194236
0.0014185711042955518
0.0014112646458670497
0.0014023849507793784
0.001392024802044034
0.001384218456223607
0.0013765241019427776
0.0013675346272066236
0.0013599180383607745
0.0013534028548747301
0.001346277305856347
0.0013354282127693295
0.001327411038801074
0.0013178044464439154
0.0013141632080078125
0.0013044573133811355
0.0012955681886523962
0.0012913134414702654
0.0012834395747631788
0.0012790660839527845
0.00127555918879807
0.0012673345627263188
0.0012550397077575326
0.0012507939245551825
0.0012410572962835431
0.0012327964650467038
0.0012256426271051168
0.001217203214764595
0.0012139524333178997
0.0012089882511645555
0.0011969654588028789
0.0011865288252010942
0.0011864349944517016
0.0011818818747997284
0.0011761412024497986
0.0011708035599440336
0.0011656207498162985
0.0011637136340141296
0.0011602039448916912
0.0011585128959268332
0.001153859542682767
0.0011492217890918255
0.001146623631939292
0.001145904534496367
0.0011391532607376575
0.0011362904915586114
0.0011300480691716075
0.0011281545739620924
0.0011288189562037587
0.0011268033413216472
0.001123185851611197
0.0011179721914231777
0.0011153931263834238
0.0011122394353151321
0.0011060077231377363
0.0011036945506930351
0.0011007559951394796
0.001096731168217957
0.0010920345084741712
0.0010889474069699645
0.0010865358635783195
0.0010834323475137353
0.0010814028792083263
0.00107659085188061
0.0010731060756370425
0.0010720300488173962
0.0010653248755261302
0.0010636019287630916
0.001060538343153894
0.0010572326136752963
0.0010536963818594813
0.0010508062550798059
0.0010468256659805775
0.0010433645220473409
0.0010431257542222738
0.0010379577288404107
0.0010361652821302414
0.0010364766931161284
0.001032272120937705
0.0010275717359036207
0.0010235835798084736
0.001019468647427857
0.001016839174553752
0.001014676527120173
0.0010096082696691155
0.0010063761146739125
0.001005274010822177
0.001004712306894362
0.001000150921754539
0.0009970888495445251
0.0009918182622641325
0.0009906612103804946
0.0009848042391240597
0.0009818444959819317
0.000979662756435573
0.0009785965085029602
0.000973234127741307
0.0009704517433419824
0.0009673582389950752
0.0009648791165091097
0.0009609191329218447
0.000958653399720788
0.0009558607707731426
0.0009540232713334262
0.0009509046794846654
0.0009455389226786792
0.000943576218560338
0.0009409234044142067
0.0009378063259646297
0.0009352128836326301
0.0009319946402683854
0.00092894840054214
0.0009269592701457441
0.0009238117490895092
0.0009226466063410044
0.000918704317882657
0.0009158747270703316
0.000912449206225574
0.0009091568645089865
0.0009067023638635874
0.0009052743553183973
0.00090173096396029
0.0008992690127342939
0.0008956959936767817
0.0008927221060730517
0.0008900713874027133
0.0008875579806044698
0.0008858256042003632
0.0008816886693239212
0.0008789447601884604
0.0008757722680456936
0.0008734103757888079
0.0008706542430445552
0.0008691801922395825
0.0008677580626681447
0.0008664451888762414
0.0008651084499433637
0.0008636096608825028
0.0008626880589872599
0.0008609603391960263
0.0008594426326453686
0.0008573246304877102
0.0008562968578189611
0.0008574717794544995
0.0008542188443243504
0.0008531650528311729
0.0008521538693457842
0.0008503657882101834
0.0008488355088047683
0.0008475003414787352
0.0008460187236778438
0.0008443028200417757
0.0008428215514868498
0.0008416979108005762
0.0008402739767916501
0.0008392984746024013
0.0008377399062737823
0.0008363709785044193
0.0008348923875018954
0.0008334094891324639
0.000832625781185925
0.0008307486423291266
0.0008299776818603277
0.0008285361691378057
0.0008271799306385219
0.0008254898712038994
0.0008245273493230343
0.0008230453240685165
0.0008209228981286287
0.0008206869242712855
0.0008189565851353109
0.0008175179245881736
0.0008162450394593179
0.0008149471250362694
0.0008134779636748135
0.0008123341831378639
0.0008105788729153574
0.0008091802010312676
0.0008077423553913832
0.0008067936287261546
0.0008052843040786684
0.0008039399981498718
0.0008015421917662024
0.0008018237422220409
0.0008007136639207602
0.0007997553329914808
0.0007988337893038988
0.000797479588072747
0.0007959056529216468
0.0007939467905089259
0.000792221981100738
0.0007903625373728573
0.000789020792581141
0.0007873571594245732
0.0007870941772125661
0.0007853437564335763
0.0007844088831916451
0.0007827384397387505
0.0007816173601895571
0.0007801660685800016
0.0007782389293424785
0.0007774557452648878
0.0007755675469525158
0.000774638494476676
0.000773671839851886
0.000772333238273859
0.0007721862057223916
0.0007686534081585705
0.0007670089253224432
0.0007664592703804374
0.000765142438467592
0.0007642710115760565
0.0007630919571965933
0.0007607952575199306
0.0007598387892358005
0.0007588794105686247
0.0007565897540189326
0.0007551548187620938
0.0007538241916336119
0.0007525064283981919
0.0007512830779887736
0.0007499738712795079
0.000748839695006609
0.0007467842078767717
0.000746283505577594
0.000744798977393657
0.000743444892577827
0.0007425410440191627
0.0007406941731460392
0.0007396882865577936
0.0007374745910055935
0.0007366769714280963
0.000735210080165416
0.0007347568171098828
0.0007340815500356257
0.0007331062224693596
0.0007321383454836905
0.0007319363649003208
0.0007304446189664304
0.0007302877493202686
0.0007297800038941205
0.0007290347130037844
0.0007281810394488275
0.0007274836534634233
0.0007264671730808914
0.0007258203695528209
0.0007252242066897452
0.0007244761800393462
0.0007239868282340467
0.0007233317592181265
0.0007227137684822083
0.000722461671102792
0.0007215164951048791
0.0007209139293991029
0.0007201773696579039
0.0007197090890258551
0.0007189656025730073
0.0007182074477896094
0.0007174163474701345
0.0007167787989601493
0.0007159608067013323
0.0007153210463002324
0.0007146407733671367
0.0007137897191569209
0.0007134079351089895
0.0007128387223929167
0.000712262000888586
0.0007117798086255789
0.0007108671707101166
0.0007103945245034993
0.0007093172753229737
0.0007088632555678487
0.0007082459051162004
0.0007075743051245809
0.0007065801764838398
0.0007060306961648166
0.0007054439629428089
0.00070460099959746
0.0007038298062980175
0.0007031019194982946
0.0007023608777672052
0.0007018183823674917
0.0007014026632532477
0.0007003002101555467
0.0006998052122071385
0.0006991251721046865
0.0006981813930906355
0.0006972552509978414
0.0006970243412069976
0.0006961035542190075
0.0006952493567951024
0.0006945836939848959
0.0006938317674212158
0.0006935621495358646
0.0006928444490768015
0.0006919162115082145
0.0006912066601216793
0.000690593384206295
0.0006899303989484906
0.0006891489611007273
0.0006884165923111141
0.0006876171682961285
0.0006869265343993902
0.0006864150636829436
0.0006855879910290241
0.0006846149335615337
0.0006840546848252416
0.0006836853572167456
0.0006823239382356405
0.000682049838360399
0.0006813849904574454
0.000680421304423362
0.0006796561647206545
0.0006792032509110868
0.0006786891026422381
0.0006779145915061235
0.0006772625492885709
0.0006769465981051326
0.0006757081719115376
0.0006754454225301743
0.0006748540909029543
0.0006736178766004741
0.0006726801511831582
0.000671939633321017
0.0006710403831675649
0.0006705501582473516
0.0006697584176436067
