0.7209644913673401
0.6371579170227051
0.5777079463005066
0.5424626469612122
0.5147870779037476
0.49453452229499817
0.47821056842803955
0.46530213952064514
0.4557461142539978
0.44573086500167847
0.436660498380661
0.42918750643730164
0.424434632062912
0.4187690317630768
0.4131736159324646
0.4080975651741028
0.4042942225933075
0.4003141522407532
0.3974904417991638
0.3936753571033478
0.3910771608352661
0.3881969451904297
0.38573193550109863
0.38262200355529785
0.3796701431274414
0.37868601083755493
0.3759666681289673
0.37349024415016174
0.3712562918663025
0.37016385793685913
0.36712124943733215
0.3647781312465668
0.36251145601272583
0.36021092534065247
0.3576200306415558
0.35575777292251587
0.3538738489151001
0.35125526785850525
0.3493832051753998
0.34735992550849915
0.3451476991176605
0.3434840738773346
0.34078043699264526
0.3388032019138336
0.3366234600543976
0.33489128947257996
0.3322236239910126
0.33122217655181885
0.32898375391960144
0.3257853090763092
0.32386425137519836
0.3214225471019745
0.31998077034950256
0.31679242849349976
0.3143557906150818
0.3128341734409332
0.3111872971057892
0.3094444274902344
0.30594903230667114
0.3034554421901703
0.3013216555118561
0.2994193732738495
0.29745805263519287
0.29503363370895386
0.29232966899871826
0.29011690616607666
0.2887396812438965
0.286298930644989
0.28305137157440186
0.2807350158691406
0.2787927985191345
0.27645766735076904
0.27333304286003113
0.2703157663345337
0.2676699459552765
0.26465392112731934
0.2622905969619751
0.2596934735774994
0.2568717896938324
0.2549634277820587
0.25240063667297363
0.25042521953582764
0.24652045965194702
0.24459338188171387
0.2436869591474533
0.23904970288276672
0.23693132400512695
0.23510411381721497
0.23269721865653992
0.22965838015079498
0.22815929353237152
0.22458156943321228
0.22453419864177704
0.2184896022081375
0.2190173715353012
0.21756309270858765
0.21402771770954132
0.21267932653427124
0.2091546654701233
0.20593003928661346
0.20479978621006012
0.20340114831924438
0.2020646184682846
0.19797879457473755
0.19581075012683868
0.19347861409187317
0.19196756184101105
0.1910877525806427
0.18893684446811676
0.18595196306705475
0.1849658489227295
0.1805698126554489
0.18083541095256805
0.17871513962745667
0.17660336196422577
0.17658020555973053
0.17536692321300507
0.17352184653282166
0.17216770350933075
0.17117509245872498
0.1700434684753418
0.16843600571155548
0.16700665652751923
0.16624392569065094
0.16575029492378235
0.16462963819503784
0.1629801243543625
0.1621280461549759
0.16113990545272827
0.15965116024017334
0.15817664563655853
0.15666605532169342
0.15624339878559113
0.15505217015743256
0.15401318669319153
0.15267007052898407
0.1518326848745346
0.1515113264322281
0.14998430013656616
0.1485230177640915
0.1477702558040619
0.14678038656711578
0.14555762708187103
0.1443861871957779
0.1435679942369461
0.14288698136806488
0.14192618429660797
0.14048323035240173
0.13998624682426453
0.13898183405399323
0.1384609043598175
0.1369348168373108
0.135849267244339
0.13476337492465973
0.13362741470336914
0.1332436352968216
0.13184332847595215
0.13116417825222015
0.13030192255973816
0.12924857437610626
0.1282791644334793
0.1267823576927185
0.12637314200401306
0.12548933923244476
0.12432792782783508
0.12345195561647415
0.12360292673110962
0.12226244062185287
0.12105131149291992
0.12021226435899734
0.11958318203687668
0.11865843087434769
0.11792939156293869
0.11716728657484055
0.1162947490811348
0.11539071053266525
0.11471744626760483
0.11388600617647171
0.11305569857358932
0.11228736490011215
0.11144650727510452
0.11150515079498291
0.11052610725164413
0.10935553163290024
0.10883457213640213
0.10727375745773315
0.10786601901054382
0.10705950111150742
0.10558190941810608
0.1043163537979126
0.10343904048204422
0.10287078469991684
0.10220442712306976
0.10119729489088058
0.10068996250629425
0.09967561811208725
0.09948645532131195
0.098248690366745
0.0978316143155098
0.09733738005161285
0.09662022441625595
0.09574968367815018
0.09504229575395584
0.09416724741458893
0.09352084994316101
0.09300398826599121
0.09235505759716034
0.09169477969408035
0.09118431061506271
0.09030251950025558
0.08913688361644745
0.08874471485614777
0.0876031294465065
0.08718924224376678
0.08690393716096878
0.0864885151386261
0.08614905923604965
0.08578405529260635
0.0856001079082489
0.08539717644453049
0.08529161661863327
0.08482030779123306
0.08430774509906769
0.08393017947673798
0.08349759131669998
0.08306660503149033
0.08262689411640167
0.08243335038423538
0.08224966377019882
0.08187416195869446
0.08142552524805069
0.0811140164732933
0.08076000958681107
0.08046017587184906
0.079975925385952
0.07978555560112
0.07949597388505936
0.07922547310590744
0.07895370572805405
0.07871197909116745
0.07847720384597778
0.07825209945440292
0.07779284566640854
0.07736173272132874
0.07711967080831528
0.07685857266187668
0.07648686319589615
0.07623317837715149
0.07598858326673508
0.07552161067724228
0.07520027458667755
0.07505136728286743
0.07503648102283478
0.07460329681634903
0.07413721084594727
0.07375022023916245
0.07339593023061752
0.07334300875663757
0.07306069880723953
0.07273034006357193
0.07234270870685577
0.07206051796674728
0.07168389111757278
0.07137103378772736
0.07098174840211868
0.07069694995880127
0.07040843367576599
0.07039368152618408
0.06968870013952255
0.06982169300317764
0.0694725513458252
0.06914936006069183
0.06890284270048141
0.06846246123313904
0.06816589087247849
0.06787863373756409
0.0676528587937355
0.06737919896841049
0.06690499186515808
0.06663407385349274
0.06634712964296341
0.06626427918672562
0.06598608195781708
0.06563710421323776
0.06549329310655594
0.06495169550180435
0.06500298529863358
0.06406626850366592
0.06411277502775192
0.0639817863702774
0.0636531412601471
0.06343469768762589
0.0630628913640976
0.06276455521583557
0.06253661215305328
0.06228179112076759
0.06200284883379936
0.06172144040465355
0.06147095933556557
0.06108729541301727
0.06096895411610603
0.06066112965345383
0.060360196977853775
0.06048125401139259
0.05989108979701996
0.05951479822397232
0.05928684026002884
0.05894136801362038
0.05866827443242073
0.05833082273602486
0.05803292617201805
0.057816680520772934
0.05753572657704353
0.05739237368106842
0.05723363533616066
0.057177938520908356
0.05704723298549652
0.056875698268413544
0.056656282395124435
0.056539151817560196
0.05639166757464409
0.056243591010570526
0.05613293871283531
0.05599440261721611
0.05584938824176788
0.055787019431591034
0.05558991804718971
0.05548893287777901
0.05535878241062164
0.05524265021085739
0.05518433824181557
0.05501076951622963
0.05485977232456207
0.054753098636865616
0.05460111051797867
0.05450969189405441
0.05431539937853813
0.05425924435257912
0.05415932089090347
0.0540124848484993
0.05388692021369934
0.053762003779411316
0.05366291478276253
0.05353430658578873
0.05340217426419258
0.053316548466682434
0.05316310375928879
0.05304950475692749
0.052934352308511734
0.052795328199863434
0.05266052857041359
0.052542977035045624
0.052432190626859665
0.052363503724336624
0.052155278623104095
0.05221109837293625
0.052099525928497314
0.05203700065612793
0.051868535578250885
0.05163625627756119
0.05168750882148743
0.05144542083144188
0.0513111837208271
0.05124862864613533
0.05108470469713211
0.050979774445295334
0.05087661370635033
0.05070723593235016
0.05055368319153786
0.050472479313611984
0.05050301551818848
0.05026601627469063
0.050070591270923615
0.049969933927059174
0.04984312877058983
0.049764178693294525
0.04966951161623001
0.049550168216228485
0.049394071102142334
0.04923488572239876
0.04920819029211998
0.049033667892217636
0.04895324259996414
0.0488676093518734
0.04871563985943794
0.048553694039583206
0.04845114424824715
0.048314958810806274
0.04815678671002388
0.04810656979680061
0.04797249659895897
0.047825295478105545
0.04774697870016098
0.047654204070568085
0.0474373921751976
0.04734981432557106
0.04726265370845795
0.04716962203383446
0.04706963896751404
0.04692447930574417
0.04679546505212784
0.046689473092556
0.04657355695962906
0.04647928103804588
0.0463508665561676
0.04622664302587509
0.046129122376441956
0.04602530226111412
0.04592176526784897
0.04578830674290657
0.0457007922232151
0.04559101164340973
0.045481227338314056
0.04544690251350403
0.04534902796149254
0.045299895107746124
0.045235369354486465
0.04518255218863487
0.045125722885131836
0.0450466051697731
0.04500775411725044
0.044939037412405014
0.044909559190273285
0.04484928399324417
0.044769369065761566
0.04472491517663002
0.04465450346469879
0.04463433474302292
0.04456033185124397
0.04451341927051544
0.04446073994040489
0.044422030448913574
0.044364918023347855
0.04432142525911331
0.04426588490605354
0.04419092833995819
0.04414454475045204
0.04408997297286987
0.044046465307474136
0.04396414756774902
0.0439140722155571
0.04388352483510971
0.04383495822548866
0.04377255216240883
0.04373211786150932
0.043669674545526505
0.043627530336380005
0.04358808323740959
0.04354025050997734
0.04349350556731224
0.04342251271009445
0.04337843880057335
0.043313562870025635
0.04324734956026077
0.043181050568819046
0.04314683750271797
0.04311352223157883
0.04303647205233574
0.042981844395399094
0.0429191067814827
0.04287328943610191
0.0428440235555172
0.04278900846838951
0.04272330552339554
0.042682062834501266
0.042616914957761765
0.04256565123796463
0.04251626133918762
0.042485371232032776
0.042398881167173386
0.04234592989087105
0.042293891310691833
0.04223988950252533
0.0421987883746624
0.04215523228049278
0.04213068634271622
0.042056918144226074
0.042001597583293915
0.04196561127901077
0.041892070323228836
0.04184824600815773
0.0418008416891098
0.04175131022930145
0.04169691726565361
0.041650690138339996
0.041589099913835526
0.04153462499380112
0.04146192967891693
0.041490040719509125
0.041424043476581573
0.041343025863170624
0.04130326583981514
0.04123071953654289
0.04120028391480446
0.04118562489748001
0.04109231010079384
0.04105772078037262
0.040976885706186295
0.04093052074313164
0.0408756285905838
0.040823645889759064
0.040775079280138016
0.04071769863367081
0.04069523513317108
0.040614813566207886
0.04058002680540085
0.04054545983672142
0.04047665745019913
0.04042183235287666
0.04040476307272911
0.04035865142941475
0.04028329998254776
0.04021473601460457
0.040194738656282425
0.04015956073999405
0.040136635303497314
0.04011070355772972
0.04007823020219803
0.040052786469459534
0.0400300957262516
0.039999157190322876
0.039974238723516464
0.03995727002620697
0.03993426635861397
0.039898831397295
0.039872486144304276
0.039843421429395676
0.03981729596853256
0.039791289716959
0.03977247700095177
0.03973317891359329
0.03971046954393387
0.03968784958124161
0.0396602600812912
0.03963801637291908
0.03961045295000076
0.03958848863840103
0.0395558625459671
0.03955061733722687
0.039531875401735306
0.03949509933590889
0.03947630152106285
0.03943141922354698
0.03940341994166374
0.03937969356775284
0.03934510052204132
0.039316996932029724
0.03929669409990311
0.03926841914653778
0.03923656418919563
0.039212893694639206
0.03919170796871185
0.03916375711560249
0.03914479538798332
0.03911153972148895
0.039097122848033905
0.03906882554292679
0.03905051574110985
0.039002832025289536
0.03898201510310173
0.038970429450273514
0.038945697247982025
0.0389382541179657
0.03889787569642067
0.03886039927601814
0.038834452629089355
0.03881589695811272
0.03878311440348625
0.0387406088411808
0.038718316704034805
0.03870684280991554
0.038671448826789856
0.038645174354314804
0.038607433438301086
0.0385768748819828
0.03856523707509041
0.038532357662916183
0.0385047048330307
0.0384831577539444
0.03846109285950661
0.038431961089372635
0.03839985281229019
0.03837963566184044
0.038358453661203384
0.03833295777440071
0.03830695152282715
0.03828364983201027
0.038250040262937546
0.03823133185505867
0.038196224719285965
0.03818436339497566
0.03813915327191353
0.03811248391866684
0.03807973489165306
0.038060203194618225
0.038039613515138626
0.03799675405025482
0.03801340609788895
0.037961624562740326
0.03792990744113922
0.0379192940890789
