0.7018210291862488
0.6944855451583862
0.687064528465271
0.6794313192367554
0.6719131469726562
0.6651178002357483
0.6585860252380371
0.6520745754241943
0.6453549861907959
0.6381181478500366
0.630516767501831
0.6231247186660767
0.6149805784225464
0.6070412993431091
0.5987157225608826
0.5903969407081604
0.5821545720100403
0.574159562587738
0.5663505792617798
0.5586309432983398
0.5515523552894592
0.5437530279159546
0.537146270275116
0.5304485559463501
0.5238369107246399
0.5175917744636536
0.511530876159668
0.5049657225608826
0.4978458881378174
0.49146559834480286
0.4846171438694
0.478755921125412
0.47358259558677673
0.4691169857978821
0.4642428159713745
0.4596780836582184
0.45620810985565186
0.45146507024765015
0.4485364556312561
0.4451802968978882
0.4427218735218048
0.4399202764034271
0.43778467178344727
0.43599650263786316
0.43398648500442505
0.43196412920951843
0.43055209517478943
0.4288952052593231
0.42731234431266785
0.4264391362667084
0.4245551526546478
0.4234199821949005
0.42245277762413025
0.4209018647670746
0.4197928011417389
0.4184539318084717
0.4176914691925049
0.4163725972175598
0.4156187176704407
0.4147382080554962
0.41396400332450867
0.4134228229522705
0.4129228889942169
0.41204002499580383
0.41104352474212646
0.41076335310935974
0.4095357358455658
0.409544974565506
0.4082269072532654
0.40734922885894775
0.4063863456249237
0.4057249128818512
0.4050312638282776
0.4042453169822693
0.40369802713394165
0.403253972530365
0.4022326171398163
0.4018769860267639
0.40058234333992004
0.4001372456550598
0.3990152180194855
0.3985125720500946
0.3973695635795593
0.3966403305530548
0.3963812291622162
0.39529091119766235
0.3942582607269287
0.3957107365131378
0.3940531015396118
0.39293187856674194
0.392218679189682
0.39159509539604187
0.3906804621219635
0.39014333486557007
0.38977062702178955
0.38912391662597656
0.3886394500732422
0.3882090151309967
0.38719040155410767
0.38634616136550903
0.38540899753570557
0.3849582076072693
0.3844353258609772
0.38397416472435
0.3836943507194519
0.3823671340942383
0.3816879987716675
0.38088107109069824
0.380270391702652
0.37986987829208374
0.3789876103401184
0.37866711616516113
0.3784782290458679
0.3776709735393524
0.3772066533565521
0.3763906955718994
0.37581342458724976
0.3750830292701721
0.3750830590724945
0.3747512400150299
0.37393125891685486
0.37331423163414
0.3723946809768677
0.37185558676719666
0.37124109268188477
0.37096935510635376
0.37049025297164917
0.36977195739746094
0.3694522976875305
0.36907562613487244
0.36854055523872375
0.3681415617465973
0.3676125407218933
0.3668801486492157
0.36563724279403687
0.3653583526611328
0.36485955119132996
0.3645208179950714
0.36408910155296326
0.36330845952033997
0.36274978518486023
0.36232101917266846
0.3634324073791504
0.3623170852661133
0.36172980070114136
0.3598548173904419
0.35951927304267883
0.3592135012149811
0.35878410935401917
0.3584238290786743
0.35818883776664734
0.35779547691345215
0.35757696628570557
0.3573644161224365
0.35715338587760925
0.3568067252635956
0.35659709572792053
0.35616037249565125
0.3559233248233795
0.3555765151977539
0.3552178144454956
0.35521864891052246
0.3551340103149414
0.3546687066555023
0.35454633831977844
0.35423392057418823
0.3538266122341156
0.3533717691898346
0.35297372937202454
0.35258546471595764
0.35252708196640015
0.35227009654045105
0.351798951625824
0.35156282782554626
0.35152286291122437
0.3511960208415985
0.3509131968021393
0.35044771432876587
0.35012945532798767
0.34959718585014343
0.34933239221572876
0.3491222858428955
0.348765105009079
0.3484327793121338
0.3481633961200714
0.34758347272872925
0.3472548723220825
0.3475103974342346
0.34698066115379333
0.3469536602497101
0.3463641107082367
0.34582021832466125
0.34596696496009827
0.34506741166114807
0.3446384370326996
0.34400495886802673
0.3437688946723938
0.34339940547943115
0.3430492877960205
0.3427507281303406
0.34227079153060913
0.341930091381073
0.34157752990722656
0.34112221002578735
0.34064802527427673
0.34041455388069153
0.3402203321456909
0.33924219012260437
0.33891013264656067
0.3383963406085968
0.33811259269714355
0.337776780128479
0.33733856678009033
0.3369336426258087
0.3365857005119324
0.3361162841320038
0.3357864022254944
0.33546698093414307
0.33484598994255066
0.3347761332988739
0.33438724279403687
0.3340555727481842
0.33333298563957214
0.33324775099754333
0.33260270953178406
0.3321990370750427
0.33211326599121094
0.3315386474132538
0.3311666250228882
0.3303394317626953
0.32973822951316833
0.32936495542526245
0.32968899607658386
0.3288467228412628
0.32825663685798645
0.3274732828140259
0.32706546783447266
0.32636409997940063
0.3257926106452942
0.32532966136932373
0.32478398084640503
0.3247206509113312
0.3243071436882019
0.32378798723220825
0.3233809769153595
0.322900652885437
0.3226078152656555
0.32228225469589233
0.3222331702709198
0.3217453360557556
0.3214982748031616
0.3211793005466461
0.3209649622440338
0.32067039608955383
0.32037630677223206
0.32009613513946533
0.3198299705982208
0.3194924294948578
0.31922030448913574
0.3189951777458191
0.3187602758407593
0.31845706701278687
0.3182499408721924
0.3180258870124817
0.3177746534347534
0.31753337383270264
0.3173193037509918
0.3171195387840271
0.3169333338737488
0.3166324496269226
0.3163450062274933
0.3162550926208496
0.3160822093486786
0.315774530172348
0.3155966103076935
0.3153947591781616
0.3151153326034546
0.3150864243507385
0.31480804085731506
0.31460705399513245
0.3144574463367462
0.3143119513988495
0.3139154314994812
0.3137403726577759
0.31355005502700806
0.3132666051387787
0.3129691779613495
0.31274309754371643
0.3124614655971527
0.3123481273651123
0.3120806813240051
0.31189650297164917
0.31150785088539124
0.31117913126945496
0.3109027147293091
0.3107803761959076
0.31049928069114685
0.31034281849861145
0.3100561499595642
0.31019458174705505
0.3097498118877411
0.30934762954711914
0.3092120885848999
0.30880874395370483
0.3086152970790863
0.3084704279899597
0.308228999376297
0.3081340789794922
0.3080180585384369
0.3077104091644287
0.3074015974998474
0.3071792423725128
0.3069477081298828
0.30669552087783813
0.3065604567527771
0.3063514232635498
0.3059557378292084
0.3059413731098175
0.30566373467445374
0.3055844306945801
0.30523374676704407
0.305082231760025
0.3047967851161957
0.3045905530452728
0.30435243248939514
0.3041580617427826
0.30382904410362244
0.30347883701324463
0.30345481634140015
0.30309027433395386
0.3028528690338135
0.302545964717865
0.30232515931129456
0.3020092248916626
0.3017485439777374
0.30146828293800354
0.3012978732585907
0.30102047324180603
0.30067119002342224
0.30041560530662537
0.30019280314445496
0.29997435212135315
0.29969269037246704
0.29948678612709045
0.2992226183414459
0.2989477217197418
0.29884031414985657
0.29877617955207825
0.29858633875846863
0.2984655201435089
0.29833951592445374
0.29822078347206116
0.29812338948249817
0.29800155758857727
0.29788681864738464
0.29778289794921875
0.2976764738559723
0.2976047694683075
0.2974265217781067
0.29735949635505676
0.2971927523612976
0.29709959030151367
0.29700008034706116
0.2968568503856659
0.29675260186195374
0.2966552674770355
0.2966170310974121
0.29644522070884705
0.2963448464870453
0.2962137460708618
0.2961627244949341
0.29608598351478577
0.296021044254303
0.29587486386299133
0.29571980237960815
0.2956293225288391
0.29557526111602783
0.2953794002532959
0.29533615708351135
0.29528936743736267
0.295121967792511
0.2949933111667633
0.29490548372268677
0.2948112189769745
0.2946673035621643
0.29456931352615356
0.2944549024105072
0.29436540603637695
0.2943130135536194
0.2942170798778534
0.29408079385757446
0.2939624488353729
0.29387250542640686
0.2937485873699188
0.29360833764076233
0.29351145029067993
0.293387234210968
0.29344087839126587
0.29318010807037354
0.29309818148612976
0.2929657995700836
0.2928312420845032
0.29277950525283813
0.29265519976615906
0.29257091879844666
0.292455792427063
0.29235902428627014
0.29229310154914856
0.29210740327835083
0.29200953245162964
0.2918936014175415
0.2918407618999481
0.2917172312736511
0.29161179065704346
0.2914896607398987
0.29143452644348145
0.2913248538970947
0.29119205474853516
0.29112181067466736
0.29103636741638184
0.29092442989349365
0.2907710075378418
0.2906712591648102
0.2905787229537964
0.29041460156440735
0.29032835364341736
0.2902052104473114
0.2901240885257721
0.2900165021419525
0.2899254560470581
0.2898365557193756
0.2896745502948761
0.2896611988544464
0.28946226835250854
0.28939586877822876
0.2893248200416565
0.28919631242752075
0.2890845537185669
0.2890305817127228
0.2889091372489929
0.2888512909412384
0.2888534367084503
0.2887536287307739
0.28865858912467957
0.28842172026634216
0.28840067982673645
0.28830960392951965
0.28826573491096497
0.2882092297077179
0.2881525456905365
0.28809860348701477
0.2880212962627411
0.28800979256629944
0.2879520058631897
0.2879280149936676
0.28787705302238464
0.28781142830848694
0.28775206208229065
0.2877255380153656
0.28766778111457825
0.28761306405067444
0.28762272000312805
0.2875237464904785
0.28747373819351196
0.287421315908432
0.28738513588905334
0.2873413562774658
0.28728845715522766
0.28726986050605774
0.28720223903656006
0.28711336851119995
0.28713539242744446
0.28704580664634705
0.2869667410850525
0.28696316480636597
0.2869068384170532
0.28685539960861206
0.2868089973926544
0.2867739498615265
0.2867140471935272
0.2866891324520111
0.2867147922515869
0.286594033241272
0.28655481338500977
0.2865501344203949
0.28645503520965576
0.28642264008522034
0.2863636016845703
0.2863389253616333
0.286285936832428
0.286262571811676
0.2861882150173187
0.28614941239356995
0.2861495316028595
0.28606298565864563
0.2860305905342102
0.28598567843437195
0.2859053313732147
0.28585511445999146
0.28583529591560364
0.28577032685279846
0.28571823239326477
0.28568458557128906
0.28564751148223877
0.28561604022979736
0.28554749488830566
0.2854844629764557
0.2854624092578888
0.28542348742485046
0.28537794947624207
0.2853476107120514
0.28527864813804626
0.2852269411087036
0.2852160632610321
0.2851901054382324
0.2851194739341736
0.2850807309150696
0.285026490688324
0.2849580943584442
0.28491565585136414
0.2848759591579437
0.2848265469074249
0.28478601574897766
0.28476524353027344
0.28471919894218445
0.28470078110694885
0.28461867570877075
0.28458017110824585
0.2845366597175598
0.28449830412864685
0.28445568680763245
0.28440725803375244
0.2843928337097168
0.2843322157859802
0.2843104600906372
0.28423628211021423
0.2841889560222626
0.2841404974460602
0.2841932475566864
0.2841288447380066
0.2840496897697449
0.2839997112751007
0.28395307064056396
0.2838868796825409
0.28384262323379517
0.283794105052948
0.2837543189525604
0.283732146024704
0.28371086716651917
0.28369593620300293
0.28366976976394653
0.2836475670337677
0.28363102674484253
0.28359782695770264
0.2835823595523834
0.28355899453163147
0.28353649377822876
0.2835142910480499
0.2834945321083069
0.2835058867931366
0.2834508419036865
0.2834314703941345
0.28339439630508423
0.2833809554576874
0.28336161375045776
0.28333011269569397
0.2833072245121002
0.28329166769981384
0.28325802087783813
0.283231645822525
0.28320786356925964
0.2831961214542389
0.2831762135028839
0.2831524908542633
0.28312715888023376
0.28311222791671753
0.28308722376823425
0.2830677330493927
0.28304505348205566
0.2830318510532379
0.2830038070678711
0.28298214077949524
0.28295230865478516
0.2829369604587555
0.2829192578792572
0.28289589285850525
0.2828667461872101
0.28284963965415955
0.2828311622142792
0.2828245162963867
0.28277885913848877
0.2827533483505249
0.28273215889930725
0.282718300819397
0.2826969027519226
0.2826717495918274
0.2826671898365021
0.28263312578201294
0.2826247811317444
0.2825961112976074
0.2825772762298584
0.282548725605011
0.28253185749053955
