0.8538951873779297
0.777565598487854
0.7136959433555603
0.6627898216247559
0.6196572780609131
0.58897465467453
0.5635335445404053
0.5434756278991699
0.5283176898956299
0.5139615535736084
0.5030848383903503
0.4924643933773041
0.4839271605014801
0.47613006830215454
0.4694022834300995
0.46271660923957825
0.45724889636039734
0.45265844464302063
0.4478811025619507
0.4436047077178955
0.4397597908973694
0.4357047975063324
0.432030588388443
0.4284966289997101
0.42656052112579346
0.4230370819568634
0.42091649770736694
0.4184277057647705
0.4164324998855591
0.41360047459602356
0.4114220142364502
0.40921688079833984
0.4075712561607361
0.405413419008255
0.40364399552345276
0.40196365118026733
0.40052565932273865
0.3988391160964966
0.39698752760887146
0.3953074812889099
0.3938283920288086
0.39238348603248596
0.3908860683441162
0.38933542370796204
0.3879006803035736
0.38659220933914185
0.38514307141304016
0.3836821913719177
0.3824164569377899
0.38066041469573975
0.379104882478714
0.3775801658630371
0.3761359751224518
0.37504345178604126
0.37370914220809937
0.3722851574420929
0.37067657709121704
0.3695454001426697
0.3680099844932556
0.36693522334098816
0.36530476808547974
0.36403313279151917
0.3628195524215698
0.3618474304676056
0.3608643114566803
0.3593899607658386
0.35795408487319946
0.35684314370155334
0.35537293553352356
0.35395100712776184
0.35283535718917847
0.3520931899547577
0.35039791464805603
0.3492487370967865
0.34814998507499695
0.34696340560913086
0.34579816460609436
0.344888299703598
0.3435724675655365
0.3425854444503784
0.3415161073207855
0.340318500995636
0.33909791707992554
0.3379952609539032
0.3370915949344635
0.33606699109077454
0.33500945568084717
0.33373188972473145
0.33268025517463684
0.33191001415252686
0.3308067321777344
0.3295247554779053
0.32874423265457153
0.3275623917579651
0.326414555311203
0.3251678943634033
0.3244894742965698
0.3230801820755005
0.3222067058086395
0.32098400592803955
0.31988874077796936
0.3196926414966583
0.3195977807044983
0.31778663396835327
0.31648021936416626
0.3153989017009735
0.3141959309577942
0.3135738670825958
0.31265348196029663
0.311670184135437
0.310701847076416
0.30991116166114807
0.30894216895103455
0.30831190943717957
0.30695560574531555
0.30595293641090393
0.3053511083126068
0.30453604459762573
0.30388128757476807
0.3028818964958191
0.3019300699234009
0.30081450939178467
0.2998439073562622
0.2994946241378784
0.29855775833129883
0.297206312417984
0.29652103781700134
0.295659601688385
0.29478761553764343
0.2939905524253845
0.2930411696434021
0.29240062832832336
0.29127904772758484
0.2906440496444702
0.28987428545951843
0.289026141166687
0.2882223129272461
0.2878708839416504
0.28760790824890137
0.28675776720046997
0.2866622805595398
0.2862379550933838
0.28586769104003906
0.28572940826416016
0.2850981056690216
0.2847149968147278
0.2840932607650757
0.2836884558200836
0.2832460105419159
0.28302815556526184
0.2825273871421814
0.2822713553905487
0.281614750623703
0.2811659574508667
0.2807804048061371
0.2804751694202423
0.28007152676582336
0.2800418734550476
0.27987003326416016
0.2791665494441986
0.2786358892917633
0.27841052412986755
0.2777986228466034
0.27733534574508667
0.27697327733039856
0.2766551077365875
0.2767271101474762
0.2761138379573822
0.27553877234458923
0.2751104235649109
0.2747502028942108
0.27431759238243103
0.27399539947509766
0.2734905779361725
0.27317485213279724
0.2727507948875427
0.2725306749343872
0.27216076850891113
0.27188360691070557
0.27148139476776123
0.2709280550479889
0.27063652873039246
0.2700216472148895
0.2695619761943817
0.2691192030906677
0.2688380479812622
0.2685863673686981
0.2681295573711395
0.26769253611564636
0.26730141043663025
0.2666895091533661
0.26636990904808044
0.265922486782074
0.26576805114746094
0.26520833373069763
0.26488444209098816
0.2647697329521179
0.2640555202960968
0.2638428807258606
0.26318857073783875
0.2627565264701843
0.2624496519565582
0.2624133825302124
0.26187124848365784
0.2613702714443207
0.2610931992530823
0.2609224021434784
0.2602384388446808
0.2599222660064697
0.2598791718482971
0.25951695442199707
0.259238600730896
0.25839120149612427
0.25809144973754883
0.2576936185359955
0.2574065327644348
0.2570021450519562
0.25679728388786316
0.2561609447002411
0.25576677918434143
0.2553066611289978
0.2549021244049072
0.2546160817146301
0.25418275594711304
0.25405049324035645
0.2536731958389282
0.25339430570602417
0.252887099981308
0.2525291442871094
0.25192368030548096
0.2519703507423401
0.25125831365585327
0.25092649459838867
0.250625878572464
0.2503111958503723
0.24992771446704865
0.2494937628507614
0.24935859441757202
0.24894458055496216
0.2488509714603424
0.2485208511352539
0.24830903112888336
0.24812781810760498
0.24786683917045593
0.24774734675884247
0.24752797186374664
0.24739520251750946
0.24719756841659546
0.24707652628421783
0.24680806696414948
0.24651961028575897
0.2463291734457016
0.24627529084682465
0.24614086747169495
0.2459363490343094
0.24574215710163116
0.24545346200466156
0.2452375590801239
0.24502313137054443
0.2447861135005951
0.2445780634880066
0.24439184367656708
0.24413639307022095
0.24397653341293335
0.2437647581100464
0.2435658872127533
0.24345429241657257
0.24339281022548676
0.2429693192243576
0.2427232563495636
0.2426045536994934
0.24248161911964417
0.24235278367996216
0.24209246039390564
0.24196140468120575
0.24183805286884308
0.24160391092300415
0.24126039445400238
0.24118618667125702
0.2409098595380783
0.24084049463272095
0.24057552218437195
0.24045921862125397
0.2401673048734665
0.24002081155776978
0.2398412674665451
0.23966149985790253
0.23941797018051147
0.2393745332956314
0.23929181694984436
0.23906460404396057
0.23877407610416412
0.238596111536026
0.2384355366230011
0.23826752603054047
0.2380579710006714
0.2379833161830902
0.23773886263370514
0.2375253587961197
0.2373214215040207
0.2370874136686325
0.2369702160358429
0.23679089546203613
0.23655344545841217
0.2364393025636673
0.23628972470760345
0.23609398305416107
0.23585908114910126
0.2357184737920761
0.23551085591316223
0.23535306751728058
0.23513393104076385
0.23489408195018768
0.2348444014787674
0.23460975289344788
0.23452812433242798
0.2343028336763382
0.23416635394096375
0.23401837050914764
0.23383687436580658
0.23367995023727417
0.23342087864875793
0.2331523597240448
0.23295332491397858
0.23279717564582825
0.23273395001888275
0.23248356580734253
0.23248450458049774
0.23220831155776978
0.2320205271244049
0.23183181881904602
0.23161588609218597
0.2315419316291809
0.23136667907238007
0.23116052150726318
0.23093052208423615
0.23068837821483612
0.23057682812213898
0.2304362803697586
0.23033660650253296
0.2302495837211609
0.2302449345588684
0.23008942604064941
0.22993944585323334
0.22983992099761963
0.2298499047756195
0.2297275811433792
0.22965165972709656
0.2295168787240982
0.22941280901432037
0.22933052480220795
0.2292344570159912
0.22919858992099762
0.22907637059688568
0.22898143529891968
0.2289031594991684
0.22877562046051025
0.2287134975194931
0.2286314219236374
0.22849033772945404
0.22847451269626617
0.2283245176076889
0.2282734215259552
0.2281596064567566
0.22809815406799316
0.22797919809818268
0.22788962721824646
0.2278488576412201
0.22774328291416168
0.2276429980993271
0.22753854095935822
0.22745464742183685
0.22740142047405243
0.22728994488716125
0.2272193282842636
0.2270841896533966
0.2269916981458664
0.22692088782787323
0.22684448957443237
0.2267182618379593
0.22670677304267883
0.22664669156074524
0.2265201359987259
0.22638224065303802
0.2263345718383789
0.2262209802865982
0.22610515356063843
0.22602637112140656
0.225911483168602
0.22584739327430725
0.22575484216213226
0.22562351822853088
0.2255677729845047
0.2255336493253708
0.22540155053138733
0.22529414296150208
0.22520127892494202
0.22509661316871643
0.22497759759426117
0.22493913769721985
0.2248414009809494
0.22476445138454437
0.22466890513896942
0.2245686948299408
0.22452326118946075
0.2243928611278534
0.2242995947599411
0.2242310792207718
0.22416122257709503
0.22405341267585754
0.22393766045570374
0.2238771766424179
0.22375889122486115
0.2236722707748413
0.22360040247440338
0.22348323464393616
0.2235097885131836
0.22335441410541534
0.2232389748096466
0.2231374979019165
0.2230812907218933
0.2229900360107422
0.22286580502986908
0.2227667272090912
0.22271661460399628
0.22263047099113464
0.22253619134426117
0.22243346273899078
0.22237251698970795
0.2222701907157898
0.2221933752298355
0.22207385301589966
0.22201643884181976
0.22194117307662964
0.2218438684940338
0.22178557515144348
0.22167463600635529
0.22168989479541779
0.221603125333786
0.22160202264785767
0.2214970886707306
0.22144222259521484
0.2213904857635498
0.22135385870933533
0.2212902307510376
0.2212700992822647
0.2212083488702774
0.22116149961948395
0.2211267501115799
0.22108519077301025
0.22102732956409454
0.2209847867488861
0.22093598544597626
0.22088785469532013
0.22088676691055298
0.22082072496414185
0.22081923484802246
0.22072356939315796
0.22069618105888367
0.22062769532203674
0.22059741616249084
0.22055156528949738
0.22049574553966522
0.22045718133449554
0.22040793299674988
0.22039276361465454
0.22033458948135376
0.22029343247413635
0.22024089097976685
0.22024916112422943
0.22015732526779175
0.22011798620224
0.22008779644966125
0.2200336903333664
0.2199898511171341
0.2199476808309555
0.21989750862121582
0.21986278891563416
0.21981008350849152
0.2197648137807846
0.21972820162773132
0.21969176828861237
0.2196427434682846
0.2196381688117981
0.21956932544708252
0.21952128410339355
0.21950435638427734
0.21944276988506317
0.21940883994102478
0.21935030817985535
0.2193107306957245
0.21925131976604462
0.21920426189899445
0.2191651612520218
0.21915926039218903
0.2191043198108673
0.21905066072940826
0.21901406347751617
0.2189621776342392
0.21893559396266937
0.21888315677642822
0.21885301172733307
0.2188263237476349
0.21874675154685974
0.21871890127658844
0.21866008639335632
0.2186378389596939
0.21859341859817505
0.2185424119234085
0.21852874755859375
0.21846018731594086
0.21843601763248444
0.2183925360441208
0.21834763884544373
0.218292236328125
0.21827828884124756
0.2182164192199707
0.2181721180677414
0.2181471884250641
0.21810345351696014
0.21805529296398163
0.21800869703292847
0.217960387468338
0.21792930364608765
0.21789510548114777
0.21780958771705627
0.21780909597873688
0.2177734076976776
0.21774303913116455
0.21772544085979462
0.21767203509807587
0.21768692135810852
0.217593252658844
0.21756280958652496
0.21751292049884796
0.21748954057693481
0.21741703152656555
0.2174011915922165
0.21738360822200775
0.21737244725227356
0.2173486053943634
0.21730174124240875
0.2172907590866089
0.217268705368042
0.21724873781204224
0.21722657978534698
0.21720634400844574
0.21719160676002502
0.21716725826263428
0.21715515851974487
0.2171328067779541
0.21713070571422577
0.21709753572940826
0.21706530451774597
0.21704047918319702
0.21703234314918518
0.21700140833854675
0.21697446703910828
0.21693554520606995
0.21693360805511475
0.2169036567211151
0.2168724089860916
0.2168503701686859
0.21684060990810394
0.21680550277233124
0.21679511666297913
0.21677102148532867
0.2167537659406662
0.2167389690876007
0.21671879291534424
0.21668264269828796
0.2166731208562851
0.2166377305984497
0.2166193723678589
0.21660387516021729
0.21657277643680573
0.21655075252056122
0.21652278304100037
0.21652284264564514
0.21651232242584229
0.2164829522371292
0.21645471453666687
0.2164391130208969
0.21642501652240753
0.21638694405555725
0.21637271344661713
0.21634013950824738
0.21632614731788635
0.21630577743053436
0.21627606451511383
0.21626661717891693
0.21624693274497986
0.21622784435749054
0.21620279550552368
0.21617603302001953
0.21617276966571808
0.21613501012325287
0.2161300778388977
0.21610184013843536
0.21607853472232819
0.2160688042640686
