0.919708788394928
0.7619590163230896
0.6658521890640259
0.608206570148468
0.570186972618103
0.5482879281044006
0.5288400053977966
0.5135952830314636
0.49465152621269226
0.4867701232433319
0.47600746154785156
0.467684268951416
0.4614194333553314
0.4551355838775635
0.448412150144577
0.4433017373085022
0.4375162124633789
0.43323609232902527
0.4286099672317505
0.42344263195991516
0.419231116771698
0.4150538146495819
0.41159239411354065
0.40825262665748596
0.405126690864563
0.4010312259197235
0.39738747477531433
0.3935573995113373
0.390724241733551
0.3881837725639343
0.38497480750083923
0.3817172050476074
0.37923651933670044
0.3767399787902832
0.3739714026451111
0.37159448862075806
0.3695547580718994
0.36628296971321106
0.36332184076309204
0.36090317368507385
0.35877254605293274
0.35617661476135254
0.3540477156639099
0.3517405390739441
0.34942537546157837
0.34751617908477783
0.34596800804138184
0.3430521786212921
0.34155794978141785
0.3394199311733246
0.33673572540283203
0.3342798054218292
0.3320426046848297
0.33105117082595825
0.32895931601524353
0.326659232378006
0.32459142804145813
0.3223320543766022
0.3205038905143738
0.3192180395126343
0.3174299895763397
0.31554800271987915
0.3142963945865631
0.31267207860946655
0.3115237355232239
0.30875998735427856
0.3067511320114136
0.30527037382125854
0.3037815988063812
0.30155542492866516
0.3002298176288605
0.2993197441101074
0.29687047004699707
0.29524683952331543
0.29413479566574097
0.2922087609767914
0.2903759777545929
0.28935930132865906
0.28740260004997253
0.2858443856239319
0.2844739854335785
0.2830274999141693
0.28186145424842834
0.2806020677089691
0.2789987027645111
0.27739566564559937
0.275703489780426
0.2736327350139618
0.2724528908729553
0.27118948101997375
0.27011075615882874
0.26820704340934753
0.26706796884536743
0.26609373092651367
0.2636852264404297
0.26187166571617126
0.26145967841148376
0.2596447765827179
0.25811371207237244
0.2566596269607544
0.25581082701683044
0.25483933091163635
0.2542255222797394
0.2513216733932495
0.24978715181350708
0.24799856543540955
0.24648822844028473
0.24564553797245026
0.24450285732746124
0.242515429854393
0.24087011814117432
0.23979167640209198
0.2380402833223343
0.23701412975788116
0.23448197543621063
0.23280169069766998
0.2317955046892166
0.23078815639019012
0.22948598861694336
0.22820742428302765
0.22643645107746124
0.22531700134277344
0.223953977227211
0.2234428972005844
0.2228349894285202
0.22021690011024475
0.21893295645713806
0.21711526811122894
0.21552248299121857
0.21374882757663727
0.21232108771800995
0.21135368943214417
0.2096419483423233
0.20837773382663727
0.20706982910633087
0.2055092453956604
0.20474529266357422
0.2033061534166336
0.2028825879096985
0.20150093734264374
0.20105212926864624
0.20074336230754852
0.20028343796730042
0.199268639087677
0.1982911080121994
0.19781512022018433
0.19715739786624908
0.1966637670993805
0.19546528160572052
0.19507518410682678
0.19450168311595917
0.19396774470806122
0.1930515617132187
0.1922581046819687
0.19165152311325073
0.1913556456565857
0.1904873549938202
0.19034525752067566
0.19018295407295227
0.1887248307466507
0.18806879222393036
0.18780526518821716
0.1866920292377472
0.18598631024360657
0.185496985912323
0.1850907951593399
0.18556685745716095
0.18423259258270264
0.18315544724464417
0.1826346069574356
0.18212099373340607
0.1815822720527649
0.18113194406032562
0.18020883202552795
0.17990915477275848
0.17904487252235413
0.17866681516170502
0.17793814837932587
0.1773471236228943
0.17668376863002777
0.17633995413780212
0.17580509185791016
0.17457294464111328
0.1741790771484375
0.1738225370645523
0.1733676642179489
0.17285270988941193
0.17249611020088196
0.17151525616645813
0.17115074396133423
0.17021861672401428
0.16973872482776642
0.169231578707695
0.1689104437828064
0.16785411536693573
0.1673220545053482
0.16713593900203705
0.1660824567079544
0.1656835824251175
0.16476775705814362
0.1644914746284485
0.16397683322429657
0.16399312019348145
0.1630265712738037
0.16217920184135437
0.161822110414505
0.16165637969970703
0.1606365293264389
0.16008135676383972
0.16007301211357117
0.15945777297019958
0.1594271957874298
0.15807008743286133
0.15740156173706055
0.15679717063903809
0.15656965970993042
0.15609055757522583
0.15563221275806427
0.1545771211385727
0.15409713983535767
0.15352347493171692
0.15297961235046387
0.1526140570640564
0.15168027579784393
0.15123377740383148
0.15092769265174866
0.1506650447845459
0.15015675127506256
0.1494210660457611
0.14856980741024017
0.14817455410957336
0.1476549655199051
0.14705750346183777
0.14646251499652863
0.14595763385295868
0.14528055489063263
0.14520400762557983
0.14462925493717194
0.14423511922359467
0.1440304070711136
0.1436576247215271
0.14322271943092346
0.14308641850948334
0.14256761968135834
0.14228171110153198
0.14198850095272064
0.14183370769023895
0.14142589271068573
0.14142194390296936
0.14097662270069122
0.14067533612251282
0.14066457748413086
0.14071179926395416
0.14039982855319977
0.13986138999462128
0.13945236802101135
0.13903111219406128
0.13899095356464386
0.1388588547706604
0.13849902153015137
0.13823223114013672
0.13788233697414398
0.13751862943172455
0.1372329592704773
0.13694815337657928
0.13668489456176758
0.1366119235754013
0.13636541366577148
0.1358376294374466
0.13566599786281586
0.1354691982269287
0.13528332114219666
0.13510902225971222
0.13473853468894958
0.13461574912071228
0.1343781054019928
0.13404801487922668
0.13368643820285797
0.13382072746753693
0.13330605626106262
0.13314154744148254
0.13282638788223267
0.13240781426429749
0.13216562569141388
0.13184821605682373
0.13159358501434326
0.13123558461666107
0.13104791939258575
0.1310536116361618
0.13102196156978607
0.13052791357040405
0.13014431297779083
0.12997065484523773
0.12964746356010437
0.1294456571340561
0.12916088104248047
0.1290305107831955
0.12878043949604034
0.1285446733236313
0.1281183362007141
0.12795303761959076
0.1278885006904602
0.12754254043102264
0.12723122537136078
0.12704239785671234
0.12687832117080688
0.12642720341682434
0.1261671632528305
0.12593071162700653
0.12574675679206848
0.12544678151607513
0.12513433396816254
0.12482389807701111
0.12467799335718155
0.12445732206106186
0.12441673874855042
0.12407703697681427
0.12393762171268463
0.12354764342308044
0.12329380214214325
0.123112253844738
0.12276261299848557
0.12254758179187775
0.12225712090730667
0.12208597362041473
0.1219550371170044
0.12170595675706863
0.12151236087083817
0.12111351639032364
0.12078020721673965
0.12068376690149307
0.12028328329324722
0.12021280825138092
0.11992108076810837
0.11971160769462585
0.11947232484817505
0.11916883289813995
0.11889819800853729
0.11874038726091385
0.1186387836933136
0.1185556948184967
0.11849906295537949
0.11826608330011368
0.11809004098176956
0.11792369186878204
0.11788558959960938
0.117852121591568
0.11774957180023193
0.11752840131521225
0.11740513145923615
0.11723809689283371
0.11712121963500977
0.11706970632076263
0.11695041507482529
0.11687873303890228
0.11674610525369644
0.11656972020864487
0.11644189804792404
0.11645759642124176
0.11625321954488754
0.1162203922867775
0.11602690815925598
0.11590807139873505
0.11579162627458572
0.11569339781999588
0.11552929878234863
0.11538711190223694
0.11529041826725006
0.11522329598665237
0.11503565311431885
0.11494502425193787
0.11487537622451782
0.11476016789674759
0.11467305570840836
0.1145501509308815
0.11438357084989548
0.11427750438451767
0.1141355037689209
0.11407864093780518
0.11389779299497604
0.11380409449338913
0.11373152583837509
0.1135408952832222
0.1133965253829956
0.11342530697584152
0.11329677700996399
0.1131485179066658
0.11293533444404602
0.1128525361418724
0.1127055361866951
0.11267523467540741
0.11249770224094391
0.11242087930440903
0.1123405322432518
0.11213843524456024
0.1120787262916565
0.11192651838064194
0.11184464395046234
0.11164591461420059
0.11159481108188629
0.11153898388147354
0.11144108325242996
0.11129983514547348
0.11128504574298859
0.1112731546163559
0.11097080260515213
0.1108793318271637
0.11074362695217133
0.11071343719959259
0.11063539236783981
0.11039972305297852
0.11034596711397171
0.11012502759695053
0.11004457622766495
0.1098857969045639
0.10977205634117126
0.10976804047822952
0.1095978319644928
0.10945573449134827
0.109298475086689
0.10919137299060822
0.10910466313362122
0.10893996804952621
0.10883282870054245
0.1087130457162857
0.10863132774829865
0.10853877663612366
0.10841692984104156
0.10838793218135834
0.10820886492729187
0.10810784995555878
0.10795781761407852
0.10786512494087219
0.10780569165945053
0.10769203305244446
0.10757451504468918
0.10742386430501938
0.10735319554805756
0.10724247992038727
0.10717368870973587
0.10709276050329208
0.10703091323375702
0.10697917640209198
0.10687742382287979
0.10681018978357315
0.10677414387464523
0.10669676959514618
0.10664322972297668
0.10658805072307587
0.10657402873039246
0.10646434128284454
0.10641372203826904
0.10636754333972931
0.10630995780229568
0.1063147783279419
0.10623371601104736
0.10619725286960602
0.10606899112462997
0.10604587197303772
0.10594197362661362
0.10589970648288727
0.10583066940307617
0.10580093413591385
0.10575439780950546
0.10569040477275848
0.10563724488019943
0.10556310415267944
0.10549958050251007
0.10542469471693039
0.10542135685682297
0.10531193763017654
0.10525422543287277
0.10521931201219559
0.10515952855348587
0.1050901785492897
0.10503509640693665
0.10498214513063431
0.10493356734514236
0.10485444962978363
0.10481344908475876
0.10477304458618164
0.10471829771995544
0.10464406758546829
0.10462548583745956
0.10454389452934265
0.10449434816837311
0.10450538247823715
0.10435885190963745
0.10430947691202164
0.10423773527145386
0.10417774319648743
0.10411272943019867
0.10405362397432327
0.10398561507463455
0.10396698862314224
0.10391302406787872
0.10381752252578735
0.10377229750156403
0.10371261835098267
0.10368887335062027
0.10363848507404327
0.10353759676218033
0.1035759225487709
0.10343089699745178
0.10337547212839127
0.10331219434738159
0.1032765656709671
0.10320828855037689
0.10316044837236404
0.10312101244926453
0.10306082665920258
0.1030288115143776
0.10293793678283691
0.10287854820489883
0.10281859338283539
0.10280479490756989
0.10272380709648132
0.10267373919487
0.10265079885721207
0.10257788002490997
0.10255268216133118
0.10244835168123245
0.10237909853458405
0.10233005881309509
0.10229776054620743
0.10220035165548325
0.10217471420764923
0.1021270602941513
0.10210803151130676
0.10206471383571625
0.10197614133358002
0.10196751356124878
0.10187503695487976
0.10185758024454117
0.10176888108253479
0.10173511505126953
0.10164210200309753
0.10155576467514038
0.10153624415397644
0.1015004962682724
0.10149086266756058
0.10142917186021805
0.1013995110988617
0.10136769711971283
0.10135208070278168
0.10131185501813889
0.1012946143746376
0.10126769542694092
0.10122109949588776
0.10122045874595642
0.10119256377220154
0.10117378830909729
0.10114791244268417
0.10109706968069077
0.10105180740356445
0.1010250672698021
0.10100183635950089
0.10098039358854294
0.10091767460107803
0.10091383010149002
0.10087060928344727
0.10082794725894928
0.10079928487539291
0.1007852628827095
0.10073833912611008
0.10073699802160263
0.1006954088807106
0.10065940022468567
0.10064174979925156
0.10061616450548172
0.10057638585567474
0.10055992007255554
0.10050801187753677
0.10047716647386551
0.10048054903745651
0.10042426735162735
0.10039792209863663
0.10036598145961761
0.10034529119729996
0.10032302886247635
0.1002950668334961
0.10026110708713531
0.100237637758255
0.10024584829807281
0.10017499327659607
0.10014604032039642
0.10010232031345367
0.1000707671046257
0.10004229098558426
0.1000225841999054
0.10001235455274582
0.09997563809156418
0.09994202852249146
0.09991413354873657
0.09987787902355194
0.09986238181591034
0.09981536865234375
0.09980412572622299
0.09977225214242935
0.09973832964897156
0.09971937537193298
0.09967532008886337
0.09965315461158752
0.09962422400712967
0.09958422929048538
0.09955326467752457
