0.7743010520935059
0.74889075756073
0.7251296639442444
0.7044088244438171
0.6840183138847351
0.6664482951164246
0.6493073105812073
0.6333025693893433
0.619110107421875
0.6056870222091675
0.593352198600769
0.5824220180511475
0.571454644203186
0.5620787739753723
0.5529527068138123
0.5449163317680359
0.5365533828735352
0.5294032692909241
0.5227280855178833
0.5158743858337402
0.5096959471702576
0.5039249658584595
0.49840134382247925
0.4927650988101959
0.48912370204925537
0.4841161072254181
0.4803959131240845
0.47706201672554016
0.47375917434692383
0.47036212682724
0.4675898849964142
0.46445003151893616
0.4619271159172058
0.4594520032405853
0.45711514353752136
0.45467352867126465
0.4528883099555969
0.4504239857196808
0.4484468996524811
0.4465145766735077
0.4448791742324829
0.4429895281791687
0.44149866700172424
0.4398825764656067
0.43829166889190674
0.43682384490966797
0.4353872537612915
0.434062659740448
0.43261006474494934
0.4313831031322479
0.43002238869667053
0.4290209114551544
0.42759498953819275
0.4263805150985718
0.4253237843513489
0.4243103861808777
0.4234119653701782
0.42232662439346313
0.4213995039463043
0.4205923080444336
0.4196775257587433
0.4189026653766632
0.41823187470436096
0.41744258999824524
0.41662710905075073
0.4159773588180542
0.41519346833229065
0.4145289957523346
0.4138152599334717
0.4131053686141968
0.41251733899116516
0.4118737280368805
0.4113241732120514
0.41073286533355713
0.4100557267665863
0.40964430570602417
0.40895697474479675
0.40844452381134033
0.4079180061817169
0.4076213836669922
0.40688249468803406
0.4063943922519684
0.405893474817276
0.40539664030075073
0.404826283454895
0.40431103110313416
0.40373292565345764
0.40356042981147766
0.40292802453041077
0.4023374617099762
0.4019472897052765
0.4017009735107422
0.40120700001716614
0.4008263945579529
0.4003261625766754
0.3998678922653198
0.3995160460472107
0.399082750082016
0.3987073302268982
0.39835837483406067
0.3980182409286499
0.39771804213523865
0.39743104577064514
0.39710667729377747
0.39685094356536865
0.3965112566947937
0.3961138129234314
0.39580151438713074
0.39543938636779785
0.39518824219703674
0.3947686553001404
0.3944352865219116
0.3942721486091614
0.39375653862953186
0.3935853838920593
0.3931293189525604
0.3928760290145874
0.3925382196903229
0.39229628443717957
0.3921908736228943
0.3917759954929352
0.3914222717285156
0.3911484181880951
0.3908790647983551
0.39049890637397766
0.3901412785053253
0.38994723558425903
0.3895026445388794
0.38930413126945496
0.38915231823921204
0.38877901434898376
0.388473242521286
0.3880310356616974
0.3876799941062927
0.3873825669288635
0.38722729682922363
0.38683345913887024
0.3865431249141693
0.38635241985321045
0.38608264923095703
0.38579419255256653
0.3855646550655365
0.3853619396686554
0.3847292959690094
0.38456517457962036
0.3841964900493622
0.3839629292488098
0.383720725774765
0.38356515765190125
0.3832370340824127
0.3831028938293457
0.38277366757392883
0.3825509548187256
0.3822086751461029
0.3820597529411316
0.3817135691642761
0.3814854621887207
0.3811282813549042
0.3808490037918091
0.3806649446487427
0.38034161925315857
0.38031667470932007
0.38010886311531067
0.37970203161239624
0.3794780373573303
0.37929970026016235
0.37910544872283936
0.37880709767341614
0.37857577204704285
0.3781662881374359
0.37793299555778503
0.3776531517505646
0.37725794315338135
0.37701472640037537
0.3768046498298645
0.37647247314453125
0.3763881325721741
0.37612420320510864
0.3759530186653137
0.37565264105796814
0.3753886818885803
0.37511003017425537
0.37485724687576294
0.3746170997619629
0.37455353140830994
0.3742047846317291
0.37394946813583374
0.37376725673675537
0.37350448966026306
0.3732863664627075
0.3730093240737915
0.3727535605430603
0.3727155923843384
0.3724614679813385
0.3721756339073181
0.37180095911026
0.3717647194862366
0.37147650122642517
0.37124189734458923
0.3710741698741913
0.3707527220249176
0.3705296814441681
0.3703465759754181
0.3701220154762268
0.3697907328605652
0.369682639837265
0.36968934535980225
0.3691287338733673
0.36893510818481445
0.36868587136268616
0.3685382306575775
0.36836978793144226
0.368020236492157
0.3677242696285248
0.36760684847831726
0.3673165738582611
0.36704668402671814
0.36689913272857666
0.36663055419921875
0.36638861894607544
0.36606982350349426
0.3659387230873108
0.36571308970451355
0.36551719903945923
0.36521896719932556
0.3649168908596039
0.3647512197494507
0.3645516335964203
0.3644331693649292
0.364162415266037
0.36382707953453064
0.3636453449726105
0.36372649669647217
0.36343762278556824
0.3631613254547119
0.36304569244384766
0.3628343939781189
0.36268317699432373
0.36229485273361206
0.3620736002922058
0.36175045371055603
0.3616923987865448
0.3614507019519806
0.36126330494880676
0.36091148853302
0.36074110865592957
0.36057817935943604
0.36020606756210327
0.3601583242416382
0.35968512296676636
0.3595523536205292
0.3594490587711334
0.3591526448726654
0.358837366104126
0.35865890979766846
0.35856327414512634
0.35828453302383423
0.3580479621887207
0.35778599977493286
0.35769903659820557
0.35751664638519287
0.35724353790283203
0.35711395740509033
0.356956422328949
0.3567821681499481
0.356403648853302
0.3562389016151428
0.3561355769634247
0.3560333847999573
0.3555484116077423
0.3554237484931946
0.35544905066490173
0.3551354706287384
0.3549167513847351
0.3547252416610718
0.35446110367774963
0.3541749119758606
0.35411909222602844
0.35390418767929077
0.3537282347679138
0.3536774814128876
0.35332775115966797
0.35299479961395264
0.3529050946235657
0.3525986075401306
0.352411687374115
0.3521578311920166
0.35193881392478943
0.3517572581768036
0.35172033309936523
0.35149240493774414
0.3512803316116333
0.35096296668052673
0.3508807420730591
0.35058870911598206
0.35051053762435913
0.3503270745277405
0.3499806523323059
0.34987956285476685
0.3499051630496979
0.34974876046180725
0.3495468497276306
0.3495537340641022
0.34935641288757324
0.3492448627948761
0.34922266006469727
0.3490760922431946
0.3490508794784546
0.34895163774490356
0.34876012802124023
0.34866154193878174
0.3485884964466095
0.3484739363193512
0.3482999801635742
0.3482833206653595
0.3484155833721161
0.3481336236000061
0.3479890525341034
0.34794506430625916
0.3479127883911133
0.3477194011211395
0.34769150614738464
0.34755414724349976
0.34737375378608704
0.347312331199646
0.34724414348602295
0.3471817970275879
0.3469771444797516
0.34691768884658813
0.34677815437316895
0.34668201208114624
0.3466131389141083
0.34646859765052795
0.34635627269744873
0.34633752703666687
0.34630298614501953
0.3461120128631592
0.3460070788860321
0.34584516286849976
0.3457244336605072
0.34568125009536743
0.34552961587905884
0.3454529643058777
0.34539544582366943
0.34523457288742065
0.3451816439628601
0.3451400399208069
0.3450470268726349
0.34496837854385376
0.34479519724845886
0.34464460611343384
0.3445614278316498
0.34446918964385986
0.3443702757358551
0.34425583481788635
0.34422004222869873
0.34413787722587585
0.3440180718898773
0.3439275920391083
0.34378260374069214
0.34366536140441895
0.3436790108680725
0.3435831665992737
0.3434046506881714
0.34338146448135376
0.34331321716308594
0.3432318866252899
0.34313008189201355
0.3430209159851074
0.3428960144519806
0.34280988574028015
0.3426746129989624
0.34258413314819336
0.34249138832092285
0.34232646226882935
0.34221506118774414
0.34207218885421753
0.34194353222846985
0.3418542146682739
0.34174051880836487
0.3416971266269684
0.3414968252182007
0.3413963317871094
0.34130117297172546
0.34120815992355347
0.34106162190437317
0.34099438786506653
0.3409426510334015
0.3409334719181061
0.34084710478782654
0.3407014012336731
0.34058713912963867
0.34041616320610046
0.34031006693840027
0.34023165702819824
0.3401508629322052
0.3399691879749298
0.3398934602737427
0.33977994322776794
0.3396870791912079
0.33961760997772217
0.33956220746040344
0.33953407406806946
0.33946606516838074
0.33942410349845886
0.3393617272377014
0.3393184542655945
0.3393019735813141
0.3392208516597748
0.3391778767108917
0.3391222357749939
0.3390826880931854
0.33903390169143677
0.33896610140800476
0.3389289379119873
0.33891022205352783
0.3388347327709198
0.3387884199619293
0.33879438042640686
0.33874788880348206
0.338694304227829
0.338625967502594
0.3385733962059021
0.338530570268631
0.33848538994789124
0.33842742443084717
0.3383724093437195
0.3383205831050873
0.3382966220378876
0.33822596073150635
0.3381732702255249
0.3380900025367737
0.33807194232940674
0.338004469871521
0.33802056312561035
0.33796435594558716
0.3378918170928955
0.33784860372543335
0.3378155827522278
0.3377673029899597
0.33770298957824707
0.3377015292644501
0.33763208985328674
0.33759963512420654
0.3374895751476288
0.33748477697372437
0.3373758792877197
0.33733657002449036
0.3372400403022766
0.33721157908439636
0.33715927600860596
0.3371022045612335
0.3370908498764038
0.337028443813324
0.33698609471321106
0.33694562315940857
0.3368729054927826
0.33684101700782776
0.3367891311645508
0.33678311109542847
0.33669185638427734
0.3366749584674835
0.3366023898124695
0.33651700615882874
0.33647972345352173
0.3364354074001312
0.3364173173904419
0.3363373279571533
0.3363403081893921
0.336270272731781
0.33619120717048645
0.3361731767654419
0.3361242115497589
0.3360555171966553
0.3360617756843567
0.33597996830940247
0.335960328578949
0.3359101414680481
0.3358527421951294
0.335824191570282
0.33577197790145874
0.33573856949806213
0.33567774295806885
0.3356003165245056
0.3355780839920044
0.335509330034256
0.33551210165023804
0.3353908956050873
0.33537304401397705
0.3353522717952728
0.33527904748916626
0.3352425992488861
0.3351815342903137
0.3351663053035736
0.3351376950740814
0.3350459039211273
0.33505016565322876
0.3349495828151703
0.33492806553840637
0.33489692211151123
0.33487647771835327
0.33484914898872375
0.3348101079463959
0.3347715139389038
0.3347744047641754
0.3347584903240204
0.33471009135246277
0.33467569947242737
0.3346559405326843
0.3346344828605652
0.33461126685142517
0.3345835506916046
0.33455678820610046
0.334521621465683
0.3345131278038025
0.33447182178497314
0.33446094393730164
0.33442172408103943
0.33440226316452026
0.3343779146671295
0.33437058329582214
0.33433759212493896
0.3343215882778168
0.3343035876750946
0.3342827260494232
0.3342560827732086
0.33422398567199707
0.33419501781463623
0.33415359258651733
0.3341483175754547
0.334137886762619
0.3341047465801239
0.33410710096359253
0.33405205607414246
0.33403369784355164
0.33400577306747437
0.33399638533592224
0.3339570462703705
0.3339599668979645
0.3339232802391052
0.3339005708694458
0.333867609500885
0.3338398039340973
0.333813339471817
0.33379095792770386
0.3337929844856262
0.33375275135040283
0.3337293565273285
0.3336983025074005
0.3336886763572693
0.33366942405700684
0.33362412452697754
0.3336014449596405
0.33358412981033325
0.33355194330215454
0.33355942368507385
0.3335110545158386
0.3334958553314209
0.33347275853157043
0.33348140120506287
0.333432137966156
0.3333955407142639
0.3333638310432434
0.3333607614040375
0.333340585231781
0.33330997824668884
0.3332824110984802
0.3332775831222534
0.3332439959049225
0.333212286233902
0.3331793248653412
0.3331720530986786
0.33315354585647583
0.3331279754638672
0.33310115337371826
0.33308830857276917
0.33306121826171875
0.33303532004356384
0.33301398158073425
0.33298805356025696
0.3329634368419647
0.33294549584388733
0.3329141139984131
0.33289581537246704
0.3328832685947418
0.3328472673892975
0.3328207731246948
0.3327999711036682
0.33278152346611023
0.3327586054801941
0.3327219486236572
0.33270418643951416
0.3326616585254669
0.3326501250267029
0.3326217830181122
0.33259594440460205
0.3325696289539337
0.3325421214103699
0.3325249254703522
0.33251407742500305
0.33250921964645386
0.33248981833457947
0.3324755132198334
0.3324633836746216
0.33246126770973206
0.3324512541294098
0.332440048456192
0.33241549134254456
0.3324057161808014
0.3323877155780792
0.3323763608932495
0.33236685395240784
0.33235567808151245
0.33234938979148865
0.3323298692703247
0.3323189318180084
0.3323041796684265
0.3323001265525818
0.3322739899158478
0.33227774500846863
0.33226338028907776
0.3322478234767914
0.33223387598991394
0.33222129940986633
0.3322209417819977
0.3322075605392456
0.33219102025032043
0.3321797847747803
0.3321671783924103
0.332154780626297
0.3321493864059448
0.3321264386177063
0.3321191668510437
0.332109659910202
0.33211028575897217
0.3320883512496948
0.33208227157592773
0.33207035064697266
0.33205053210258484
0.3320387899875641
0.33202749490737915
0.33201706409454346
0.3320039212703705
0.3319975435733795
0.3319948613643646
0.3319692611694336
0.3319578468799591
0.3319580554962158
0.3319350779056549
0.3319382071495056
0.33191415667533875
0.33189916610717773
0.3318895101547241
0.3318849503993988
0.33187219500541687
0.3318606913089752
0.3318445384502411
0.3318364918231964
0.3318275511264801
0.3318158984184265
0.33180510997772217
0.3317969739437103
0.3317911624908447
0.33177894353866577
0.3317636549472809
0.3317592442035675
0.33173489570617676
0.33173099160194397
0.331718772649765
0.33170443773269653
0.3316897749900818
0.3316766321659088
0.33167046308517456
0.33165818452835083
0.33164793252944946
0.33165356516838074
0.3316318094730377
0.3316269516944885
0.33160290122032166
0.33158981800079346
0.33158332109451294
0.33157047629356384
0.3315528333187103
0.33155062794685364
0.3315397799015045
0.3315291702747345
0.33150944113731384
0.33149394392967224
0.33148983120918274
0.33148425817489624
0.33146268129348755
0.33145880699157715
0.33143752813339233
0.33142921328544617
0.33141857385635376
0.331402450799942
0.3313911557197571
