0.6879996657371521
0.6667483448982239
0.6470714211463928
0.629074215888977
0.6114374995231628
0.5947125554084778
0.5781456828117371
0.5621757507324219
0.5480906963348389
0.5353694558143616
0.5222672820091248
0.5121892690658569
0.5013864040374756
0.49212512373924255
0.484295129776001
0.47510093450546265
0.46730291843414307
0.4611494243144989
0.4562511146068573
0.45097023248672485
0.4466334581375122
0.44268599152565
0.43814393877983093
0.4347793757915497
0.4316527247428894
0.4295506775379181
0.42776086926460266
0.4231049418449402
0.4197794497013092
0.4171028435230255
0.4143509864807129
0.4118809700012207
0.4095083475112915
0.4075291156768799
0.4048594534397125
0.4024442434310913
0.39982330799102783
0.39736172556877136
0.39527982473373413
0.3927977383136749
0.39045074582099915
0.3881497383117676
0.38657712936401367
0.3844796121120453
0.3826296031475067
0.38039490580558777
0.37858814001083374
0.37669050693511963
0.3746556043624878
0.3732436001300812
0.37137293815612793
0.36997225880622864
0.36763909459114075
0.36634424328804016
0.36439239978790283
0.36246371269226074
0.3620539605617523
0.36000481247901917
0.35831472277641296
0.3568737506866455
0.3556087613105774
0.35414180159568787
0.35332563519477844
0.3512689769268036
0.3501695394515991
0.3482678532600403
0.3466169536113739
0.3456053137779236
0.343679279088974
0.34327930212020874
0.34101149439811707
0.3392857611179352
0.33814558386802673
0.33631378412246704
0.3344742953777313
0.3329564332962036
0.3309054970741272
0.32947665452957153
0.32771050930023193
0.32682573795318604
0.3245551884174347
0.3230840861797333
0.32164353132247925
0.3208872973918915
0.3180687725543976
0.3162911832332611
0.31624072790145874
0.31509464979171753
0.3116781413555145
0.3095158636569977
0.3081265985965729
0.30818191170692444
0.30586421489715576
0.30327823758125305
0.3011671304702759
0.2998255491256714
0.29800695180892944
0.29606783390045166
0.2938101589679718
0.29190799593925476
0.29042401909828186
0.28846117854118347
0.28733575344085693
0.2855526804924011
0.2845161557197571
0.2817639112472534
0.27906909584999084
0.28002697229385376
0.27762413024902344
0.27441486716270447
0.27310776710510254
0.2715252637863159
0.2698594331741333
0.2681868374347687
0.2666873037815094
0.2645224630832672
0.2630474865436554
0.2604372203350067
0.25911322236061096
0.25706830620765686
0.25539666414260864
0.2544635832309723
0.25225383043289185
0.2508743405342102
0.24790887534618378
0.2472836822271347
0.24616166949272156
0.24453745782375336
0.24307981133460999
0.24212072789669037
0.24011419713497162
0.23903204500675201
0.23828089237213135
0.23724189400672913
0.23621749877929688
0.2353256642818451
0.2346707433462143
0.23358355462551117
0.23263250291347504
0.231519877910614
0.23084667325019836
0.23031356930732727
0.22949275374412537
0.2280072718858719
0.22709983587265015
0.22642125189304352
0.22496400773525238
0.22496359050273895
0.22371986508369446
0.22228972613811493
0.22200313210487366
0.22070229053497314
0.2196141630411148
0.21866285800933838
0.2175542712211609
0.21669195592403412
0.21612350642681122
0.2150651067495346
0.21409690380096436
0.2133924812078476
0.2126927673816681
0.21183305978775024
0.21093891561031342
0.20998281240463257
0.2095566838979721
0.20857220888137817
0.20754697918891907
0.206721693277359
0.20592118799686432
0.2046499103307724
0.20394551753997803
0.2031221240758896
0.20202407240867615
0.20133961737155914
0.2007213979959488
0.199967622756958
0.19913877546787262
0.19837543368339539
0.1977667510509491
0.19713132083415985
0.19664324820041656
0.195269376039505
0.19491134583950043
0.19399143755435944
0.19350233674049377
0.19269441068172455
0.1915530413389206
0.19084492325782776
0.1900678277015686
0.1897350549697876
0.18889448046684265
0.18809637427330017
0.18770498037338257
0.1867460459470749
0.18580199778079987
0.185289204120636
0.18436108529567719
0.18369850516319275
0.18344129621982574
0.18279729783535004
0.1819196343421936
0.18073366582393646
0.18031156063079834
0.17957577109336853
0.1784195452928543
0.17796654999256134
0.17738233506679535
0.17649279534816742
0.1758613884449005
0.1750742495059967
0.17437583208084106
0.1737477034330368
0.17287088930606842
0.1726771593093872
0.1719391644001007
0.1708589792251587
0.16969406604766846
0.16932499408721924
0.16836051642894745
0.16743764281272888
0.16630275547504425
0.16607044637203217
0.165309876203537
0.1638532429933548
0.16300839185714722
0.16220195591449738
0.1609184592962265
0.1603897362947464
0.15993744134902954
0.15936324000358582
0.15879617631435394
0.1582324206829071
0.15823034942150116
0.1575925201177597
0.1570909172296524
0.15658536553382874
0.15637943148612976
0.15585167706012726
0.15509603917598724
0.1547478437423706
0.15437771379947662
0.1540813446044922
0.15365074574947357
0.15327876806259155
0.15305952727794647
0.1526692807674408
0.15201739966869354
0.15164203941822052
0.1515611708164215
0.15076293051242828
0.15047268569469452
0.14995114505290985
0.14952467381954193
0.14903324842453003
0.14870329201221466
0.14820341765880585
0.1481066346168518
0.1476275473833084
0.14719294011592865
0.1467582881450653
0.14648805558681488
0.14619754254817963
0.14581558108329773
0.1453431099653244
0.14506796002388
0.1445256620645523
0.1443665325641632
0.1439036726951599
0.14356723427772522
0.14304998517036438
0.1428762674331665
0.14256450533866882
0.14217981696128845
0.14141613245010376
0.1410604566335678
0.14053404331207275
0.14009195566177368
0.13992489874362946
0.1394118368625641
0.13891184329986572
0.13857978582382202
0.13813236355781555
0.13785654306411743
0.13765592873096466
0.1370176076889038
0.13675066828727722
0.13620197772979736
0.135911226272583
0.13560375571250916
0.13539458811283112
0.1350548267364502
0.13461492955684662
0.1341831386089325
0.13376155495643616
0.13370788097381592
0.1332341730594635
0.13287271559238434
0.1325770914554596
0.13203778862953186
0.13195036351680756
0.1314273327589035
0.13128983974456787
0.13129886984825134
0.13075634837150574
0.13031229376792908
0.12974943220615387
0.12955307960510254
0.12905092537403107
0.12889419496059418
0.12842774391174316
0.12796369194984436
0.12762877345085144
0.12732715904712677
0.12715482711791992
0.12717002630233765
0.12645040452480316
0.12626531720161438
0.1256536990404129
0.12538816034793854
0.1255299150943756
0.12515951693058014
0.12464861571788788
0.123930424451828
0.12359418720006943
0.12411490827798843
0.12362194806337357
0.12272510677576065
0.12247919291257858
0.12243392318487167
0.12219390273094177
0.1220131367444992
0.12182238698005676
0.12163589894771576
0.12146132439374924
0.12129754573106766
0.12123338878154755
0.1209564357995987
0.12085220217704773
0.12069437652826309
0.12057121843099594
0.12047603726387024
0.12033294141292572
0.12011916190385818
0.11987052857875824
0.11980952322483063
0.11969859898090363
0.11964522302150726
0.11953464895486832
0.11937213689088821
0.11900795996189117
0.11892928183078766
0.11877784132957458
0.11859153211116791
0.11850076913833618
0.11828712373971939
0.11815981566905975
0.11803366988897324
0.11793670058250427
0.117584228515625
0.11745037883520126
0.11729628592729568
0.1171557605266571
0.11698509752750397
0.11678557097911835
0.11666205525398254
0.11649753153324127
0.11639347672462463
0.11624184995889664
0.11613288521766663
0.11589329689741135
0.11567101627588272
0.11554333567619324
0.11530216038227081
0.11516879498958588
0.11503536999225616
0.11481934785842896
0.11465700715780258
0.114592045545578
0.11456727236509323
0.11431131511926651
0.11410877108573914
0.11390145868062973
0.11376520991325378
0.11359122395515442
0.11333082616329193
0.11320814490318298
0.11303092539310455
0.11291684210300446
0.11274831742048264
0.11246784031391144
0.11235907673835754
0.11219798028469086
0.11196377128362656
0.11176495254039764
0.11161589622497559
0.1115143671631813
0.11130724847316742
0.11127694696187973
0.11101919412612915
0.11083130538463593
0.11064659059047699
0.11045585572719574
0.11028844118118286
0.11016625910997391
0.11009133607149124
0.1099671795964241
0.10976731777191162
0.1098426878452301
0.10935099422931671
0.10927218943834305
0.1090407744050026
0.10883589088916779
0.10868829488754272
0.10842663049697876
0.10823614150285721
0.10808783024549484
0.10806982219219208
0.10790510475635529
0.10766289383172989
0.10747618228197098
0.10724928230047226
0.10702972114086151
0.10687325894832611
0.10668949037790298
0.10692815482616425
0.10658302158117294
0.10627096146345139
0.10607855021953583
0.10613182187080383
0.10592497885227203
0.10586605221033096
0.10572876036167145
0.10566584020853043
0.10565423220396042
0.10554875433444977
0.10541778057813644
0.10532273352146149
0.10520713776350021
0.10518631339073181
0.10507141053676605
0.10497598350048065
0.10503240674734116
0.10488290339708328
0.104788638651371
0.1046731173992157
0.10465780645608902
0.10454602539539337
0.10440303385257721
0.10430294275283813
0.10417980700731277
0.10418621450662613
0.10412263870239258
0.10402478277683258
0.10402165353298187
0.10387562960386276
0.10382847487926483
0.10368362814188004
0.1035972312092781
0.10363450646400452
0.1035592332482338
0.10343322157859802
0.10338222980499268
0.10324059426784515
0.10312139987945557
0.10301094502210617
0.10299902409315109
0.10284409672021866
0.10276055335998535
0.10277244448661804
0.10266002267599106
0.10258524119853973
0.10251036286354065
0.10243453085422516
0.10230298340320587
0.10233905166387558
0.10218653827905655
0.10205057263374329
0.10199468582868576
0.1019357442855835
0.10190105438232422
0.10183451324701309
0.10192298144102097
0.10176901519298553
0.10168865323066711
0.10150269418954849
0.10138794034719467
0.10130208730697632
0.1012069433927536
0.10110379010438919
0.1010441780090332
0.10098102688789368
0.10096096247434616
0.10083408653736115
0.10073035955429077
0.10068133473396301
0.10057741403579712
0.10051281750202179
0.10049720853567123
0.10040931403636932
0.1003362312912941
0.10026060044765472
0.1001991555094719
0.1000852882862091
0.10000995546579361
0.10009530186653137
0.09994261711835861
0.09980954974889755
0.09972035884857178
0.0996122881770134
0.09954554587602615
0.09953412413597107
0.09946120530366898
0.09939847886562347
0.09935174137353897
0.09928348660469055
0.09920305758714676
0.09911124408245087
0.0990646556019783
0.09897680580615997
0.09888186305761337
0.09882112592458725
0.09875458478927612
0.09868288040161133
0.09863148629665375
0.09859335422515869
0.09849093854427338
0.09837399423122406
0.09833475202322006
0.09827728569507599
0.09826458245515823
0.09822254627943039
0.09817873686552048
0.09816477447748184
0.09809662401676178
0.09806785732507706
0.09803074598312378
0.09799952059984207
0.09794491529464722
0.09793481975793839
0.09790509939193726
0.09786183387041092
0.09784164279699326
0.09778498113155365
0.09777407348155975
0.09773099422454834
0.09771214425563812
0.09766049683094025
0.09760575741529465
0.09757820516824722
0.09754317253828049
0.09750328212976456
0.0974627286195755
0.09742076694965363
0.09740409255027771
0.09733915328979492
0.09735147655010223
0.09731380641460419
0.09728018939495087
0.09724100679159164
0.09721282869577408
0.09716086834669113
0.0971280187368393
0.09709931910037994
0.09705314040184021
0.09701119363307953
0.0969715416431427
0.09696252644062042
0.09692155569791794
0.09689603745937347
0.09684904664754868
0.09679244458675385
0.09678433835506439
0.09673634171485901
0.09668207168579102
0.0966397300362587
0.09661997854709625
0.09659388661384583
0.0965811237692833
0.09653864055871964
0.09650380909442902
0.09648815542459488
0.09644387662410736
0.09640971571207047
0.09636722505092621
0.09632798284292221
0.09630659222602844
0.09626808762550354
0.09622504562139511
0.09623966366052628
0.09612871706485748
0.09608779102563858
0.09606540203094482
0.09602916240692139
0.09600567072629929
0.09594199806451797
0.09591589868068695
0.09587248414754868
0.0958293080329895
0.09579501301050186
0.09577609598636627
0.09574960917234421
