0.6966728568077087
0.6915498971939087
0.686477780342102
0.6815500855445862
0.6767884492874146
0.6721341609954834
0.6674460768699646
0.6625487804412842
0.6579128503799438
0.652444064617157
0.6469489932060242
0.6417059302330017
0.6360087990760803
0.6300419569015503
0.6240869760513306
0.618323564529419
0.6117400527000427
0.6055294871330261
0.599534809589386
0.5927512645721436
0.5867516398429871
0.5803133845329285
0.5744165778160095
0.5679591298103333
0.5624092221260071
0.5573509335517883
0.5520287156105042
0.5469914078712463
0.5424593687057495
0.5379874110221863
0.5338712930679321
0.5296303033828735
0.5262494087219238
0.5230650305747986
0.5198489427566528
0.5165248513221741
0.5141592025756836
0.5113992094993591
0.5086783170700073
0.5064853429794312
0.5042728185653687
0.5019006133079529
0.49983152747154236
0.4977620840072632
0.49595239758491516
0.4940934479236603
0.49253273010253906
0.49088922142982483
0.48933345079421997
0.48777565360069275
0.48625966906547546
0.48489436507225037
0.4835326373577118
0.4821927845478058
0.4810910224914551
0.4797496497631073
0.4787138104438782
0.47732481360435486
0.4761492908000946
0.474904865026474
0.47365128993988037
0.4725474417209625
0.4711936414241791
0.46995455026626587
0.46881040930747986
0.46760034561157227
0.4662683606147766
0.46516966819763184
0.46397578716278076
0.46303093433380127
0.46190500259399414
0.4607499837875366
0.45982474088668823
0.4587651789188385
0.45772144198417664
0.4567744731903076
0.45582932233810425
0.45485934615135193
0.45397722721099854
0.45301318168640137
0.4520736634731293
0.4513032138347626
0.45032799243927
0.4496174156665802
0.44881072640419006
0.4480377435684204
0.44719284772872925
0.4463271200656891
0.4456077814102173
0.4447843134403229
0.44402554631233215
0.44314175844192505
0.44228601455688477
0.4415106773376465
0.4406084716320038
0.43974146246910095
0.43897050619125366
0.438227117061615
0.43742939829826355
0.43666231632232666
0.43596547842025757
0.4352514147758484
0.43450087308883667
0.43381521105766296
0.43298813700675964
0.4323238730430603
0.4316568374633789
0.4308532178401947
0.43022650480270386
0.4295770227909088
0.4288455843925476
0.42807942628860474
0.42735496163368225
0.426753968000412
0.42591074109077454
0.4252491295337677
0.424302875995636
0.42363569140434265
0.42284631729125977
0.42209869623184204
0.42139366269111633
0.42069366574287415
0.42002609372138977
0.41921761631965637
0.4186079204082489
0.41785529255867004
0.41712039709091187
0.4165341556072235
0.41588300466537476
0.41532596945762634
0.41471046209335327
0.41404932737350464
0.413391649723053
0.4127930700778961
0.41207295656204224
0.41151565313339233
0.4109251797199249
0.4102610945701599
0.40974658727645874
0.4091862440109253
0.40857094526290894
0.40800201892852783
0.4074091613292694
0.40679171681404114
0.4063906967639923
0.4057612121105194
0.40510815382003784
0.40460309386253357
0.404025673866272
0.4034954011440277
0.40301746129989624
0.40241384506225586
0.4019155204296112
0.4014545679092407
0.40100812911987305
0.40047353506088257
0.4000346064567566
0.39949366450309753
0.39909905195236206
0.39843788743019104
0.39795878529548645
0.39747023582458496
0.39700204133987427
0.3966774642467499
0.3961085379123688
0.39555686712265015
0.39525771141052246
0.39486968517303467
0.3943330943584442
0.3940044343471527
0.3934696614742279
0.39313751459121704
0.3925049304962158
0.39216724038124084
0.3916876018047333
0.39101049304008484
0.39045047760009766
0.3896753191947937
0.3890717923641205
0.3883858323097229
0.38770782947540283
0.38713136315345764
0.38673269748687744
0.38669294118881226
0.385858952999115
0.38535627722740173
0.3849146068096161
0.3843372166156769
0.38379448652267456
0.3834449052810669
0.3827902376651764
0.38249844312667847
0.3819645345211029
0.3815065920352936
0.38092559576034546
0.38060465455055237
0.38029345870018005
0.37984010577201843
0.37946784496307373
0.37894004583358765
0.3785530626773834
0.378124862909317
0.37757521867752075
0.3770824670791626
0.37673208117485046
0.37636488676071167
0.3761053681373596
0.37563830614089966
0.375125914812088
0.37468209862709045
0.37436503171920776
0.373765230178833
0.3735998570919037
0.37300819158554077
0.37263429164886475
0.37226545810699463
0.3717937171459198
0.37157148122787476
0.3711991012096405
0.37075570225715637
0.37036988139152527
0.37001359462738037
0.3696173131465912
0.36925360560417175
0.3688294291496277
0.36844784021377563
0.3682096302509308
0.36781054735183716
0.367493212223053
0.3671482801437378
0.3668133616447449
0.366371214389801
0.36613938212394714
0.36574146151542664
0.36552563309669495
0.3650933802127838
0.3646412193775177
0.36447036266326904
0.3638974130153656
0.3634437024593353
0.36316174268722534
0.3627382814884186
0.36250168085098267
0.3621142506599426
0.36167290806770325
0.36134660243988037
0.3610573410987854
0.3606971204280853
0.3604971468448639
0.36013054847717285
0.35982075333595276
0.3595533072948456
0.3593827188014984
0.35918888449668884
0.3588607609272003
0.35841867327690125
0.35796743631362915
0.357539564371109
0.3572114408016205
0.35696128010749817
0.35649245977401733
0.35601183772087097
0.355714350938797
0.355396032333374
0.355099618434906
0.3546692728996277
0.3543644845485687
0.35409942269325256
0.35388192534446716
0.35368701815605164
0.3532763123512268
0.3530217409133911
0.35275691747665405
0.3524266183376312
0.3519933223724365
0.35175618529319763
0.351585328578949
0.3513674736022949
0.3510439097881317
0.35062894225120544
0.3505222201347351
0.3502783179283142
0.35014963150024414
0.3494352400302887
0.3495510220527649
0.34926602244377136
0.34879493713378906
0.3485020399093628
0.3482315242290497
0.34809067845344543
0.348039448261261
0.3476320803165436
0.3473343253135681
0.3470582664012909
0.34672707319259644
0.3464777171611786
0.3460923135280609
0.3460347056388855
0.34567657113075256
0.3455492854118347
0.3454441726207733
0.3453483283519745
0.3450991213321686
0.3449506461620331
0.34483540058135986
0.34466320276260376
0.3445284366607666
0.34437957406044006
0.3442436158657074
0.34411680698394775
0.3439588248729706
0.3438827395439148
0.3437536060810089
0.3436582386493683
0.34355470538139343
0.3435101807117462
0.3432633876800537
0.343112051486969
0.3430166244506836
0.3429511785507202
0.3428567349910736
0.3427334725856781
0.34260380268096924
0.3424955904483795
0.3424021601676941
0.34220531582832336
0.3420993685722351
0.34197843074798584
0.34194839000701904
0.3418133556842804
0.3416902422904968
0.34156179428100586
0.34148138761520386
0.34116271138191223
0.3411542475223541
0.34102433919906616
0.34083229303359985
0.34064796566963196
0.3403587341308594
0.3403620421886444
0.3400993049144745
0.3399514853954315
0.3398283123970032
0.339721143245697
0.33952030539512634
0.3393530547618866
0.33917951583862305
0.3391069173812866
0.3389136791229248
0.3386601507663727
0.338672935962677
0.33840006589889526
0.3382238745689392
0.33816269040107727
0.33793193101882935
0.3377642333507538
0.3376653492450714
0.3375413715839386
0.33738070726394653
0.33721432089805603
0.33706018328666687
0.3369888365268707
0.3367532193660736
0.33657678961753845
0.33645859360694885
0.3363344371318817
0.3362535536289215
0.33607590198516846
0.33596357703208923
0.335825651884079
0.3357608914375305
0.33562740683555603
0.33549487590789795
0.3353714644908905
0.33526909351348877
0.3350984454154968
0.3349992334842682
0.3348662853240967
0.3347312808036804
0.33464744687080383
0.334567666053772
0.33443325757980347
0.334324449300766
0.33441272377967834
0.3341214954853058
0.3340071439743042
0.3338512182235718
0.33376988768577576
0.333571195602417
0.3335859775543213
0.33334818482398987
0.33318084478378296
0.3329906463623047
0.3328872323036194
0.3328777551651001
0.3327636122703552
0.33259451389312744
0.3325057625770569
0.33236971497535706
0.33229729533195496
0.3321759104728699
0.3321108818054199
0.331977516412735
0.3319474160671234
0.3318566679954529
0.33177295327186584
0.331705778837204
0.33162644505500793
0.33152446150779724
0.33148249983787537
0.3313630223274231
0.3313423693180084
0.3312668204307556
0.3311866819858551
0.33111703395843506
0.33106404542922974
0.3309911787509918
0.3309290111064911
0.33086875081062317
0.33080804347991943
0.33074161410331726
0.33068329095840454
0.33062130212783813
0.3305334448814392
0.3304818570613861
0.33044934272766113
0.33033236861228943
0.3302830457687378
0.33026108145713806
0.3301800489425659
0.33011478185653687
0.3300918638706207
0.3300204575061798
0.3300122916698456
0.32991811633110046
0.3298743665218353
0.32981038093566895
0.32972264289855957
0.32967397570610046
0.32961392402648926
0.32955145835876465
0.32955142855644226
0.3294663727283478
0.32940149307250977
0.32937219738960266
0.3293217122554779
0.3292727470397949
0.32925137877464294
0.32916459441185
0.32910963892936707
0.32902705669403076
0.32896578311920166
0.328953355550766
0.3288632035255432
0.32882171869277954
0.32879316806793213
0.32870835065841675
0.3286474049091339
0.32857808470726013
0.3284796178340912
0.32847410440444946
0.32843637466430664
0.3283804953098297
0.32830503582954407
0.3282472789287567
0.3281995356082916
0.32814016938209534
0.3280642330646515
0.32805049419403076
0.3279498815536499
0.3278878629207611
0.32784032821655273
0.3277677297592163
0.32770752906799316
0.3276248872280121
0.32755136489868164
0.3275209665298462
0.3274715840816498
0.32737287878990173
0.32733482122421265
0.327292799949646
0.32726067304611206
0.3271395266056061
0.3270847201347351
0.32702571153640747
0.3269880712032318
0.3269343376159668
0.32686787843704224
0.3268154263496399
0.32675230503082275
0.32671287655830383
0.326652854681015
0.3266085386276245
0.32656076550483704
0.3265184164047241
0.326456755399704
0.326367050409317
0.32629692554473877
0.326185941696167
0.3261573612689972
0.3261236250400543
0.3261067271232605
0.32605263590812683
0.326011598110199
0.32597994804382324
0.3259475529193878
0.32590386271476746
0.3259071707725525
0.3258416950702667
0.32583722472190857
0.32580339908599854
0.32577916979789734
0.32574889063835144
0.32572612166404724
0.32568690180778503
0.3256574273109436
0.32566341757774353
0.32560107111930847
0.3255798816680908
0.32554957270622253
0.3255133628845215
0.3254901170730591
0.32546311616897583
0.32543009519577026
0.32540592551231384
0.32536590099334717
0.3253353238105774
0.32532450556755066
0.3252713084220886
0.32524657249450684
0.32521042227745056
0.3251798450946808
0.3251679837703705
0.32513561844825745
0.32507815957069397
0.3250417709350586
0.32502707839012146
0.32499366998672485
0.3249649405479431
0.32494500279426575
0.3249127268791199
0.3248750865459442
0.32485032081604004
0.3248148560523987
0.324780136346817
0.3247617185115814
0.32472294569015503
0.3246891498565674
0.3246641457080841
0.32463809847831726
0.32460111379623413
0.3245737850666046
0.32455524802207947
0.3245236575603485
0.3245093822479248
0.3244743347167969
0.32444489002227783
0.3244217336177826
0.32441097497940063
0.3243507444858551
0.32431623339653015
0.3242942690849304
0.3242725133895874
0.3242579996585846
0.3242341876029968
0.3242109715938568
0.32416588068008423
0.3241731822490692
0.3241153955459595
0.32407864928245544
0.3240569829940796
0.32403379678726196
0.32401564717292786
0.32397934794425964
0.32396626472473145
0.3239334225654602
0.3239068388938904
0.32388556003570557
0.3238811492919922
0.32382267713546753
0.32378366589546204
0.32376617193222046
0.3237362802028656
0.32372719049453735
0.3236997425556183
0.32366687059402466
0.32363834977149963
0.3236171305179596
0.32358109951019287
0.32356494665145874
0.3235309422016144
0.3235199749469757
0.3234955072402954
0.3234669268131256
0.3234271705150604
0.32341310381889343
0.3234017789363861
0.32337939739227295
0.32334181666374207
0.3233242630958557
0.3233117461204529
0.32329773902893066
0.32328519225120544
0.32326459884643555
0.3232612907886505
0.3232344686985016
0.3232235908508301
0.3232118785381317
0.3232003152370453
0.3231784701347351
0.3231877088546753
0.323171466588974
0.3231492340564728
0.3231365978717804
0.3231215476989746
0.3231019675731659
0.3230888545513153
0.32306888699531555
0.3230549991130829
0.3230419456958771
0.32303011417388916
0.32302388548851013
0.3230060636997223
0.32300877571105957
0.3229857087135315
0.3229683041572571
0.32296237349510193
0.3229473829269409
0.32292675971984863
0.32292285561561584
0.32291311025619507
0.322889119386673
0.3228803873062134
0.32287105917930603
0.32285645604133606
0.3228410482406616
0.3228408396244049
0.3228245675563812
0.3228084146976471
0.3228026032447815
0.3227905035018921
0.32277658581733704
0.3227663040161133
0.3227493166923523
0.3227413296699524
0.3227272927761078
0.32271215319633484
0.3227001130580902
0.3226855397224426
0.32267841696739197
0.32266709208488464
0.3226601779460907
0.3226477801799774
0.3226393163204193
0.3226177394390106
0.3226090371608734
0.32259485125541687
0.3225720524787903
0.3225622773170471
0.32254549860954285
0.3225502073764801
0.3225371837615967
0.32251736521720886
0.322503000497818
0.32249772548675537
0.3224809765815735
0.32246217131614685
0.3224492073059082
0.32244235277175903
0.32243216037750244
0.32241377234458923
0.3224010467529297
0.32239508628845215
0.32238703966140747
0.3223661780357361
0.3223530948162079
0.32233500480651855
0.32233238220214844
0.3223193883895874
0.32230812311172485
0.3222942650318146
0.3222913444042206
0.3222646415233612
0.32225972414016724
0.3222542107105255
0.32224586606025696
0.32223546504974365
0.322217732667923
0.3222009539604187
0.3221956789493561
0.32218027114868164
0.32218003273010254
0.3221587836742401
0.3221471607685089
0.32213154435157776
0.3221149742603302
0.3221096098423004
0.32208874821662903
