0.9615482687950134
0.6367337107658386
0.5137884020805359
0.46174532175064087
0.4347516894340515
0.4126207232475281
0.3885835111141205
0.3703921139240265
0.3586729168891907
0.33961835503578186
0.3251291513442993
0.3128267526626587
0.29809141159057617
0.2878289520740509
0.27400460839271545
0.2662367522716522
0.25477099418640137
0.24930007755756378
0.23808659613132477
0.23034901916980743
0.2171895056962967
0.21178047358989716
0.19999361038208008
0.19083411991596222
0.18264447152614594
0.17965179681777954
0.1920679807662964
0.1743900626897812
0.17127713561058044
0.15235726535320282
0.1517047882080078
0.1403197944164276
0.13027319312095642
0.12470927834510803
0.11622100323438644
0.10901522636413574
0.10398698598146439
0.09966958314180374
0.09660685807466507
0.08814937621355057
0.08125215023756027
0.07929792255163193
0.0787702277302742
0.06976618617773056
0.06704584509134293
0.06830643117427826
0.054250217974185944
0.05170667544007301
0.045245759189128876
0.04431827366352081
0.04092871770262718
0.036246899515390396
0.03423399105668068
0.03176210820674896
0.029996102675795555
0.026804771274328232
0.02486898936331272
0.023396970704197884
0.022844409570097923
0.02084997110068798
0.020206835120916367
0.02157636545598507
0.018211133778095245
0.016151174902915955
0.014177707023918629
0.013764587230980396
0.012178819626569748
0.011499937623739243
0.01062316820025444
0.010197915136814117
0.009409097023308277
0.008927034214138985
0.008150487206876278
0.007767901755869389
0.00730050727725029
0.006999630481004715
0.00660749664530158
0.006352507043629885
0.005958206951618195
0.005628238432109356
0.0054707094095647335
0.0051821270026266575
0.005122490227222443
0.004701597150415182
0.004517601802945137
0.004341732244938612
0.004212426487356424
0.004012053366750479
0.003811074420809746
0.003739139996469021
0.003537381999194622
0.003402255941182375
0.0032935733906924725
0.0031710159964859486
0.003089894074946642
0.0030075563117861748
0.0029250492807477713
0.0027203827630728483
0.0027418616227805614
0.002602356718853116
0.002455291571095586
0.0024486216716468334
0.0023408487904816866
0.002262858906760812
0.002189972437918186
0.0021148407831788063
0.0020734346471726894
0.0020409717690199614
0.002009834162890911
0.001972357975319028
0.00192832516040653
0.0019372691167518497
0.0019012476550415158
0.001850414671935141
0.001854186994023621
0.0018220189958810806
0.0017927342560142279
0.0017572713550180197
0.00173858180642128
0.0017110011540353298
0.0016917146276682615
0.0016643807757645845
0.0016361529706045985
0.0016129813157022
0.0015927976928651333
0.0015715827466920018
0.00155495700892061
0.0015359711833298206
0.0015167052624747157
0.001499366364441812
0.0014787380350753665
0.0014686508802697062
0.0014528475003316998
0.0014268202940002084
0.0014213970862329006
0.0014060738030821085
0.0013752138474956155
0.0013534489553421736
0.0013317647390067577
0.0013212081976234913
0.001309059327468276
0.0012928450014442205
0.001272527384571731
0.0012601885246112943
0.001237613265402615
0.0012196021853014827
0.0012046995107084513
0.0011918715899810195
0.0011778578627854586
0.0011614388786256313
0.0011505491565912962
0.0011375128524377942
0.001122662564739585
0.001107335090637207
0.0010990933515131474
0.0010825536446645856
0.0010729959467425942
0.0010602407855913043
0.001046398770995438
0.0010304992320016026
0.0010205389698967338
0.0010049671400338411
0.0009977812878787518
0.0009963798802345991
0.0009846430039033294
0.00096674490487203
0.0009574618306942284
0.0009448539349250495
0.0009324111160822213
0.0009236898040398955
0.0009115549619309604
0.0009022684535011649
0.0008933871285989881
0.0008823754615150392
0.0008726291125640273
0.0008656496647745371
0.0008631046512164176
0.0008554028463549912
0.00084020005306229
0.0008287159143947065
0.0008215642301365733
0.0008110016351565719
0.0008031773031689227
0.0007942519732750952
0.0007871201960369945
0.0007803914486430585
0.0007686323369853199
0.0007610859465785325
0.0007549166330136359
0.0007492257282137871
0.0007406034274026752
0.0007310256478376687
0.0007226337911561131
0.0007127403514459729
0.0007069039857015014
0.0006972828414291143
0.0006909948424436152
0.0006871432415209711
0.000679409655276686
0.0006725394050590694
0.0006658906349912286
0.0006599718471989036
0.0006520588649436831
0.0006459426949732006
0.0006388987530954182
0.0006307318108156323
0.0006257183267734945
0.0006220641662366688
0.0006186267710290849
0.0006149423425085843
0.0006122884806245565
0.0006083624321036041
0.0006060927989892662
0.0006030943477526307
0.0006000310531817377
0.0005971603677608073
0.0005942751304246485
0.0005920703988522291
0.0005905234138481319
0.0005865109851583838
0.0005839879740960896
0.0005801708903163671
0.000577269762288779
0.0005745897069573402
0.000571350334212184
0.0005687616649083793
0.0005660756141878664
0.000563833920750767
0.0005604481557384133
0.0005580411525443196
0.0005559383425861597
0.0005539025878533721
0.0005505047156475484
0.0005478266393765807
0.0005446102004498243
0.0005426483112387359
0.000540655106306076
0.0005370056023821235
0.0005345639656297863
0.0005317979957908392
0.00053024961380288
0.0005268085515126586
0.0005244967760518193
0.000521878944709897
0.0005198130384087563
0.0005170103395357728
0.0005146277253516018
0.0005129089113324881
0.0005100301932543516
0.0005077135865576565
0.0005052791093476117
0.0005025890422984958
0.0005001250538043678
0.0004983493126928806
0.0004954710602760315
0.0004932394367642701
0.0004915101453661919
0.0004896674072369933
0.000486371194710955
0.00048403642722405493
0.00048219930613413453
0.0004794342094101012
0.0004780508461408317
0.00047516176709905267
0.00047339731827378273
0.0004710627836175263
0.0004689368652179837
0.0004659293335862458
0.00046358746476471424
0.00046120144543237984
0.00045913844951428473
0.000457355345133692
0.0004548874858301133
0.00045262015191838145
0.00045078404946252704
0.0004487009427975863
0.0004461529024410993
0.00044427154352888465
0.00044196410453878343
0.00043941676267422736
0.0004377920995466411
0.0004360098100733012
0.0004340226878412068
0.0004322708700783551
0.00043010080116800964
0.0004274634411558509
0.000425119127612561
0.00042285985546186566
0.00042114994721487164
0.000419010641053319
0.00041707957279868424
0.0004153219924774021
0.0004125911509618163
0.0004107243148609996
0.00040840383735485375
0.0004067779518663883
0.00040529671241529286
0.0004040652420371771
0.0004018672916572541
0.0004007168463431299
0.0003973404527641833
0.0003955520805902779
0.00039345351979136467
0.00039239347097463906
0.00038962793769314885
0.0003890088410116732
0.0003869022475555539
0.00038582822890020907
0.0003844605234917253
0.00038335059070959687
0.0003822549479082227
0.0003813230723608285
0.0003804333391599357
0.00037930248072370887
0.00037863882607780397
0.0003769074101001024
0.00037630859878845513
0.00037489415262825787
0.00037397249252535403
0.0003732522018253803
0.00037220638478174806
0.000371244183043018
0.00037020668969489634
0.00036922385334037244
0.0003687131393235177
0.00036821397952735424
0.00036653553252108395
0.0003657725465018302
0.000364775478374213
0.00036370332236401737
0.0003628059639595449
0.00036174870911054313
0.00036095830728299916
0.0003600453492254019
0.00035963268601335585
0.0003580600896384567
0.00035716293496079743
0.00035639351699501276
0.000355309370206669
0.00035436704638414085
0.0003536687872838229
0.00035291045787744224
0.00035134624340571463
0.00035070301964879036
0.0003503805783111602
0.00034982303623110056
0.0003488345828372985
0.0003475122503004968
0.0003476054116617888
0.0003455159021541476
0.00034492704435251653
0.00034403163590468466
0.0003438415878918022
0.0003427171614021063
0.0003413285012356937
0.0003402597503736615
0.00033909681951627135
0.00033825403079390526
0.0003372988139744848
0.00033631306723691523
0.0003360070986673236
0.0003350707411300391
0.0003339984978083521
0.00033310402068309486
0.00033205561339855194
0.00033126864582300186
0.00033019555849023163
0.0003295349597465247
0.0003286376304458827
0.0003275337803643197
0.00032656584517098963
0.00032576947705820203
0.00032490730518475175
0.00032422348158434033
0.0003234241157770157
0.0003227822599001229
0.0003217342309653759
0.00032090593595057726
0.0003201961808372289
0.00031905656214803457
0.00031831790693104267
0.0003174693265464157
0.0003166875976603478
0.0003158307517878711
0.0003147507377434522
0.0003139530890621245
0.0003130664408672601
0.0003127362870145589
0.000311813986627385
0.000311050855088979
0.00030999581213109195
0.0003093552659265697
0.00030872944626025856
0.0003080091264564544
0.00030685332603752613
0.00030592907569371164
0.00030520572909154
0.00030412981868721545
0.0003032356034964323
0.0003025050391443074
0.0003016277914866805
0.000300945044727996
0.00029983470449224114
0.000299175939289853
0.00029825561796315014
0.0002974180970340967
0.0002965696912724525
0.0002961797872558236
0.00029567949241027236
0.00029526330763474107
0.0002947480243165046
0.0002943983708973974
0.00029404612723737955
0.0002936396631412208
0.00029322970658540726
0.0002930042101070285
0.0002924414584413171
0.00029205804457888007
0.00029164005536586046
0.0002911384799517691
0.00029068029834888875
0.0002902325941249728
0.00028990398277528584
0.0002895748184528202
0.00028909530374221504
0.0002886967558879405
0.0002882846456486732
0.00028818368446081877
0.0002874424681067467
0.00028698687674477696
0.0002865147253032774
0.00028611431480385363
0.0002857906511053443
0.0002853251644410193
0.00028481503250077367
0.00028454913990572095
0.0002840177621692419
0.00028371543157845736
0.00028332704096101224
0.0002826609998010099
0.00028234446654096246
0.0002819467626977712
0.0002816338383127004
0.00028121829382143915
0.0002808097342494875
0.00028055245638825
0.000280191918136552
0.00027958082500845194
0.00027919613057747483
0.0002787976118270308
0.00027827880694530904
0.00027782077086158097
0.0002773962914943695
0.0002769828715827316
0.0002767016994766891
0.0002762764343060553
0.00027570544625632465
0.00027541181771084666
0.00027513617533259094
0.0002745874226093292
0.00027413509087637067
0.0002739388437476009
0.00027350542950443923
0.00027302250964567065
0.0002728289691731334
0.0002723366196732968
0.00027181411860510707
0.00027139217127114534
0.0002710354747250676
0.00027035901439376175
0.0002701466728467494
0.000269535172265023
0.0002691253612283617
0.00026865958352573216
0.00026833609445020556
0.0002680004108697176
0.000267586117843166
0.00026700866874307394
0.00026663774042390287
0.0002661251637618989
0.00026591369532980025
0.0002653909323271364
0.0002653461997397244
0.0002648080117069185
0.00026431327569298446
0.00026388518745079637
0.0002633438853081316
0.00026302848709747195
0.00026250010705552995
0.00026194832753390074
0.00026160190463997424
0.00026130094192922115
0.00026113627245649695
0.00026070140302181244
0.00026007986161857843
0.0002598935679998249
0.00025929443654604256
0.0002587185299489647
0.0002582922752480954
0.00025782472221180797
0.00025752748479135334
0.00025707282475195825
0.0002566546609159559
0.00025613975594751537
0.00025582770467735827
0.0002554795937612653
0.0002551116340328008
0.00025490112602710724
0.000254707905696705
0.00025449058739468455
0.00025424466002732515
0.00025398703292012215
0.00025376625126227736
0.00025358545826748013
0.0002533829538151622
0.000253201462328434
0.00025293469661846757
0.0002527288452256471
0.0002525148738641292
0.00025236266083084047
0.00025218655355274677
0.0002518388209864497
0.00025159958750009537
0.0002514920779503882
0.0002511611091904342
0.0002510533086024225
0.0002508078468963504
0.00025057242601178586
0.0002503566211089492
0.0002501641574781388
0.00024995734565891325
0.0002497648820281029
0.0002495126973371953
0.00024938868591561913
0.00024923981982283294
0.0002489606267772615
0.0002487792808096856
0.0002484764554537833
0.0002482588461134583
0.0002480595139786601
0.0002478789247106761
0.00024767228751443326
0.0002474328503012657
0.00024722827947698534
0.0002470084873493761
0.00024682158255018294
0.000246534968027845
0.0002464658173266798
0.0002462201227899641
0.0002460428513586521
0.000245737872319296
0.0002455111825838685
0.0002452796034049243
0.0002451337350066751
0.0002448535815346986
0.0002446565486025065
0.00024449152988381684
0.00024430835037492216
0.00024413407663814723
0.0002438203082419932
0.00024354773631785065
0.0002434102789266035
0.0002431199245620519
0.00024302520614583045
0.00024268472043331712
0.00024246117391157895
0.00024225306697189808
0.0002420198143227026
0.00024178858438972384
0.0002415793132968247
0.00024135835701599717
0.00024116896383929998
0.0002409150911262259
0.00024077334091998637
0.00024050289357546717
0.00024024638696573675
0.00024005144950933754
0.00023977643286343664
0.00023960441467352211
0.00023935400531627238
0.00023901957320049405
0.00023892139142844826
0.0002387413987889886
0.00023852098092902452
0.0002383069513598457
0.00023797927133273333
0.00023786679957993329
0.00023763751960359514
0.00023737332958262414
0.0002371346636209637
0.00023691807291470468
0.00023663185129407793
0.00023645081091672182
0.0002363377425353974
0.0002360567741561681
0.00023580019478686154
0.00023553323990199715
0.00023534534557256848
0.00023513982887379825
0.00023488020815420896
0.0002346673427382484
