0.6797965168952942
0.5921311378479004
0.5494126081466675
0.5573657751083374
0.536560595035553
0.5195457339286804
0.5110183954238892
0.5064894556999207
0.506422221660614
0.4983120262622833
0.49954473972320557
0.5060509443283081
0.4959574341773987
0.5008288621902466
0.48721253871917725
0.479339063167572
0.48279136419296265
0.48640674352645874
0.4730583131313324
0.46650978922843933
0.4779107868671417
0.4837866425514221
0.47749099135398865
0.4640040993690491
0.4817264676094055
0.4657682776451111
0.4543673098087311
0.47052666544914246
0.44677862524986267
0.45911210775375366
0.4575442671775818
0.44895172119140625
0.4636077880859375
0.44178715348243713
0.45718416571617126
0.4475044310092926
0.4592408239841461
0.4458543658256531
0.44759249687194824
0.43530455231666565
0.43823522329330444
0.44128668308258057
0.44276005029678345
0.4398705065250397
0.43731164932250977
0.4404652416706085
0.42696210741996765
0.44961029291152954
0.4319722652435303
0.43063780665397644
0.43649083375930786
0.4442005455493927
0.43572714924812317
0.4312194287776947
0.4261208474636078
0.42030349373817444
0.43080034852027893
0.41552478075027466
0.4272123873233795
0.43203672766685486
0.4186595678329468
0.41460394859313965
0.4068739116191864
0.4207283854484558
0.41241759061813354
0.4083818197250366
0.4189985990524292
0.3974186182022095
0.412306547164917
0.4096243381500244
0.3957565724849701
0.4041457772254944
0.403351366519928
0.39871105551719666
0.4037136733531952
0.40521588921546936
0.395515114068985
0.38871487975120544
0.3878308832645416
0.39494451880455017
0.3942001461982727
0.37568199634552
0.38383153080940247
0.3959839940071106
0.38056671619415283
0.37318122386932373
0.3690238893032074
0.3556164503097534
0.3689258396625519
0.38130804896354675
0.3714454472064972
0.3707577884197235
0.36496976017951965
0.3644718527793884
0.35656988620758057
0.36707326769828796
0.36323055624961853
0.3652142286300659
0.35432907938957214
0.37153470516204834
0.3460030257701874
0.3572075664997101
0.3596068024635315
0.3527001738548279
0.33828967809677124
0.34513047337532043
0.3324054777622223
0.3426509499549866
0.33351466059684753
0.34056803584098816
0.3386367857456207
0.34286004304885864
0.3368143141269684
0.35674089193344116
0.33214786648750305
0.3304726779460907
0.3246957063674927
0.3335372507572174
0.32621341943740845
0.3401707410812378
0.3197439908981323
0.3057795763015747
0.3114246129989624
0.31105518341064453
0.32527992129325867
0.31883397698402405
0.30324864387512207
0.31370577216148376
0.3060283958911896
0.31078019738197327
0.3073727488517761
0.29876071214675903
0.306267112493515
0.31067442893981934
0.2924571633338928
0.29495254158973694
0.3185385465621948
0.2903406322002411
0.3095245361328125
0.3008959889411926
0.3071141839027405
0.30692657828330994
0.3011185824871063
0.30005112290382385
0.3111737072467804
0.30936288833618164
0.30404797196388245
0.30761414766311646
0.2901937961578369
0.2969210147857666
0.3112495243549347
0.2998303771018982
0.29546308517456055
0.29479601979255676
0.2873140871524811
0.2996255159378052
0.28909894824028015
0.29115116596221924
0.29327815771102905
0.2741489112377167
0.2689351737499237
0.283051997423172
0.2922084331512451
0.2809509038925171
0.2953643798828125
0.3039315640926361
0.290980726480484
0.2840752601623535
0.27805525064468384
0.27601462602615356
0.2805829346179962
0.29091352224349976
0.28136321902275085
0.27402183413505554
0.30012577772140503
0.2823207378387451
0.30320456624031067
0.3010278344154358
0.2847522497177124
0.28012120723724365
0.29266008734703064
0.28003033995628357
0.27970728278160095
0.2783050537109375
0.27760183811187744
0.27988502383232117
0.2819981276988983
0.2836519181728363
0.28325989842414856
0.2712571620941162
0.2857026159763336
0.2951335608959198
0.27328258752822876
0.25996121764183044
0.26920023560523987
0.270622581243515
0.2610252797603607
0.2719767093658447
0.26971715688705444
0.2584867775440216
0.2639991044998169
0.27671483159065247
0.266365110874176
0.247539684176445
0.26580777764320374
0.25363460183143616
0.2686760127544403
0.2662888169288635
0.25802573561668396
0.26208192110061646
0.24636900424957275
0.25294360518455505
0.24548979103565216
0.2637208104133606
0.24634456634521484
0.26195794343948364
0.2682139277458191
0.2707480192184448
0.2329189032316208
0.2488151341676712
0.26267722249031067
0.2563774585723877
0.23903372883796692
0.25070929527282715
0.2509746551513672
0.2491072416305542
0.24158166348934174
0.24888361990451813
0.25759226083755493
0.23276782035827637
0.26887086033821106
0.26492589712142944
0.2529696822166443
0.2534661293029785
0.2498817890882492
0.25867795944213867
0.24840223789215088
0.23758292198181152
0.250573068857193
0.2556525766849518
0.2394915223121643
0.24266771972179413
0.2372463345527649
0.24687407910823822
0.23989231884479523
0.23958484828472137
0.24044755101203918
0.244988352060318
0.23910285532474518
0.24455440044403076
0.2562258243560791
0.24263988435268402
0.23325346410274506
0.2775244116783142
0.25151777267456055
0.2474803924560547
0.2592444121837616
0.248221755027771
0.25991955399513245
0.23927773535251617
0.2549498975276947
0.25590887665748596
0.24446293711662292
0.2510448098182678
0.25395041704177856
0.238576278090477
0.22943176329135895
0.24732622504234314
0.2423655092716217
0.24600434303283691
0.23770663142204285
0.22501114010810852
0.2537956237792969
0.23784780502319336
0.24838130176067352
0.22643905878067017
0.22708722949028015
0.24559913575649261
0.23598119616508484
0.23049059510231018
0.25124025344848633
0.23483936488628387
0.2255251109600067
0.22537139058113098
0.22025595605373383
0.23566558957099915
0.2402116358280182
0.2448844015598297
0.2379344254732132
0.23109282553195953
0.2435736358165741
0.23652887344360352
0.21806643903255463
0.2325047254562378
0.231257826089859
0.23146484792232513
0.2383362203836441
0.22312971949577332
0.22463743388652802
0.24611854553222656
0.23285534977912903
0.2203681766986847
0.2300776094198227
0.22740252315998077
0.22345957159996033
0.23936359584331512
0.24148976802825928
0.21876460313796997
0.2380724400281906
0.21703000366687775
0.22398710250854492
0.23494641482830048
0.23401056230068207
0.22106137871742249
0.23976285755634308
0.24155285954475403
0.22486165165901184
0.22694286704063416
0.23126539587974548
0.2233414351940155
0.22310830652713776
0.23260964453220367
0.2196875661611557
0.23941344022750854
0.23796816170215607
0.2165125161409378
0.22261273860931396
0.21805447340011597
0.23100659251213074
0.22724716365337372
0.22773441672325134
0.20362351834774017
0.23258216679096222
0.23207029700279236
0.22760523855686188
0.2148454189300537
0.218506321310997
0.21476240456104279
0.23359358310699463
0.23215076327323914
0.2173047959804535
0.22574041783809662
0.2085881531238556
0.24287723004817963
0.21433569490909576
0.22492073476314545
0.2310130000114441
0.21014316380023956
0.23778685927391052
0.21623088419437408
0.2005729377269745
0.23093512654304504
0.24332453310489655
0.22620783746242523
0.22932137548923492
0.2199372798204422
0.22929516434669495
0.22232508659362793
0.20900265872478485
0.21550777554512024
0.23554977774620056
0.22161979973316193
0.23907439410686493
0.22308918833732605
0.22689515352249146
0.22504922747612
0.22509482502937317
0.2200831025838852
0.19959859549999237
0.21838843822479248
0.22576072812080383
0.2169272005558014
0.23470290005207062
0.23141391575336456
0.21547023952007294
0.20599618554115295
0.2134629637002945
0.2289925217628479
0.2374153733253479
0.2072843313217163
0.2108701467514038
0.23253409564495087
0.1939307302236557
0.21519987285137177
0.2207922339439392
0.2054114192724228
0.22353847324848175
0.22667533159255981
0.2036033272743225
0.22768492996692657
0.21578750014305115
0.22025874257087708
0.22184836864471436
0.21819962561130524
0.20879223942756653
0.22756659984588623
0.21716207265853882
0.20522531867027283
0.2172449231147766
0.20576228201389313
0.20819571614265442
0.20473834872245789
0.22401481866836548
0.22135715186595917
0.22128525376319885
0.21532884240150452
0.21968534588813782
0.2139517217874527
0.2204274833202362
0.22767230868339539
0.20575135946273804
0.21430785953998566
0.2358744740486145
0.21446901559829712
0.21557414531707764
0.23993419110774994
0.21208275854587555
0.1983940154314041
0.213966503739357
0.23147672414779663
0.2101958692073822
0.2134137898683548
0.21530601382255554
0.21353915333747864
0.21606959402561188
0.21254730224609375
0.2160090059041977
0.2115439921617508
0.2203918993473053
0.20194557309150696
0.2104594111442566
0.20748370885849
0.20674070715904236
0.2062801718711853
0.22579911351203918
0.20225639641284943
0.23055681586265564
0.2214130312204361
0.21286125481128693
0.22126182913780212
0.21960514783859253
0.20265088975429535
0.22570200264453888
0.21312889456748962
0.1997940093278885
0.21211709082126617
0.21084852516651154
0.22216160595417023
0.20664319396018982
0.22661444544792175
0.21466046571731567
0.2269195318222046
0.1953447014093399
0.22066156566143036
0.22664502263069153
0.23083661496639252
0.22749394178390503
0.20385690033435822
0.21782386302947998
0.2018689662218094
0.21226021647453308
0.20444655418395996
0.20714661478996277
0.2173256129026413
0.23397836089134216
0.20489326119422913
0.2194235771894455
0.22994904220104218
0.19315458834171295
0.20436221361160278
0.19941401481628418
0.2041635662317276
0.2144888937473297
0.21120530366897583
0.2080608457326889
0.2117176353931427
0.19436131417751312
0.22749334573745728
0.19497492909431458
0.19091708958148956
0.18474842607975006
0.21308721601963043
0.2097712755203247
0.20595483481884003
0.20204900205135345
0.2046077698469162
0.21506932377815247
0.20653250813484192
0.21587994694709778
0.20908018946647644
0.2017034888267517
0.22149139642715454
0.19154366850852966
0.21523548662662506
0.21314647793769836
0.21162477135658264
0.248575821518898
0.2256631851196289
0.20140478014945984
0.20810580253601074
0.20545694231987
0.21191325783729553
0.21868717670440674
0.20381084084510803
0.22499363124370575
0.20133116841316223
0.23876434564590454
0.2126954197883606
0.2240821272134781
0.22104597091674805
0.22361525893211365
0.20691053569316864
0.22690211236476898
0.1941402554512024
0.20413926243782043
0.20513617992401123
0.20766182243824005
0.21421389281749725
0.2386699765920639
0.22123833000659943
0.22629787027835846
0.1893560141324997
0.18991521000862122
0.21036790311336517
0.22110186517238617
0.20426885783672333
0.20351354777812958
0.20750994980335236
0.20437094569206238
0.19767864048480988
0.22402377426624298
0.2036885768175125
0.22175626456737518
0.19295835494995117
0.21257378160953522
0.20502117276191711
0.21145464479923248
0.20372731983661652
0.21038448810577393
0.2228095680475235
0.21762000024318695
0.20463362336158752
0.20150670409202576
0.19253771007061005
0.20670022070407867
0.20937292277812958
0.20026198029518127
0.20168143510818481
0.20794130861759186
0.1936212033033371
0.20007602870464325
0.19987471401691437
0.20357070863246918
0.21007122099399567
0.21295465528964996
0.20899848639965057
0.20739765465259552
0.19927461445331573
0.22862300276756287
0.20870310068130493
0.21711021661758423
0.18554118275642395
0.18977779150009155
0.19525602459907532
0.2199724167585373
0.21036413311958313
0.1986774504184723
0.19496998190879822
0.2299395352602005
0.22749784588813782
0.1965123862028122
0.21768887341022491
0.19279073178768158
0.1984296590089798
0.1948600709438324
0.21643301844596863
0.21754112839698792
0.2105688452720642
0.20196008682250977
0.19516542553901672
0.20473112165927887
0.2291959524154663
0.21974273025989532
0.2087966352701187
0.2079017162322998
0.20862653851509094
0.19558857381343842
0.21887579560279846
0.21827568113803864
0.21481406688690186
0.21841251850128174
0.2296043038368225
0.22254347801208496
0.21208404004573822
0.2082725465297699
0.1997464895248413
0.20923122763633728
0.18233412504196167
0.2318629026412964
0.19980572164058685
0.20111264288425446
0.19908544421195984
0.20878104865550995
0.22201396524906158
