0.9224869608879089
0.9047728180885315
0.8885906338691711
0.873288094997406
0.8596482276916504
0.8460459113121033
0.8342849016189575
0.8226364850997925
0.8120598196983337
0.8020086884498596
0.7924450635910034
0.783309280872345
0.7748107314109802
0.7665911316871643
0.7587834000587463
0.7511690855026245
0.7441460490226746
0.7371900677680969
0.7304995059967041
0.7240636944770813
0.7180801630020142
0.7119631767272949
0.7064015865325928
0.7006222009658813
0.6953859329223633
0.6900858283042908
0.6850698590278625
0.6802090406417847
0.6753774285316467
0.6706964373588562
0.6663037538528442
0.6619110107421875
0.6575960516929626
0.6535478830337524
0.6493933796882629
0.6454988121986389
0.6417174339294434
0.6379174590110779
0.6343097686767578
0.6306948661804199
0.6272936463356018
0.623962938785553
0.6206265091896057
0.6173251867294312
0.614274799823761
0.611189603805542
0.6081048250198364
0.6052236557006836
0.6023743748664856
0.5995687246322632
0.5969046950340271
0.5941888093948364
0.5915732383728027
0.5890044569969177
0.5865473747253418
0.5840763449668884
0.5817229151725769
0.5793544054031372
0.5771318078041077
0.5749224424362183
0.5728707313537598
0.5705693960189819
0.5685078501701355
0.5665112733840942
0.5645572543144226
0.5624936819076538
0.5605884194374084
0.5588104724884033
0.5569810271263123
0.5551217198371887
0.553469181060791
0.5516726970672607
0.5500034689903259
0.5483819842338562
0.5467851758003235
0.5451846718788147
0.5436955094337463
0.54220050573349
0.5406556129455566
0.5392292141914368
0.5378934741020203
0.5365146994590759
0.5350563526153564
0.5337634682655334
0.5325247049331665
0.5312371253967285
0.5299625992774963
0.5287397503852844
0.5275145173072815
0.526380181312561
0.5252150893211365
0.5241201519966125
0.5229975581169128
0.5219464898109436
0.5210493803024292
0.5198544263839722
0.5188567638397217
0.5178858637809753
0.5168995261192322
0.5159458518028259
0.5150198340415955
0.5141076445579529
0.5131851434707642
0.5123051404953003
0.5114740133285522
0.510581374168396
0.5097627639770508
0.5090121030807495
0.5082237720489502
0.5074244737625122
0.5066750645637512
0.5058553218841553
0.5051575303077698
0.5044471621513367
0.5037419199943542
0.5030543208122253
0.5023471713066101
0.5016880631446838
0.5010749101638794
0.5004252195358276
0.4998290538787842
0.49917832016944885
0.49859383702278137
0.49807021021842957
0.49750956892967224
0.4968912601470947
0.49634554982185364
0.49576422572135925
0.4952908754348755
0.4947431981563568
0.4942503571510315
0.4937310814857483
0.49325767159461975
0.4927683174610138
0.4923299252986908
0.4918535351753235
0.4914110600948334
0.4910139739513397
0.49049147963523865
0.49011653661727905
0.4896852970123291
0.4892818331718445
0.48895055055618286
0.4885590374469757
0.4881531000137329
0.48775121569633484
0.48737671971321106
0.48703017830848694
0.486622154712677
0.4863055944442749
0.4860054850578308
0.48565009236335754
0.4853000044822693
0.4849613308906555
0.48467588424682617
0.48438599705696106
0.4840480089187622
0.48380595445632935
0.4834902584552765
0.48327401280403137
0.4829377233982086
0.4826911985874176
0.4823681712150574
0.4821256101131439
0.4818585216999054
0.48163631558418274
0.48138490319252014
0.4811260402202606
0.48087960481643677
0.48071688413619995
0.48041677474975586
0.4802071452140808
0.4800310730934143
0.4798072874546051
0.47956404089927673
0.47938162088394165
0.4791717827320099
0.4790116250514984
0.4787673056125641
0.4786878526210785
0.4784559905529022
0.47826680541038513
0.4780825078487396
0.4778943359851837
0.47771579027175903
0.47756510972976685
0.4774285554885864
0.4772736132144928
0.4771064519882202
0.47698974609375
0.4767664670944214
0.47670480608940125
0.476517915725708
0.47638750076293945
0.4762250781059265
0.4761166572570801
0.47595328092575073
0.4758654832839966
0.47572165727615356
0.47564008831977844
0.47547146677970886
0.47543230652809143
0.47520339488983154
0.4751010835170746
0.47498780488967896
0.47489115595817566
0.47476813197135925
0.474747896194458
0.4745752215385437
0.47448161244392395
0.47438547015190125
0.4742836356163025
0.47418856620788574
0.47413575649261475
0.47399118542671204
0.47401508688926697
0.47386980056762695
0.47377118468284607
0.47368323802948
0.47368428111076355
0.4735221862792969
0.473480761051178
0.4733555316925049
0.4732990562915802
0.473254531621933
0.47321751713752747
0.4731356203556061
0.4730525612831116
0.47295477986335754
0.472977876663208
0.47281840443611145
0.47283023595809937
0.47275033593177795
0.47271186113357544
0.47269582748413086
0.47252386808395386
0.4724942147731781
0.47244325280189514
0.47237372398376465
0.47234565019607544
0.47230279445648193
0.47228971123695374
0.47222429513931274
0.4722102880477905
0.4721238613128662
0.4721221625804901
0.4720282256603241
0.4719928801059723
0.47193047404289246
0.4718984067440033
0.47189846634864807
0.47180306911468506
0.47185713052749634
0.47172263264656067
0.4717342257499695
0.4716911017894745
0.47160977125167847
0.471635103225708
0.4715864658355713
0.4715500473976135
0.47152426838874817
0.4714714288711548
0.4714866280555725
0.4714873433113098
0.4714038074016571
0.4713570773601532
0.4713428020477295
0.4713304936885834
0.4712756872177124
0.47125545144081116
0.471193790435791
0.47129082679748535
0.4711737632751465
0.47114789485931396
0.4711330235004425
0.4710903763771057
0.47111302614212036
0.471084326505661
0.47119227051734924
0.47105711698532104
0.47100356221199036
0.4709644615650177
0.47098034620285034
0.4709468185901642
0.4709644019603729
0.47093692421913147
0.470891535282135
0.4709051251411438
0.470851331949234
0.47085994482040405
0.4708409011363983
0.4708249270915985
0.4707559049129486
0.4707772433757782
0.47080934047698975
0.47076961398124695
0.47074010968208313
0.47075045108795166
0.470709890127182
0.4707268476486206
0.47065892815589905
0.47066280245780945
0.4706929624080658
0.47062936425209045
0.47063833475112915
0.4706796705722809
0.47063148021698
0.47062161564826965
0.47056978940963745
0.47056326270103455
0.4705931842327118
0.4706009328365326
0.47060924768447876
0.4705434739589691
0.4705238938331604
0.4705639183521271
0.47055941820144653
0.4704941213130951
0.4705011248588562
0.47048917412757874
0.4705057740211487
0.47046199440956116
0.47047159075737
0.4704773724079132
0.47045543789863586
0.47050386667251587
0.47043654322624207
0.4705858528614044
0.47040703892707825
0.4704379737377167
0.47039106488227844
0.4703979194164276
0.4703737199306488
0.47036129236221313
0.4704592227935791
0.4703395664691925
0.47036534547805786
0.47035813331604004
0.47037428617477417
0.4703691601753235
0.47033020853996277
0.47035226225852966
0.4703744947910309
0.47036486864089966
0.470355749130249
0.47034314274787903
0.4703214168548584
0.4703338146209717
0.470302939414978
0.4703003466129303
0.47032248973846436
0.47027650475502014
0.4702763259410858
0.47031790018081665
0.47030651569366455
0.4702507555484772
0.47026118636131287
0.4702637195587158
0.4703138768672943
0.47031834721565247
0.4703187346458435
0.47028279304504395
0.47029298543930054
0.4702402949333191
0.47028622031211853
0.47041332721710205
0.4704344570636749
0.4702011048793793
0.4702322781085968
0.4702162444591522
0.47024574875831604
0.47027260065078735
0.47031423449516296
0.4702545404434204
0.47023630142211914
0.4701750576496124
0.4701899588108063
0.4702036678791046
0.47019004821777344
0.4701843559741974
0.47018760442733765
0.4702340066432953
0.4701662063598633
0.47026583552360535
0.4701980650424957
0.47019118070602417
0.4702099561691284
0.4701567590236664
0.47016316652297974
0.4701613187789917
0.47018423676490784
0.47014936804771423
0.47014686465263367
0.47016605734825134
0.4701511263847351
0.47012361884117126
0.4701758623123169
0.47013306617736816
0.47016531229019165
0.47014784812927246
0.4701496362686157
0.4701441526412964
0.4701254367828369
0.47013458609580994
0.4701571464538574
0.4701228141784668
0.4701255261898041
0.47014325857162476
0.47013282775878906
0.4701302647590637
0.4701453447341919
0.4701522886753082
0.4701649844646454
0.47011640667915344
0.47013455629348755
0.47011667490005493
0.4701231122016907
0.4701264798641205
0.4701308310031891
0.47017115354537964
0.47022002935409546
0.47014015913009644
0.4701199233531952
0.4701285660266876
0.4701240658760071
0.47010746598243713
0.47014474868774414
0.47012948989868164
0.47012194991111755
0.4701152443885803
0.4701525568962097
0.47010675072669983
0.47010505199432373
0.4701097905635834
0.4701171815395355
0.4701096713542938
0.4701438546180725
0.47010037302970886
0.470120370388031
0.47011783719062805
0.4701082706451416
0.47012054920196533
0.4701119065284729
0.47011682391166687
0.4701177179813385
0.470101922750473
0.47013217210769653
0.47009560465812683
0.4701231122016907
0.47008970379829407
0.47008445858955383
0.4701076149940491
0.4701171815395355
0.4701029658317566
0.4700872004032135
0.4700993597507477
0.47011929750442505
0.4701077342033386
0.4700888395309448
0.4700866937637329
0.470114529132843
0.4701065123081207
0.47010016441345215
0.47007864713668823
0.47010669112205505
0.470135897397995
0.47015276551246643
0.470134973526001
0.47009775042533875
0.4701358377933502
0.47012194991111755
0.4700697064399719
0.47010233998298645
0.47008171677589417
0.47011393308639526
0.470097154378891
0.4701366722583771
0.4701031446456909
0.47009673714637756
0.47008436918258667
0.4700680077075958
0.47012192010879517
0.47007492184638977
0.4701845645904541
0.4701055884361267
0.47008126974105835
0.47006654739379883
0.4700677990913391
0.47006097435951233
0.47006097435951233
0.47005900740623474
0.4700804054737091
0.47007906436920166
0.47009459137916565
0.4700615108013153
0.4700627326965332
0.4700782597064972
0.4700833261013031
0.470064252614975
0.470063716173172
0.4700644314289093
0.47006773948669434
0.4700619876384735
0.47006723284721375
0.47005876898765564
0.4700595736503601
0.4700593054294586
0.47006726264953613
0.47006458044052124
0.47006505727767944
0.470069944858551
0.4700621962547302
0.4700581431388855
0.47006046772003174
0.4700600206851959
0.47006407380104065
0.47006282210350037
0.4700566828250885
0.47006896138191223
0.4700659215450287
0.47005319595336914
0.470059335231781
0.47007450461387634
0.4700634181499481
0.4700673520565033
0.4700678586959839
0.4700745642185211
0.4700574278831482
0.4700654447078705
0.4700865149497986
0.47005096077919006
0.47006887197494507
0.47005775570869446
0.4700816571712494
0.4700564444065094
0.4700685739517212
0.47006168961524963
0.4700765311717987
0.4700610935688019
0.47006431221961975
0.47005748748779297
0.4700588583946228
0.47005558013916016
0.47005897760391235
0.470057874917984
0.4700523614883423
0.4700538218021393
0.47005942463874817
0.4700520932674408
0.47005245089530945
0.4700617790222168
0.47005176544189453
0.4700571298599243
0.47006383538246155
0.4700733721256256
0.4700600206851959
0.47005942463874817
0.47005990147590637
0.47007817029953003
0.4700735807418823
0.47004732489585876
0.47005602717399597
0.47005078196525574
0.4700591564178467
0.47007229924201965
0.47004830837249756
0.4700518548488617
0.4700450003147125
0.47005829215049744
0.4700494110584259
0.4700552821159363
0.47005635499954224
0.4700557589530945
0.47005489468574524
0.4700595736503601
0.47006872296333313
0.47007113695144653
0.4700752794742584
0.47006043791770935
0.4700573682785034
0.47004827857017517
0.4700523018836975
0.47005075216293335
0.4700565040111542
0.47005534172058105
0.47004935145378113
0.4700460731983185
0.47004812955856323
0.4700497090816498
0.4700373411178589
0.470046728849411
0.47004392743110657
0.4700375199317932
0.4700493812561035
0.47003766894340515
0.47004303336143494
0.47004103660583496
0.4700472354888916
0.47004443407058716
0.47003790736198425
0.470040500164032
0.4700402319431305
0.4700435996055603
0.4700407087802887
0.47003883123397827
0.4700421392917633
0.4700496196746826
0.4700392782688141
0.47009003162384033
0.47003430128097534
0.47003769874572754
0.47003936767578125
0.47004884481430054
0.4700377285480499
0.47004055976867676
0.47004467248916626
0.4700425863265991
0.4700380861759186
0.47004494071006775
0.4700477123260498
0.47003617882728577
0.47003617882728577
0.4700387120246887
0.47004202008247375
0.4700424373149872
0.4700385332107544
0.47004958987236023
0.4700385332107544
0.4700476825237274
0.47004008293151855
0.47004222869873047
0.47004014253616333
0.47004368901252747
0.4700373113155365
0.4700406789779663
0.470054566860199
0.4700465500354767
0.47004368901252747
0.47004562616348267
0.47003647685050964
0.47004181146621704
0.47004231810569763
0.47003722190856934
0.470037579536438
0.47003617882728577
0.4700341820716858
0.47003811597824097
0.47004178166389465
0.47004181146621704
0.47004374861717224
0.4700397253036499
0.47003716230392456
0.47004491090774536
0.4700483977794647
0.4700370132923126
0.4700392782688141
0.47004711627960205
0.4700378477573395
0.47003498673439026
0.47003844380378723
0.4700435698032379
0.4700402319431305
0.470034658908844
0.47003790736198425
0.4700387120246887
0.47004425525665283
0.4700380861759186
0.4700380563735962
0.4700351655483246
0.47004321217536926
0.47005534172058105
0.4700315594673157
0.47003552317619324
0.4700353443622589
0.47003665566444397
0.4700416624546051
0.47003698348999023
0.4700356423854828
0.47003892064094543
0.47003957629203796
0.47003865242004395
0.47003820538520813
0.47003597021102905
0.47003865242004395
0.4700357913970947
0.47003743052482605
0.47003263235092163
0.4700322151184082
0.4700342118740082
0.47002965211868286
0.4700310528278351
0.4700334668159485
0.4700313210487366
0.4700348973274231
0.470032274723053
0.47003301978111267
0.4700287878513336
0.47003376483917236
0.4700317084789276
0.470032662153244
0.4700322449207306
0.4700319170951843
0.4700309932231903
0.4700296223163605
0.4700407385826111
0.470030277967453
0.4700332283973694
0.47003111243247986
0.4700336158275604
0.47003012895584106
0.4700358510017395
0.47003307938575745
0.4700303077697754
0.4700286090373993
0.4700322151184082
0.47003239393234253
0.47002923488616943
0.4700334966182709
0.47003069519996643
0.4700300097465515
0.4700303077697754
0.4700315594673157
0.4700333774089813
0.4700341522693634
0.4700321555137634
0.47003111243247986
0.4700302481651306
0.4700320065021515
0.4700299799442291
0.4700310230255127
0.4700317978858948
0.4700315594673157
0.4700298011302948
0.47003012895584106
0.47003355622291565
0.47003045678138733
0.47002944350242615
0.470030277967453
0.47003108263015747
0.47002851963043213
0.4700341522693634
0.47003114223480225
0.4700356125831604
0.47003036737442017
0.4700312614440918
0.470032662153244
0.47003158926963806
0.47003117203712463
0.47002944350242615
0.4700314402580261
0.4700298607349396
0.47002971172332764
0.47003114223480225
0.4700292646884918
0.4700304865837097
0.4700310230255127
0.47003066539764404
0.47003066539764404
0.47002843022346497
0.4700295925140381
0.47003117203712463
0.4700302183628082
0.47002941370010376
0.47002893686294556
0.47002920508384705
0.4700331389904022
0.47002851963043213
0.47003173828125
0.4700298011302948
0.4700319170951843
0.47002801299095154
0.4700283110141754
0.4700316786766052
0.4700329899787903
0.47002777457237244
0.47002947330474854
0.4700320065021515
0.4700298011302948
0.47002971172332764
0.47002866864204407
0.4700293242931366
0.4700341522693634
0.47002869844436646
0.4700281620025635
0.4700275659561157
0.47002822160720825
