1.3122509717941284
1.0484689474105835
0.8597466945648193
0.7648327946662903
0.6944502592086792
0.6475406289100647
0.6027259826660156
0.5751811861991882
0.5574798583984375
0.5353401303291321
0.5213282704353333
0.5223010182380676
0.5076257586479187
0.5061846375465393
0.5068303942680359
0.4980669915676117
0.4957049489021301
0.49312612414360046
0.4979831874370575
0.48719432950019836
0.47849538922309875
0.48462584614753723
0.4844525456428528
0.4775843322277069
0.48369869589805603
0.4803214967250824
0.47949838638305664
0.48053333163261414
0.48466840386390686
0.47603702545166016
0.4770682454109192
0.47637641429901123
0.4708717465400696
0.4627540111541748
0.467087060213089
0.4724891781806946
0.47146156430244446
0.4675067961215973
0.4753822088241577
0.4657435417175293
0.46520620584487915
0.4622054994106293
0.46686968207359314
0.4574594795703888
0.4613354206085205
0.46415647864341736
0.465373158454895
0.46367934346199036
0.4649025499820709
0.46239620447158813
0.4632984399795532
0.4559498429298401
0.45845258235931396
0.4626697897911072
0.4565452039241791
0.465814471244812
0.4701860249042511
0.4538312256336212
0.45931780338287354
0.4492153227329254
0.4603128731250763
0.4594534635543823
0.45675036311149597
0.4583686590194702
0.45211195945739746
0.4511597454547882
0.4532603621482849
0.46588560938835144
0.45922282338142395
0.4585612416267395
0.45440030097961426
0.44698718190193176
0.4586557149887085
0.45051100850105286
0.4587697982788086
0.448515385389328
0.4514041841030121
0.4553557336330414
0.44940632581710815
0.45514288544654846
0.45387259125709534
0.4517156481742859
0.44948092103004456
0.44736337661743164
0.4478837847709656
0.4527677893638611
0.43679279088974
0.4488334655761719
0.4483673870563507
0.4482291638851166
0.4503310024738312
0.44869744777679443
0.44074565172195435
0.43689048290252686
0.4475730061531067
0.4439661502838135
0.4436142146587372
0.44009852409362793
0.4497579336166382
0.4493918716907501
0.44663193821907043
0.4407767057418823
0.44217488169670105
0.4393210709095001
0.4358568489551544
0.4480407238006592
0.4410676062107086
0.44605565071105957
0.4403325915336609
0.440683513879776
0.44054102897644043
0.44632425904273987
0.4372364580631256
0.44159048795700073
0.44852161407470703
0.44208163022994995
0.4384405016899109
0.4353911876678467
0.43620723485946655
0.43189436197280884
0.43694594502449036
0.44176769256591797
0.43533051013946533
0.4399690330028534
0.43808162212371826
0.4315621256828308
0.4442302882671356
0.4294368624687195
0.4357242286205292
0.4356514811515808
0.4363068640232086
0.436740517616272
0.43345052003860474
0.43367066979408264
0.4327333867549896
0.4309176802635193
0.4312950074672699
0.42362022399902344
0.4346127510070801
0.42661258578300476
0.43329155445098877
0.4341157078742981
0.4328788220882416
0.4310905635356903
0.4283928871154785
0.4299667179584503
0.43677493929862976
0.42880532145500183
0.4221072196960449
0.4280436336994171
0.4279095530509949
0.42566126585006714
0.42617830634117126
0.424037367105484
0.4304576814174652
0.42641276121139526
0.41814401745796204
0.4162314236164093
0.43624043464660645
0.42966800928115845
0.4194328784942627
0.4204657971858978
0.4161229133605957
0.4195326864719391
0.42144498229026794
0.42210090160369873
0.4219043552875519
0.4203096330165863
0.4250979423522949
0.42720872163772583
0.4151843786239624
0.42313826084136963
0.42379114031791687
0.41153255105018616
0.4214463531970978
0.42136332392692566
0.4217900335788727
0.42590147256851196
0.4121514558792114
0.4261443316936493
0.420899897813797
0.4137420058250427
0.4166955351829529
0.423958420753479
0.4151088297367096
0.4171922206878662
0.4146996736526489
0.41706791520118713
0.4124871790409088
0.42247065901756287
0.4138062596321106
0.41842296719551086
0.41493842005729675
0.4224916398525238
0.4161750078201294
0.4175252318382263
0.415709525346756
0.4176168143749237
0.41678354144096375
0.41953495144844055
0.41914117336273193
0.4245087802410126
0.41463229060173035
0.41264331340789795
0.4116804301738739
0.41977164149284363
0.4185205101966858
0.4199640154838562
0.409115731716156
0.41111913323402405
0.4114038944244385
0.41538766026496887
0.4099388122558594
0.41192492842674255
0.41119757294654846
0.4142381250858307
0.41452187299728394
0.41665300726890564
0.4111539125442505
0.41891971230506897
0.408932626247406
0.40847617387771606
0.4095291793346405
0.4106680750846863
0.41257503628730774
0.41174453496932983
0.4091431498527527
0.4213067889213562
0.4058705270290375
0.4173111021518707
0.4081394374370575
0.40598374605178833
0.39764294028282166
0.4183588922023773
0.4129164218902588
0.4073924720287323
0.40265533328056335
0.41359469294548035
0.41172870993614197
0.4191738963127136
0.4076654613018036
0.4112113416194916
0.41019463539123535
0.4066672623157501
0.4118250608444214
0.41294053196907043
0.41454052925109863
0.4059085249900818
0.39854109287261963
0.41247326135635376
0.40292999148368835
0.4006354510784149
0.40161585807800293
0.40794721245765686
0.3998276889324188
0.41599521040916443
0.401144415140152
0.41472262144088745
0.4058122932910919
0.40666717290878296
0.4084966778755188
0.40485814213752747
0.41088199615478516
0.40552809834480286
0.417536199092865
0.40484529733657837
0.406306654214859
0.4129837453365326
0.4041031002998352
0.4027465879917145
0.4099719524383545
0.4096594452857971
0.4098624587059021
0.40133136510849
0.40292346477508545
0.40413597226142883
0.40410763025283813
0.4078066349029541
0.4070652425289154
0.3991309106349945
0.4120282232761383
0.40150704979896545
0.40667015314102173
0.410563200712204
0.3969164490699768
0.39843469858169556
0.40168043971061707
0.4049254357814789
0.41416090726852417
0.4101635217666626
0.411164790391922
0.4058709144592285
0.3981367349624634
0.39996853470802307
0.40301191806793213
0.39771249890327454
0.4079737365245819
0.40632033348083496
0.40480560064315796
0.4056526720523834
0.40820667147636414
0.40565815567970276
0.40079551935195923
0.4014439880847931
0.4042210876941681
0.40998315811157227
0.40160253643989563
0.40563511848449707
0.4070802330970764
0.4019356071949005
0.39706918597221375
0.4031294286251068
0.4050823152065277
0.39993491768836975
0.4137151837348938
0.4031902253627777
0.413166344165802
0.4021294116973877
0.40744543075561523
0.4047464430332184
0.40570712089538574
0.4034193754196167
0.40573427081108093
0.4054957926273346
0.40570539236068726
0.41201192140579224
0.4065624475479126
0.39359694719314575
0.4026709198951721
0.40900853276252747
0.3984004557132721
0.41020631790161133
0.4016965925693512
0.3976149559020996
0.39864394068717957
0.3930981457233429
0.4072413742542267
0.4060732126235962
0.3996887803077698
0.40647855401039124
0.39862558245658875
0.3996991813182831
0.4138173758983612
0.406148225069046
0.4119361340999603
0.40593984723091125
0.3992237150669098
0.3974442481994629
0.40535929799079895
0.39821332693099976
0.4025435149669647
0.4096100926399231
0.3993300199508667
0.4045414924621582
0.40170159935951233
0.4057244658470154
0.3965573012828827
0.3945305049419403
0.4048961102962494
0.4139012396335602
0.4040682911872864
0.40071994066238403
0.40175554156303406
0.39598363637924194
0.3927084505558014
0.4053614139556885
0.3892767131328583
0.39888104796409607
0.4052581191062927
0.39946314692497253
0.41242167353630066
0.39511996507644653
0.40728622674942017
0.4053124785423279
0.39368972182273865
0.39516425132751465
0.3948608636856079
0.40158674120903015
0.3953997790813446
0.3985100984573364
0.40068963170051575
0.40266290307044983
0.39452725648880005
0.4063240587711334
0.3930020034313202
0.40083590149879456
0.3983875513076782
0.4070476293563843
0.4037209451198578
0.40258556604385376
0.394488126039505
0.39600586891174316
0.3958268165588379
0.4115927815437317
0.40236711502075195
0.40014612674713135
0.406965970993042
0.4051446318626404
0.3963185250759125
0.40584731101989746
0.39361047744750977
0.39522185921669006
0.3891383707523346
0.391340970993042
0.40098682045936584
0.4037277400493622
0.3985966444015503
0.3956739604473114
0.40666258335113525
0.3963811993598938
0.3995613157749176
0.39614593982696533
0.4005891680717468
0.3942972421646118
0.3985244631767273
0.39681991934776306
0.3980741798877716
0.40528807044029236
0.40196341276168823
0.39921835064888
0.40079250931739807
0.4006437659263611
0.3988156020641327
0.39232292771339417
0.4028491675853729
0.3960377275943756
0.39402252435684204
0.40504276752471924
0.406418114900589
0.40140026807785034
0.4061431884765625
0.3904995620250702
0.3998374342918396
0.3956557512283325
0.3896992802619934
0.4075748026371002
0.39756444096565247
0.40099048614501953
0.40149986743927
0.3981994688510895
0.3990115821361542
0.39583900570869446
0.4093160927295685
0.4014180898666382
0.3924188017845154
0.39824724197387695
0.39328935742378235
0.40206751227378845
0.3980604410171509
0.400013267993927
0.3956703543663025
0.3955017626285553
0.39867159724235535
0.39927661418914795
0.40234529972076416
0.4076879322528839
0.40207621455192566
0.3945893943309784
0.39853745698928833
0.38965433835983276
0.405872642993927
0.4054448902606964
0.3991245925426483
0.3879883885383606
0.39259108901023865
0.3915436863899231
0.3902915418148041
0.38368895649909973
0.39567363262176514
0.40532591938972473
0.39272233843803406
0.38675859570503235
0.3952185809612274
0.3978804647922516
0.4068600833415985
0.38921627402305603
0.4006504714488983
0.39793339371681213
0.3973037898540497
0.3912343978881836
0.4010719656944275
0.40385115146636963
0.38913384079933167
0.40402698516845703
0.4002577066421509
0.39967966079711914
0.39721766114234924
0.4019757807254791
0.4071728587150574
0.40420618653297424
0.4035341441631317
0.395124226808548
0.40144214034080505
0.39187467098236084
0.3929609954357147
0.38608551025390625
0.3952418565750122
0.39587196707725525
0.39292243123054504
0.39901310205459595
0.39365577697753906
0.39095595479011536
0.3931121826171875
0.39710599184036255
0.4044649004936218
0.39488208293914795
0.3903449773788452
0.39373233914375305
0.39278608560562134
0.39841634035110474
0.39321956038475037
0.39612266421318054
0.3962993621826172
0.39000701904296875
0.4032663106918335
0.3982592523097992
0.3918188214302063
0.39259880781173706
0.39594459533691406
0.38875383138656616
0.40089160203933716
0.39705243706703186
0.387401282787323
0.39529940485954285
0.3938581645488739
0.40108710527420044
0.3929291367530823
0.38735103607177734
0.4041045606136322
0.39657866954803467
0.3995814621448517
0.3912212550640106
0.39329299330711365
0.40175020694732666
0.3901110589504242
0.3934052586555481
0.4071536660194397
0.3901435136795044
0.39894288778305054
0.3986818492412567
0.39067625999450684
0.3913510739803314
0.39539921283721924
0.3923705518245697
0.3937346637248993
0.3992450535297394
0.39392420649528503
0.40346142649650574
0.4028952419757843
0.39341163635253906
0.3999488651752472
0.39408010244369507
0.3993600606918335
0.39468562602996826
0.4058367609977722
0.3841855227947235
0.3863411247730255
0.39519593119621277
0.39397114515304565
0.400400847196579
0.3898988366127014
0.3816917836666107
0.38739827275276184
0.39168834686279297
0.3902033865451813
0.39614593982696533
0.3900463581085205
0.3970675766468048
0.39321669936180115
0.3878876566886902
0.39195072650909424
0.39999666810035706
0.3931790292263031
0.38454335927963257
0.4030332565307617
0.3920815885066986
0.39345666766166687
0.39365339279174805
0.3974815011024475
0.3910958468914032
0.39957645535469055
0.3946566581726074
0.40091055631637573
0.4003588855266571
0.4051402509212494
0.3987874686717987
0.39573708176612854
0.39752456545829773
0.39059269428253174
0.39296969771385193
0.40107932686805725
0.3947362005710602
0.4007207453250885
0.3904934525489807
0.3983202576637268
0.40003064274787903
0.39618274569511414
0.39081627130508423
0.388519287109375
0.3919025957584381
0.3970119059085846
0.3970203995704651
0.3869006931781769
