0.8020091652870178
0.6552245020866394
0.6312931180000305
0.6209887862205505
0.5826437473297119
0.5716156363487244
0.5557724833488464
0.5485192537307739
0.5332711338996887
0.5333965420722961
0.5463811755180359
0.5352363586425781
0.5253244042396545
0.5156086683273315
0.5182870626449585
0.5236836075782776
0.5073217153549194
0.5063761472702026
0.5140941739082336
0.5035642981529236
0.49932563304901123
0.5042251348495483
0.5082994103431702
0.5007108449935913
0.4947992265224457
0.4892093539237976
0.49854788184165955
0.4852346181869507
0.4996948838233948
0.48078253865242004
0.4806395173072815
0.49768301844596863
0.4887734651565552
0.48033303022384644
0.49853813648223877
0.49022215604782104
0.4791184663772583
0.47420984506607056
0.48667111992836
0.48366400599479675
0.47475388646125793
0.4786469340324402
0.4766116440296173
0.4681187868118286
0.48496827483177185
0.47815680503845215
0.4854230284690857
0.47088438272476196
0.4560070037841797
0.4796003997325897
0.4596593976020813
0.4681435227394104
0.45826461911201477
0.45824262499809265
0.46461620926856995
0.452239453792572
0.4582744538784027
0.45961427688598633
0.4657449424266815
0.45119327306747437
0.45959222316741943
0.46861502528190613
0.4508766829967499
0.44943422079086304
0.46789243817329407
0.45267555117607117
0.4578131139278412
0.4512379467487335
0.45396384596824646
0.4434995949268341
0.45874419808387756
0.44578203558921814
0.4532124400138855
0.4432065188884735
0.4559049904346466
0.44350749254226685
0.4501892328262329
0.4485122859477997
0.45481452345848083
0.4509084224700928
0.4506429135799408
0.44097256660461426
0.43808606266975403
0.43090206384658813
0.4431039094924927
0.45007988810539246
0.44945383071899414
0.43853437900543213
0.42649683356285095
0.44562289118766785
0.423551082611084
0.4324869215488434
0.43980762362480164
0.43193936347961426
0.42142778635025024
0.4323042631149292
0.4315972328186035
0.43605145812034607
0.41878023743629456
0.4283028542995453
0.4319673776626587
0.4289554953575134
0.43806079030036926
0.43549618124961853
0.4375312924385071
0.4124179780483246
0.4244730472564697
0.4354250729084015
0.4306122362613678
0.4206218719482422
0.4213131070137024
0.4189404845237732
0.4245648980140686
0.4129128158092499
0.412961483001709
0.4218548834323883
0.42188823223114014
0.4174274504184723
0.4268471896648407
0.42168790102005005
0.41294875741004944
0.41995808482170105
0.41374289989471436
0.40895983576774597
0.41304290294647217
0.4136994183063507
0.41199126839637756
0.41086360812187195
0.4308850169181824
0.41131967306137085
0.4124242663383484
0.42426323890686035
0.41792985796928406
0.40616127848625183
0.40872710943222046
0.41120949387550354
0.42047417163848877
0.4023003876209259
0.4085281193256378
0.4103012681007385
0.41259482502937317
0.4081975221633911
0.40434977412223816
0.40064331889152527
0.40116146206855774
0.40965601801872253
0.3988030254840851
0.4001814126968384
0.40279504656791687
0.4064745008945465
0.4008994996547699
0.3969879150390625
0.4005047082901001
0.40520283579826355
0.396405428647995
0.39784935116767883
0.3887879550457001
0.40534937381744385
0.39447978138923645
0.39706555008888245
0.4056878983974457
0.40713948011398315
0.401113897562027
0.4039660096168518
0.38834768533706665
0.3991278409957886
0.3949887156486511
0.3894061744213104
0.40051010251045227
0.3868618607521057
0.4022097885608673
0.3967342674732208
0.38459885120391846
0.38510873913764954
0.3942490816116333
0.4033946394920349
0.39343589544296265
0.38795533776283264
0.3900943398475647
0.3988543450832367
0.395483136177063
0.38756367564201355
0.37616848945617676
0.39059513807296753
0.39158061146736145
0.39105337858200073
0.398044228553772
0.38868963718414307
0.40517643094062805
0.40419790148735046
0.3969014585018158
0.3931293487548828
0.3890953063964844
0.3827314078807831
0.38571012020111084
0.3852565884590149
0.3783015310764313
0.3757355213165283
0.3949878513813019
0.3909013867378235
0.38510212302207947
0.3861711919307709
0.380282461643219
0.39140060544013977
0.3843519687652588
0.384548157453537
0.3883509933948517
0.38757258653640747
0.38844600319862366
0.3898085355758667
0.38231736421585083
0.38789305090904236
0.37087491154670715
0.38891807198524475
0.3734980821609497
0.37591060996055603
0.3743007779121399
0.4046984016895294
0.39142173528671265
0.37862926721572876
0.38253718614578247
0.39242956042289734
0.3751486539840698
0.382298082113266
0.39126673340797424
0.3782971501350403
0.38021188974380493
0.3714369237422943
0.3972786068916321
0.3861609101295471
0.3746190369129181
0.3728935122489929
0.4013358950614929
0.39163321256637573
0.38321739435195923
0.3788796663284302
0.3716244101524353
0.3770875930786133
0.3709433078765869
0.3706749975681305
0.37992382049560547
0.386278361082077
0.3683159053325653
0.37681645154953003
0.37102559208869934
0.37257400155067444
0.37573307752609253
0.38206785917282104
0.3703712224960327
0.3771183490753174
0.36978667974472046
0.36884090304374695
0.3703314960002899
0.37213075160980225
0.3847767114639282
0.37883028388023376
0.3765502870082855
0.370304673910141
0.36591291427612305
0.3739168643951416
0.37173590064048767
0.37521079182624817
0.3633463978767395
0.3798387348651886
0.3742304742336273
0.3725138306617737
0.3651643395423889
0.3713517487049103
0.388802707195282
0.3607432246208191
0.3608705699443817
0.3774508833885193
0.35893797874450684
0.37874868512153625
0.3684815466403961
0.3672891855239868
0.37131842970848083
0.36777302622795105
0.3836923837661743
0.3704083263874054
0.3698352575302124
0.35986533761024475
0.37481480836868286
0.36901459097862244
0.3722064793109894
0.37846553325653076
0.3497021496295929
0.36065617203712463
0.37333524227142334
0.3675349950790405
0.3664020001888275
0.34892016649246216
0.37348389625549316
0.37395432591438293
0.37650182843208313
0.3788773715496063
0.3821619153022766
0.3771894574165344
0.38161206245422363
0.34963706135749817
0.36507147550582886
0.37408745288848877
0.35554102063179016
0.37176182866096497
0.3963741958141327
0.37545958161354065
0.3561599850654602
0.36353009939193726
0.3724290430545807
0.36390116810798645
0.3708780109882355
0.366102010011673
0.3653651773929596
0.3640884757041931
0.3795892894268036
0.3677694499492645
0.3661351203918457
0.36032992601394653
0.3534921109676361
0.35116878151893616
0.3757792115211487
0.36990994215011597
0.36631569266319275
0.3538956940174103
0.3715849220752716
0.3578280210494995
0.37529146671295166
0.3642701804637909
0.37427008152008057
0.3533468246459961
0.35114121437072754
0.3584793508052826
0.36194559931755066
0.3610440492630005
0.3672868609428406
0.3527504801750183
0.3681562542915344
0.3618127107620239
0.35218897461891174
0.3669286370277405
0.36318641901016235
0.35944992303848267
0.372571736574173
0.36018791794776917
0.3550892174243927
0.35865965485572815
0.3699457049369812
0.37765127420425415
0.3597915470600128
0.3585726320743561
0.3718712031841278
0.3629445433616638
0.3481205999851227
0.33834725618362427
0.3717813491821289
0.3600444197654724
0.36618173122406006
0.3674829602241516
0.36728405952453613
0.3592985272407532
0.36681556701660156
0.3580110967159271
0.3552454113960266
0.37114834785461426
0.35859060287475586
0.35588428378105164
0.3688559830188751
0.36911219358444214
0.3542817234992981
0.3795396089553833
0.36022672057151794
0.36469560861587524
0.3431861698627472
0.3412361741065979
0.36097580194473267
0.35845205187797546
0.36390382051467896
0.34791719913482666
0.37721961736679077
0.35995054244995117
0.3720839321613312
0.35735782980918884
0.3667476773262024
0.35503751039505005
0.3597228527069092
0.3627907633781433
0.356757253408432
0.3622327148914337
0.3625422418117523
0.3786863386631012
0.3618137240409851
0.36101287603378296
0.35523298382759094
0.3494187891483307
0.36400899291038513
0.359386146068573
0.3758370876312256
0.3549824059009552
0.3708665668964386
0.3537197411060333
0.3729511499404907
0.3614029586315155
0.3533700704574585
0.3661878705024719
0.35791078209877014
0.34727153182029724
0.3506515920162201
0.353927344083786
0.3535161018371582
0.36602744460105896
0.341449499130249
0.36241036653518677
0.3555033504962921
0.3710065186023712
0.35236915946006775
0.36964547634124756
0.36193743348121643
0.3655492961406708
0.36209315061569214
0.3489214777946472
0.3561331629753113
0.3495858311653137
0.35862407088279724
0.36698466539382935
0.35952410101890564
0.34374135732650757
0.35270747542381287
0.34454837441444397
0.36327898502349854
0.3468439280986786
0.3447240889072418
0.35519692301750183
0.34425753355026245
0.358817458152771
0.3631644546985626
0.3621724247932434
0.35884416103363037
0.3495337665081024
0.34323617815971375
0.3484693765640259
0.3547092080116272
0.3544844686985016
0.3581240475177765
0.35377398133277893
0.35168227553367615
0.36329182982444763
0.3496631383895874
0.3625354766845703
0.35087162256240845
0.3502163589000702
0.35795828700065613
0.36028146743774414
0.3400374948978424
0.3607082664966583
0.3548896908760071
0.35047852993011475
0.35178953409194946
0.36236387491226196
0.3538314402103424
0.3530857563018799
0.3512183129787445
0.35504600405693054
0.3509886860847473
0.34225180745124817
0.33952608704566956
0.34094616770744324
0.34896790981292725
0.34706979990005493
0.36466842889785767
0.34473511576652527
0.3553551435470581
0.35072022676467896
0.3576873242855072
0.3491891324520111
0.3358350992202759
0.3436049520969391
0.3604443073272705
0.35038885474205017
0.34868013858795166
0.34938547015190125
0.34671998023986816
0.3637341260910034
0.3352818489074707
0.339382141828537
0.36269867420196533
0.3467192053794861
0.3420884311199188
0.36034584045410156
0.34252235293388367
0.35589799284935
0.35020050406455994
0.3588874936103821
0.33635154366493225
0.34575343132019043
0.36865323781967163
0.35741010308265686
0.34367087483406067
0.33219054341316223
0.3488183915615082
0.33888107538223267
0.34096333384513855
0.36607658863067627
0.3376035988330841
0.33637431263923645
0.36860573291778564
0.3424580693244934
0.3528851568698883
0.35053637623786926
0.36597704887390137
0.3766077160835266
0.3474322259426117
0.35601723194122314
0.36019912362098694
0.3496338725090027
0.35416921973228455
0.36715245246887207
0.35758620500564575
0.3573012053966522
0.36033061146736145
0.36665230989456177
0.34311243891716003
0.3577563762664795
0.3565993010997772
0.3555483818054199
0.3529372811317444
0.35628950595855713
0.35276660323143005
0.35884544253349304
0.34427306056022644
0.3405372202396393
0.35714757442474365
0.34890666604042053
0.3561078608036041
0.3454994559288025
0.35943979024887085
0.3470083773136139
0.3600119352340698
0.35364830493927
0.3693206310272217
0.3524768650531769
0.3495328426361084
0.3523699641227722
0.36542657017707825
0.35723552107810974
0.34621527791023254
0.35590773820877075
0.3466509282588959
0.35601547360420227
0.35267844796180725
0.339008629322052
0.35818198323249817
0.35306382179260254
0.34272629022598267
0.3614530563354492
0.35900425910949707
0.3429039418697357
0.34373196959495544
0.348233163356781
0.36512449383735657
0.34851253032684326
0.3634788393974304
0.350477397441864
0.3426211178302765
0.34032708406448364
0.35114961862564087
0.3501090705394745
0.3583994209766388
0.34246495366096497
0.33617261052131653
0.3507125973701477
0.35303038358688354
0.35040098428726196
0.3484771251678467
0.3495537340641022
0.34085580706596375
0.34811657667160034
0.37499797344207764
0.3450048565864563
0.34833118319511414
0.3606366515159607
0.35501065850257874
0.3526081144809723
0.35620030760765076
0.353696346282959
0.35634398460388184
0.3597971796989441
0.3552636504173279
0.3538423180580139
0.34636443853378296
0.3479267954826355
0.3577195405960083
0.35209280252456665
0.3535637855529785
0.34122055768966675
0.35267752408981323
0.349677711725235
0.3588273525238037
0.345811128616333
0.3365061283111572
0.34704074263572693
0.3513939082622528
0.34422534704208374
0.3675827980041504
