0.7076404690742493
0.6949047446250916
0.6893739104270935
0.6818565130233765
0.6727387309074402
0.668397843837738
0.6542735695838928
0.652147650718689
0.6408476233482361
0.6413821578025818
0.624737024307251
0.6158472895622253
0.614726185798645
0.6209408044815063
0.6102596521377563
0.6116265058517456
0.5953367948532104
0.5898714661598206
0.5800532698631287
0.5780034065246582
0.5684967041015625
0.5552088618278503
0.5639930367469788
0.5538418889045715
0.5521236658096313
0.5684044361114502
0.5657747983932495
0.5587382912635803
0.5373632907867432
0.5427362322807312
0.5507209897041321
0.5464830994606018
0.5408416986465454
0.5387461185455322
0.5354709625244141
0.5439594388008118
0.5289638638496399
0.548278272151947
0.5349635481834412
0.5299109220504761
0.5323253870010376
0.5305930376052856
0.5172920823097229
0.5257704854011536
0.5242531299591064
0.5303328037261963
0.5320829153060913
0.5292415022850037
0.5198702216148376
0.5231329798698425
0.5220106244087219
0.5216317176818848
0.5133053064346313
0.5219407081604004
0.5178635716438293
0.5332156419754028
0.5274880528450012
0.5167679190635681
0.5266152024269104
0.5054720044136047
0.5205925107002258
0.49637237191200256
0.5210050940513611
0.5128895044326782
0.516984224319458
0.5155448317527771
0.5198504328727722
0.5181336998939514
0.5077630281448364
0.5007377862930298
0.5230058431625366
0.5132153630256653
0.5075289607048035
0.5320777297019958
0.5091689825057983
0.5037468075752258
0.5043924450874329
0.5231981873512268
0.528400719165802
0.5134053826332092
0.5230797529220581
0.5209874510765076
0.5074409246444702
0.527978777885437
0.5141006708145142
0.5156831741333008
0.5082107186317444
0.5157787203788757
0.5221144556999207
0.5076702833175659
0.5049756765365601
0.5080478191375732
0.5005379915237427
0.5177141427993774
0.5180134177207947
0.5048364996910095
0.5091134309768677
0.5178796052932739
0.5228251218795776
0.5223301649093628
0.5164209008216858
0.5137431621551514
0.5106585025787354
0.5129483342170715
0.5158278346061707
0.5186021327972412
0.49997177720069885
0.5036334991455078
0.5077322125434875
0.5297423005104065
0.5183942317962646
0.5211310982704163
0.5131864547729492
0.5213583707809448
0.49963057041168213
0.5095623731613159
0.5031090378761292
0.5040346384048462
0.5112134218215942
0.5081246495246887
0.5095339417457581
0.5131431818008423
0.5078933835029602
0.5012022256851196
0.5043483376502991
0.5168864727020264
0.5112554430961609
0.5102152824401855
0.5218090415000916
0.5026458501815796
0.510297954082489
0.5065776705741882
0.5068223476409912
0.495613694190979
0.5089185237884521
0.5087178349494934
0.5094180107116699
0.5167714953422546
0.5031623840332031
0.5062791705131531
0.5088648796081543
0.5021606683731079
0.5013023018836975
0.5265073776245117
0.5111123919487
0.5062320828437805
0.5090458989143372
0.5027105808258057
0.5077627301216125
0.5049999952316284
0.4940790832042694
0.5118394494056702
0.4954710602760315
0.5108686685562134
0.5111748576164246
0.5120532512664795
0.5038700699806213
0.5044255256652832
0.5042224526405334
0.5074226260185242
0.509696364402771
0.5039075613021851
0.49604448676109314
0.5155879259109497
0.4902693033218384
0.4970797300338745
0.4914202392101288
0.5018199682235718
0.5052029490470886
0.5095027685165405
0.5013519525527954
0.5079389214515686
0.5056619644165039
0.503425121307373
0.49699366092681885
0.5080094337463379
0.5005500912666321
0.5073118209838867
0.5144163370132446
0.5083041191101074
0.49537011981010437
0.5055192708969116
0.4907778203487396
0.4960007071495056
0.5052181482315063
0.4923461973667145
0.5045838356018066
0.5117931365966797
0.49619993567466736
0.49195191264152527
0.4991235136985779
0.5148093104362488
0.503932535648346
0.4998184144496918
0.49753880500793457
0.50099778175354
0.49658557772636414
0.51774001121521
0.4970856308937073
0.4910306930541992
0.49959078431129456
0.5096716284751892
0.5006574392318726
0.49682483077049255
0.4850585460662842
0.5107765197753906
0.5059128403663635
0.5013541579246521
0.5071843266487122
0.5099954605102539
0.5013425350189209
0.5005084872245789
0.49355071783065796
0.5050493478775024
0.4942920506000519
0.5024929046630859
0.4939495623111725
0.5134164094924927
0.49177658557891846
0.5086801648139954
0.4988843500614166
0.5081509947776794
0.5018865466117859
0.4962907135486603
0.4991961717605591
0.5006146430969238
0.4977692663669586
0.5019347071647644
0.4916642904281616
0.4890845715999603
0.504753589630127
0.49274325370788574
0.5223707556724548
0.5108187198638916
0.49971234798431396
0.4989917576313019
0.5010616779327393
0.4926919639110565
0.495207816362381
0.4933108687400818
0.4930316209793091
0.4952968657016754
0.5054334998130798
0.5072792172431946
0.4966927766799927
0.5029318928718567
0.4956384301185608
0.4989427924156189
0.4969182014465332
0.49298280477523804
0.4978752136230469
0.5102294683456421
0.4997352957725525
0.5018987059593201
0.49299517273902893
0.49515077471733093
0.5013232827186584
0.4988288879394531
0.4993298649787903
0.49390244483947754
0.4955315887928009
0.5082308650016785
0.5150327682495117
0.5001111030578613
0.4940233528614044
0.4927593469619751
0.500929057598114
0.504393994808197
0.49470871686935425
0.5201196670532227
0.502885639667511
0.4987621605396271
0.4921305775642395
0.49722179770469666
0.5020890831947327
0.49761128425598145
0.5040645003318787
0.5043242573738098
0.5040753483772278
0.5065959095954895
0.49248045682907104
0.49254706501960754
0.49570173025131226
0.4996299147605896
0.5107516050338745
0.485386461019516
0.4774389863014221
0.5051435232162476
0.49765288829803467
0.49491316080093384
0.4928751289844513
0.505484938621521
0.5010500550270081
0.4917244017124176
0.4963701367378235
0.4975782632827759
0.4899498224258423
0.5054903030395508
0.5086568593978882
0.49782708287239075
0.4991470277309418
0.502177357673645
0.5060520768165588
0.5035539865493774
0.5029474496841431
0.5169176459312439
0.49546271562576294
0.49298956990242004
0.4864605665206909
0.4917726516723633
0.48740580677986145
0.49825093150138855
0.49568644165992737
0.4897603988647461
0.5049557685852051
0.5129354000091553
0.5016581416130066
0.49357858300209045
0.48410701751708984
0.4986940920352936
0.5006883144378662
0.5000152587890625
0.5067372918128967
0.4894586205482483
0.4908013343811035
0.4938008487224579
0.4875531792640686
0.5012771487236023
0.48699596524238586
0.49986350536346436
0.4939742684364319
0.49771082401275635
0.4935554563999176
0.4861915111541748
0.49032172560691833
0.4944726228713989
0.5053622126579285
0.4935702979564667
0.4954621493816376
0.5008684396743774
0.494074285030365
0.49476394057273865
0.4955064058303833
0.4829307794570923
0.49806147813796997
0.5072423815727234
0.4924318194389343
0.4867112338542938
0.48870134353637695
0.4929652214050293
0.5074547529220581
0.4942414462566376
0.49982696771621704
0.4859110116958618
0.49245092272758484
0.49915453791618347
0.48532184958457947
0.4950543940067291
0.4942719340324402
0.5040815472602844
0.50333172082901
0.5010600090026855
0.49824047088623047
0.4975872337818146
0.4934562146663666
0.5005766749382019
0.49027225375175476
0.5111255645751953
0.4976899027824402
0.5036959648132324
0.49695444107055664
0.4866887629032135
0.5021408796310425
0.49497416615486145
0.5022163987159729
0.49527814984321594
0.5095126628875732
0.4916689097881317
0.49289670586586
0.4971103370189667
0.4839642643928528
0.4988233149051666
0.4954042136669159
0.49422183632850647
0.48683297634124756
0.4982036054134369
0.49969249963760376
0.48949551582336426
0.4845087230205536
0.4955787658691406
0.4868614375591278
0.503631591796875
0.49371421337127686
0.49621763825416565
0.49835386872291565
0.5016639828681946
0.5110803842544556
0.49763545393943787
0.500201404094696
0.5025464296340942
0.4922589659690857
0.4818381369113922
0.5007413029670715
0.49779778718948364
0.5020506978034973
0.4883955419063568
0.5058536529541016
0.4977818727493286
0.4871455430984497
0.5083163380622864
0.5056746602058411
0.4986138343811035
0.48408886790275574
0.5031487941741943
0.5061492919921875
0.48279839754104614
0.4958173632621765
0.5069888234138489
0.49176549911499023
0.5012573599815369
0.5017995238304138
0.4930945634841919
0.49811720848083496
0.4977740943431854
0.49138766527175903
0.5021663904190063
0.501070499420166
0.49727168679237366
0.4932253658771515
0.4864991009235382
0.48564156889915466
0.49621784687042236
0.5075526237487793
0.4875502288341522
0.4982535243034363
0.5108547210693359
0.4966592490673065
0.498312383890152
0.4896286427974701
0.5015036463737488
0.5077669024467468
0.49423715472221375
0.5030132532119751
0.4932284653186798
0.5064756870269775
0.49362412095069885
0.5010746717453003
0.5088760852813721
0.48659592866897583
0.5089715719223022
0.49465060234069824
0.4899124503135681
0.48194581270217896
0.5037246942520142
0.4959123432636261
0.501410722732544
0.4953380525112152
0.4721899926662445
0.49778756499290466
0.48873063921928406
0.5022658109664917
0.48359930515289307
0.49464377760887146
0.49254485964775085
0.4998215138912201
0.5051513314247131
0.4891008138656616
0.4919570982456207
0.5002936124801636
0.5064330101013184
0.4949711561203003
0.4975034296512604
0.4975959062576294
0.4959198832511902
0.4981386363506317
0.4913967549800873
0.49597135186195374
0.5044564008712769
0.4871646463871002
0.49192216992378235
0.4893941283226013
0.48950162529945374
0.5007344484329224
0.49516671895980835
0.48881444334983826
0.49681252241134644
0.4929729104042053
0.49761754274368286
0.5046291351318359
0.49929091334342957
0.4998796284198761
0.5057714581489563
0.49969956278800964
0.4858286380767822
0.48958659172058105
0.4868384897708893
0.4990573525428772
0.49930039048194885
0.4946250319480896
0.4881861209869385
0.48724332451820374
0.49181312322616577
0.5044105648994446
0.5116826295852661
0.49874812364578247
0.49491339921951294
0.4999878406524658
0.49451538920402527
0.4921814203262329
0.5030906200408936
0.4950297176837921
0.48972755670547485
0.4980160892009735
0.5036826133728027
0.49655643105506897
0.49833548069000244
0.49835413694381714
0.4880673289299011
0.4964378774166107
0.4991958439350128
0.4899801015853882
0.48583686351776123
0.49370408058166504
0.4974444806575775
0.49844110012054443
0.4978470206260681
0.4929407238960266
0.49175316095352173
0.4962148666381836
0.5076290369033813
0.4878354072570801
0.5020648241043091
0.5051971673965454
0.4985252320766449
0.5048942565917969
0.48877382278442383
0.5070629715919495
0.49282073974609375
0.4980199337005615
0.49433258175849915
0.49699732661247253
0.5087677240371704
0.4971284866333008
0.4969419240951538
0.4819019138813019
0.49570325016975403
0.5066989064216614
0.5039833188056946
0.49250152707099915
0.49569422006607056
0.4971686601638794
0.5078844428062439
0.5049102306365967
0.4927311837673187
0.4822729229927063
0.49005454778671265
0.4886808693408966
0.49248337745666504
0.5053607225418091
0.49202823638916016
0.488411545753479
0.489452987909317
0.49772027134895325
0.4928033649921417
0.5019896030426025
0.4842487573623657
0.5122581720352173
0.4942381680011749
0.49651259183883667
0.4935087561607361
0.5042079091072083
0.4962530732154846
0.4936157763004303
0.5108827948570251
0.5042726993560791
0.492922842502594
0.49519720673561096
0.49799856543540955
0.49016380310058594
0.49240589141845703
0.4873086214065552
0.48004433512687683
0.5129117965698242
0.4980313181877136
0.4876597821712494
0.49682384729385376
0.4920213520526886
0.4970106780529022
0.49466773867607117
0.49129873514175415
0.5035696029663086
0.49703747034072876
0.48903194069862366
0.4900878965854645
0.505399227142334
0.4992423355579376
0.4886262118816376
0.502869188785553
0.48776596784591675
0.4925815463066101
0.5177510976791382
0.49401405453681946
0.48827657103538513
0.49206700921058655
0.48113659024238586
0.5043389201164246
0.5028253197669983
0.4879150986671448
0.4857454001903534
0.5014686584472656
0.5014711618423462
0.48896390199661255
0.4980049431324005
0.502815306186676
0.4933147132396698
0.49622127413749695
0.5037370920181274
0.47921326756477356
0.4921756088733673
0.4916920065879822
0.49307677149772644
0.4907996356487274
0.4994204342365265
0.5010170936584473
0.47746771574020386
0.49892109632492065
0.4803074598312378
0.47658926248550415
0.4985867142677307
0.4864429235458374
0.4948558509349823
0.506725013256073
0.4815126061439514
0.5125485062599182
0.5001516938209534
0.48371899127960205
0.49055764079093933
0.4906676411628723
0.49106067419052124
0.5016433596611023
0.491582453250885
0.4952136278152466
0.499515563249588
0.49249306321144104
0.493093341588974
0.5032556056976318
0.4925832450389862
0.4887617528438568
0.4988597333431244
0.4779965579509735
0.5044680833816528
0.49512091279029846
0.5004873275756836
0.4829568862915039
0.5030157566070557
0.48872601985931396
0.4934779107570648
0.48869118094444275
0.49751797318458557
0.4940478503704071
0.49875614047050476
0.5125619769096375
0.5144673585891724
0.49116551876068115
0.49396973848342896
0.47270697355270386
0.4982602894306183
0.4822532534599304
0.4993704855442047
0.4868680238723755
0.501781165599823
0.48411765694618225
0.48656049370765686
0.4933360517024994
0.4974243640899658
0.49912229180336
0.5030343532562256
0.5066215991973877
0.49119049310684204
0.506894052028656
0.4958947002887726
0.4837180972099304
0.5085343718528748
0.5070559978485107
0.4871252477169037
0.5038931965827942
0.5034712553024292
0.49876609444618225
0.5036925077438354
0.49500516057014465
0.48392486572265625
0.5024644732475281
0.4895322620868683
0.49909767508506775
0.4947315454483032
0.4977012276649475
0.4973475933074951
0.4986996054649353
0.4875123202800751
0.48933035135269165
0.4964706599712372
0.48759403824806213
0.4874405562877655
0.4941346049308777
0.4960784912109375
0.49187177419662476
0.4815193712711334
0.48321786522865295
0.4915870130062103
0.5100501179695129
0.48993873596191406
0.49316078424453735
0.5014808773994446
0.4969777762889862
0.483663946390152
0.528995931148529
0.4890272617340088
0.5017510056495667
0.5074397325515747
0.5072046518325806
0.4983333349227905
0.5077447891235352
0.4962315857410431
0.49795201420783997
0.4952858090400696
0.4975017309188843
0.4983571767807007
