0.6940348744392395
0.5733428597450256
0.5381978154182434
0.5230719447135925
0.5111150741577148
0.49919870495796204
0.4928717315196991
0.4871043860912323
0.5008782744407654
0.49245530366897583
0.4859735369682312
0.48487624526023865
0.4700603485107422
0.48883068561553955
0.47026321291923523
0.47362086176872253
0.4754858613014221
0.46769818663597107
0.4610139727592468
0.4746670722961426
0.4617173671722412
0.4591639041900635
0.45511093735694885
0.4648641347885132
0.4686853289604187
0.443892240524292
0.44260793924331665
0.45091956853866577
0.4451908469200134
0.44729939103126526
0.439609169960022
0.4470982253551483
0.43631383776664734
0.440297394990921
0.43069955706596375
0.42713454365730286
0.4359700381755829
0.4414837658405304
0.4331030547618866
0.43337464332580566
0.43051809072494507
0.428064227104187
0.4192047715187073
0.41395580768585205
0.42366480827331543
0.4027855694293976
0.40868449211120605
0.40472108125686646
0.4096341133117676
0.3938252627849579
0.40187886357307434
0.3999116122722626
0.4077843129634857
0.4054533541202545
0.39794230461120605
0.40159347653388977
0.3877013623714447
0.410404771566391
0.3957667350769043
0.39135050773620605
0.38142332434654236
0.3856391906738281
0.3727152645587921
0.3831914961338043
0.38522234559059143
0.3660881519317627
0.38259413838386536
0.3630717098712921
0.36084169149398804
0.36000868678092957
0.36045098304748535
0.33884239196777344
0.35630476474761963
0.3596418797969818
0.36406365036964417
0.363648384809494
0.3456152081489563
0.3385348618030548
0.32921090722084045
0.333419531583786
0.34634169936180115
0.3342883288860321
0.3530115783214569
0.36025288701057434
0.3363426923751831
0.34479349851608276
0.33871060609817505
0.33096110820770264
0.34953057765960693
0.32801446318626404
0.32542309165000916
0.32902026176452637
0.3040858507156372
0.3128797709941864
0.3274657726287842
0.33979201316833496
0.3082653880119324
0.3190751373767853
0.3173517882823944
0.3176775276660919
0.31049805879592896
0.31855279207229614
0.3049068748950958
0.3147949278354645
0.30329281091690063
0.3007993698120117
0.30871444940567017
0.2738175094127655
0.30916938185691833
0.3139685094356537
0.3067479133605957
0.28330662846565247
0.3017558753490448
0.2819838523864746
0.2860621213912964
0.2770574390888214
0.2685910165309906
0.2663532793521881
0.2830888032913208
0.29682525992393494
0.2633249759674072
0.2708985209465027
0.28214961290359497
0.266393780708313
0.26765450835227966
0.27627745270729065
0.27254241704940796
0.26442861557006836
0.27405041456222534
0.2769950032234192
0.27507996559143066
0.28410372138023376
0.25346219539642334
0.27459749579429626
0.262032687664032
0.2734633982181549
0.24519887566566467
0.2511080801486969
0.25912654399871826
0.25546374917030334
0.27969419956207275
0.2696748673915863
0.2672499418258667
0.26594021916389465
0.26228067278862
0.2627992033958435
0.2689773738384247
0.2529214322566986
0.2698249816894531
0.23972168564796448
0.2539597749710083
0.24326705932617188
0.25027212500572205
0.27693843841552734
0.24509084224700928
0.2583436369895935
0.26597344875335693
0.24438270926475525
0.24998873472213745
0.2640768885612488
0.2603573203086853
0.2583532929420471
0.2549298405647278
0.2514747083187103
0.2557280361652374
0.25656449794769287
0.24103105068206787
0.2329527586698532
0.2574455142021179
0.23847900331020355
0.23786112666130066
0.24286691844463348
0.24529317021369934
0.2441740781068802
0.23522676527500153
0.23925217986106873
0.2280561923980713
0.24366378784179688
0.24531401693820953
0.25029322504997253
0.2318505346775055
0.2322912961244583
0.24889451265335083
0.24846073985099792
0.23654991388320923
0.2558039724826813
0.22734779119491577
0.22371280193328857
0.22091838717460632
0.2522250711917877
0.21530543267726898
0.2304181456565857
0.22447700798511505
0.23294758796691895
0.2278270572423935
0.21276336908340454
0.23389504849910736
0.23472563922405243
0.23269294202327728
0.2468283772468567
0.2182832509279251
0.21441124379634857
0.2178424745798111
0.22916029393672943
0.22963573038578033
0.2214970737695694
0.21691961586475372
0.21479432284832
0.21869954466819763
0.22195640206336975
0.2135068029165268
0.20018602907657623
0.2303067296743393
0.21989138424396515
0.2007090300321579
0.2035183161497116
0.21898594498634338
0.22242982685565948
0.2092779129743576
0.20876458287239075
0.19353355467319489
0.21778222918510437
0.2004985362291336
0.23786409199237823
0.20973406732082367
0.21013443171977997
0.20333479344844818
0.21683552861213684
0.21552559733390808
0.22174812853336334
0.22404535114765167
0.21293653547763824
0.20302711427211761
0.2045060694217682
0.21089664101600647
0.23118580877780914
0.20659932494163513
0.21885015070438385
0.20352303981781006
0.21257513761520386
0.21610380709171295
0.20892103016376495
0.21503788232803345
0.22228015959262848
0.1972905844449997
0.2284611165523529
0.20539040863513947
0.18478122353553772
0.2077246606349945
0.18983997404575348
0.2268151491880417
0.218852236866951
0.20466859638690948
0.1930391490459442
0.2034865915775299
0.18964983522891998
0.22160394489765167
0.20230792462825775
0.19956910610198975
0.21395067870616913
0.2018193006515503
0.2061406821012497
0.20061656832695007
0.18549466133117676
0.21130624413490295
0.20500527322292328
0.19896197319030762
0.20424291491508484
0.19873365759849548
0.19672133028507233
0.2029184252023697
0.1850440502166748
0.19964554905891418
0.1975877732038498
0.1746821403503418
0.19939638674259186
0.19343586266040802
0.17851512134075165
0.19571515917778015
0.20536412298679352
0.20129521191120148
0.19726580381393433
0.18966513872146606
0.21628081798553467
0.1878344565629959
0.2017931491136551
0.19144797325134277
0.18996015191078186
0.19407986104488373
0.17967449128627777
0.19583989679813385
0.20476168394088745
0.19332146644592285
0.19548483192920685
0.2133544683456421
0.1719130128622055
0.19701477885246277
0.20357225835323334
0.20153933763504028
0.18337421119213104
0.19311019778251648
0.19204288721084595
0.18085546791553497
0.1737566888332367
0.19592732191085815
0.19842574000358582
0.18397587537765503
0.18425166606903076
0.2085106074810028
0.17876455187797546
0.20762227475643158
0.1774941235780716
0.20360970497131348
0.18611331284046173
0.18628789484500885
0.1909850835800171
0.19145920872688293
0.18228597939014435
0.17949536442756653
0.18404574692249298
0.18417678773403168
0.196559339761734
0.19165144860744476
0.18052907288074493
0.17465975880622864
0.1869337409734726
0.185561865568161
0.18583427369594574
0.1832789033651352
0.16944822669029236
0.1894025355577469
0.1687280684709549
0.1680925339460373
0.2032700777053833
0.19071203470230103
0.1925923377275467
0.18372249603271484
0.2098919004201889
0.18609224259853363
0.18931660056114197
0.17097289860248566
0.19941288232803345
0.17876356840133667
0.1815788745880127
0.17739994823932648
0.18444740772247314
0.18086878955364227
0.17535927891731262
0.17819331586360931
0.18423981964588165
0.1807921826839447
0.19896474480628967
0.19045864045619965
0.17159906029701233
0.18232695758342743
0.2087869644165039
0.18924273550510406
0.19978877902030945
0.16764281690120697
0.17520233988761902
0.19477754831314087
0.1966223120689392
0.18253420293331146
0.18201015889644623
0.18405325710773468
0.18901385366916656
0.1695958971977234
0.19494657218456268
0.18690422177314758
0.16058000922203064
0.18468524515628815
0.18866005539894104
0.17933641374111176
0.17200982570648193
0.1739674210548401
0.1754630208015442
0.1836545169353485
0.1685263216495514
0.16579701006412506
0.16628891229629517
0.18140678107738495
0.17004609107971191
0.17922599613666534
0.18493269383907318
0.18381038308143616
0.18123726546764374
0.16961894929409027
0.16937866806983948
0.18458479642868042
0.17039915919303894
0.1838902086019516
0.17626100778579712
0.17488959431648254
0.17290712893009186
0.17760448157787323
0.17811623215675354
0.1586342602968216
0.17964908480644226
0.1718054711818695
0.17180168628692627
0.15357595682144165
0.1693498194217682
0.17721794545650482
0.17482465505599976
0.18528501689434052
0.1818128228187561
0.13648782670497894
0.16509905457496643
0.16336296498775482
0.18244002759456635
0.16351667046546936
0.1674719601869583
0.1556922197341919
0.17147748172283173
0.16251854598522186
0.17884662747383118
0.15731152892112732
0.15854772925376892
0.17265979945659637
0.18868203461170197
0.15345415472984314
0.16776873171329498
0.17256315052509308
0.17184755206108093
0.19603092968463898
0.1664503663778305
0.19432885944843292
0.16933803260326385
0.17777197062969208
0.16622550785541534
0.17693769931793213
0.17238372564315796
0.16084547340869904
0.17335198819637299
0.17120243608951569
0.1689557135105133
0.16330377757549286
0.18314124643802643
0.16908571124076843
0.19158339500427246
0.17713162302970886
0.16100509464740753
0.17651163041591644
0.15376120805740356
0.18624486029148102
0.16286598145961761
0.17893214523792267
0.15490518510341644
0.17244307696819305
0.17592290043830872
0.19514904916286469
0.1729193776845932
0.1832958161830902
0.18370755016803741
0.16717647016048431
0.16609816253185272
0.1665210723876953
0.16427534818649292
0.1921597421169281
0.18734964728355408
0.16637584567070007
0.16308076679706573
0.1691085249185562
0.1697593629360199
0.1739785075187683
0.17049244046211243
0.17364265024662018
0.14692236483097076
0.1641101837158203
0.17325696349143982
0.1597939282655716
0.1651487648487091
0.1586158126592636
0.17014247179031372
0.1602277159690857
0.1711406409740448
0.19516608119010925
0.18334461748600006
0.1743118017911911
0.155205637216568
0.1629168838262558
0.18995822966098785
0.1763858050107956
0.16191311180591583
0.16484187543392181
0.15507476031780243
0.16292132437229156
0.15170827507972717
0.15488716959953308
0.16429704427719116
0.1883000135421753
0.17029999196529388
0.17671625316143036
0.17689290642738342
0.1669616550207138
0.17837496101856232
0.1649785339832306
0.17372696101665497
0.18474164605140686
0.18097075819969177
0.16310681402683258
0.1724034994840622
0.16135373711585999
0.16213105618953705
0.1636674702167511
0.16399087011814117
0.15760530531406403
0.16071602702140808
0.18471544981002808
0.19679372012615204
0.16750121116638184
0.17273755371570587
0.17556947469711304
0.18968695402145386
0.16819052398204803
0.16825146973133087
0.16753846406936646
0.15086926519870758
0.16749322414398193
0.1577223688364029
0.16854089498519897
0.16580535471439362
0.17204131186008453
0.1591387391090393
0.1937745213508606
0.16936998069286346
0.14967438578605652
0.1795537769794464
0.15488427877426147
0.19065210223197937
0.15962611138820648
0.1633220613002777
0.16641496121883392
0.1603589653968811
0.15757940709590912
0.16235333681106567
0.16146701574325562
0.17687249183654785
0.17116022109985352
0.1722695380449295
0.16165150701999664
0.15786442160606384
0.17028000950813293
0.1511124223470688
0.1696425974369049
0.15725891292095184
0.17542369663715363
0.1588953584432602
0.1701785773038864
0.18032385408878326
0.15541823208332062
0.16511237621307373
0.16107775270938873
0.17298845946788788
0.1478583961725235
0.17401686310768127
0.16791313886642456
0.1815955489873886
0.16029125452041626
0.18539494276046753
0.1573297083377838
0.15666987001895905
0.16633866727352142
0.15221033990383148
0.17011183500289917
0.17406712472438812
0.18573729693889618
0.15074875950813293
0.16922540962696075
0.1693664789199829
0.16210125386714935
0.16557598114013672
0.1449022889137268
0.17291408777236938
0.1508713960647583
0.16776688396930695
0.17171558737754822
0.15192542970180511
0.1827523112297058
0.1584889441728592
0.17117565870285034
0.1786607801914215
0.18640431761741638
0.17186449468135834
0.14682166278362274
0.1581689566373825
0.16287146508693695
0.17590786516666412
0.16958878934383392
0.16500034928321838
0.16166628897190094
0.16590215265750885
0.17724581062793732
0.16247020661830902
0.17203250527381897
0.16386571526527405
0.15712253749370575
0.17321643233299255
0.15287840366363525
0.1703592836856842
0.16931432485580444
