0.7555112838745117
0.6771619319915771
0.6680729389190674
0.6527194380760193
0.6371294260025024
0.6348470449447632
0.6263776421546936
0.6034970879554749
0.5956882238388062
0.5715935230255127
0.5553278923034668
0.5514397621154785
0.5550085306167603
0.542429506778717
0.5540218353271484
0.523834228515625
0.5225529670715332
0.5159059166908264
0.5151047706604004
0.546873927116394
0.5187230110168457
0.5201455354690552
0.521190881729126
0.5244826078414917
0.5116243958473206
0.5241028070449829
0.5009302496910095
0.4944929778575897
0.5220537781715393
0.5128102898597717
0.505333662033081
0.504967212677002
0.5041033625602722
0.4986589848995209
0.49575352668762207
0.5088090300559998
0.4947951138019562
0.5043200850486755
0.49906373023986816
0.4979689419269562
0.5022907257080078
0.48743560910224915
0.4935624599456787
0.49442005157470703
0.4926002621650696
0.49031147360801697
0.4800774157047272
0.4912360608577728
0.48594406247138977
0.49141788482666016
0.4772016406059265
0.48597443103790283
0.4791508913040161
0.4776913821697235
0.48720595240592957
0.4751053750514984
0.4731998145580292
0.46282684803009033
0.48386046290397644
0.4694502055644989
0.47183436155319214
0.470028281211853
0.4774419069290161
0.46841704845428467
0.4615844786167145
0.4803793728351593
0.4779997766017914
0.45711272954940796
0.46938323974609375
0.4651930034160614
0.4708203375339508
0.47533875703811646
0.47757428884506226
0.47536689043045044
0.4698670506477356
0.4780714213848114
0.4630116820335388
0.46192824840545654
0.45849892497062683
0.46667593717575073
0.45775529742240906
0.46431049704551697
0.4736604392528534
0.4583315849304199
0.4600830376148224
0.4656592011451721
0.47241851687431335
0.4518130123615265
0.46079516410827637
0.45127710700035095
0.46135926246643066
0.4505564570426941
0.4636208117008209
0.4574630558490753
0.46279430389404297
0.4529331624507904
0.4619249999523163
0.4586818814277649
0.45788514614105225
0.4483844041824341
0.45886343717575073
0.45076146721839905
0.4442380666732788
0.4571164548397064
0.45574671030044556
0.44744598865509033
0.44063714146614075
0.4325321614742279
0.45806729793548584
0.44716328382492065
0.4399452805519104
0.4549686908721924
0.4403882920742035
0.43779176473617554
0.44810283184051514
0.4413122534751892
0.43762144446372986
0.4393691122531891
0.42911356687545776
0.4393680989742279
0.43210476636886597
0.4550880193710327
0.43444955348968506
0.4415603280067444
0.4393841624259949
0.4403325915336609
0.4431793689727783
0.4444715976715088
0.4289364218711853
0.434114009141922
0.4405776560306549
0.4216448962688446
0.43149086833000183
0.44454628229141235
0.44827595353126526
0.4372921288013458
0.4366503655910492
0.4223566949367523
0.4391462802886963
0.4455626606941223
0.426166832447052
0.42062196135520935
0.4383096694946289
0.41437557339668274
0.4201895594596863
0.42112281918525696
0.42722612619400024
0.41763797402381897
0.42549046874046326
0.4362834692001343
0.43145468831062317
0.43483802676200867
0.44251346588134766
0.4285661280155182
0.4294464588165283
0.4271804690361023
0.41037318110466003
0.42347782850265503
0.42680075764656067
0.41337570548057556
0.41291186213493347
0.4324740171432495
0.42140889167785645
0.41642358899116516
0.43536731600761414
0.4272134006023407
0.4201064109802246
0.40297889709472656
0.425426185131073
0.41101232171058655
0.41893208026885986
0.4295821487903595
0.4301445484161377
0.4133164584636688
0.415140300989151
0.4026184678077698
0.4033327102661133
0.41386494040489197
0.41689571738243103
0.41890156269073486
0.41127192974090576
0.4073379337787628
0.4253244996070862
0.40916118025779724
0.42010217905044556
0.41660046577453613
0.395649790763855
0.4134160280227661
0.42720451951026917
0.4165022075176239
0.41071054339408875
0.41612184047698975
0.4190877676010132
0.41133490204811096
0.4222522974014282
0.40211623907089233
0.4092442989349365
0.40736672282218933
0.4077998101711273
0.40702876448631287
0.4255434572696686
0.4080282747745514
0.4117717444896698
0.40962451696395874
0.40406158566474915
0.4035671055316925
0.40657347440719604
0.4228785037994385
0.4050208628177643
0.4194709062576294
0.4221206307411194
0.41664543747901917
0.39663881063461304
0.3870182931423187
0.4126568138599396
0.42038586735725403
0.40322262048721313
0.39900606870651245
0.4169207513332367
0.39102011919021606
0.4030298888683319
0.3990156352519989
0.40557873249053955
0.4094645082950592
0.4064076244831085
0.4051424562931061
0.39272910356521606
0.3942486643791199
0.39428043365478516
0.3955410122871399
0.4130494296550751
0.40428099036216736
0.40352410078048706
0.39417529106140137
0.41722431778907776
0.40200453996658325
0.4117048680782318
0.4164659082889557
0.40938982367515564
0.40990835428237915
0.4170866012573242
0.40481534600257874
0.39204707741737366
0.385569304227829
0.3969882130622864
0.4018881022930145
0.3926132917404175
0.4024477005004883
0.4019690454006195
0.40055927634239197
0.3932744562625885
0.4062066972255707
0.3963862657546997
0.40196067094802856
0.4116581976413727
0.3894266188144684
0.38755789399147034
0.39531970024108887
0.40844598412513733
0.39105698466300964
0.38687780499458313
0.4001779854297638
0.42525798082351685
0.3884909152984619
0.375855952501297
0.39217409491539
0.3951241970062256
0.4021477699279785
0.4080319106578827
0.40956780314445496
0.394736647605896
0.399933785200119
0.4042854309082031
0.39957624673843384
0.3911644220352173
0.3907690644264221
0.39456072449684143
0.40410786867141724
0.39661091566085815
0.3970946967601776
0.39570000767707825
0.3855980336666107
0.3964725732803345
0.38577672839164734
0.408278226852417
0.38431859016418457
0.40468931198120117
0.39668068289756775
0.3898768723011017
0.38457202911376953
0.3918144106864929
0.3883531093597412
0.3894050121307373
0.3883914649486542
0.39326444268226624
0.4060940742492676
0.388986736536026
0.386209636926651
0.40085649490356445
0.4001091718673706
0.40842142701148987
0.3826024830341339
0.38785630464553833
0.3902089297771454
0.40299883484840393
0.39156919717788696
0.3958720266819
0.3879641890525818
0.39921170473098755
0.39155814051628113
0.3810684382915497
0.39915934205055237
0.3773617744445801
0.39781469106674194
0.37844279408454895
0.38642483949661255
0.3747348189353943
0.39774090051651
0.4021897614002228
0.40406516194343567
0.3777150809764862
0.3678666055202484
0.37449872493743896
0.36648404598236084
0.3790059983730316
0.4045744240283966
0.39161163568496704
0.3964536488056183
0.38416069746017456
0.4042092263698578
0.39487236738204956
0.39377281069755554
0.3759406507015228
0.39098817110061646
0.3763566315174103
0.3913553059101105
0.3803880214691162
0.38667309284210205
0.39653173089027405
0.3865332305431366
0.37906426191329956
0.3892613649368286
0.37461069226264954
0.397500604391098
0.38739827275276184
0.3943786919116974
0.39471328258514404
0.3781479001045227
0.38006967306137085
0.37677106261253357
0.39311400055885315
0.36616647243499756
0.39552780985832214
0.38549816608428955
0.38592076301574707
0.3687635660171509
0.3852374851703644
0.38581153750419617
0.39459583163261414
0.38852715492248535
0.3807772397994995
0.38581347465515137
0.3857879042625427
0.3770142197608948
0.3899097740650177
0.3872078061103821
0.3756406009197235
0.3888961374759674
0.38551005721092224
0.39139506220817566
0.3810887038707733
0.3761632740497589
0.3991953730583191
0.37932896614074707
0.3796268105506897
0.3812095522880554
0.3792760670185089
0.3864564895629883
0.37823083996772766
0.3737654685974121
0.38625553250312805
0.38232937455177307
0.37995287775993347
0.36537811160087585
0.383235365152359
0.3797454833984375
0.3968091309070587
0.3839761018753052
0.39343616366386414
0.38427451252937317
0.3932378888130188
0.3808611035346985
0.39038151502609253
0.38923513889312744
0.3597009778022766
0.392691433429718
0.38725900650024414
0.377761572599411
0.3798671066761017
0.3967824876308441
0.37767234444618225
0.38523605465888977
0.39248940348625183
0.3803834915161133
0.3872206509113312
0.3902145028114319
0.37507888674736023
0.38291844725608826
0.3988867700099945
0.36814019083976746
0.37943771481513977
0.37837085127830505
0.38005852699279785
0.3945695161819458
0.37160876393318176
0.3700817823410034
0.3808322548866272
0.3920455873012543
0.38337478041648865
0.37704306840896606
0.37812063097953796
0.3706655204296112
0.3859378695487976
0.370982825756073
0.37600865960121155
0.38990309834480286
0.39292603731155396
0.3817853331565857
0.3754763901233673
0.37640681862831116
0.38032570481300354
0.3661840856075287
0.3832363188266754
0.38237524032592773
0.3835580050945282
0.3940589725971222
0.3836421072483063
0.39426201581954956
0.360445111989975
0.38837286829948425
0.38951757550239563
0.38662633299827576
0.3706098794937134
0.37453898787498474
0.3714817762374878
0.3770551383495331
0.38630059361457825
0.3721020519733429
0.4020800292491913
0.3794151246547699
0.37775200605392456
0.3811676502227783
0.37633123993873596
0.38083532452583313
0.3827441930770874
0.3875528872013092
0.36694109439849854
0.4029226303100586
0.3690740466117859
0.37833771109580994
0.3912453353404999
0.3829365372657776
0.4017442464828491
0.3681357204914093
0.38431137800216675
0.3909662365913391
0.3879808485507965
0.3772520124912262
0.37896743416786194
0.3746413588523865
0.3768637478351593
0.37896645069122314
0.3859527111053467
0.3703923225402832
0.38274645805358887
0.3595271110534668
0.3766629993915558
0.3887558877468109
0.35717928409576416
0.38471004366874695
0.38714197278022766
0.3744419515132904
0.3682888448238373
0.3648163974285126
0.378136545419693
0.3693033456802368
0.37283027172088623
0.38569676876068115
0.3937721848487854
0.37702837586402893
0.38363295793533325
0.3608511686325073
0.3839258551597595
0.3951474130153656
0.39668160676956177
0.3761370778083801
0.38693588972091675
0.3759656846523285
0.37902340292930603
0.37851396203041077
0.39669883251190186
0.397942453622818
0.3584030270576477
0.37266525626182556
0.37369486689567566
0.3774856925010681
0.37005141377449036
0.38132503628730774
0.3641061782836914
0.38425102829933167
0.37127405405044556
0.3634576201438904
0.37189382314682007
0.3747476041316986
0.3838762640953064
0.37110045552253723
0.37839940190315247
0.3845943510532379
0.3650636076927185
0.3822343349456787
0.3805873394012451
0.3652714192867279
0.37632858753204346
0.35815146565437317
0.38733071088790894
0.3684450387954712
0.3616849184036255
0.37890464067459106
0.40025484561920166
0.38169050216674805
0.3656124174594879
0.3988112211227417
0.39070674777030945
0.40126878023147583
0.37572458386421204
0.3679649829864502
0.37430673837661743
0.35635846853256226
0.3644687831401825
0.36969825625419617
0.38532397150993347
0.3837001919746399
0.379691481590271
0.38669106364250183
0.3705366849899292
0.37279215455055237
0.3921831548213959
0.37277230620384216
0.3916458189487457
0.3976159393787384
0.386976033449173
0.38284069299697876
0.3756316900253296
0.3840253949165344
0.39165398478507996
0.37036094069480896
0.3829525411128998
0.3916100263595581
0.3679821789264679
0.36711934208869934
0.3741333782672882
0.367033988237381
0.3679164946079254
0.37144047021865845
0.38555631041526794
0.3807320296764374
0.387235552072525
0.379084050655365
0.38182035088539124
0.3696571886539459
0.36998605728149414
0.37186843156814575
0.3762718141078949
0.3798319399356842
0.3638819456100464
0.35805797576904297
0.3804493844509125
0.35614079236984253
0.3893055319786072
0.3834434747695923
0.37756839394569397
0.38054391741752625
0.35776424407958984
0.3789174258708954
0.38548433780670166
0.3740791082382202
0.3639361560344696
0.36803555488586426
0.37923821806907654
0.374311625957489
0.37863510847091675
0.3808937966823578
0.3816201686859131
0.37637826800346375
0.37594276666641235
0.3755243122577667
0.37846076488494873
0.37230077385902405
0.3928990364074707
0.37891271710395813
0.3741249740123749
