0.6918037533760071
0.6508194208145142
0.6042279005050659
0.5750748515129089
0.5511736273765564
0.5426601767539978
0.5653859972953796
0.5496863722801208
0.5265742540359497
0.5495961308479309
0.5213693976402283
0.5223310589790344
0.5187121033668518
0.5143555402755737
0.5269593596458435
0.5314595699310303
0.5220155119895935
0.513070285320282
0.5161206722259521
0.5081890821456909
0.5047725439071655
0.5014906525611877
0.503957211971283
0.5173719525337219
0.49962475895881653
0.49909085035324097
0.5002477765083313
0.505088746547699
0.5028805136680603
0.4967154860496521
0.4971133768558502
0.4890250563621521
0.487701952457428
0.48009544610977173
0.4819413125514984
0.49172136187553406
0.47857362031936646
0.4882686734199524
0.49000129103660583
0.4872037470340729
0.48274728655815125
0.4758543074131012
0.47628864645957947
0.48010411858558655
0.4772314727306366
0.4754175543785095
0.47725021839141846
0.4793953597545624
0.47293922305107117
0.4625801146030426
0.4679262638092041
0.4827176332473755
0.46690356731414795
0.4740131199359894
0.4651174247264862
0.4681093990802765
0.4653173089027405
0.47205227613449097
0.46008870005607605
0.46715399622917175
0.4541390538215637
0.45717868208885193
0.46317389607429504
0.45173177123069763
0.4553089141845703
0.4597262442111969
0.45404693484306335
0.44788533449172974
0.46014800667762756
0.46597373485565186
0.45647698640823364
0.45119595527648926
0.4491002559661865
0.44517385959625244
0.4405299127101898
0.4590883255004883
0.46521520614624023
0.4533410966396332
0.44367024302482605
0.4444681406021118
0.4409293234348297
0.44044485688209534
0.44259247183799744
0.44391360878944397
0.4400526285171509
0.44343847036361694
0.43509218096733093
0.4378940463066101
0.4409197270870209
0.4445967376232147
0.4277222752571106
0.4346493184566498
0.4441145658493042
0.44911086559295654
0.43636855483055115
0.4244435429573059
0.4411301910877228
0.4184896647930145
0.43393009901046753
0.4389311373233795
0.42042264342308044
0.42659199237823486
0.4276460111141205
0.43036484718322754
0.41584041714668274
0.4340691566467285
0.40739667415618896
0.42728060483932495
0.425234317779541
0.420097678899765
0.428062379360199
0.4200970530509949
0.41085249185562134
0.4103820323944092
0.428181529045105
0.4203844368457794
0.43766170740127563
0.41864973306655884
0.3964320719242096
0.40664899349212646
0.4227009117603302
0.405327707529068
0.4105289578437805
0.4164016544818878
0.4165353775024414
0.41328781843185425
0.4171972870826721
0.4100099205970764
0.4078362286090851
0.4086848199367523
0.4034835696220398
0.41448545455932617
0.4057167172431946
0.4131050109863281
0.413418173789978
0.4084389805793762
0.3967188000679016
0.4004720151424408
0.39846864342689514
0.39450159668922424
0.3964536786079407
0.38716694712638855
0.40200740098953247
0.3968912661075592
0.3987962603569031
0.3826570510864258
0.39833754301071167
0.3926958441734314
0.37889963388442993
0.3904493749141693
0.3787100911140442
0.38748404383659363
0.39503470063209534
0.38870668411254883
0.37922871112823486
0.3806179463863373
0.3865525424480438
0.39252424240112305
0.3796307146549225
0.38238218426704407
0.3872539699077606
0.3753715455532074
0.3905758261680603
0.38900575041770935
0.3821350634098053
0.3922295868396759
0.37628263235092163
0.39330917596817017
0.38543808460235596
0.3724181652069092
0.37375015020370483
0.38143065571784973
0.37695980072021484
0.39342036843299866
0.3796325922012329
0.3854266405105591
0.38126587867736816
0.3747941851615906
0.3798101246356964
0.38206157088279724
0.37265288829803467
0.37425848841667175
0.3695674240589142
0.382145494222641
0.3762322664260864
0.36272791028022766
0.3803558647632599
0.3845049738883972
0.3692783713340759
0.37464067339897156
0.38020557165145874
0.37716183066368103
0.38111412525177
0.3680984079837799
0.36774927377700806
0.38208499550819397
0.36552008986473083
0.3761017918586731
0.3813452124595642
0.3616529107093811
0.3653983771800995
0.36223453283309937
0.37794217467308044
0.3743038773536682
0.36652615666389465
0.3682873249053955
0.3658709228038788
0.3722629249095917
0.36121562123298645
0.36902639269828796
0.3632314205169678
0.3908803462982178
0.3586219549179077
0.35835301876068115
0.3610799014568329
0.36711937189102173
0.36738890409469604
0.3573980927467346
0.37191352248191833
0.3662359118461609
0.3596760332584381
0.3552725315093994
0.3596542477607727
0.35860928893089294
0.34399211406707764
0.3587479591369629
0.3591667711734772
0.3609585762023926
0.35941556096076965
0.36332643032073975
0.36376702785491943
0.35274237394332886
0.3431207537651062
0.3626004457473755
0.3498806059360504
0.34082695841789246
0.38049638271331787
0.3534708023071289
0.3496740162372589
0.3626890778541565
0.3573252558708191
0.34252381324768066
0.35577696561813354
0.3496265411376953
0.3560216724872589
0.3418731391429901
0.34714755415916443
0.35567185282707214
0.36186110973358154
0.3602047562599182
0.3440502882003784
0.3493507206439972
0.3503742218017578
0.34861764311790466
0.34490466117858887
0.3626771867275238
0.3564229905605316
0.3439981937408447
0.3503977060317993
0.33946382999420166
0.3343915343284607
0.32962965965270996
0.3364102244377136
0.3390205502510071
0.3267380893230438
0.3348264694213867
0.3510695695877075
0.3309841752052307
0.3465229868888855
0.3580527901649475
0.3421262204647064
0.3321853578090668
0.33861300349235535
0.34526681900024414
0.3443550765514374
0.3420291841030121
0.3624694049358368
0.3308412432670593
0.3298531174659729
0.34277966618537903
0.34226006269454956
0.3467295169830322
0.3343251943588257
0.33193239569664
0.35102900862693787
0.33454132080078125
0.35543742775917053
0.3305217921733856
0.34564563632011414
0.34478580951690674
0.3435724377632141
0.3366658389568329
0.3523952066898346
0.3365441858768463
0.3348572254180908
0.3279862701892853
0.3375600576400757
0.3405236601829529
0.33487755060195923
0.33141598105430603
0.3376089036464691
0.33091261982917786
0.3479519486427307
0.3280200958251953
0.33209288120269775
0.3392118513584137
0.3329757750034332
0.3444647789001465
0.357116162776947
0.33407509326934814
0.34822869300842285
0.34181079268455505
0.336429238319397
0.3293505311012268
0.3295745849609375
0.3297872543334961
0.3415977358818054
0.330235093832016
0.347554475069046
0.3312303423881531
0.3261888325214386
0.330905556678772
0.344622939825058
0.33945712447166443
0.34710246324539185
0.339170902967453
0.32905328273773193
0.3369206488132477
0.3396760821342468
0.32571467757225037
0.3452727794647217
0.34054481983184814
0.3607479929924011
0.32214459776878357
0.3358021676540375
0.3386556804180145
0.3295709788799286
0.33539167046546936
0.33224526047706604
0.3262982666492462
0.31220683455467224
0.32309505343437195
0.34289076924324036
0.33051252365112305
0.34616994857788086
0.33195558190345764
0.32081741094589233
0.316902220249176
0.32256969809532166
0.33287402987480164
0.3212093412876129
0.3405916690826416
0.32829922437667847
0.3192169964313507
0.3252362012863159
0.3221249282360077
0.3179384171962738
0.32487359642982483
0.3245062828063965
0.33063629269599915
0.3286771774291992
0.3160816729068756
0.32179927825927734
0.3239312171936035
0.3178916573524475
0.33862370252609253
0.3447282016277313
0.32830771803855896
0.3154587745666504
0.32658469676971436
0.32497528195381165
0.3268248736858368
0.3392684757709503
0.30568191409111023
0.32245519757270813
0.34579530358314514
0.32211804389953613
0.3303682506084442
0.3239956498146057
0.32509371638298035
0.31704241037368774
0.33400699496269226
0.3340168595314026
0.3247179687023163
0.320894330739975
0.3353143632411957
0.3213302493095398
0.31465765833854675
0.32454001903533936
0.3164747655391693
0.32794222235679626
0.3207787573337555
0.3112843334674835
0.31776025891304016
0.3240310847759247
0.32104912400245667
0.3303467333316803
0.3133385479450226
0.328945130109787
0.3134652376174927
0.3260241150856018
0.3129342794418335
0.31216105818748474
0.33549100160598755
0.3271477222442627
0.3174452781677246
0.33126136660575867
0.32750582695007324
0.3193960189819336
0.32785552740097046
0.3248904347419739
0.3227401077747345
0.3185369372367859
0.3206065595149994
0.32428374886512756
0.32170000672340393
0.3107224106788635
0.31753048300743103
0.3162555694580078
0.3404325246810913
0.31900137662887573
0.32260000705718994
0.33630797266960144
0.314846932888031
0.32512855529785156
0.3092626631259918
0.3202386200428009
0.3229745030403137
0.31466570496559143
0.3378629684448242
0.3044963777065277
0.32334792613983154
0.32808801531791687
0.32287803292274475
0.3280791640281677
0.3200615346431732
0.3222673535346985
0.30969277024269104
0.32884398102760315
0.32431918382644653
0.320324569940567
0.3280467987060547
0.3205784559249878
0.31552013754844666
0.3137914836406708
0.3261547386646271
0.31574293971061707
0.3195507526397705
0.30921289324760437
0.3189149498939514
0.335610955953598
0.3113750219345093
0.298735111951828
0.32080987095832825
0.3064831495285034
0.32387182116508484
0.3185432255268097
0.32020628452301025
0.3232645094394684
0.3220880627632141
0.3213571608066559
0.30564555525779724
0.3143587112426758
0.31374600529670715
0.30611735582351685
0.33089712262153625
0.3124104142189026
0.3018479645252228
0.31743142008781433
0.3181198239326477
0.3220871090888977
0.31592467427253723
0.314413845539093
0.3072511851787567
0.3226301968097687
0.3194182515144348
0.32335132360458374
0.31713226437568665
0.32312989234924316
0.31008467078208923
0.31578946113586426
0.30661672353744507
0.3154102861881256
0.3253073990345001
0.31226852536201477
0.3236546218395233
0.3215634524822235
0.30384689569473267
0.3238833248615265
0.30604633688926697
0.32320287823677063
0.33733174204826355
0.31471875309944153
0.3112616539001465
0.31922081112861633
0.31107792258262634
0.30491623282432556
0.31057602167129517
0.31837356090545654
0.31131941080093384
0.31921568512916565
0.32330504059791565
0.30970025062561035
0.3134292960166931
0.3184305429458618
0.3161059617996216
0.30404067039489746
0.3191095292568207
0.3217203617095947
0.3010595142841339
0.3182867765426636
0.31800171732902527
0.30713850259780884
0.32501766085624695
0.30684202909469604
0.30807891488075256
0.3203730881214142
0.30716753005981445
0.3208940327167511
0.3209676146507263
0.3226826786994934
0.31309059262275696
0.31285297870635986
0.3056928515434265
0.305908739566803
0.3351600468158722
0.31360751390457153
0.3144177496433258
0.29610952734947205
0.3054012656211853
0.3079977333545685
0.30290931463241577
0.32527032494544983
0.31491610407829285
0.32518160343170166
0.32026612758636475
0.3166671097278595
0.32370492815971375
0.3143446445465088
0.3261675536632538
0.3144766688346863
0.31488513946533203
0.3305436074733734
0.3159199059009552
0.31397905945777893
0.31130626797676086
0.3106009364128113
0.3060864210128784
0.3113146424293518
0.30530017614364624
0.31026750802993774
0.3203476071357727
0.3119916021823883
0.32247593998908997
0.3083045184612274
0.30237877368927
0.31867286562919617
0.29947635531425476
0.32081300020217896
0.3200288414955139
0.30925190448760986
0.3309802711009979
0.32361701130867004
0.307844340801239
0.3044983744621277
0.3142782151699066
0.30355751514434814
0.29778456687927246
0.3096224069595337
0.3064117431640625
0.3188278377056122
0.3171761631965637
0.3164112865924835
0.2936638295650482
0.3257395625114441
0.318252831697464
0.30458173155784607
0.30356523394584656
0.3219307065010071
0.31167012453079224
0.32759764790534973
0.3064729571342468
0.3151019215583801
0.3062627613544464
0.309162974357605
0.30357825756073
0.30800923705101013
0.31956252455711365
0.31219714879989624
0.29391250014305115
0.3190058171749115
0.3140621483325958
0.3126852810382843
0.3167348802089691
0.3107445538043976
0.3009657561779022
0.3023116886615753
0.3039259910583496
0.29305240511894226
0.2998877465724945
0.3233741521835327
0.3125883638858795
