0.6174903512001038
0.5463156700134277
0.5293667316436768
0.515700101852417
0.5010581016540527
0.4984360337257385
0.4949641227722168
0.48445266485214233
0.48089104890823364
0.4881437420845032
0.4834526479244232
0.4811885952949524
0.4723209738731384
0.4755438268184662
0.47217288613319397
0.4753607213497162
0.4623711109161377
0.4736154079437256
0.4726473391056061
0.4636733829975128
0.4546959698200226
0.4652039706707001
0.46224719285964966
0.44876614212989807
0.44866639375686646
0.4554789960384369
0.43962541222572327
0.43829774856567383
0.43631497025489807
0.44936442375183105
0.43567177653312683
0.4322570264339447
0.4412723481655121
0.43846389651298523
0.4394947290420532
0.4382636547088623
0.44009488821029663
0.43272092938423157
0.42363011837005615
0.426018089056015
0.42064908146858215
0.41892486810684204
0.4055628180503845
0.41945648193359375
0.4192452132701874
0.4155108630657196
0.4174938499927521
0.40273720026016235
0.40576818585395813
0.40426039695739746
0.39738306403160095
0.3887285888195038
0.4066413342952728
0.3815319240093231
0.39828458428382874
0.39495420455932617
0.40095964074134827
0.40492817759513855
0.3838789463043213
0.3821274936199188
0.38363322615623474
0.3840000629425049
0.38427093625068665
0.38794901967048645
0.3682916462421417
0.3808614909648895
0.38203364610671997
0.38453468680381775
0.3737979531288147
0.364287406206131
0.368926078081131
0.347464919090271
0.36332079768180847
0.3443397581577301
0.3583180010318756
0.36190542578697205
0.36788952350616455
0.34107106924057007
0.3563978970050812
0.3383728265762329
0.3579522669315338
0.35095539689064026
0.3421182930469513
0.334990918636322
0.33947595953941345
0.33695393800735474
0.3364996910095215
0.3327588140964508
0.3343134820461273
0.3246906101703644
0.3031299412250519
0.3503723442554474
0.32216379046440125
0.3246481716632843
0.3292725384235382
0.3344082236289978
0.2999354302883148
0.32909345626831055
0.33391740918159485
0.3164215683937073
0.3067438006401062
0.305793821811676
0.3027343153953552
0.3091527819633484
0.3010546863079071
0.2985270917415619
0.29014676809310913
0.29622507095336914
0.30210793018341064
0.28083860874176025
0.2839304208755493
0.2680979371070862
0.29312238097190857
0.2724839746952057
0.26971131563186646
0.29708248376846313
0.2956554591655731
0.27730679512023926
0.26722657680511475
0.2668035924434662
0.2561802864074707
0.28718242049217224
0.26467448472976685
0.29425907135009766
0.2712041139602661
0.2610170245170593
0.2607347369194031
0.2700197100639343
0.2677268385887146
0.25364527106285095
0.2543935477733612
0.266396701335907
0.2571697533130646
0.2750737965106964
0.25991588830947876
0.24784553050994873
0.2576163709163666
0.2768053114414215
0.26944220066070557
0.26952213048934937
0.2686768174171448
0.2409290075302124
0.2680521011352539
0.2595263421535492
0.2664310336112976
0.26729488372802734
0.24942952394485474
0.24711908400058746
0.26123762130737305
0.23150716722011566
0.24767513573169708
0.25900813937187195
0.23456397652626038
0.24826113879680634
0.24254663288593292
0.24979962408542633
0.26220691204071045
0.2414914220571518
0.2579337954521179
0.2600655257701874
0.24460572004318237
0.2556896209716797
0.24186837673187256
0.23459979891777039
0.25310367345809937
0.23832343518733978
0.241188645362854
0.2517516613006592
0.2544472813606262
0.2432268112897873
0.23018646240234375
0.2521466910839081
0.24133287370204926
0.24865742027759552
0.22506648302078247
0.23315800726413727
0.22454436123371124
0.23857906460762024
0.23383201658725739
0.22936178743839264
0.23685915768146515
0.21366076171398163
0.2257474958896637
0.2406812310218811
0.22528007626533508
0.23041097819805145
0.22823205590248108
0.22573579847812653
0.22811417281627655
0.22192464768886566
0.21066752076148987
0.21698278188705444
0.2398778796195984
0.21886080503463745
0.21198730170726776
0.22263938188552856
0.21995210647583008
0.22080153226852417
0.2103819102048874
0.2228570282459259
0.2112157791852951
0.22644832730293274
0.20628511905670166
0.22904112935066223
0.22212228178977966
0.2053089290857315
0.23278924822807312
0.24272698163986206
0.22703422605991364
0.20768381655216217
0.20399868488311768
0.19293832778930664
0.21463480591773987
0.21730561554431915
0.2106739729642868
0.19928215444087982
0.18668963015079498
0.20283755660057068
0.19231455028057098
0.20375074446201324
0.21383921802043915
0.2110573649406433
0.1964442878961563
0.20511363446712494
0.17030715942382812
0.20356076955795288
0.21202410757541656
0.18928839266300201
0.1858598291873932
0.2027721405029297
0.19673331081867218
0.18512672185897827
0.20982055366039276
0.21564489603042603
0.22160066664218903
0.19913770258426666
0.1921873241662979
0.2041293978691101
0.18730121850967407
0.18728935718536377
0.1885930895805359
0.2242407202720642
0.2110385149717331
0.19035840034484863
0.19671496748924255
0.20625567436218262
0.20265786349773407
0.18241892755031586
0.18195997178554535
0.18666620552539825
0.18407149612903595
0.19841980934143066
0.18914923071861267
0.19796057045459747
0.20246507227420807
0.18446967005729675
0.16707494854927063
0.19851526618003845
0.19431759417057037
0.20889782905578613
0.19427719712257385
0.20327630639076233
0.19236567616462708
0.1962050050497055
0.19534167647361755
0.18899273872375488
0.18961474299430847
0.20169778168201447
0.19566215574741364
0.20349447429180145
0.19685915112495422
0.19733698666095734
0.19779318571090698
0.18286606669425964
0.19404983520507812
0.18393611907958984
0.17787238955497742
0.18253572285175323
0.19365836679935455
0.18878419697284698
0.19956766068935394
0.1783178597688675
0.1759863942861557
0.1654369980096817
0.19470113515853882
0.19423195719718933
0.18866023421287537
0.18836535513401031
0.18599480390548706
0.1873229295015335
0.1843191534280777
0.18878506124019623
0.1942550241947174
0.17979195713996887
0.17266899347305298
0.1774800419807434
0.1766015738248825
0.20102868974208832
0.18964630365371704
0.16765020787715912
0.1843077540397644
0.22182412445545197
0.17018404603004456
0.17245478928089142
0.19375108182430267
0.1745564192533493
0.17086216807365417
0.17673565447330475
0.1688765287399292
0.16758166253566742
0.18106767535209656
0.18016375601291656
0.16642296314239502
0.17953789234161377
0.16357757151126862
0.16054297983646393
0.18510091304779053
0.17814147472381592
0.18282118439674377
0.17079982161521912
0.148661807179451
0.18566709756851196
0.16519849002361298
0.1872021108865738
0.1705508828163147
0.17928390204906464
0.1638261079788208
0.18245922029018402
0.17169183492660522
0.1725948005914688
0.1968136727809906
0.16636313498020172
0.18572725355625153
0.1761033982038498
0.16463109850883484
0.16519810259342194
0.18654507398605347
0.16914509236812592
0.16769689321517944
0.16645057499408722
0.15229830145835876
0.16334621608257294
0.1680961698293686
0.16387826204299927
0.16707544028759003
0.16052107512950897
0.15841011703014374
0.18294072151184082
0.18921202421188354
0.16922031342983246
0.16609150171279907
0.1857522428035736
0.1798645555973053
0.16251908242702484
0.1738663613796234
0.1790095865726471
0.15945371985435486
0.1539403796195984
0.1602144092321396
0.16920770704746246
0.18280336260795593
0.19475221633911133
0.14836639165878296
0.18427321314811707
0.16023343801498413
0.1474410593509674
0.14749683439731598
0.18082885444164276
0.1766560822725296
0.1561158299446106
0.1529623121023178
0.16267435252666473
0.1806698590517044
0.18098732829093933
0.1594168096780777
0.1733759343624115
0.16391386091709137
0.15679313242435455
0.1700831949710846
0.15659838914871216
0.16335450112819672
0.1768161952495575
0.17303907871246338
0.18253973126411438
0.18209658563137054
0.16355210542678833
0.16136515140533447
0.16131214797496796
0.1541460007429123
0.15387985110282898
0.16551218926906586
0.17016562819480896
0.1493554413318634
0.16938786208629608
0.16226600110530853
0.1864372044801712
0.16012701392173767
0.17517182230949402
0.16406548023223877
0.1649520993232727
0.16972534358501434
0.16679465770721436
0.16137272119522095
0.172153502702713
0.1771499514579773
0.1542503386735916
0.14114385843276978
0.16628871858119965
0.17830057442188263
0.16220469772815704
0.19016696512699127
0.1570710688829422
0.16626733541488647
0.1723986268043518
0.1639048159122467
0.17256978154182434
0.1589195728302002
0.1748889982700348
0.16366852819919586
0.16274146735668182
0.15627709031105042
0.14741776883602142
0.15149249136447906
0.16631051898002625
0.17621544003486633
0.16459374129772186
0.15656597912311554
0.14732632040977478
0.15770171582698822
0.14582526683807373
0.16642560064792633
0.17466099560260773
0.17020514607429504
0.16708588600158691
0.15794628858566284
0.18903836607933044
0.15195384621620178
0.17513184249401093
0.1661500185728073
0.1524742841720581
0.161375030875206
0.15065908432006836
0.15592636168003082
0.17303353548049927
0.17617112398147583
0.15911319851875305
0.1595519483089447
0.14574377238750458
0.17516592144966125
0.15086287260055542
0.15940549969673157
0.1785070151090622
0.1513807624578476
0.16039007902145386
0.14083561301231384
0.16111506521701813
0.1486949622631073
0.16225624084472656
0.17448680102825165
0.16380995512008667
0.1541193425655365
0.151682510972023
0.15302065014839172
0.17458142340183258
0.15741337835788727
0.16690018773078918
0.15268932282924652
0.15762966871261597
0.15520793199539185
0.15844419598579407
0.15864327549934387
0.13882531225681305
0.15490180253982544
0.15550142526626587
0.16580960154533386
0.1557968407869339
0.1565197855234146
0.14317220449447632
0.17697763442993164
0.15153852105140686
0.1716649830341339
0.1652544140815735
0.153477743268013
0.16205711662769318
0.15221555531024933
0.18263745307922363
0.1416296511888504
0.1711488664150238
0.17848047614097595
0.1573466658592224
0.14591948688030243
0.15886005759239197
0.1487920582294464
0.1702035516500473
0.1673441380262375
0.15405166149139404
0.18677031993865967
0.1705475002527237
0.16149288415908813
0.1579606533050537
0.16219906508922577
0.14518339931964874
0.1576080471277237
0.15599258244037628
0.16972197592258453
0.16178269684314728
0.1531539410352707
0.1708822399377823
0.14250892400741577
0.17133855819702148
0.14728379249572754
0.14773795008659363
0.1635284125804901
0.15145684778690338
0.16122907400131226
0.16945208609104156
0.16127391159534454
0.1763998568058014
0.12999241054058075
0.1600913256406784
0.15192222595214844
0.17765648663043976
0.15772463381290436
0.15097400546073914
0.16166506707668304
0.15187986195087433
0.1507212072610855
0.14132660627365112
0.16591009497642517
0.15981344878673553
0.1697961688041687
0.1656932383775711
0.15269474685192108
0.178643137216568
0.1578746736049652
0.15663190186023712
0.15771619975566864
0.16791316866874695
0.1603071093559265
0.15025563538074493
0.14741593599319458
0.1670873910188675
0.14658179879188538
0.1666983813047409
0.1739266812801361
0.1601705253124237
0.16384918987751007
0.14034807682037354
0.14145544171333313
0.12751081585884094
0.15402141213417053
0.16842420399188995
0.14915306866168976
0.15056507289409637
0.1622031033039093
0.17651651799678802
0.15968050062656403
0.16321243345737457
0.16086086630821228
0.16409464180469513
0.13913172483444214
0.13160380721092224
0.15234680473804474
0.1605134904384613
0.1556044965982437
0.15380346775054932
0.14962102472782135
0.15373986959457397
0.160349041223526
0.17315059900283813
0.13968926668167114
0.15927642583847046
0.15483102202415466
0.1437179297208786
0.15181590616703033
0.1458103060722351
0.1520596146583557
0.14563624560832977
0.16003818809986115
0.1596098393201828
0.1582466959953308
0.1616220921278
0.13641557097434998
0.17300765216350555
0.16355644166469574
0.14070077240467072
0.15137037634849548
0.15255936980247498
0.14999820291996002
0.15111956000328064
0.15918897092342377
0.1676184982061386
0.15499761700630188
0.16311003267765045
0.15363802015781403
0.15236501395702362
0.15041771531105042
0.17584849894046783
0.15079088509082794
0.15939049422740936
0.15142150223255157
0.14915969967842102
