0.75433748960495
0.6880255937576294
0.6227139830589294
0.5840598344802856
0.5669075846672058
0.5653838515281677
0.5400825142860413
0.52286696434021
0.5285232663154602
0.5139974355697632
0.4963296055793762
0.5015375018119812
0.5078166723251343
0.48599883913993835
0.5034152865409851
0.5051907896995544
0.4943607449531555
0.49326202273368835
0.4964231550693512
0.4879858195781708
0.4837999939918518
0.48592409491539
0.47091853618621826
0.46836698055267334
0.4662793278694153
0.4815041422843933
0.47746405005455017
0.4808478057384491
0.48225319385528564
0.47275760769844055
0.47327855229377747
0.4677872061729431
0.46325552463531494
0.4641000032424927
0.46574342250823975
0.4621298611164093
0.4696112275123596
0.47350093722343445
0.45995521545410156
0.4623860716819763
0.4577848017215729
0.46367451548576355
0.45979633927345276
0.4586031138896942
0.4619143307209015
0.4583512544631958
0.45400330424308777
0.4595247209072113
0.4539903700351715
0.46141180396080017
0.45646342635154724
0.457531213760376
0.4556979537010193
0.4488447308540344
0.45229631662368774
0.44698503613471985
0.45040613412857056
0.44135695695877075
0.44331470131874084
0.44927945733070374
0.4517073333263397
0.4412378966808319
0.4435773193836212
0.4344834089279175
0.4468441307544708
0.4413083493709564
0.44619259238243103
0.453398197889328
0.45354005694389343
0.44529131054878235
0.4438346028327942
0.4445684552192688
0.4367365837097168
0.43481209874153137
0.4371850788593292
0.4478338360786438
0.43604516983032227
0.4450531601905823
0.441021203994751
0.4354492127895355
0.4429636597633362
0.4404557943344116
0.4375837743282318
0.44921019673347473
0.42973700165748596
0.43589431047439575
0.4285482168197632
0.43851110339164734
0.4277113676071167
0.43015003204345703
0.43600523471832275
0.4311269223690033
0.4345410168170929
0.430389940738678
0.4323493242263794
0.43072307109832764
0.4209502041339874
0.432682067155838
0.42756661772727966
0.43180766701698303
0.4268456697463989
0.4299994111061096
0.4340072274208069
0.425886332988739
0.42060741782188416
0.4224010109901428
0.4217442274093628
0.4219081699848175
0.42119720578193665
0.42243492603302
0.4205494225025177
0.42054635286331177
0.4228670597076416
0.4183864891529083
0.42440158128738403
0.42313262820243835
0.4193192720413208
0.4174245595932007
0.42149803042411804
0.421111524105072
0.4238196909427643
0.41236916184425354
0.4077983796596527
0.4252152144908905
0.4177665412425995
0.40892794728279114
0.4015346169471741
0.4165779650211334
0.42763563990592957
0.40946510434150696
0.4047507345676422
0.4035027027130127
0.40846145153045654
0.4120529890060425
0.41171425580978394
0.40692684054374695
0.4030078947544098
0.41014182567596436
0.41939371824264526
0.40655311942100525
0.39092332124710083
0.4082688093185425
0.4017658829689026
0.41189679503440857
0.4033241271972656
0.4059699475765228
0.414244681596756
0.4022432267665863
0.40104416012763977
0.41012337803840637
0.3960043787956238
0.41247862577438354
0.39936742186546326
0.4007776081562042
0.3999156653881073
0.39740273356437683
0.41201651096343994
0.4107735753059387
0.3984253406524658
0.4040704369544983
0.3973270058631897
0.39826419949531555
0.391405314207077
0.4052780270576477
0.40023258328437805
0.39869213104248047
0.40176233649253845
0.39292433857917786
0.39321303367614746
0.408592164516449
0.4020591974258423
0.39189931750297546
0.3999869227409363
0.4032762050628662
0.3984384834766388
0.3940902054309845
0.3997493386268616
0.39918407797813416
0.38815900683403015
0.3978070318698883
0.3955000340938568
0.3874807059764862
0.3936895728111267
0.4039795398712158
0.4084046483039856
0.4021601974964142
0.397284597158432
0.3987196683883667
0.39682817459106445
0.39090991020202637
0.39366692304611206
0.37893083691596985
0.4050210416316986
0.3829299807548523
0.3982122540473938
0.3866434395313263
0.39072269201278687
0.3821950852870941
0.3873898684978485
0.3841709792613983
0.3862870931625366
0.38560912013053894
0.39146557450294495
0.38601231575012207
0.3844236433506012
0.39473122358322144
0.3815261125564575
0.39606863260269165
0.39790576696395874
0.3866502046585083
0.39266884326934814
0.3842734098434448
0.3820658326148987
0.3760049343109131
0.3659628629684448
0.36981821060180664
0.3883798122406006
0.37830206751823425
0.37996721267700195
0.39830946922302246
0.3839931786060333
0.38013410568237305
0.38051947951316833
0.3704545795917511
0.3731423020362854
0.3759380578994751
0.3924350142478943
0.38095423579216003
0.37837013602256775
0.38438281416893005
0.3820340037345886
0.3783281147480011
0.3827580511569977
0.380439430475235
0.38207635283470154
0.38746407628059387
0.3767891526222229
0.3768133521080017
0.3662099540233612
0.37094467878341675
0.3764656186103821
0.37703433632850647
0.380271315574646
0.38457992672920227
0.38598039746284485
0.38515573740005493
0.37638309597969055
0.3773960769176483
0.3704991638660431
0.38970619440078735
0.3798999488353729
0.37596791982650757
0.37139904499053955
0.3816973567008972
0.37549033761024475
0.3737454116344452
0.37473955750465393
0.38064447045326233
0.36945652961730957
0.3738040626049042
0.3691319525241852
0.37794631719589233
0.38001325726509094
0.3736797571182251
0.3659597933292389
0.3708314895629883
0.38052308559417725
0.38436099886894226
0.3837011754512787
0.36662736535072327
0.37564149498939514
0.372280091047287
0.3674015998840332
0.3779429495334625
0.3840770125389099
0.38060757517814636
0.36852380633354187
0.3570537567138672
0.3665452301502228
0.3713337481021881
0.3780505359172821
0.3634469211101532
0.3728671371936798
0.3715174198150635
0.38354966044425964
0.3736914396286011
0.37398529052734375
0.37312331795692444
0.3691958785057068
0.3688170909881592
0.37154069542884827
0.3697682321071625
0.37145328521728516
0.37304145097732544
0.3743658661842346
0.3619607985019684
0.3659798502922058
0.3563874065876007
0.35536158084869385
0.36865806579589844
0.365531861782074
0.37351205945014954
0.36516013741493225
0.36758869886398315
0.37205472588539124
0.37337300181388855
0.3712017238140106
0.3715698719024658
0.3659780025482178
0.37239786982536316
0.37467750906944275
0.3737107515335083
0.36492016911506653
0.3695715367794037
0.365966260433197
0.36025846004486084
0.3674442768096924
0.35612425208091736
0.37358564138412476
0.3724595010280609
0.36824193596839905
0.37026360630989075
0.3657674789428711
0.36809009313583374
0.3671322464942932
0.36997857689857483
0.3678830564022064
0.3736456036567688
0.3529718816280365
0.36247581243515015
0.3598878085613251
0.3693840503692627
0.37528419494628906
0.3565073609352112
0.36801424622535706
0.37460291385650635
0.3673391044139862
0.3716663718223572
0.3810516595840454
0.36703577637672424
0.36127138137817383
0.3732231855392456
0.36336421966552734
0.3727106750011444
0.3655257523059845
0.366469144821167
0.366813063621521
0.36752402782440186
0.3608394265174866
0.38322964310646057
0.37600040435791016
0.36643528938293457
0.3660534918308258
0.3634021580219269
0.35586175322532654
0.355253666639328
0.3537046015262604
0.3616105318069458
0.34874969720840454
0.3612828552722931
0.3556699752807617
0.37166255712509155
0.3691607415676117
0.35017189383506775
0.3498046398162842
0.36779510974884033
0.37287595868110657
0.36587104201316833
0.36329513788223267
0.36124730110168457
0.3603767454624176
0.3533669412136078
0.36068129539489746
0.3747144043445587
0.3617480397224426
0.3490220308303833
0.35422348976135254
0.35555583238601685
0.35647284984588623
0.36585378646850586
0.36532190442085266
0.3555523455142975
0.3751966059207916
0.3632192313671112
0.3493202030658722
0.3552793264389038
0.36045992374420166
0.35231149196624756
0.35793793201446533
0.3623650074005127
0.3505133092403412
0.36905503273010254
0.36374855041503906
0.35815951228141785
0.3488825857639313
0.3647368550300598
0.3570840060710907
0.35190674662590027
0.3621204197406769
0.3592599630355835
0.3573657274246216
0.3606972098350525
0.3566938638687134
0.3664170503616333
0.3666074275970459
0.3853987157344818
0.35733628273010254
0.36347660422325134
0.3535766005516052
0.3543470799922943
0.3611014485359192
0.360357403755188
0.34302186965942383
0.34581121802330017
0.36886754631996155
0.36118924617767334
0.36496853828430176
0.3646228611469269
0.3571566045284271
0.35940879583358765
0.35622116923332214
0.3548317849636078
0.3553870618343353
0.36361443996429443
0.3605378270149231
0.35804054141044617
0.36135134100914
0.3694208860397339
0.35675981640815735
0.3633352518081665
0.35701262950897217
0.36956551671028137
0.35512715578079224
0.3684254288673401
0.3511635661125183
0.35775643587112427
0.3500834107398987
0.354888916015625
0.3498997986316681
0.36087724566459656
0.3455836772918701
0.34730374813079834
0.35371360182762146
0.36270955204963684
0.35634249448776245
0.35715338587760925
0.36695757508277893
0.3724868595600128
0.3610491454601288
0.36008554697036743
0.35870081186294556
0.35619449615478516
0.36197254061698914
0.35822778940200806
0.35605281591415405
0.34853169322013855
0.3619183897972107
0.36201605200767517
0.3533302843570709
0.3541025221347809
0.3547140061855316
0.35447585582733154
0.3758024275302887
0.34646075963974
0.36778342723846436
0.3505859971046448
0.3720093071460724
0.3551102578639984
0.36408689618110657
0.350067675113678
0.3589991331100464
0.3399929702281952
0.3486930727958679
0.3591647446155548
0.3635493218898773
0.35871264338493347
0.3516327142715454
0.35944607853889465
0.3632264733314514
0.3601529002189636
0.35492026805877686
0.36039817333221436
0.3526057004928589
0.3594532310962677
0.34168729186058044
0.3690929710865021
0.3618412911891937
0.36023926734924316
0.3427439033985138
0.35479316115379333
0.36079928278923035
0.36323869228363037
0.3630484342575073
0.3538629114627838
0.36354246735572815
0.3549647927284241
0.35341694951057434
0.3613087236881256
0.3693195581436157
0.35081467032432556
0.35556963086128235
0.36252984404563904
0.36441031098365784
0.351001501083374
0.3433109521865845
0.3472225069999695
0.35356178879737854
0.3568382263183594
0.3567558526992798
0.3653858006000519
0.3541073501110077
0.36415091156959534
0.3629578649997711
0.3539891839027405
0.353664755821228
0.35993340611457825
0.3541678488254547
0.35409411787986755
0.36127713322639465
0.35385483503341675
0.36245477199554443
0.352186381816864
0.35431626439094543
0.35073423385620117
0.3506452441215515
0.3624509572982788
0.36072373390197754
0.3596435487270355
0.3579067885875702
0.34652847051620483
0.3532860279083252
0.3674224019050598
0.3538086712360382
0.3589310050010681
0.3532882630825043
0.34486284852027893
0.3454500436782837
0.35588333010673523
0.3573976457118988
0.3571743369102478
0.3634943962097168
0.3634244203567505
0.35798078775405884
0.35681432485580444
0.35615074634552
0.3601143956184387
0.3513421416282654
0.3435971140861511
0.36479276418685913
0.3540635108947754
0.35306432843208313
0.35502004623413086
0.35429370403289795
0.35239139199256897
0.3498740792274475
0.36500415205955505
0.35119983553886414
0.34563612937927246
0.349568247795105
0.3440433740615845
0.357126384973526
0.35101401805877686
0.35163968801498413
0.3550878167152405
0.3543919622898102
0.36465299129486084
0.3483653962612152
0.3589532971382141
0.3525780737400055
0.34919583797454834
0.35017672181129456
0.3482096791267395
0.3685479760169983
0.35487625002861023
0.3625749349594116
0.35303056240081787
0.35995298624038696
0.34677666425704956
0.35539329051971436
0.3528468608856201
0.34528762102127075
0.36395347118377686
0.3462527394294739
0.3659402132034302
0.37568193674087524
0.3505309522151947
0.3591122031211853
0.34752410650253296
0.35024377703666687
0.35338544845581055
0.354714035987854
0.3580873906612396
0.34944862127304077
0.3521345257759094
0.33708828687667847
0.36769402027130127
0.35572609305381775
0.34886634349823
0.3616024851799011
0.34651365876197815
0.3479125499725342
