0.9051375389099121
0.9571691155433655
0.8369004130363464
0.7995941638946533
0.7962009310722351
0.7602331638336182
0.7276083827018738
0.7101054191589355
0.7157020568847656
0.6998254656791687
0.7029762268066406
0.6980564594268799
0.6886534094810486
0.6768898963928223
0.6673526167869568
0.6625548005104065
0.6673775315284729
0.670830488204956
0.6497235298156738
0.6553559303283691
0.6432082653045654
0.6401050090789795
0.6386837959289551
0.6253958344459534
0.6180776953697205
0.6063936352729797
0.6139183640480042
0.6146407723426819
0.6074743866920471
0.607498824596405
0.6034627556800842
0.5899552702903748
0.5945912003517151
0.5796654224395752
0.5745033025741577
0.5663406252861023
0.5594802498817444
0.5733631253242493
0.5798092484474182
0.5684264302253723
0.5600641965866089
0.5704076886177063
0.5550656318664551
0.5512419939041138
0.5548593401908875
0.5490671396255493
0.5424214601516724
0.5486811399459839
0.5600058436393738
0.5587480664253235
0.5501439571380615
0.5415530204772949
0.5418264865875244
0.5425459742546082
0.5348036885261536
0.5523200631141663
0.54913729429245
0.5546208024024963
0.5449436902999878
0.5312846302986145
0.5365438461303711
0.542292594909668
0.5328564643859863
0.5235793590545654
0.5201346278190613
0.5364966988563538
0.5257474780082703
0.5312298536300659
0.526081919670105
0.5163630843162537
0.5382653474807739
0.5319572687149048
0.5466979146003723
0.5236549973487854
0.5240775346755981
0.5323019623756409
0.5237842798233032
0.5123006701469421
0.5278942584991455
0.5176341533660889
0.5122705698013306
0.5235231518745422
0.5291978716850281
0.5152841210365295
0.5175949931144714
0.5113095045089722
0.5090181827545166
0.5257050395011902
0.523896336555481
0.5063016414642334
0.5157607197761536
0.5096084475517273
0.5103264451026917
0.5103858709335327
0.530057966709137
0.519267737865448
0.5229832530021667
0.5107091069221497
0.5169599056243896
0.5147365927696228
0.5150451064109802
0.5132657885551453
0.5094253420829773
0.5238171815872192
0.5079064965248108
0.5124067664146423
0.5001654624938965
0.5127121210098267
0.5116859078407288
0.5104883909225464
0.5032247304916382
0.5230343341827393
0.5174446105957031
0.5027163624763489
0.5251038074493408
0.5287315249443054
0.5040543079376221
0.5075665712356567
0.5133521556854248
0.49653106927871704
0.5081027150154114
0.5123575925827026
0.5061934590339661
0.4821320176124573
0.5128797292709351
0.5082497000694275
0.502821147441864
0.5039563179016113
0.5098775029182434
0.5120581984519958
0.5130096077919006
0.49725860357284546
0.5169962048530579
0.509848415851593
0.5128939151763916
0.5131507515907288
0.5003377795219421
0.5139853954315186
0.51697838306427
0.5143084526062012
0.5067574381828308
0.5223320722579956
0.5023206472396851
0.504389226436615
0.5031114816665649
0.5046049356460571
0.5049036145210266
0.5056608319282532
0.4989624619483948
0.5049704909324646
0.5164281725883484
0.49534937739372253
0.49920275807380676
0.5091390013694763
0.5068411827087402
0.5084800720214844
0.494754821062088
0.5107325315475464
0.4979192316532135
0.5069437623023987
0.5000330805778503
0.5164974331855774
0.5005062818527222
0.512455403804779
0.49101126194000244
0.5132176876068115
0.492956280708313
0.5078023076057434
0.505071222782135
0.4853357970714569
0.49654078483581543
0.4982040524482727
0.5032656788825989
0.4973466992378235
0.49659207463264465
0.49668020009994507
0.5007474422454834
0.5071207284927368
0.5005772709846497
0.4925936162471771
0.4985274374485016
0.4940674304962158
0.5163665413856506
0.5064001679420471
0.5014423131942749
0.49740269780158997
0.5026792883872986
0.5027689933776855
0.5115174651145935
0.5002483129501343
0.4941074848175049
0.5055881142616272
0.49512779712677
0.4991745352745056
0.49265995621681213
0.48638391494750977
0.5047586560249329
0.5078743100166321
0.5081098675727844
0.4832172393798828
0.49359896779060364
0.5069046020507812
0.48518168926239014
0.5030170679092407
0.49956250190734863
0.5082826614379883
0.48554131388664246
0.4958759844303131
0.49674728512763977
0.4935545027256012
0.49290671944618225
0.49176475405693054
0.5035207271575928
0.49313977360725403
0.5015041828155518
0.4943467378616333
0.48061832785606384
0.48929697275161743
0.5021778345108032
0.5037485361099243
0.49002933502197266
0.4916158616542816
0.5105740427970886
0.49407073855400085
0.49217504262924194
0.5083590149879456
0.4860230088233948
0.5028172135353088
0.493865430355072
0.494526743888855
0.4943220913410187
0.4991283118724823
0.49760863184928894
0.49744555354118347
0.5021442770957947
0.4918290078639984
0.4922843873500824
0.49220171570777893
0.49980366230010986
0.4944857656955719
0.4901464581489563
0.5009579062461853
0.4980500340461731
0.4869525730609894
0.4952523410320282
0.4888998866081238
0.5111180543899536
0.4914461672306061
0.49251577258110046
0.4833635985851288
0.4781228005886078
0.499587744474411
0.5007142424583435
0.5114714503288269
0.49000370502471924
0.49379831552505493
0.5014849901199341
0.5041003823280334
0.4814937114715576
0.49617934226989746
0.48828795552253723
0.4929767847061157
0.4944074749946594
0.4960836172103882
0.5041354298591614
0.5018036365509033
0.48964184522628784
0.4856410622596741
0.49184146523475647
0.4984825849533081
0.4863821864128113
0.49890124797821045
0.49734652042388916
0.49045896530151367
0.4951069951057434
0.4842372536659241
0.4908936023712158
0.4944537580013275
0.5111284255981445
0.4960156977176666
0.4915897250175476
0.4990108609199524
0.49792999029159546
0.4921019971370697
0.4957542419433594
0.4957372844219208
0.4948834776878357
0.4928431212902069
0.4970736801624298
0.4903227388858795
0.4878727197647095
0.5002367496490479
0.5042048692703247
0.4840005040168762
0.4919367730617523
0.495708703994751
0.49248450994491577
0.49294331669807434
0.49712666869163513
0.4864546060562134
0.5113011598587036
0.49264195561408997
0.4963068962097168
0.49485456943511963
0.49241456389427185
0.5069966912269592
0.4872896373271942
0.4766150116920471
0.4973154664039612
0.4973803460597992
0.48945021629333496
0.5008202791213989
0.4980309307575226
0.4884580969810486
0.48436227440834045
0.4798223376274109
0.4896678626537323
0.49621808528900146
0.49568435549736023
0.4861014485359192
0.48801249265670776
0.4935537874698639
0.4986812472343445
0.4944629371166229
0.4937516450881958
0.48986878991127014
0.49503034353256226
0.48598840832710266
0.5019062161445618
0.5040964484214783
0.49817001819610596
0.49741077423095703
0.4911195933818817
0.49643218517303467
0.4893861413002014
0.48948565125465393
0.49350935220718384
0.49906253814697266
0.49254176020622253
0.4851035475730896
0.4872801601886749
0.49349498748779297
0.501868724822998
0.4980902671813965
0.49227890372276306
0.4877714514732361
0.4842192828655243
0.4934089779853821
0.5096535086631775
0.48264601826667786
0.4983185827732086
0.47659969329833984
0.49285173416137695
0.49036574363708496
0.5032072067260742
0.48766520619392395
0.4948464035987854
0.5017188191413879
0.4846833348274231
0.5038065314292908
0.4939652979373932
0.4833144545555115
0.48687586188316345
0.48691919445991516
0.49753937125205994
0.4882875680923462
0.505314826965332
0.4927913248538971
0.500139057636261
0.48844587802886963
0.4918310344219208
0.49546700716018677
0.5019181966781616
0.48962920904159546
0.5006362199783325
0.5056743025779724
0.49959084391593933
0.48571398854255676
0.49056559801101685
0.49146369099617004
0.4836217761039734
0.48635241389274597
0.4991041421890259
0.49670612812042236
0.4973885118961334
0.49358996748924255
0.48944124579429626
0.5053534507751465
0.49279558658599854
0.4843267500400543
0.4971293807029724
0.48976874351501465
0.4933073818683624
0.4990813136100769
0.49204593896865845
0.47570154070854187
0.49210262298583984
0.4851771891117096
0.5046167969703674
0.49505022168159485
0.4936560094356537
0.49712255597114563
0.4878367483615875
0.4841706454753876
0.492054283618927
0.49771493673324585
0.48677942156791687
0.5090385675430298
0.4798581302165985
0.4819101393222809
0.4912978410720825
0.4883921146392822
0.4814436733722687
0.48943257331848145
0.4904114603996277
0.48597246408462524
0.48994919657707214
0.4955807328224182
0.48376503586769104
0.49987393617630005
0.4897552728652954
0.49267053604125977
0.4973871111869812
0.49270492792129517
0.49615395069122314
0.4838326573371887
0.4829554259777069
0.4920455813407898
0.4913913905620575
0.499605268239975
0.47887980937957764
0.4970283806324005
0.48594963550567627
0.4881049692630768
0.48590922355651855
0.505072295665741
0.5035625696182251
0.5029686689376831
0.48594924807548523
0.4948458969593048
0.4802403748035431
0.49731919169425964
0.48813286423683167
0.49026408791542053
0.48668110370635986
0.490610271692276
0.47893333435058594
0.4876154363155365
0.499163419008255
0.49269071221351624
0.48070353269577026
0.4999989867210388
0.48999807238578796
0.47998085618019104
0.49485090374946594
0.48377710580825806
0.4888058304786682
0.4898991584777832
0.4919063448905945
0.4906313717365265
0.4810958504676819
0.48862046003341675
0.47808191180229187
0.48180994391441345
0.4982529282569885
0.49583861231803894
0.4941675066947937
0.48282212018966675
0.4976001977920532
0.4831731617450714
0.5143350958824158
0.4920955300331116
0.49652284383773804
0.49753981828689575
0.5063766241073608
0.4803997576236725
0.48132064938545227
0.5034757852554321
0.4956771433353424
0.50228351354599
0.48120489716529846
0.4979729950428009
0.4936637282371521
0.505460798740387
0.4825472831726074
0.49507418274879456
0.500124454498291
0.47728240489959717
0.5046331286430359
0.4867022931575775
0.49186840653419495
0.4919653832912445
0.502447783946991
0.4992193281650543
0.49821847677230835
0.4913500249385834
0.4920912981033325
0.48599594831466675
0.49617716670036316
0.4924735724925995
0.5064635872840881
0.49515798687934875
0.5055827498435974
0.4803929030895233
0.49282360076904297
0.4971154034137726
0.49417686462402344
0.5038270950317383
0.4961785078048706
0.4730648398399353
0.48662683367729187
0.5032755136489868
0.5088762640953064
0.4941612482070923
0.4880920648574829
0.49425819516181946
0.49204227328300476
0.49665263295173645
0.49292296171188354
0.4891292154788971
0.5098320245742798
0.4841376841068268
0.5123671889305115
0.5042091012001038
0.4923946261405945
0.49808260798454285
0.4858625531196594
0.49994179606437683
0.48390457034111023
0.4818663001060486
0.5097140669822693
0.4904083013534546
0.5018174648284912
0.4750140905380249
0.4915349781513214
0.4839943051338196
0.4969145357608795
0.470297247171402
0.49820423126220703
0.49763962626457214
0.4894547760486603
0.49319449067115784
0.5102123022079468
0.48933807015419006
0.4898574650287628
0.48428764939308167
0.4895560145378113
0.48841235041618347
0.49095451831817627
0.48870477080345154
0.48932182788848877
0.5025439262390137
0.5040316581726074
0.4852222204208374
0.4969695508480072
0.4918076992034912
0.49374645948410034
0.49518322944641113
0.4944029152393341
0.4841460883617401
0.49864038825035095
0.4763878583908081
0.4994504451751709
0.4886072874069214
0.49083638191223145
0.489264577627182
0.503685474395752
0.4903704822063446
0.4866763651371002
0.48568621277809143
0.4812394976615906
0.48948684334754944
0.49507075548171997
0.489975243806839
0.4974098205566406
0.4864193797111511
0.48526453971862793
0.4746600389480591
0.5057590007781982
0.5026785731315613
0.49226832389831543
0.498905211687088
0.49049824476242065
0.49358871579170227
0.4940258264541626
0.4871481955051422
0.4973573386669159
0.4833154082298279
0.4886297583580017
0.49290284514427185
0.4894983470439911
0.49051809310913086
0.5046216249465942
0.49715355038642883
0.5024755001068115
0.49823686480522156
0.4999091625213623
0.49273404479026794
0.489543080329895
0.491963267326355
0.4980810284614563
0.4822804629802704
0.48949310183525085
0.484096884727478
0.48660919070243835
0.4969930350780487
0.4792296886444092
0.4959738850593567
0.4876582622528076
0.49279165267944336
0.4906681478023529
0.4892432689666748
