0.7191159725189209
0.6510035395622253
0.6078824400901794
0.586500883102417
0.5650567412376404
0.5427161455154419
0.5365087985992432
0.5302954912185669
0.5241930484771729
0.5210592150688171
0.5005549788475037
0.5083195567131042
0.49736282229423523
0.48654431104660034
0.4954235553741455
0.5020021796226501
0.49678558111190796
0.4925243556499481
0.4775281250476837
0.48433640599250793
0.4795095920562744
0.48913946747779846
0.4713671803474426
0.4754987955093384
0.4861423075199127
0.47912371158599854
0.47026169300079346
0.4844982624053955
0.4756532907485962
0.47494471073150635
0.4772513508796692
0.47872769832611084
0.4697917103767395
0.4692896604537964
0.47094660997390747
0.468170702457428
0.4643191993236542
0.4676581919193268
0.46586984395980835
0.4730665981769562
0.46857133507728577
0.4618994891643524
0.46201711893081665
0.4592598080635071
0.46248263120651245
0.46066179871559143
0.46167486906051636
0.4665686786174774
0.46367648243904114
0.4645346701145172
0.45918890833854675
0.46242794394493103
0.4542933404445648
0.4576582908630371
0.4493964910507202
0.44695255160331726
0.4504970610141754
0.46163269877433777
0.46256163716316223
0.45573723316192627
0.45237842202186584
0.44995176792144775
0.45133936405181885
0.4551442265510559
0.45504656434059143
0.45656225085258484
0.4534071087837219
0.4517669379711151
0.4444197714328766
0.45170649886131287
0.4574567973613739
0.44581925868988037
0.4581509828567505
0.4516073167324066
0.44500574469566345
0.4535601735115051
0.44761279225349426
0.44188180565834045
0.4552384912967682
0.4513677656650543
0.46043312549591064
0.44684603810310364
0.4424261748790741
0.43739715218544006
0.4554579257965088
0.4367115795612335
0.445978581905365
0.4499915540218353
0.4458918869495392
0.4456062614917755
0.442817360162735
0.43101954460144043
0.43989303708076477
0.44545844197273254
0.44344964623451233
0.4443170726299286
0.4403691291809082
0.43956702947616577
0.43177685141563416
0.4294053614139557
0.43913593888282776
0.44411948323249817
0.4371803402900696
0.44116318225860596
0.4377945363521576
0.44177573919296265
0.43303149938583374
0.4436667859554291
0.434050589799881
0.4386417865753174
0.4372952878475189
0.42974427342414856
0.4383385479450226
0.42314833402633667
0.4434332549571991
0.4431634843349457
0.4369586408138275
0.43402260541915894
0.43669718503952026
0.4344745874404907
0.4313202500343323
0.4226195812225342
0.43997928500175476
0.42937585711479187
0.42985403537750244
0.4314427673816681
0.43781453371047974
0.4245412349700928
0.43159574270248413
0.4240289032459259
0.43312016129493713
0.43159374594688416
0.43022090196609497
0.4249042570590973
0.43287286162376404
0.4207519292831421
0.430945485830307
0.4304598867893219
0.42240357398986816
0.41479170322418213
0.42916470766067505
0.43140313029289246
0.42660295963287354
0.4197874665260315
0.4206462502479553
0.41589605808258057
0.42803049087524414
0.4134608507156372
0.42517152428627014
0.4231230914592743
0.419667512178421
0.41449064016342163
0.4238991439342499
0.42206862568855286
0.42196181416511536
0.4206011891365051
0.415303111076355
0.40644800662994385
0.425769567489624
0.4122701585292816
0.41763395071029663
0.417989045381546
0.41334545612335205
0.42114269733428955
0.42093753814697266
0.4088464379310608
0.41404321789741516
0.4073486328125
0.41303402185440063
0.4151153266429901
0.40966880321502686
0.4165891110897064
0.42138054966926575
0.4106800854206085
0.41169193387031555
0.4206759035587311
0.4117434322834015
0.4064577519893646
0.41485434770584106
0.40585923194885254
0.4112463593482971
0.4086611568927765
0.41072019934654236
0.4119262397289276
0.40577322244644165
0.40757256746292114
0.41060367226600647
0.41652724146842957
0.4168046712875366
0.4123324155807495
0.40341511368751526
0.4203372895717621
0.41526636481285095
0.4063125252723694
0.4091658592224121
0.41769471764564514
0.4142371118068695
0.40920478105545044
0.41683292388916016
0.40550363063812256
0.41465112566947937
0.41255202889442444
0.41667795181274414
0.39811378717422485
0.40128329396247864
0.4049556255340576
0.40343406796455383
0.40956658124923706
0.39772117137908936
0.4020671844482422
0.40758535265922546
0.4112935960292816
0.40487438440322876
0.408022403717041
0.4007965624332428
0.4045250117778778
0.40343376994132996
0.4000972807407379
0.4026447832584381
0.3990863263607025
0.39650076627731323
0.4033433198928833
0.40745919942855835
0.4040016531944275
0.39613062143325806
0.40106987953186035
0.3939892649650574
0.4137049913406372
0.3997989892959595
0.40448012948036194
0.3942297101020813
0.403654009103775
0.4033949375152588
0.39546942710876465
0.4094783365726471
0.4056345820426941
0.403613418340683
0.3976782262325287
0.37850651144981384
0.4103107750415802
0.40845686197280884
0.40889495611190796
0.39828383922576904
0.40913328528404236
0.41212964057922363
0.4124389886856079
0.4059359133243561
0.3964063823223114
0.4045337736606598
0.40107491612434387
0.3939979374408722
0.39583638310432434
0.401080459356308
0.39376091957092285
0.39560315012931824
0.3991144001483917
0.4054712653160095
0.3899592161178589
0.40420159697532654
0.4130774140357971
0.3969481289386749
0.3936203718185425
0.39530572295188904
0.3932730555534363
0.4021536111831665
0.3964923620223999
0.39336907863616943
0.4000515639781952
0.38791826367378235
0.39655083417892456
0.40349888801574707
0.3931940197944641
0.39887070655822754
0.3989265263080597
0.4025648832321167
0.3910147547721863
0.393261581659317
0.39365720748901367
0.39441823959350586
0.38614168763160706
0.39669710397720337
0.4000517427921295
0.39779385924339294
0.4024057388305664
0.40926456451416016
0.4077521562576294
0.39727991819381714
0.40484094619750977
0.39217838644981384
0.3968777358531952
0.3994733989238739
0.40173161029815674
0.3867494761943817
0.3937232196331024
0.392109751701355
0.389850914478302
0.39912149310112
0.39338767528533936
0.3918888568878174
0.40279677510261536
0.3899728059768677
0.38929176330566406
0.39317330718040466
0.38654887676239014
0.4030725061893463
0.3925744295120239
0.3924504518508911
0.3842563331127167
0.4016062617301941
0.39399176836013794
0.39760398864746094
0.39864665269851685
0.3867741525173187
0.3929595947265625
0.3861253261566162
0.39467892050743103
0.38717326521873474
0.3973550498485565
0.40397605299949646
0.3876209855079651
0.3991423547267914
0.39239534735679626
0.38718661665916443
0.4026312232017517
0.3930370807647705
0.38752976059913635
0.3916621804237366
0.38560840487480164
0.3905728757381439
0.3928288519382477
0.3900442123413086
0.409281849861145
0.3821237087249756
0.39434635639190674
0.3754202425479889
0.39309361577033997
0.39248722791671753
0.38428881764411926
0.3899352550506592
0.39630138874053955
0.3843704164028168
0.3885257840156555
0.39177820086479187
0.3993752598762512
0.401470810174942
0.38161689043045044
0.3914528787136078
0.39112815260887146
0.38784489035606384
0.395651251077652
0.38745978474617004
0.39244475960731506
0.4000145494937897
0.38835638761520386
0.38203269243240356
0.40074944496154785
0.38875797390937805
0.3771122395992279
0.39759790897369385
0.38192078471183777
0.3861079514026642
0.39036065340042114
0.3899385333061218
0.38820335268974304
0.38953447341918945
0.3869614005088806
0.3835476338863373
0.38124728202819824
0.3917306661605835
0.3897291123867035
0.3993810713291168
0.39574289321899414
0.39335891604423523
0.38489848375320435
0.3873492479324341
0.3917842209339142
0.3972608149051666
0.3904639184474945
0.3924010396003723
0.39821720123291016
0.3830088973045349
0.38255223631858826
0.3910680115222931
0.382324755191803
0.3876592814922333
0.38770338892936707
0.3854050040245056
0.3874066472053528
0.39402180910110474
0.38730403780937195
0.38972634077072144
0.389141321182251
0.3910294473171234
0.39695292711257935
0.3879941403865814
0.38523396849632263
0.39194217324256897
0.38999369740486145
0.39335396885871887
0.3934282064437866
0.37838274240493774
0.3892064392566681
0.3804782032966614
0.3822324573993683
0.3894882798194885
0.3888041079044342
0.39319586753845215
0.3781939744949341
0.37945249676704407
0.381920725107193
0.38670891523361206
0.3971906304359436
0.3821960389614105
0.38305121660232544
0.39469218254089355
0.39165645837783813
0.38868221640586853
0.3926459550857544
0.3805215656757355
0.38254597783088684
0.38551589846611023
0.38284045457839966
0.3930976092815399
0.37685737013816833
0.39421799778938293
0.38837701082229614
0.3735250234603882
0.38482794165611267
0.3714011013507843
0.39175665378570557
0.38289448618888855
0.38589218258857727
0.38656967878341675
0.39066553115844727
0.3903866112232208
0.39153173565864563
0.38644254207611084
0.391888290643692
0.38745319843292236
0.3833211064338684
0.3812079131603241
0.38246676325798035
0.38124117255210876
0.38897645473480225
0.3693917691707611
0.3833976089954376
0.3913852870464325
0.3839161992073059
0.39022454619407654
0.3830144703388214
0.37404361367225647
0.380313903093338
0.38296735286712646
0.38623327016830444
0.3866782784461975
0.3779374659061432
0.39163681864738464
0.3846985101699829
0.37528860569000244
0.38947397470474243
0.3993046283721924
0.37862783670425415
0.3839864432811737
0.3879232108592987
0.3838735818862915
0.38374990224838257
0.3971889913082123
0.4013180136680603
0.388045072555542
0.3932044208049774
0.38580185174942017
0.3894347846508026
0.3958451747894287
0.38529694080352783
0.37962237000465393
0.39570119976997375
0.3889620006084442
0.3819815218448639
0.38339880108833313
0.3944264054298401
0.3814743757247925
0.3854297697544098
0.3817097842693329
0.3887496292591095
0.3900194466114044
0.39035606384277344
0.38372594118118286
0.3792739808559418
0.37538787722587585
0.3806932866573334
0.38665899634361267
0.3874642550945282
0.380583792924881
0.38950812816619873
0.38538986444473267
0.3822021484375
0.3833100199699402
0.388587087392807
0.38753873109817505
0.3946080207824707
0.38461166620254517
0.4003865420818329
0.38666248321533203
0.3807138204574585
0.3845321536064148
0.3689042031764984
0.3910650908946991
0.3829088807106018
0.3919670283794403
0.3848169147968292
0.3818296790122986
0.38368135690689087
0.378722608089447
0.38442274928092957
0.3940497040748596
0.3930681049823761
0.38256633281707764
0.3773588538169861
0.3866736888885498
0.3816981017589569
0.38974982500076294
0.38608261942863464
0.38383179903030396
0.3848915696144104
0.37866559624671936
0.3851734697818756
0.3764030337333679
0.3885346055030823
0.4012090265750885
0.3801003098487854
0.3834075927734375
0.371295303106308
0.3809930682182312
0.378137469291687
0.3815866708755493
0.38050276041030884
0.3779277801513672
0.3785971999168396
0.3753540515899658
0.38989269733428955
0.39545169472694397
0.3806459307670593
0.3849143981933594
0.3783895969390869
0.3903407156467438
0.37652647495269775
0.3842740058898926
0.38595181703567505
0.3729652166366577
0.3745138645172119
0.3874487578868866
0.38683760166168213
0.3929843306541443
0.3824162781238556
0.3827807903289795
0.375018447637558
0.3759543299674988
0.37060263752937317
0.38924458622932434
0.3851766288280487
0.3812122642993927
0.3775026798248291
0.37022051215171814
0.38393864035606384
0.3932708203792572
0.3839151859283447
0.37317827343940735
0.38441017270088196
0.3979533910751343
0.37651270627975464
0.3645693063735962
0.3834901452064514
0.3714686930179596
0.3830718696117401
0.3778250217437744
0.38550707697868347
0.38303592801094055
0.38027188181877136
0.37593454122543335
0.37986060976982117
0.381545752286911
0.3769058883190155
0.38230568170547485
0.384958416223526
0.37998953461647034
0.37746989727020264
0.3879031240940094
0.37390822172164917
0.38605237007141113
0.37495923042297363
0.3868006765842438
0.3789558708667755
0.3775101602077484
0.3748597502708435
0.3780542016029358
0.3799879550933838
0.3761267066001892
0.384926974773407
0.385783851146698
0.38719943165779114
0.37588751316070557
0.3844411373138428
