0.751518726348877
0.6523964405059814
0.6214054822921753
0.6010971069335938
0.5742202997207642
0.5866418480873108
0.5688959956169128
0.5581528544425964
0.5416164994239807
0.5357945561408997
0.5271791219711304
0.5278394818305969
0.520158052444458
0.5312786102294922
0.5242068767547607
0.5134769082069397
0.51078861951828
0.5112518668174744
0.506433367729187
0.4952620267868042
0.5009534358978271
0.4841774106025696
0.5100408792495728
0.5018367171287537
0.503169596195221
0.4991043210029602
0.49909478425979614
0.5020140409469604
0.5057405233383179
0.49439537525177
0.48512518405914307
0.49684369564056396
0.48487770557403564
0.4968697428703308
0.48298025131225586
0.4903084337711334
0.4882804751396179
0.473340779542923
0.4833561182022095
0.4949468672275543
0.480509877204895
0.48530709743499756
0.482484370470047
0.4721180498600006
0.496786504983902
0.48202940821647644
0.47955429553985596
0.48581233620643616
0.4678829610347748
0.47693362832069397
0.4645320475101471
0.48359501361846924
0.4783889353275299
0.4774990975856781
0.47111886739730835
0.4813496172428131
0.47367897629737854
0.4702173173427582
0.4738028347492218
0.46978864073753357
0.4643233120441437
0.46584030985832214
0.4791499972343445
0.4671907126903534
0.4734271168708801
0.46848541498184204
0.47166216373443604
0.45877256989479065
0.47492972016334534
0.4672854244709015
0.4672588109970093
0.4728550910949707
0.46425506472587585
0.45930254459381104
0.46890023350715637
0.458571195602417
0.45385199785232544
0.4645598828792572
0.4474284052848816
0.4627063572406769
0.4624589681625366
0.45653235912323
0.4620916247367859
0.468237966299057
0.46103984117507935
0.46529608964920044
0.46419021487236023
0.45240098237991333
0.45295143127441406
0.4503549337387085
0.45456409454345703
0.45505619049072266
0.4551696479320526
0.45239073038101196
0.45441868901252747
0.457899272441864
0.46495917439460754
0.4592275321483612
0.4506741166114807
0.4540694057941437
0.45277106761932373
0.4542800784111023
0.45540401339530945
0.4539647400379181
0.45222896337509155
0.45383286476135254
0.4472942352294922
0.44555333256721497
0.44710004329681396
0.4481152594089508
0.45257019996643066
0.45574700832366943
0.4515800476074219
0.44573426246643066
0.44397643208503723
0.44203513860702515
0.4535270929336548
0.45058852434158325
0.4425048232078552
0.4358987510204315
0.4446273446083069
0.4374942481517792
0.4519888460636139
0.44081422686576843
0.4542936086654663
0.44078636169433594
0.4492216110229492
0.43119531869888306
0.4359394609928131
0.43178296089172363
0.4397898018360138
0.4286758005619049
0.43627041578292847
0.4392333924770355
0.4338225722312927
0.4363481104373932
0.4398278594017029
0.44101959466934204
0.43720710277557373
0.4365105926990509
0.44144272804260254
0.43746599555015564
0.440703809261322
0.4410364329814911
0.4331415891647339
0.43099087476730347
0.43320968747138977
0.42751628160476685
0.4336133897304535
0.423530250787735
0.4324498176574707
0.4263152480125427
0.42331889271736145
0.4193911552429199
0.43482211232185364
0.4253452718257904
0.43284228444099426
0.4244169592857361
0.4316099286079407
0.4249464273452759
0.42212697863578796
0.4180569648742676
0.42291510105133057
0.4275832176208496
0.42257893085479736
0.4363929033279419
0.4242967367172241
0.42601659893989563
0.4297980070114136
0.42481333017349243
0.42681410908699036
0.41993972659111023
0.41793811321258545
0.41888901591300964
0.4198601245880127
0.4273112714290619
0.4037114679813385
0.4290091395378113
0.41425710916519165
0.41684430837631226
0.4233319163322449
0.42702406644821167
0.4193948209285736
0.41850417852401733
0.4292644262313843
0.4253268241882324
0.42611873149871826
0.42009860277175903
0.4075758159160614
0.4206005930900574
0.41168251633644104
0.42025259137153625
0.41037723422050476
0.4223915934562683
0.41408485174179077
0.4127422869205475
0.413357675075531
0.41407984495162964
0.4204648733139038
0.40931007266044617
0.41535404324531555
0.41059502959251404
0.41510966420173645
0.4097534120082855
0.41273033618927
0.41186758875846863
0.4053424298763275
0.41790327429771423
0.4123743772506714
0.4258970320224762
0.4123753011226654
0.41947096586227417
0.4158576428890228
0.4176847040653229
0.40313777327537537
0.4060751795768738
0.41270408034324646
0.4169060289859772
0.41801080107688904
0.416890412569046
0.4086187183856964
0.4072876274585724
0.40852034091949463
0.4097439646720886
0.4194074273109436
0.4034719467163086
0.4189067482948303
0.41774415969848633
0.4083530306816101
0.4146549105644226
0.41003334522247314
0.4052913784980774
0.4060515761375427
0.39802446961402893
0.3991141617298126
0.4038071036338806
0.405543714761734
0.41717278957366943
0.41213923692703247
0.4023391008377075
0.40285998582839966
0.4214573800563812
0.40420880913734436
0.4125531315803528
0.41120055317878723
0.41431114077568054
0.4105791449546814
0.39812400937080383
0.4021949768066406
0.405341237783432
0.4102960228919983
0.4148229658603668
0.4134446680545807
0.39909839630126953
0.39794227480888367
0.4057450294494629
0.4027036130428314
0.41290339827537537
0.4016164243221283
0.4049181342124939
0.3972983956336975
0.40096205472946167
0.4015113115310669
0.4063042104244232
0.397241473197937
0.4105781018733978
0.40435105562210083
0.4148766100406647
0.4005572497844696
0.39574459195137024
0.4063526690006256
0.411237895488739
0.39060717821121216
0.4077683687210083
0.4051077961921692
0.3966955840587616
0.40045884251594543
0.4069591760635376
0.40225520730018616
0.3989482522010803
0.39734530448913574
0.399953693151474
0.4054996967315674
0.4039050042629242
0.406645268201828
0.39923158288002014
0.40883761644363403
0.4056016206741333
0.39766785502433777
0.4011525511741638
0.3951735496520996
0.3904188871383667
0.3953258991241455
0.40763887763023376
0.39857232570648193
0.394155353307724
0.40810006856918335
0.3967687785625458
0.40913838148117065
0.3955613672733307
0.3920527398586273
0.4044564962387085
0.4134804904460907
0.4088098406791687
0.398379385471344
0.39339831471443176
0.4031636416912079
0.397416889667511
0.3974269926548004
0.4112900197505951
0.40554171800613403
0.3913410007953644
0.40469327569007874
0.40467363595962524
0.388333261013031
0.3963797986507416
0.4009379744529724
0.3838091790676117
0.387876957654953
0.39002490043640137
0.3949272632598877
0.39362072944641113
0.3902015686035156
0.38884228467941284
0.39761483669281006
0.3871619701385498
0.4006963074207306
0.40145251154899597
0.3937261402606964
0.39500266313552856
0.3831614553928375
0.3860946297645569
0.3975016474723816
0.399381160736084
0.39951634407043457
0.3940024673938751
0.38802558183670044
0.3922309875488281
0.38985076546669006
0.41230976581573486
0.41261160373687744
0.39556002616882324
0.3934423327445984
0.4046318531036377
0.38807833194732666
0.4024524688720703
0.40354201197624207
0.3974052667617798
0.3849829435348511
0.3939884305000305
0.398703932762146
0.3943231999874115
0.39183083176612854
0.388240784406662
0.39607810974121094
0.38562169671058655
0.4036669135093689
0.39595672488212585
0.4006950259208679
0.38230299949645996
0.3924344778060913
0.3904125392436981
0.40157777070999146
0.39745840430259705
0.4030733108520508
0.3917693495750427
0.39127063751220703
0.38656315207481384
0.3939051330089569
0.3790092468261719
0.38864371180534363
0.38689690828323364
0.3993588984012604
0.39589187502861023
0.3950178623199463
0.39446303248405457
0.3989071846008301
0.389692097902298
0.4002281129360199
0.3902572989463806
0.39226794242858887
0.38612836599349976
0.39732930064201355
0.39456695318222046
0.3911934792995453
0.3843405246734619
0.39021599292755127
0.3909057378768921
0.4013776481151581
0.3900706171989441
0.39009836316108704
0.3800279498100281
0.3889762759208679
0.3844973146915436
0.39453789591789246
0.394538015127182
0.3920406103134155
0.38377875089645386
0.3957277536392212
0.38428032398223877
0.3916813135147095
0.3883644938468933
0.3938387930393219
0.3988116383552551
0.4004113972187042
0.38257986307144165
0.38993629813194275
0.38435301184654236
0.39331576228141785
0.3913821578025818
0.3914010226726532
0.39124876260757446
0.3877703845500946
0.3862174451351166
0.3927844762802124
0.3964793086051941
0.39072269201278687
0.3999776840209961
0.3840148448944092
0.3879736065864563
0.3908790946006775
0.39220061898231506
0.3878866732120514
0.39493855834007263
0.39961814880371094
0.3842560946941376
0.38979798555374146
0.39068230986595154
0.39317116141319275
0.3915686011314392
0.38374149799346924
0.380697637796402
0.3972764015197754
0.3792720437049866
0.3896915018558502
0.3876064121723175
0.3722068667411804
0.39644524455070496
0.3860446810722351
0.39893245697021484
0.39103540778160095
0.3858097493648529
0.37623247504234314
0.3945414423942566
0.38992592692375183
0.3859082758426666
0.3891427218914032
0.3922874927520752
0.38690072298049927
0.38612470030784607
0.39649564027786255
0.37779584527015686
0.39238524436950684
0.3935416340827942
0.3788352608680725
0.38766130805015564
0.40073293447494507
0.38479793071746826
0.3819222152233124
0.38435786962509155
0.39425015449523926
0.38882195949554443
0.3879057466983795
0.3990531861782074
0.38614019751548767
0.3772708773612976
0.38722968101501465
0.39287224411964417
0.3894392251968384
0.3883119225502014
0.3870583474636078
0.3889659643173218
0.3893243670463562
0.3819076716899872
0.3887619376182556
0.39094364643096924
0.38805678486824036
0.3806565999984741
0.3858526349067688
0.38180413842201233
0.3813638687133789
0.3899141550064087
0.39359623193740845
0.38753241300582886
0.3927457630634308
0.3896024823188782
0.38154834508895874
0.3960135579109192
0.3798530697822571
0.3951438069343567
0.38589558005332947
0.38112860918045044
0.3958629071712494
0.3890060782432556
0.3908301293849945
0.38962802290916443
0.3812136948108673
0.38947024941444397
0.38164418935775757
0.38505077362060547
0.4010770320892334
0.378756046295166
0.3778059482574463
0.3922705352306366
0.3912084400653839
0.38033613562583923
0.39315953850746155
0.39165550470352173
0.3746095299720764
0.3834669291973114
0.3876156508922577
0.38802608847618103
0.3775574266910553
0.38822662830352783
0.3813309371471405
0.3880806863307953
0.36985400319099426
0.38846269249916077
0.3826795816421509
0.4019400179386139
0.3736162781715393
0.3804549276828766
0.3760874569416046
0.3829798698425293
0.38945138454437256
0.3757995665073395
0.38537681102752686
0.3786298632621765
0.39461371302604675
0.38892218470573425
0.38318100571632385
0.3863392174243927
0.3812708854675293
0.379544734954834
0.3763398826122284
0.39278659224510193
0.39107856154441833
0.3732965290546417
0.39735037088394165
0.3832474648952484
0.38842782378196716
0.3973235785961151
0.3832196295261383
0.383696585893631
0.38206592202186584
0.38142725825309753
0.38036343455314636
0.38523951172828674
0.394110769033432
0.3896998167037964
0.3853152394294739
0.37560373544692993
0.38516518473625183
0.3866819143295288
0.38640862703323364
0.37952810525894165
0.39572274684906006
0.3753400146961212
0.3844567537307739
0.37986472249031067
0.38528934121131897
0.3916979730129242
0.3858488202095032
0.3784492611885071
0.3803347945213318
0.3858370780944824
0.39797937870025635
0.387133926153183
0.3767918050289154
0.4017960727214813
0.38491567969322205
0.38853055238723755
0.38498204946517944
0.3929520547389984
0.3811207413673401
0.38648277521133423
0.38790687918663025
0.38968539237976074
0.3917522132396698
0.38894057273864746
0.39250272512435913
0.3896353840827942
0.3976595401763916
0.392826110124588
0.3893846869468689
0.40080031752586365
0.39163848757743835
0.39027950167655945
0.3837111294269562
0.3874938488006592
0.3837553560733795
0.3829094171524048
0.3808888792991638
0.4018077254295349
0.3856249451637268
0.39863699674606323
0.3810043931007385
0.39302003383636475
0.40116363763809204
0.38308584690093994
0.3947097361087799
0.399428129196167
