0.8535336256027222
0.7142814993858337
0.6270877718925476
0.6029459834098816
0.5624935030937195
0.5382218360900879
0.5217304825782776
0.5103192329406738
0.5104339718818665
0.4996238648891449
0.4970239996910095
0.4898878335952759
0.4831237494945526
0.4907887578010559
0.4848323464393616
0.47593480348587036
0.4896821975708008
0.48292824625968933
0.4770834147930145
0.4762621223926544
0.4702332317829132
0.4673840403556824
0.47336071729660034
0.47335103154182434
0.47394588589668274
0.47861769795417786
0.479158878326416
0.4732387065887451
0.4700729250907898
0.4673110842704773
0.47444790601730347
0.46487927436828613
0.4668961763381958
0.470466285943985
0.4610137939453125
0.46739661693573
0.46344852447509766
0.45869264006614685
0.4622458815574646
0.4657519459724426
0.4583475589752197
0.4518151581287384
0.4576857089996338
0.4592128098011017
0.4648478031158447
0.4572298228740692
0.45861387252807617
0.4605185389518738
0.4651890695095062
0.46005600690841675
0.45512932538986206
0.45110833644866943
0.460777223110199
0.447081595659256
0.4532468020915985
0.4561004936695099
0.45268064737319946
0.44886258244514465
0.4554785490036011
0.4534822702407837
0.45174235105514526
0.4443109631538391
0.44688987731933594
0.4575652480125427
0.44999751448631287
0.45009511709213257
0.4539754092693329
0.450750470161438
0.44463226199150085
0.44995129108428955
0.4412611126899719
0.4531433582305908
0.44791141152381897
0.4484241306781769
0.4409045875072479
0.4426629841327667
0.4412444531917572
0.44556835293769836
0.4447087347507477
0.4439265727996826
0.44482433795928955
0.4403799772262573
0.44073644280433655
0.4391023814678192
0.43745821714401245
0.4478786587715149
0.434295117855072
0.43750759959220886
0.43490397930145264
0.44042903184890747
0.4432103633880615
0.4421975016593933
0.4348348379135132
0.43705102801322937
0.43470504879951477
0.43304020166397095
0.4310961067676544
0.4387779235839844
0.43794822692871094
0.43211841583251953
0.43948307633399963
0.43029770255088806
0.4315659701824188
0.4327886402606964
0.4338896572589874
0.4364130198955536
0.42795330286026
0.4347142279148102
0.4287030100822449
0.4300665557384491
0.4316104054450989
0.4288214147090912
0.43084946274757385
0.4393332302570343
0.43301302194595337
0.4302937686443329
0.4274293780326843
0.43015679717063904
0.42903342843055725
0.4296797215938568
0.43241313099861145
0.4262792766094208
0.4276726543903351
0.42832067608833313
0.42264091968536377
0.41680553555488586
0.42804282903671265
0.4331403374671936
0.41540974378585815
0.42410823702812195
0.4302043318748474
0.42622077465057373
0.4219626486301422
0.4236326813697815
0.41651827096939087
0.42647069692611694
0.42380356788635254
0.4189205765724182
0.42436110973358154
0.41856658458709717
0.4196329116821289
0.4181787669658661
0.42435383796691895
0.42099231481552124
0.4205423593521118
0.4203232526779175
0.42151904106140137
0.41597792506217957
0.41947779059410095
0.41381487250328064
0.4175921678543091
0.4224623739719391
0.42247381806373596
0.4182983338832855
0.4228362739086151
0.42320913076400757
0.4110623002052307
0.4179322123527527
0.4234607517719269
0.42141231894493103
0.4136981666088104
0.4291873574256897
0.421393483877182
0.42339372634887695
0.41443800926208496
0.41737934947013855
0.4138932228088379
0.4194677472114563
0.4191638231277466
0.4242873191833496
0.4166278541088104
0.4205065071582794
0.4098413586616516
0.4145421087741852
0.42488282918930054
0.41591060161590576
0.4140477180480957
0.41186952590942383
0.418315052986145
0.41426584124565125
0.41477441787719727
0.41054460406303406
0.41996362805366516
0.41204485297203064
0.416958212852478
0.4112681746482849
0.42119866609573364
0.413039892911911
0.4198460578918457
0.4104710519313812
0.41035929322242737
0.4135242998600006
0.4119025766849518
0.4120025634765625
0.4175676703453064
0.41848817467689514
0.4084680378437042
0.41390374302864075
0.41669347882270813
0.4148985743522644
0.4166416823863983
0.41190603375434875
0.41106116771698
0.4154178202152252
0.41627267003059387
0.4073686897754669
0.40805158019065857
0.4196928143501282
0.4142106771469116
0.4012923538684845
0.40957847237586975
0.4083899259567261
0.41737815737724304
0.4117355942726135
0.40786489844322205
0.40963372588157654
0.4082302451133728
0.4128883481025696
0.40590474009513855
0.4148901104927063
0.4180602431297302
0.4142715334892273
0.4061218798160553
0.4128434956073761
0.4118252098560333
0.4112054705619812
0.40723252296447754
0.4092780351638794
0.40544503927230835
0.4056762754917145
0.4108046889305115
0.4057425558567047
0.4100492298603058
0.41046401858329773
0.39980348944664
0.41096362471580505
0.4064640402793884
0.40394967794418335
0.40909504890441895
0.40366142988204956
0.4086562693119049
0.40944868326187134
0.4047895073890686
0.40944457054138184
0.4129958748817444
0.4101061522960663
0.40468648076057434
0.4093377888202667
0.4072776138782501
0.4055100977420807
0.40448206663131714
0.40270504355430603
0.40357673168182373
0.4064007103443146
0.4070948660373688
0.4088681936264038
0.4103824496269226
0.4063497483730316
0.4020558297634125
0.4123879075050354
0.40548941493034363
0.4106454849243164
0.4058211147785187
0.40165191888809204
0.40621936321258545
0.4052765369415283
0.40155869722366333
0.4109124541282654
0.4083412289619446
0.40297120809555054
0.4054035246372223
0.4001397490501404
0.3996226191520691
0.39870771765708923
0.4042116403579712
0.39920660853385925
0.4016340374946594
0.4048074185848236
0.4124494791030884
0.40857183933258057
0.3969648480415344
0.4007048010826111
0.40556231141090393
0.4030805230140686
0.40074780583381653
0.3975696861743927
0.4030790328979492
0.40060141682624817
0.40473678708076477
0.3981917202472687
0.4078812301158905
0.3983614444732666
0.39398130774497986
0.4051452577114105
0.3997781276702881
0.39981597661972046
0.40095391869544983
0.3960566222667694
0.3977873623371124
0.40640291571617126
0.4087831676006317
0.40398478507995605
0.3955391049385071
0.40877509117126465
0.39353618025779724
0.40299171209335327
0.40267691016197205
0.399965763092041
0.3996470868587494
0.4022665321826935
0.4044349491596222
0.39976367354393005
0.40665870904922485
0.40032362937927246
0.4006843566894531
0.4053834080696106
0.40262454748153687
0.39865925908088684
0.39864182472229004
0.40037283301353455
0.4107501208782196
0.39399364590644836
0.3894895911216736
0.402005136013031
0.4043562114238739
0.40984928607940674
0.394320011138916
0.3994877338409424
0.40063801407814026
0.3983229994773865
0.3979184031486511
0.40022286772727966
0.3918244242668152
0.3990277349948883
0.3955773711204529
0.3974018692970276
0.406978964805603
0.3986985981464386
0.4014730155467987
0.38527464866638184
0.3993271589279175
0.39923742413520813
0.40171337127685547
0.3909734785556793
0.40367060899734497
0.4042910635471344
0.4002324640750885
0.391838937997818
0.4060743451118469
0.40535277128219604
0.3941243290901184
0.3999755382537842
0.39837154746055603
0.3882511556148529
0.4023328721523285
0.401364803314209
0.4022388160228729
0.4006325602531433
0.3981563448905945
0.3991743326187134
0.3960137963294983
0.39011111855506897
0.3969825804233551
0.4013347029685974
0.3977710008621216
0.3907693922519684
0.40148046612739563
0.39468884468078613
0.39994585514068604
0.39708465337753296
0.3983839154243469
0.4017169773578644
0.3977300822734833
0.4074331223964691
0.3900900185108185
0.4036014974117279
0.40469998121261597
0.3912162184715271
0.4013468027114868
0.39936307072639465
0.391021192073822
0.3972774147987366
0.4065936803817749
0.39357790350914
0.3972390294075012
0.40334561467170715
0.40533480048179626
0.39844173192977905
0.394985556602478
0.40101027488708496
0.39384031295776367
0.39384034276008606
0.3973204493522644
0.3995276689529419
0.39331740140914917
0.40251803398132324
0.40073633193969727
0.391480028629303
0.3980865180492401
0.38753509521484375
0.39390304684638977
0.4077148735523224
0.40644371509552
0.39500918984413147
0.3938045799732208
0.39161571860313416
0.39634037017822266
0.3985925018787384
0.4023608863353729
0.39196038246154785
0.40514954924583435
0.3931305706501007
0.3969615399837494
0.4017597734928131
0.3966907858848572
0.3956298530101776
0.39764606952667236
0.40060070157051086
0.39716535806655884
0.39325493574142456
0.39949488639831543
0.3981506824493408
0.3986130654811859
0.3951491117477417
0.39583343267440796
0.3991297483444214
0.38684532046318054
0.39099112153053284
0.39793646335601807
0.3919065594673157
0.39957550168037415
0.396935373544693
0.39585912227630615
0.4010419547557831
0.39921534061431885
0.40054839849472046
0.3946017324924469
0.39951735734939575
0.3987084627151489
0.39689576625823975
0.39570531249046326
0.3937016725540161
0.39555785059928894
0.39381203055381775
0.39775192737579346
0.3961639702320099
0.39811059832572937
0.3949846029281616
0.39635324478149414
0.39739739894866943
0.3954070806503296
0.39811888337135315
0.40508905053138733
0.3947089612483978
0.4001745879650116
0.3957486152648926
0.3915928304195404
0.4026585519313812
0.4036836326122284
0.3936532735824585
0.40249598026275635
0.39522260427474976
0.3970181941986084
0.40494272112846375
0.3964878022670746
0.40155166387557983
0.39538657665252686
0.3970085382461548
0.39745041728019714
0.4084019660949707
0.3901032507419586
0.40002426505088806
0.3958949148654938
0.3926030397415161
0.391265869140625
0.39341723918914795
0.39379915595054626
0.40147659182548523
0.39545342326164246
0.4029372036457062
0.4075726866722107
0.3964715898036957
0.40195804834365845
0.39584261178970337
0.3987279534339905
0.40179571509361267
0.39263713359832764
0.3870856761932373
0.38961124420166016
0.400211900472641
0.3995487689971924
0.4005105793476105
0.37854477763175964
0.39235275983810425
0.39522024989128113
0.39727896451950073
0.3943934142589569
0.3983958065509796
0.39126428961753845
0.3961707651615143
0.38966646790504456
0.39325079321861267
0.3970035910606384
0.3981146514415741
0.3953896164894104
0.3966923654079437
0.3859199583530426
0.39061439037323
0.3897383213043213
0.39556264877319336
0.3883463144302368
0.4026244580745697
0.39830946922302246
0.39619576930999756
0.3906673491001129
0.40029770135879517
0.41014933586120605
0.3926878571510315
0.39267799258232117
0.3929632604122162
0.3985852599143982
0.3866981565952301
0.3922005891799927
0.3926756680011749
0.3970254957675934
0.39789509773254395
0.40003731846809387
0.3971734344959259
0.3998721241950989
0.3889111578464508
0.392051100730896
0.39438948035240173
0.4009825587272644
0.39806440472602844
0.4030797779560089
0.3966677188873291
0.38673943281173706
0.39355212450027466
0.3968263566493988
0.3926551043987274
0.39691027998924255
0.3940441608428955
0.39431074261665344
0.39740481972694397
0.3961154818534851
0.40090125799179077
0.4049277603626251
0.39317604899406433
0.38909339904785156
0.39909622073173523
0.3934985101222992
0.39704281091690063
0.3912452459335327
0.39233526587486267
0.39978110790252686
0.40207791328430176
0.40007123351097107
0.3936525583267212
0.4007016122341156
0.39013463258743286
0.3859320878982544
0.39260512590408325
0.3985615074634552
0.3962482810020447
0.3894318640232086
0.40430548787117004
0.393528014421463
0.39641091227531433
0.3954438865184784
0.3928297162055969
0.3906063735485077
0.39459800720214844
0.39871785044670105
0.3934635519981384
0.39256879687309265
0.38948696851730347
0.3947799801826477
0.3926698863506317
0.3919549584388733
0.4014068841934204
0.3981197774410248
0.39989814162254333
0.40547195076942444
0.39296677708625793
0.3991595208644867
0.3961484432220459
0.3887929916381836
0.4005759060382843
0.3915168046951294
0.3976426124572754
0.3893502354621887
0.3967069983482361
0.39026764035224915
0.3873211741447449
0.3998551070690155
0.4024323523044586
0.3967132568359375
0.39541929960250854
0.39394792914390564
0.3874734938144684
0.39209794998168945
0.39406564831733704
0.3989587724208832
0.3993900418281555
0.39418983459472656
