0.6190471649169922
0.6117145419120789
0.6047682762145996
0.5979670286178589
0.5912356376647949
0.5848207473754883
0.5784159898757935
0.5720909237861633
0.5655239820480347
0.5596296191215515
0.5538594126701355
0.5484945178031921
0.5436561107635498
0.5390558838844299
0.5349933505058289
0.5309407711029053
0.5271415114402771
0.5234343409538269
0.5204265713691711
0.5170275568962097
0.5140765905380249
0.5114282369613647
0.5089345574378967
0.5065022706985474
0.5042032599449158
0.5022230744361877
0.5002536177635193
0.49849921464920044
0.4967986047267914
0.495391309261322
0.4938019812107086
0.4925704002380371
0.4913800060749054
0.48998531699180603
0.48895370960235596
0.48780688643455505
0.48672235012054443
0.48584339022636414
0.48489922285079956
0.4841146171092987
0.48326003551483154
0.48270782828330994
0.48206794261932373
0.4816279113292694
0.4811314046382904
0.48065540194511414
0.48022037744522095
0.47979241609573364
0.4794129431247711
0.47902002930641174
0.4786269962787628
0.4782842695713043
0.4779861569404602
0.47768011689186096
0.47732681035995483
0.4773254692554474
0.4768018424510956
0.4766227602958679
0.4762612581253052
0.4759284257888794
0.47576290369033813
0.47541967034339905
0.4752335846424103
0.4751225709915161
0.47480469942092896
0.47460007667541504
0.4744280278682709
0.4742176830768585
0.4740402102470398
0.4739567041397095
0.4739147126674652
0.4739775061607361
0.47338178753852844
0.47325223684310913
0.47321632504463196
0.4730353057384491
0.47281771898269653
0.4727819859981537
0.4726256728172302
0.4725711941719055
0.47250428795814514
0.472277969121933
0.47222694754600525
0.4720938503742218
0.4720568060874939
0.47191739082336426
0.4717849791049957
0.471759557723999
0.47158166766166687
0.47152838110923767
0.471464067697525
0.47150397300720215
0.4711986184120178
0.47119924426078796
0.47101128101348877
0.4710158705711365
0.4708879590034485
0.470785915851593
0.4707094132900238
0.47055259346961975
0.47060030698776245
0.4704344570636749
0.47039738297462463
0.47035372257232666
0.47014477849006653
0.4701592028141022
0.47006070613861084
0.46996816992759705
0.4700085520744324
0.4698728024959564
0.46979981660842896
0.4698488414287567
0.46963804960250854
0.46962428092956543
0.46962594985961914
0.46961164474487305
0.46953845024108887
0.4694662392139435
0.46947407722473145
0.4693121910095215
0.4693046510219574
0.46924689412117004
0.4692138135433197
0.46914565563201904
0.4691130220890045
0.468984991312027
0.46903082728385925
0.46894705295562744
0.46879032254219055
0.46875616908073425
0.46867677569389343
0.46869024634361267
0.4689927399158478
0.46875283122062683
0.4685295820236206
0.4684576392173767
0.4684927761554718
0.46839675307273865
0.46847689151763916
0.4684836268424988
0.4684385061264038
0.46814092993736267
0.46827012300491333
0.46817755699157715
0.46796220541000366
0.46789783239364624
0.4679509997367859
0.46784907579421997
0.4678223431110382
0.46769973635673523
0.46782517433166504
0.467655748128891
0.4675312042236328
0.46752282977104187
0.4674173593521118
0.46736228466033936
0.4672951102256775
0.46729758381843567
0.4672747552394867
0.46713003516197205
0.46709173917770386
0.4671286642551422
0.4669869542121887
0.4670219421386719
0.46683213114738464
0.4667031764984131
0.4666578769683838
0.46657079458236694
0.46657708287239075
0.46650803089141846
0.4663538634777069
0.4663635492324829
0.46628835797309875
0.46627986431121826
0.46619659662246704
0.4663476049900055
0.4660479724407196
0.46597936749458313
0.46574094891548157
0.4657346308231354
0.4656893312931061
0.46551889181137085
0.4655764102935791
0.4654276967048645
0.4653564989566803
0.46529656648635864
0.46530553698539734
0.4651857316493988
0.4649873375892639
0.4650401473045349
0.46499210596084595
0.4651341140270233
0.46486029028892517
0.46494659781455994
0.46516865491867065
0.46477511525154114
0.4645874798297882
0.46459075808525085
0.4644978642463684
0.4644638001918793
0.4643018841743469
0.4643164575099945
0.46423307061195374
0.4642270803451538
0.4642801582813263
0.46405985951423645
0.4640394151210785
0.46389588713645935
0.46400296688079834
0.46384522318840027
0.4639206528663635
0.46383363008499146
0.46358662843704224
0.4636085629463196
0.4635017514228821
0.4635502099990845
0.4634343087673187
0.4634828567504883
0.46358081698417664
0.4634237587451935
0.46334242820739746
0.46317458152770996
0.46320807933807373
0.46303778886795044
0.4630469083786011
0.46316030621528625
0.4629388153553009
0.46297353506088257
0.46292445063591003
0.46284279227256775
0.46287229657173157
0.4636150002479553
0.4628875255584717
0.4626443386077881
0.46266478300094604
0.4625929296016693
0.4626878499984741
0.4624982476234436
0.46255964040756226
0.46242469549179077
0.4626367390155792
0.4623751640319824
0.4622774124145508
0.462359219789505
0.46236103773117065
0.46237584948539734
0.46224626898765564
0.4622241258621216
0.462224543094635
0.4621604084968567
0.4621323347091675
0.46199923753738403
0.462261825799942
0.46197327971458435
0.4619671702384949
0.46186864376068115
0.46180298924446106
0.461838960647583
0.46173542737960815
0.4617081880569458
0.46171557903289795
0.46162495017051697
0.46166786551475525
0.461709201335907
0.46158865094184875
0.46156156063079834
0.4616238474845886
0.4614979922771454
0.46145811676979065
0.4613703787326813
0.4613279700279236
0.4614880681037903
0.46122080087661743
0.4612944424152374
0.4614362120628357
0.4612329602241516
0.4612424373626709
0.46117573976516724
0.4611278176307678
0.4611273407936096
0.4610639810562134
0.4610319137573242
0.4610603451728821
0.46105054020881653
0.4610041379928589
0.4609012007713318
0.46100106835365295
0.46076500415802
0.4607703685760498
0.4607977867126465
0.4607466459274292
0.4607577621936798
0.4607824683189392
0.4607788324356079
0.46073830127716064
0.46069684624671936
0.4607694149017334
0.460699200630188
0.4606876075267792
0.4606536030769348
0.4606575071811676
0.4607175588607788
0.46062159538269043
0.46059146523475647
0.46063920855522156
0.460584431886673
0.4605747163295746
0.4606291353702545
0.46053189039230347
0.4605090916156769
0.4605414569377899
0.4606218934059143
0.4604629576206207
0.4605347216129303
0.4605156481266022
0.4604419767856598
0.460453599691391
0.4604480266571045
0.46044138073921204
0.46045973896980286
0.4604294002056122
0.4604470729827881
0.46038705110549927
0.46034863591194153
0.46033546328544617
0.4603525996208191
0.46036794781684875
0.4602910578250885
0.46034863591194153
0.4603392779827118
0.460284948348999
0.4602566957473755
0.4603043496608734
0.46022045612335205
0.46051672101020813
0.460199236869812
0.4602484107017517
0.46017971634864807
0.4601489305496216
0.4602317214012146
0.4601188004016876
0.46015289425849915
0.4600905478000641
0.46021193265914917
0.46003293991088867
0.46005672216415405
0.4600815176963806
0.46007677912712097
0.46003398299217224
0.46002960205078125
0.45996397733688354
0.4599759876728058
0.4599943459033966
0.45991015434265137
0.4599139392375946
0.45987841486930847
0.459853857755661
0.4598437249660492
0.4598386287689209
0.459783136844635
0.45983651280403137
0.4597596228122711
0.45968860387802124
0.45965662598609924
0.45963770151138306
0.4595782160758972
0.4595790207386017
0.459550678730011
0.45949244499206543
0.4594917297363281
0.45945343375205994
0.4594268202781677
0.45939767360687256
0.4593925476074219
0.45937594771385193
0.45931750535964966
0.4592999815940857
0.45925554633140564
0.45924457907676697
0.459199458360672
0.45925161242485046
0.4591864049434662
0.45915576815605164
0.45921698212623596
0.4591483771800995
0.4591147303581238
0.45910462737083435
0.45901912450790405
0.45899295806884766
0.4589892625808716
0.4589930772781372
0.4589676856994629
0.45893341302871704
0.4589166045188904
0.4589083790779114
0.4589014947414398
0.458920419216156
0.4588768482208252
0.4588647484779358
0.45885995030403137
0.4588506817817688
0.45884600281715393
0.45883801579475403
0.4588181972503662
0.458806574344635
0.45880427956581116
0.45880380272865295
0.4587732255458832
0.4587653875350952
0.4587591290473938
0.4587814509868622
0.4587111473083496
0.4586988091468811
0.45870259404182434
0.458707720041275
0.45869457721710205
0.45866644382476807
0.4586453139781952
0.4586371183395386
0.4586327373981476
0.45863890647888184
0.45859137177467346
0.45857205986976624
0.4585670232772827
0.45854058861732483
0.45854541659355164
0.45854806900024414
0.4584971070289612
0.45849648118019104
0.45847049355506897
0.45846229791641235
0.4584268629550934
0.4584221839904785
0.45843201875686646
0.45839813351631165
0.45835787057876587
0.4583546221256256
0.45836707949638367
0.4583479166030884
0.45832306146621704
0.45828792452812195
0.4582604169845581
0.45824941992759705
0.45831960439682007
0.4582561254501343
0.4582023322582245
0.4582006633281708
0.45820295810699463
0.45825985074043274
0.458156555891037
0.4581388533115387
0.45812758803367615
0.45812514424324036
0.45809683203697205
0.45808351039886475
0.45814284682273865
0.45806974172592163
0.45806413888931274
0.45805615186691284
0.4580409526824951
0.4580327868461609
0.45801323652267456
0.45799875259399414
0.45798322558403015
0.45798787474632263
0.45796820521354675
0.45794597268104553
0.45793411135673523
0.45796918869018555
0.4578961431980133
0.4578992426395416
0.45795848965644836
0.45787763595581055
0.4578724801540375
0.45787158608436584
0.45784538984298706
0.45783761143684387
0.4578326940536499
0.45785650610923767
0.45787206292152405
0.457798033952713
0.45778578519821167
0.45783427357673645
0.45777827501296997
0.45775771141052246
0.45774349570274353
0.4577470123767853
0.4577462375164032
0.45771053433418274
0.45769330859184265
0.4577255845069885
0.4576926827430725
0.45767757296562195
0.45768582820892334
0.4576711356639862
0.45765793323516846
0.4576560854911804
0.4576491117477417
0.45766347646713257
0.45764651894569397
0.4576472342014313
0.4576278626918793
0.4576333463191986
0.4576320946216583
0.45762455463409424
0.45761147141456604
0.45762425661087036
0.45760610699653625
0.45761606097221375
0.4575875401496887
0.4575856328010559
0.4575848877429962
0.45759084820747375
0.4575684368610382
0.4575766921043396
0.45756304264068604
0.45755696296691895
0.45756641030311584
0.4575421214103699
0.45753711462020874
0.45753446221351624
0.4575258195400238
0.4575134217739105
0.4575199484825134
0.457513689994812
0.4575156569480896
0.4575157165527344
0.45750343799591064
0.45748868584632874
0.4574829936027527
0.45748820900917053
0.45747920870780945
0.4574718177318573
0.45746222138404846
0.45747584104537964
0.4574689269065857
0.45745015144348145
0.45744723081588745
0.4574492573738098
0.4574406147003174
0.4574362337589264
0.4574230909347534
0.4574323296546936
0.4574091136455536
0.45740145444869995
0.4574121832847595
0.4574315845966339
0.45739081501960754
0.4573882222175598
0.457388311624527
0.45738306641578674
0.4573715925216675
0.4573640823364258
0.45736628770828247
0.45737701654434204
0.4573579728603363
0.4573470652103424
0.4573419690132141
0.45736005902290344
0.457333505153656
0.45732924342155457
0.457327276468277
0.45732802152633667
0.4573167860507965
0.4573148787021637
0.45731523633003235
0.4573235809803009
0.45729392766952515
0.4572884738445282
0.45729121565818787
0.4572787880897522
0.4572807550430298
0.45727789402008057
0.4572869539260864
0.4572596848011017
0.45725926756858826
0.4572608172893524
0.45725467801094055
0.4572485089302063
0.45727601647377014
0.4572276175022125
0.45722562074661255
0.4572243094444275
0.45722174644470215
0.45721548795700073
0.4572126865386963
0.457206130027771
0.4571880102157593
0.4571841061115265
0.4571833610534668
0.4571778476238251
0.45717236399650574
0.4571877419948578
0.4571716785430908
0.4571681022644043
0.4571664035320282
0.4571647346019745
0.45717185735702515
0.4571811854839325
0.45715922117233276
0.4571531414985657
0.4571513533592224
0.4571479856967926
0.45714518427848816
0.45714542269706726
0.4571390450000763
0.4571382999420166
0.4571375250816345
0.45714372396469116
0.4571263790130615
0.4571346938610077
0.4571220278739929
0.45712876319885254
0.4571276307106018
0.45711928606033325
0.4571142792701721
0.45711633563041687
0.457123339176178
0.4571041762828827
0.45711949467658997
0.4571112096309662
0.4570993483066559
0.457099974155426
0.45710235834121704
0.4571114778518677
0.45709294080734253
0.4570907652378082
0.4570843577384949
0.4570801258087158
0.45707863569259644
0.45707905292510986
0.45708227157592773
0.4570756256580353
0.4570724368095398
0.45706573128700256
0.45706745982170105
0.45706674456596375
0.457072377204895
0.4570590853691101
0.4570622146129608
0.45706114172935486
0.4570496380329132
0.4570581018924713
0.4570575952529907
0.4570499658584595
0.45703965425491333
0.4570431411266327
0.4570345878601074
0.4570346176624298
0.4570344388484955
0.45702892541885376
0.4570360779762268
0.4570256173610687
0.4570218026638031
0.4570159912109375
0.4570195972919464
0.45701998472213745
0.4570159316062927
0.45701339840888977
0.45701026916503906
0.45700204372406006
0.4570097327232361
0.456997811794281
0.45700106024742126
0.45700016617774963
0.4569920003414154
0.45699170231819153
0.45699554681777954
0.456987202167511
0.4569805860519409
0.4569832980632782
0.4569796919822693
0.4569741487503052
0.4569743573665619
0.45697489380836487
0.45696860551834106
0.4569646418094635
0.4569613039493561
0.45695960521698
0.4569602906703949
0.4569564759731293
0.45695436000823975
0.45695436000823975
0.4569550156593323
0.4569571018218994
0.4569426476955414
0.45694679021835327
0.4569360315799713
0.45693325996398926
0.4569343626499176
0.4569340944290161
0.45693016052246094
0.45693066716194153
0.45693016052246094
0.45693239569664
0.45692723989486694
0.4569289982318878
0.4569239616394043
0.45692312717437744
0.4569207727909088
0.45692089200019836
0.4569164216518402
0.4569201171398163
0.4569162130355835
0.45691969990730286
0.45691758394241333
0.45691534876823425
0.4569103419780731
0.4569118022918701
0.45690950751304626
0.4569059908390045
0.45690909028053284
