0.7308462858200073
0.5729237198829651
0.5471821427345276
0.5317775011062622
0.5114306807518005
0.5072615146636963
0.5051971077919006
0.5016503930091858
0.4925217628479004
0.4884680211544037
0.48594990372657776
0.4801725447177887
0.49069660902023315
0.4815552234649658
0.4850342571735382
0.4771787226200104
0.4791914224624634
0.4574985206127167
0.4699978828430176
0.4772607684135437
0.46569526195526123
0.45506539940834045
0.46373945474624634
0.46174606680870056
0.4437432289123535
0.4619770646095276
0.46056365966796875
0.46270129084587097
0.45171257853507996
0.45008501410484314
0.4451673924922943
0.4486401379108429
0.44212237000465393
0.4448188841342926
0.4465125799179077
0.4419703781604767
0.4389418959617615
0.434489905834198
0.4401472508907318
0.45137158036231995
0.43117496371269226
0.43071070313453674
0.4271661639213562
0.4318736791610718
0.44266268610954285
0.43070271611213684
0.42182716727256775
0.4389806091785431
0.4240335524082184
0.42799651622772217
0.42764437198638916
0.43113717436790466
0.4224625825881958
0.41934168338775635
0.4132682681083679
0.42112237215042114
0.4211271405220032
0.4186156690120697
0.41334637999534607
0.40736672282218933
0.4099421501159668
0.40182894468307495
0.4032832980155945
0.4007048010826111
0.3985466957092285
0.40124356746673584
0.39780664443969727
0.4134790897369385
0.3892533481121063
0.3849007785320282
0.3979800343513489
0.38615140318870544
0.389130175113678
0.39063963294029236
0.38621440529823303
0.3835550546646118
0.3931075930595398
0.3675253391265869
0.37590646743774414
0.3598954677581787
0.3854629397392273
0.3759416937828064
0.3770430088043213
0.3761320412158966
0.37253278493881226
0.38519909977912903
0.3600989580154419
0.37263649702072144
0.3636753261089325
0.36887094378471375
0.35967519879341125
0.35733306407928467
0.354134202003479
0.3721174895763397
0.35467854142189026
0.36335480213165283
0.35414358973503113
0.3604087233543396
0.3554232716560364
0.3685857951641083
0.3522014021873474
0.35553067922592163
0.34700942039489746
0.3302326202392578
0.34425434470176697
0.3491346538066864
0.340987890958786
0.34444132447242737
0.35384950041770935
0.34562361240386963
0.33575451374053955
0.3351565897464752
0.34516778588294983
0.33831673860549927
0.3460095524787903
0.3274553120136261
0.3264067769050598
0.327573299407959
0.3355255126953125
0.31987619400024414
0.3239958882331848
0.32463717460632324
0.31213247776031494
0.3372471034526825
0.32156121730804443
0.3077331483364105
0.310879647731781
0.33157849311828613
0.31882843375205994
0.3044995367527008
0.3146444857120514
0.3167310059070587
0.3145449459552765
0.2926197648048401
0.3123975694179535
0.3067057728767395
0.3053397536277771
0.32696059346199036
0.30418434739112854
0.31119561195373535
0.31786006689071655
0.31152498722076416
0.2878463566303253
0.297186940908432
0.3198690712451935
0.3090260326862335
0.3036189675331116
0.307771235704422
0.2991815507411957
0.2799711227416992
0.3050220310688019
0.30201566219329834
0.3023366630077362
0.3021595776081085
0.2967699468135834
0.3082059323787689
0.29878339171409607
0.31013473868370056
0.28553247451782227
0.30827587842941284
0.296484112739563
0.28762632608413696
0.2959301769733429
0.2913290560245514
0.28069067001342773
0.3009669780731201
0.2949061095714569
0.29687556624412537
0.28790315985679626
0.3013911545276642
0.2895624041557312
0.29172998666763306
0.2788902223110199
0.28404754400253296
0.29798030853271484
0.2904510796070099
0.2803628146648407
0.2899657189846039
0.2894017696380615
0.3047938048839569
0.2981445789337158
0.28441840410232544
0.28409263491630554
0.29961422085762024
0.2844727039337158
0.28324392437934875
0.2765922248363495
0.27633899450302124
0.28345733880996704
0.2804701328277588
0.2771718502044678
0.29000404477119446
0.2751624286174774
0.28551173210144043
0.29070478677749634
0.2819468080997467
0.28505536913871765
0.2744651436805725
0.2792086899280548
0.2682979702949524
0.2730863392353058
0.26499661803245544
0.2688959538936615
0.26114651560783386
0.27138811349868774
0.2888231873512268
0.28694653511047363
0.28460150957107544
0.2747478187084198
0.2630217969417572
0.27400827407836914
0.27449384331703186
0.26651233434677124
0.2869693636894226
0.2788708806037903
0.2687242925167084
0.2654895782470703
0.282958447933197
0.2658645212650299
0.2429271638393402
0.27635064721107483
0.27559879422187805
0.25273340940475464
0.2569873631000519
0.2609100639820099
0.24508239328861237
0.26418811082839966
0.25735917687416077
0.2621768116950989
0.24830561876296997
0.2580464780330658
0.2631402313709259
0.2551526427268982
0.2667255997657776
0.25575390458106995
0.25653213262557983
0.24275794625282288
0.24836896359920502
0.2679753303527832
0.24823738634586334
0.2580482065677643
0.2506328523159027
0.26095595955848694
0.2663085460662842
0.249055877327919
0.24241963028907776
0.2512742280960083
0.26777639985084534
0.2564429044723511
0.26224732398986816
0.24431556463241577
0.2663936913013458
0.2546142339706421
0.2539871335029602
0.2713198959827423
0.2752642035484314
0.24767468869686127
0.2644446790218353
0.2358207106590271
0.25212615728378296
0.2514943778514862
0.2667904198169708
0.25050023198127747
0.2595162093639374
0.25913524627685547
0.2473699152469635
0.2523179054260254
0.24744006991386414
0.23972143232822418
0.2589658200740814
0.23639239370822906
0.23783369362354279
0.2562049925327301
0.25328442454338074
0.2445988953113556
0.2542499899864197
0.2691526412963867
0.2566628158092499
0.2591080367565155
0.24957439303398132
0.25339969992637634
0.23454375565052032
0.24829921126365662
0.254414439201355
0.243855282664299
0.25460076332092285
0.24989596009254456
0.23002637922763824
0.2403050810098648
0.2605300843715668
0.2653588652610779
0.24126005172729492
0.2633083164691925
0.2391229271888733
0.24976341426372528
0.24825280904769897
0.2570911645889282
0.2543879747390747
0.26585811376571655
0.26478639245033264
0.2674826383590698
0.23726926743984222
0.25773170590400696
0.2584657073020935
0.2687010169029236
0.24500055611133575
0.2465621680021286
0.25868484377861023
0.22348445653915405
0.23810645937919617
0.24108974635601044
0.24913573265075684
0.2387322187423706
0.23531806468963623
0.2521107494831085
0.24764327704906464
0.2546287477016449
0.23065786063671112
0.24307915568351746
0.2443646788597107
0.24181942641735077
0.24626639485359192
0.25564873218536377
0.24440908432006836
0.23915500938892365
0.2300988733768463
0.2458922415971756
0.24335713684558868
0.24747754633426666
0.2401580661535263
0.248599573969841
0.24434900283813477
0.22224044799804688
0.23544706404209137
0.22066505253314972
0.2406308501958847
0.232670858502388
0.24853532016277313
0.2357790470123291
0.2418879270553589
0.24018776416778564
0.264921635389328
0.2470702826976776
0.2456771284341812
0.22094063460826874
0.25383052229881287
0.23445336520671844
0.22516155242919922
0.23846086859703064
0.23492178320884705
0.2269517332315445
0.22334414720535278
0.23654648661613464
0.22692659497261047
0.23011407256126404
0.2347932606935501
0.25329750776290894
0.22231677174568176
0.24152693152427673
0.23560583591461182
0.23927494883537292
0.2319348305463791
0.23392969369888306
0.23352110385894775
0.23494358360767365
0.2301546186208725
0.24738825857639313
0.2379418909549713
0.22614479064941406
0.2521704435348511
0.230656698346138
0.25548601150512695
0.24304898083209991
0.2410995215177536
0.23276227712631226
0.24249820411205292
0.23383371531963348
0.25361955165863037
0.23921799659729004
0.23652340471744537
0.22764480113983154
0.24773113429546356
0.2229834794998169
0.21863797307014465
0.22186794877052307
0.2359757274389267
0.23103967308998108
0.22218124568462372
0.24375995993614197
0.23255521059036255
0.2332579493522644
0.2389315813779831
0.24715310335159302
0.2232600301504135
0.23624081909656525
0.24103927612304688
0.25071725249290466
0.24677114188671112
0.22691582143306732
0.2375502586364746
0.24080029129981995
0.24501842260360718
0.22406251728534698
0.25375649333000183
0.21094055473804474
0.2318911850452423
0.22559794783592224
0.22712349891662598
0.22489453852176666
0.2470853328704834
0.22872459888458252
0.24332600831985474
0.2332506626844406
0.23048260807991028
0.23923295736312866
0.2293223738670349
0.22879274189472198
0.22863854467868805
0.23540182411670685
0.22188374400138855
0.22181642055511475
0.21635450422763824
0.23958967626094818
0.24438239634037018
0.21918849647045135
0.215781569480896
0.22057679295539856
0.21480600535869598
0.23501990735530853
0.2356201410293579
0.23997846245765686
0.22907769680023193
0.24446986615657806
0.22942090034484863
0.2369767129421234
0.22687985002994537
0.23650190234184265
0.22518275678157806
0.24161067605018616
0.23253102600574493
0.21886369585990906
0.24184520542621613
0.23425039649009705
0.23555883765220642
0.2337162047624588
0.21868281066417694
0.22343970835208893
0.24326187372207642
0.22788231074810028
0.2289135903120041
0.2183981090784073
0.22558636963367462
0.22184275090694427
0.2413005232810974
0.23599320650100708
0.2284427285194397
0.22483986616134644
0.22929228842258453
0.22977083921432495
0.2211780846118927
0.24083207547664642
0.2314254492521286
0.241334930062294
0.2361014485359192
0.21650607883930206
0.21083159744739532
0.21502633392810822
0.2323254495859146
0.22392001748085022
0.2353532463312149
0.22762976586818695
0.23169666528701782
0.23019355535507202
0.22521346807479858
0.22170276939868927
0.2356894463300705
0.23349396884441376
0.24999374151229858
0.22432269155979156
0.2212453931570053
0.22095464169979095
0.23578041791915894
0.21239858865737915
0.22065386176109314
0.22715237736701965
0.22131101787090302
0.21703676879405975
0.2568921446800232
0.22902467846870422
0.2345796525478363
0.2290419191122055
0.22370366752147675
0.2206358015537262
0.21698400378227234
0.22618037462234497
0.2111610770225525
0.22031350433826447
0.22720400989055634
0.2255101352930069
0.23618023097515106
0.23031985759735107
0.2154436856508255
0.2149691879749298
0.24432364106178284
0.2290647327899933
0.23167338967323303
0.21806694567203522
0.21725988388061523
0.22174732387065887
0.22256211936473846
0.21308179199695587
0.21677079796791077
0.2282778024673462
0.22063708305358887
0.22206518054008484
0.2447233647108078
0.2110166996717453
0.22434689104557037
0.2235826551914215
0.23805345594882965
0.22820307314395905
0.21440492570400238
0.22295767068862915
0.23088324069976807
0.2299899458885193
0.20873938500881195
0.23552925884723663
0.2272178679704666
0.23217928409576416
0.22077736258506775
0.2353821098804474
0.2170751839876175
0.2267720103263855
0.22339650988578796
0.2201344072818756
0.22323790192604065
0.21317608654499054
0.2175464928150177
0.2183079868555069
0.21985092759132385
0.21846266090869904
0.2321622669696808
0.22008830308914185
0.21719028055667877
0.21962293982505798
0.21422362327575684
0.23977939784526825
0.23145738244056702
0.22663600742816925
0.2181774228811264
0.22671398520469666
0.2117137908935547
0.23147086799144745
0.22345858812332153
0.2326875478029251
0.21988733112812042
0.24031400680541992
0.2196122705936432
0.21433131396770477
0.2293740063905716
0.22300167381763458
0.2373931109905243
0.2318941056728363
0.2114720195531845
0.21100451052188873
0.21453885734081268
0.19877655804157257
0.2173493653535843
0.2295997440814972
0.22101713716983795
0.2230726033449173
0.21235084533691406
0.22983720898628235
0.22407400608062744
0.22649241983890533
0.2291852831840515
0.22454692423343658
0.22810126841068268
0.22371084988117218
0.21176806092262268
0.22417378425598145
0.22279579937458038
0.2223028838634491
0.235358327627182
0.22603897750377655
0.226546972990036
0.2133389264345169
0.2262897789478302
0.2215166687965393
0.2206069976091385
0.21638037264347076
0.21550840139389038
0.19695650041103363
0.22504161298274994
0.2170073240995407
0.22625800967216492
0.23238018155097961
0.21797730028629303
0.21374192833900452
0.2295902818441391
0.20787979662418365
0.21267595887184143
