0.8038439750671387
0.6810740232467651
0.6177918314933777
0.5905542373657227
0.5777788162231445
0.5560072064399719
0.5384273529052734
0.5349439978599548
0.5394644141197205
0.5115869045257568
0.5113527774810791
0.4872169494628906
0.5170588493347168
0.506917417049408
0.5050708651542664
0.5067014098167419
0.48910778760910034
0.48858919739723206
0.4921819865703583
0.49015936255455017
0.48297974467277527
0.4912850558757782
0.4761771857738495
0.483690083026886
0.47265833616256714
0.4791892170906067
0.4691797196865082
0.4756920039653778
0.47596845030784607
0.4703061878681183
0.4766933023929596
0.4617865979671478
0.47490158677101135
0.47140344977378845
0.47006744146347046
0.4607141315937042
0.46011117100715637
0.46823054552078247
0.4687230885028839
0.4516294002532959
0.45726150274276733
0.45367228984832764
0.44752928614616394
0.46031174063682556
0.4639062285423279
0.46484988927841187
0.4535602927207947
0.45162129402160645
0.45783111453056335
0.45790934562683105
0.45532816648483276
0.4517434239387512
0.44840314984321594
0.4572058320045471
0.4533482789993286
0.4563021957874298
0.4457250237464905
0.46031445264816284
0.45931723713874817
0.446607768535614
0.4558032751083374
0.45066165924072266
0.44736722111701965
0.4378979504108429
0.45055335760116577
0.4497317969799042
0.449095219373703
0.4444717764854431
0.443227618932724
0.44810381531715393
0.44653424620628357
0.4408699572086334
0.43244311213493347
0.4367865025997162
0.4428161680698395
0.4529324471950531
0.44100815057754517
0.4408559501171112
0.43903833627700806
0.4452815651893616
0.4320041537284851
0.43325650691986084
0.43903377652168274
0.43496617674827576
0.4383068382740021
0.444084495306015
0.4352318346500397
0.4387231469154358
0.42337074875831604
0.42501527070999146
0.427749902009964
0.4374656081199646
0.4328569173812866
0.4346446692943573
0.4358951151371002
0.4290458858013153
0.4331025183200836
0.43590813875198364
0.43021106719970703
0.43172359466552734
0.4218193292617798
0.4395991265773773
0.4305434823036194
0.4253474175930023
0.43068453669548035
0.42167237401008606
0.4173222482204437
0.43314307928085327
0.43307971954345703
0.4331396818161011
0.4298221468925476
0.42794477939605713
0.425470232963562
0.4214654266834259
0.4287814795970917
0.41742098331451416
0.4235764741897583
0.42078980803489685
0.4252704679965973
0.42429545521736145
0.41276657581329346
0.42528268694877625
0.42508232593536377
0.4230436086654663
0.41472405195236206
0.4082243740558624
0.4226575791835785
0.4061320126056671
0.4258674085140228
0.4164416790008545
0.42275914549827576
0.41030341386795044
0.416547030210495
0.4115663170814514
0.4155721366405487
0.40504440665245056
0.41439658403396606
0.41235706210136414
0.3968868553638458
0.3992759585380554
0.416767954826355
0.40663909912109375
0.41435080766677856
0.3997039794921875
0.4143950641155243
0.4006679058074951
0.40084370970726013
0.39827531576156616
0.4147108793258667
0.4028995633125305
0.407170832157135
0.40339964628219604
0.4057128131389618
0.40785983204841614
0.40133312344551086
0.411048948764801
0.3958933353424072
0.3967360258102417
0.3996760845184326
0.395076721906662
0.3967597782611847
0.40819811820983887
0.4016096591949463
0.3930748701095581
0.39908137917518616
0.38768795132637024
0.38908979296684265
0.39612022042274475
0.398214727640152
0.4043097198009491
0.39915570616722107
0.38863030076026917
0.39324769377708435
0.39133232831954956
0.3796056807041168
0.39793071150779724
0.40100526809692383
0.38289082050323486
0.3908388912677765
0.38436880707740784
0.3824555575847626
0.39126935601234436
0.3952147662639618
0.3915128707885742
0.38313138484954834
0.3989873230457306
0.38329118490219116
0.38775479793548584
0.38572898507118225
0.39987465739250183
0.40209561586380005
0.38723838329315186
0.3967936336994171
0.3882514536380768
0.38372883200645447
0.39754265546798706
0.3911699056625366
0.3975641429424286
0.3865776062011719
0.3871292471885681
0.3828918933868408
0.39092913269996643
0.379254549741745
0.3861401379108429
0.3840795159339905
0.37045618891716003
0.38505351543426514
0.38369107246398926
0.3850647807121277
0.38128501176834106
0.384338915348053
0.3819939196109772
0.39407074451446533
0.3838658332824707
0.3777371942996979
0.3827309012413025
0.3761756718158722
0.3753429353237152
0.3919042944908142
0.3682330548763275
0.38815897703170776
0.38627520203590393
0.3762410581111908
0.3719227612018585
0.389436274766922
0.3834034502506256
0.3659517467021942
0.3783433437347412
0.38868024945259094
0.3974565863609314
0.3792763948440552
0.3825390934944153
0.3758842945098877
0.37209752202033997
0.38801074028015137
0.37831911444664
0.3825087547302246
0.37894976139068604
0.3779989182949066
0.384157657623291
0.38059544563293457
0.3834706246852875
0.3806907534599304
0.36591288447380066
0.36871254444122314
0.380609929561615
0.379566490650177
0.3805985450744629
0.37913766503334045
0.36445996165275574
0.37089377641677856
0.37092968821525574
0.36497870087623596
0.3862551152706146
0.38917550444602966
0.3758380115032196
0.3598337471485138
0.36729758977890015
0.37614989280700684
0.3753397464752197
0.3640548586845398
0.37363022565841675
0.375326007604599
0.3768613934516907
0.3668603301048279
0.37071341276168823
0.3695574402809143
0.3708277940750122
0.37977364659309387
0.38571491837501526
0.3764265179634094
0.3742067515850067
0.3678133487701416
0.38250964879989624
0.36878108978271484
0.3848044276237488
0.3745384216308594
0.37611523270606995
0.3656616806983948
0.35777682065963745
0.3688150644302368
0.3598228991031647
0.37744787335395813
0.3697183430194855
0.3600500226020813
0.3740222752094269
0.3624195456504822
0.3803502321243286
0.36647894978523254
0.3587319254875183
0.36657071113586426
0.3643209636211395
0.38568803668022156
0.35575956106185913
0.3614426851272583
0.36946240067481995
0.3599371016025543
0.36394205689430237
0.35791248083114624
0.36998507380485535
0.37685608863830566
0.3779796063899994
0.3803133964538574
0.36979255080223083
0.3764697313308716
0.36629587411880493
0.36588168144226074
0.37004244327545166
0.36563989520072937
0.3508249819278717
0.3667217195034027
0.3633248805999756
0.37994518876075745
0.3600081205368042
0.3692343533039093
0.37366509437561035
0.36654186248779297
0.37540215253829956
0.3590671718120575
0.35126563906669617
0.380668580532074
0.37985652685165405
0.3601241409778595
0.3650926351547241
0.3708983063697815
0.35610246658325195
0.3630788326263428
0.35754555463790894
0.37061163783073425
0.36300453543663025
0.3615727424621582
0.37455493211746216
0.3597661256790161
0.37263110280036926
0.3625844120979309
0.3642779290676117
0.38051140308380127
0.3669525980949402
0.3800123333930969
0.3688645660877228
0.3632248044013977
0.3551596403121948
0.38267990946769714
0.37771978974342346
0.3688274323940277
0.3664361238479614
0.36918383836746216
0.3517644703388214
0.3619409203529358
0.35632479190826416
0.37204211950302124
0.36742472648620605
0.3601018488407135
0.35582074522972107
0.37106040120124817
0.36024945974349976
0.3584814667701721
0.3662678301334381
0.36184677481651306
0.3577596843242645
0.3789213299751282
0.36206185817718506
0.35484057664871216
0.3471298813819885
0.36636948585510254
0.35685020685195923
0.35853540897369385
0.36097657680511475
0.36296790838241577
0.3509500026702881
0.36352282762527466
0.3495241701602936
0.35871991515159607
0.3554493486881256
0.3450157046318054
0.36454617977142334
0.3793947398662567
0.3661835491657257
0.36126944422721863
0.37709522247314453
0.35559287667274475
0.3689674437046051
0.3674691915512085
0.3484269678592682
0.3538567125797272
0.3666340112686157
0.37772804498672485
0.36533936858177185
0.35644134879112244
0.3581334352493286
0.36579084396362305
0.3545014262199402
0.36259719729423523
0.3551243245601654
0.3537024259567261
0.36492323875427246
0.3517821431159973
0.3724576234817505
0.3613361418247223
0.36532434821128845
0.3618611693382263
0.36698395013809204
0.36248210072517395
0.36957305669784546
0.3601650893688202
0.35634058713912964
0.3626803159713745
0.35813087224960327
0.37235960364341736
0.3504948914051056
0.3637735843658447
0.3592601418495178
0.35894468426704407
0.3600808084011078
0.3583321273326874
0.36701032519340515
0.365984171628952
0.3565123677253723
0.35843899846076965
0.3562958240509033
0.3451468348503113
0.3725663423538208
0.35800057649612427
0.36161813139915466
0.36407575011253357
0.3607843816280365
0.3464731276035309
0.3605029582977295
0.35483694076538086
0.3483472466468811
0.3418058454990387
0.3479997515678406
0.36620843410491943
0.36750528216362
0.3489364981651306
0.37337809801101685
0.34921354055404663
0.3501216471195221
0.35152897238731384
0.35249948501586914
0.35629576444625854
0.36725950241088867
0.35465115308761597
0.3444550633430481
0.3616490662097931
0.3538933992385864
0.3631461262702942
0.36977866291999817
0.35669249296188354
0.3541274964809418
0.3766476809978485
0.3504069447517395
0.34805363416671753
0.35335251688957214
0.3644833564758301
0.3576277792453766
0.3732668161392212
0.3478885889053345
0.36008647084236145
0.3564959764480591
0.34638771414756775
0.35735654830932617
0.35913586616516113
0.367763876914978
0.359230101108551
0.34135863184928894
0.35202404856681824
0.3409894108772278
0.3609195947647095
0.34094637632369995
0.36043956875801086
0.35607412457466125
0.362896203994751
0.34967052936553955
0.3642776906490326
0.352556973695755
0.3629590570926666
0.36446166038513184
0.35576075315475464
0.34190741181373596
0.3651733100414276
0.35612890124320984
0.3617793321609497
0.3587377965450287
0.3556442856788635
0.3628648519515991
0.36102089285850525
0.35721367597579956
0.36665916442871094
0.3481352925300598
0.35454773902893066
0.3402542173862457
0.3530307114124298
0.3525748550891876
0.34891095757484436
0.3583565056324005
0.35742634534835815
0.36402252316474915
0.34995168447494507
0.34110400080680847
0.35678669810295105
0.35229653120040894
0.3576217293739319
0.36425280570983887
0.34434980154037476
0.3461683690547943
0.36080750823020935
0.3594827651977539
0.3660593032836914
0.37233829498291016
0.34400179982185364
0.36118558049201965
0.35301539301872253
0.3636912405490875
0.3536732792854309
0.361019104719162
0.34255096316337585
0.3574635088443756
0.34760013222694397
0.36077800393104553
0.34816408157348633
0.3624235689640045
0.3626115620136261
0.35569027066230774
0.36104926466941833
0.3599262237548828
0.3381096124649048
0.35257139801979065
0.3557905852794647
0.359965443611145
0.3546283543109894
0.3711525797843933
0.36147573590278625
0.3490385413169861
0.35110005736351013
0.3380364775657654
0.34716448187828064
0.3548714518547058
0.37100133299827576
0.35382676124572754
0.35613083839416504
0.3427717089653015
0.3623645305633545
0.34824150800704956
0.3601588010787964
0.3643537759780884
0.3527262210845947
0.34855782985687256
0.36117151379585266
0.3565743565559387
0.34149089455604553
0.35454949736595154
0.34708917140960693
0.3545396029949188
0.34972524642944336
0.3450985252857208
0.35250145196914673
0.3410729765892029
0.36120691895484924
0.3616476058959961
0.3510514199733734
0.3510149121284485
0.36616218090057373
0.3434015214443207
0.36136922240257263
0.35693296790122986
0.3490375578403473
0.34379687905311584
0.3568010628223419
0.34356823563575745
0.35066598653793335
0.36143311858177185
0.3425173759460449
0.3607398569583893
0.3582751452922821
0.3542559742927551
0.35002344846725464
0.37016791105270386
0.35669106245040894
0.3595436215400696
0.35836130380630493
0.3608642518520355
0.3523450493812561
0.35186126828193665
0.3582751750946045
0.3469727039337158
0.3520938754081726
0.35516390204429626
0.35054147243499756
0.3665750026702881
0.36695459485054016
0.36071857810020447
0.35450467467308044
0.36042430996894836
0.35572659969329834
0.3513968884944916
0.3520221412181854
0.3559013605117798
0.3594111204147339
0.3572220802307129
0.3575746417045593
0.3435518443584442
0.3574872314929962
