0.692521870136261
0.6593105792999268
0.6526414155960083
0.6348791718482971
0.6247550249099731
0.6020578742027283
0.5858213305473328
0.5782666206359863
0.5753048062324524
0.5919277667999268
0.5648178458213806
0.573559582233429
0.5693586468696594
0.5604771971702576
0.5486149191856384
0.5606892108917236
0.5537616610527039
0.5573875308036804
0.5439267754554749
0.5432076454162598
0.5529778003692627
0.5381026864051819
0.5348843336105347
0.5340242385864258
0.540895938873291
0.5328613519668579
0.5422212481498718
0.5351069569587708
0.5286205410957336
0.5289236307144165
0.5274986624717712
0.5200230479240417
0.525257408618927
0.5113213658332825
0.5206707119941711
0.5264520645141602
0.5129097700119019
0.5097138285636902
0.5093072056770325
0.513707160949707
0.5052388906478882
0.5107963681221008
0.5254479050636292
0.51481032371521
0.5012117028236389
0.5223689675331116
0.4976165294647217
0.504337728023529
0.5155455470085144
0.5076065063476562
0.49704843759536743
0.5163151025772095
0.5193563103675842
0.499910831451416
0.5133904814720154
0.5205313563346863
0.5101434588432312
0.4985681176185608
0.504974901676178
0.5010393261909485
0.5020142197608948
0.5094861388206482
0.5066730380058289
0.48690149188041687
0.5124468803405762
0.49266311526298523
0.4862731099128723
0.5066019892692566
0.503117561340332
0.4913753867149353
0.49916911125183105
0.49634668231010437
0.5086356997489929
0.4962438941001892
0.492565780878067
0.48852217197418213
0.49410197138786316
0.48856961727142334
0.4827059805393219
0.48757678270339966
0.4875375032424927
0.480293869972229
0.4797193109989166
0.4949529469013214
0.5003727674484253
0.4916442036628723
0.493325412273407
0.49571797251701355
0.4828023910522461
0.4834126830101013
0.4884277284145355
0.48407450318336487
0.48577097058296204
0.48910248279571533
0.4942057132720947
0.47572654485702515
0.47256436944007874
0.48426634073257446
0.47570180892944336
0.48139938712120056
0.491377592086792
0.49292731285095215
0.49569830298423767
0.4769441485404968
0.4795515835285187
0.47461867332458496
0.4886230528354645
0.4806002974510193
0.47777074575424194
0.4823610186576843
0.48767006397247314
0.4760814905166626
0.4821423292160034
0.4787038564682007
0.4632765054702759
0.47838589549064636
0.4912622272968292
0.47149842977523804
0.4827609658241272
0.4775838553905487
0.4760195016860962
0.46718236804008484
0.46203678846359253
0.48099973797798157
0.4835885763168335
0.4770050048828125
0.48181772232055664
0.4565628170967102
0.46530240774154663
0.4697817862033844
0.4818754196166992
0.47542092204093933
0.484594464302063
0.47435879707336426
0.4824617803096771
0.48017463088035583
0.4743484854698181
0.45961615443229675
0.4734565317630768
0.4559108316898346
0.4683116674423218
0.4744497835636139
0.47790610790252686
0.45699119567871094
0.4718865156173706
0.4724442958831787
0.469014048576355
0.47039905190467834
0.46529871225357056
0.4849288761615753
0.46327710151672363
0.4786803722381592
0.475742906332016
0.47307243943214417
0.4556461572647095
0.4699816107749939
0.4689863622188568
0.46165305376052856
0.46998855471611023
0.4525468051433563
0.4676598310470581
0.4750291705131531
0.46468329429626465
0.4686880111694336
0.4659423828125
0.4753533601760864
0.4623293876647949
0.45045602321624756
0.47759515047073364
0.46091321110725403
0.45111343264579773
0.4639209508895874
0.4711616039276123
0.45901617407798767
0.4600580036640167
0.4572884440422058
0.4647423028945923
0.46752721071243286
0.45603466033935547
0.4642176926136017
0.4639069437980652
0.46532824635505676
0.4674969017505646
0.4613317847251892
0.4626027047634125
0.46418309211730957
0.4576933681964874
0.4550711512565613
0.4568586051464081
0.4518659710884094
0.4724233150482178
0.4562954902648926
0.47082051634788513
0.46226951479911804
0.4605182707309723
0.46008092164993286
0.44999200105667114
0.4674715995788574
0.4667702913284302
0.4656955897808075
0.4636867642402649
0.4576362669467926
0.4626956284046173
0.4581589698791504
0.4538224935531616
0.4476678669452667
0.46822643280029297
0.450893372297287
0.464762419462204
0.459496408700943
0.45881029963493347
0.46293148398399353
0.4608500301837921
0.46308445930480957
0.46589288115501404
0.45667627453804016
0.46230196952819824
0.45632296800613403
0.45329877734184265
0.46054887771606445
0.4575389623641968
0.45668378472328186
0.4521445035934448
0.4579727351665497
0.44625550508499146
0.4582509398460388
0.45190566778182983
0.4444322884082794
0.42915859818458557
0.46458348631858826
0.4562547504901886
0.4545321464538574
0.4484594762325287
0.46139442920684814
0.45049190521240234
0.4619866907596588
0.45867136120796204
0.45746272802352905
0.45331135392189026
0.4556507170200348
0.4491255581378937
0.45341867208480835
0.45387157797813416
0.4511948823928833
0.4618355333805084
0.4522847533226013
0.45093244314193726
0.4582352936267853
0.45732757449150085
0.4513916075229645
0.46269887685775757
0.45103946328163147
0.4561883807182312
0.4487934112548828
0.45105668902397156
0.4564783573150635
0.4594395160675049
0.45020395517349243
0.45418331027030945
0.45428773760795593
0.45288610458374023
0.43991950154304504
0.43895936012268066
0.4551108181476593
0.45690014958381653
0.45017722249031067
0.43552276492118835
0.44457465410232544
0.44487056136131287
0.46682703495025635
0.44778332114219666
0.44873279333114624
0.44520795345306396
0.4557028114795685
0.4470751881599426
0.4542653262615204
0.4559222161769867
0.4357808828353882
0.44194266200065613
0.43703189492225647
0.4626046419143677
0.45330891013145447
0.45160725712776184
0.4438413977622986
0.4318203330039978
0.448030948638916
0.4549315571784973
0.45409679412841797
0.45884931087493896
0.44964486360549927
0.4341220259666443
0.43878409266471863
0.4544472098350525
0.45857343077659607
0.4488234519958496
0.4591057002544403
0.46442586183547974
0.4506988525390625
0.4444328844547272
0.43349242210388184
0.45352962613105774
0.44238054752349854
0.4505813717842102
0.4532293975353241
0.4419861137866974
0.42899906635284424
0.44699087738990784
0.43412667512893677
0.4567747712135315
0.45981070399284363
0.44927775859832764
0.4520883858203888
0.42318183183670044
0.4421197772026062
0.45154350996017456
0.4493679106235504
0.45462504029273987
0.4578610360622406
0.4551025927066803
0.45517638325691223
0.46039336919784546
0.455379456281662
0.44107237458229065
0.4583331346511841
0.4359533488750458
0.44232237339019775
0.4533880949020386
0.4475247859954834
0.4540042579174042
0.4435481131076813
0.44515272974967957
0.44357484579086304
0.43763574957847595
0.4531058073043823
0.42764055728912354
0.4553010165691376
0.4485669732093811
0.4408111572265625
0.4490912854671478
0.4608687460422516
0.4450390338897705
0.43572869896888733
0.4473496973514557
0.4472624957561493
0.4395182728767395
0.442172646522522
0.4473351240158081
0.4515300691127777
0.46231845021247864
0.4520469307899475
0.4445323348045349
0.4440956711769104
0.44163602590560913
0.4261775612831116
0.437882661819458
0.44616010785102844
0.4362374544143677
0.45879992842674255
0.4467577338218689
0.44153374433517456
0.44391655921936035
0.44509896636009216
0.441156268119812
0.44430455565452576
0.441391259431839
0.4356146454811096
0.4486888349056244
0.4411008358001709
0.4435504972934723
0.4507672190666199
0.4420391023159027
0.45921590924263
0.43985697627067566
0.45186448097229004
0.4424773156642914
0.4347410500049591
0.44075751304626465
0.4412176012992859
0.4503716826438904
0.4359683692455292
0.4426116645336151
0.44256722927093506
0.45057427883148193
0.45059430599212646
0.43907952308654785
0.4418206214904785
0.4558960795402527
0.4506160616874695
0.44439345598220825
0.4465510845184326
0.4480055570602417
0.4392631947994232
0.4359360933303833
0.4446175992488861
0.4597117304801941
0.45141369104385376
0.438418984413147
0.45098868012428284
0.45389193296432495
0.4467196762561798
0.44082146883010864
0.4465427100658417
0.4448111355304718
0.44694995880126953
0.43728873133659363
0.454464316368103
0.4497011601924896
0.46236446499824524
0.4479638636112213
0.43556198477745056
0.44066277146339417
0.4447818100452423
0.4514707028865814
0.44883638620376587
0.4482496976852417
0.45720934867858887
0.4516012966632843
0.45189231634140015
0.4492228329181671
0.4401322603225708
0.4460277557373047
0.43633973598480225
0.4504691958427429
0.44681498408317566
0.4414616823196411
0.4354405999183655
0.4491842985153198
0.4446556866168976
0.4427657723426819
0.454476922750473
0.4398069679737091
0.44398075342178345
0.45887959003448486
0.43402421474456787
0.43342652916908264
0.43522337079048157
0.45676055550575256
0.4479353129863739
0.44395911693573
0.44311872124671936
0.4459712505340576
0.4417525827884674
0.4381687045097351
0.45451000332832336
0.44094666838645935
0.4325745105743408
0.4257921576499939
0.46042153239250183
0.43131354451179504
0.4291006624698639
0.43957221508026123
0.4363028407096863
0.4444772005081177
0.43986520171165466
0.43792784214019775
0.4546741843223572
0.43867865204811096
0.4293897747993469
0.4506736099720001
0.44196486473083496
0.43915027379989624
0.44570115208625793
0.44275185465812683
0.4421699345111847
0.444980651140213
0.45324891805648804
0.44173291325569153
0.44034433364868164
0.44682201743125916
0.44645166397094727
0.43963101506233215
0.4362444579601288
0.4458620846271515
0.42989110946655273
0.43668368458747864
0.43413805961608887
0.4539588987827301
0.4403093755245209
0.4414411783218384
0.43979689478874207
0.4567751884460449
0.4443867802619934
0.43212664127349854
0.44523516297340393
0.4499511122703552
0.4497060179710388
0.435967355966568
0.4278305768966675
0.4507932960987091
0.4555145800113678
0.44615089893341064
0.4597221314907074
0.4444729685783386
0.4410478174686432
0.4681495130062103
0.4517989158630371
0.4420521855354309
0.4474250078201294
0.4431024193763733
0.44580262899398804
0.44615438580513
0.43497732281684875
0.4523228406906128
0.4372120797634125
0.4375295341014862
0.4407825171947479
0.43688544631004333
0.4459279775619507
0.4527023732662201
0.4398932456970215
0.4468715488910675
0.4562535583972931
0.43472039699554443
0.4471980035305023
0.4473254084587097
0.43931782245635986
0.4520808458328247
0.4522981643676758
0.44385865330696106
0.4423483908176422
0.45304545760154724
0.4367777109146118
0.45001813769340515
0.4349321126937866
0.44415152072906494
0.4355056881904602
0.4503076672554016
0.4473654329776764
0.45003893971443176
0.4492274522781372
0.4509582221508026
0.44715315103530884
0.43299123644828796
0.44275593757629395
0.44443702697753906
0.44222143292427063
0.4428953230381012
0.4525083005428314
0.44117817282676697
0.4409143030643463
0.4479304254055023
0.43862614035606384
0.44292962551116943
0.43714091181755066
0.4618416428565979
0.44766533374786377
0.42740797996520996
0.4300536811351776
0.4410642981529236
0.4548833668231964
0.4449414610862732
0.42917072772979736
0.438002347946167
0.4426191449165344
0.4330655038356781
0.45264285802841187
0.4496159553527832
0.45002713799476624
0.4329829812049866
0.43506920337677
0.4498019218444824
0.4516298472881317
0.46259647607803345
0.43501171469688416
0.44965535402297974
0.44146108627319336
0.44607555866241455
0.44197821617126465
0.4318951964378357
0.45631060004234314
0.4444001317024231
0.4371829926967621
0.44750434160232544
0.4283547103404999
0.4360302686691284
0.4647408425807953
0.45157483220100403
0.43877631425857544
0.4361829459667206
0.4258093535900116
0.42983001470565796
0.4515097439289093
0.44583097100257874
0.42684900760650635
0.44429925084114075
0.4425148069858551
0.44340142607688904
0.4555093050003052
0.4382832944393158
0.4368561804294586
0.4524531364440918
0.4433705508708954
0.43456679582595825
0.44051286578178406
0.44496065378189087
0.44131994247436523
0.4467983543872833
0.44692471623420715
0.44247204065322876
0.4511418044567108
0.43662941455841064
