0.6803610324859619
0.5526620149612427
0.5322654843330383
0.5247974991798401
0.5071969032287598
0.5013523101806641
0.5145403146743774
0.49590715765953064
0.5000050067901611
0.4976886808872223
0.48466044664382935
0.4854069650173187
0.4865107834339142
0.47897568345069885
0.482026070356369
0.4845801889896393
0.47936227917671204
0.47658661007881165
0.4716910719871521
0.4748150706291199
0.48007673025131226
0.465550035238266
0.46653324365615845
0.45939767360687256
0.4552770256996155
0.4624379873275757
0.4532359838485718
0.44211775064468384
0.4532089829444885
0.4440688192844391
0.4499814510345459
0.4452092945575714
0.4617755711078644
0.4589278995990753
0.4502204358577728
0.4485470652580261
0.4523899555206299
0.44501760601997375
0.43558645248413086
0.4438566565513611
0.4440799951553345
0.4403989017009735
0.44066476821899414
0.43244442343711853
0.4327782094478607
0.42969149351119995
0.42589271068573
0.4308360815048218
0.41750627756118774
0.42572706937789917
0.43161213397979736
0.4253717362880707
0.4188593029975891
0.43601250648498535
0.41581064462661743
0.41807204484939575
0.40598630905151367
0.42087575793266296
0.41943755745887756
0.41506996750831604
0.3999955952167511
0.41126078367233276
0.41033118963241577
0.4037228524684906
0.4055843949317932
0.3901686668395996
0.4082730710506439
0.4127648174762726
0.3835934102535248
0.39340975880622864
0.4019049108028412
0.3833217918872833
0.386604368686676
0.3956385552883148
0.3913053870201111
0.3896224796772003
0.37622126936912537
0.38210034370422363
0.39044344425201416
0.37465009093284607
0.3914147913455963
0.3700753152370453
0.3761123716831207
0.36752837896347046
0.37099501490592957
0.3652004897594452
0.3594011962413788
0.35744771361351013
0.36708906292915344
0.3678901195526123
0.3386836349964142
0.3691081404685974
0.3579934537410736
0.35120728611946106
0.3373035788536072
0.36305102705955505
0.35258373618125916
0.3515380620956421
0.34211909770965576
0.33881184458732605
0.34471040964126587
0.34339234232902527
0.34397682547569275
0.3452342450618744
0.335910826921463
0.35432910919189453
0.3310296833515167
0.346769243478775
0.33582398295402527
0.33565205335617065
0.34004563093185425
0.3293508291244507
0.30975160002708435
0.3257656395435333
0.31549960374832153
0.3284322917461395
0.31987059116363525
0.3170596957206726
0.30472150444984436
0.3135469853878021
0.3142254948616028
0.3123227059841156
0.3047110438346863
0.3199462592601776
0.30932915210723877
0.31184592843055725
0.285742849111557
0.3055729866027832
0.30095648765563965
0.28601163625717163
0.29180389642715454
0.3065546751022339
0.2892582416534424
0.29802221059799194
0.2981429994106293
0.31198862195014954
0.2841261327266693
0.29563769698143005
0.30248960852622986
0.2855205237865448
0.29971060156822205
0.29792189598083496
0.28954726457595825
0.29356613755226135
0.29166677594184875
0.289715975522995
0.2845825254917145
0.2897389233112335
0.2952134907245636
0.3024062216281891
0.2706315815448761
0.32283714413642883
0.294881671667099
0.2819850444793701
0.28228557109832764
0.2996913194656372
0.29150721430778503
0.293207585811615
0.28921011090278625
0.27844542264938354
0.2695676386356354
0.2760230004787445
0.2768673598766327
0.28169333934783936
0.28491485118865967
0.28981927037239075
0.2701171040534973
0.28276923298835754
0.2804756462574005
0.2665223479270935
0.2599533796310425
0.2646421790122986
0.2645057439804077
0.26578712463378906
0.28723087906837463
0.28308171033859253
0.2750219702720642
0.29236727952957153
0.27535945177078247
0.28933218121528625
0.2690645158290863
0.2722346782684326
0.2595388889312744
0.2675568759441376
0.25013116002082825
0.2606936991214752
0.25909551978111267
0.23736467957496643
0.26892179250717163
0.26267439126968384
0.2480001002550125
0.2526545822620392
0.24494455754756927
0.26796090602874756
0.2591375410556793
0.2380628138780594
0.24655325710773468
0.2539614737033844
0.26043900847435
0.26093941926956177
0.24670477211475372
0.2696946859359741
0.250993549823761
0.23999764025211334
0.25253891944885254
0.24634835124015808
0.2404215931892395
0.2497948855161667
0.2642286419868469
0.25122445821762085
0.24525754153728485
0.24699343740940094
0.25706684589385986
0.23561710119247437
0.24849827587604523
0.2528230547904968
0.24487462639808655
0.25276485085487366
0.24894870817661285
0.2500114440917969
0.24892929196357727
0.26299190521240234
0.2537617087364197
0.2278262823820114
0.24444365501403809
0.2443380504846573
0.22698263823986053
0.24401821196079254
0.2527889013290405
0.2348642647266388
0.23728853464126587
0.2390938699245453
0.24657472968101501
0.23223383724689484
0.22892610728740692
0.2361239343881607
0.2465672343969345
0.21785861253738403
0.23465368151664734
0.2350139319896698
0.22264732420444489
0.23168325424194336
0.23009207844734192
0.23484210669994354
0.24862484633922577
0.23684340715408325
0.23922951519489288
0.2241407036781311
0.2232421487569809
0.23049858212471008
0.2581467926502228
0.23314639925956726
0.22395452857017517
0.2193562537431717
0.22558461129665375
0.2394983172416687
0.2342451959848404
0.23157113790512085
0.22475342452526093
0.2603733241558075
0.22020944952964783
0.21627023816108704
0.2187512367963791
0.23220285773277283
0.2261062115430832
0.22106148302555084
0.22637979686260223
0.22868485748767853
0.2343120276927948
0.22508685290813446
0.21971237659454346
0.22337248921394348
0.21722760796546936
0.22291453182697296
0.23650790750980377
0.2084183245897293
0.23869499564170837
0.20900607109069824
0.23005063831806183
0.23831512033939362
0.23975606262683868
0.22028392553329468
0.21952831745147705
0.22805295884609222
0.21617978811264038
0.23606401681900024
0.22548861801624298
0.21246467530727386
0.24089787900447845
0.21563617885112762
0.20786523818969727
0.21548625826835632
0.23616184294223785
0.20959001779556274
0.20737506449222565
0.23211325705051422
0.22936929762363434
0.21316145360469818
0.22974123060703278
0.22690577805042267
0.21130597591400146
0.21324366331100464
0.22523856163024902
0.21076831221580505
0.2059130221605301
0.2372315376996994
0.22195644676685333
0.2304474115371704
0.2200508862733841
0.20317205786705017
0.21600563824176788
0.21141564846038818
0.22707180678844452
0.2395782619714737
0.20510798692703247
0.20072634518146515
0.2273034304380417
0.2152552306652069
0.2128520905971527
0.2003616839647293
0.2109813094139099
0.19959232211112976
0.22032177448272705
0.20633217692375183
0.21867991983890533
0.22348737716674805
0.23355281352996826
0.20714375376701355
0.2290949672460556
0.23228663206100464
0.20754322409629822
0.22029928863048553
0.21697910130023956
0.21669355034828186
0.20213943719863892
0.20847263932228088
0.2210477739572525
0.20860305428504944
0.206873819231987
0.20813250541687012
0.21938353776931763
0.21333111822605133
0.21335938572883606
0.22018682956695557
0.1861785352230072
0.2466602325439453
0.21837538480758667
0.21682308614253998
0.21319900453090668
0.20180365443229675
0.20466133952140808
0.23579880595207214
0.21268799901008606
0.1872737854719162
0.21687522530555725
0.19993215799331665
0.21765604615211487
0.20600907504558563
0.1970948874950409
0.21953359246253967
0.20715178549289703
0.2054203301668167
0.22521059215068817
0.1951434165239334
0.1919683963060379
0.21358135342597961
0.21418680250644684
0.20738668739795685
0.23076169192790985
0.2150380164384842
0.2210569828748703
0.23408222198486328
0.2278410941362381
0.22170205414295197
0.2046370804309845
0.22738763689994812
0.2126750648021698
0.20997394621372223
0.2089305967092514
0.2054542899131775
0.21599626541137695
0.20141509175300598
0.20639292895793915
0.20277227461338043
0.19749389588832855
0.21098873019218445
0.2011125534772873
0.21235264837741852
0.20519141852855682
0.21029625833034515
0.21110470592975616
0.20359207689762115
0.21239785850048065
0.21105363965034485
0.20767799019813538
0.19829200208187103
0.2099466621875763
0.21073998510837555
0.20876388251781464
0.20926296710968018
0.20346811413764954
0.23036833107471466
0.20667801797389984
0.2020850032567978
0.2064499706029892
0.18950212001800537
0.20810891687870026
0.2015511393547058
0.1938527524471283
0.19287095963954926
0.20329789817333221
0.22237509489059448
0.20420588552951813
0.19475658237934113
0.20314167439937592
0.1926516890525818
0.22183239459991455
0.203866645693779
0.22252529859542847
0.2147665172815323
0.20998334884643555
0.210638165473938
0.2140779197216034
0.22036577761173248
0.19628505408763885
0.21000725030899048
0.197819784283638
0.21458101272583008
0.20709380507469177
0.199466735124588
0.20604240894317627
0.21014262735843658
0.20283116400241852
0.20375341176986694
0.21920455992221832
0.1963120698928833
0.20082809031009674
0.1943037360906601
0.19058677554130554
0.20496277511119843
0.21055856347084045
0.19608572125434875
0.20171783864498138
0.191583514213562
0.20059356093406677
0.20037995278835297
0.19886167347431183
0.2042761594057083
0.19442181289196014
0.19939449429512024
0.2135857343673706
0.20082974433898926
0.20469893515110016
0.19438806176185608
0.2165643721818924
0.2008950114250183
0.22305269539356232
0.22345660626888275
0.22682158648967743
0.2044079750776291
0.20525884628295898
0.19375602900981903
0.2193780243396759
0.20028917491436005
0.21161825954914093
0.19811315834522247
0.20074473321437836
0.18446625769138336
0.18744468688964844
0.19448190927505493
0.1882222592830658
0.20962569117546082
0.19939610362052917
0.19183355569839478
0.19525450468063354
0.2133171111345291
0.19820959866046906
0.19161488115787506
0.2033655345439911
0.20245249569416046
0.20890586078166962
0.2061351090669632
0.18779955804347992
0.19117683172225952
0.2011852115392685
0.19733461737632751
0.20610889792442322
0.2012554109096527
0.19389934837818146
0.18647876381874084
0.21391108632087708
0.19960816204547882
0.20584766566753387
0.22070428729057312
0.18669241666793823
0.20113322138786316
0.1788565069437027
0.1956108808517456
0.2240844964981079
0.19785617291927338
0.1849977672100067
0.18978016078472137
0.18634077906608582
0.19776977598667145
0.19302766025066376
0.20743626356124878
0.19629772007465363
0.21095314621925354
0.2035844922065735
0.20060782134532928
0.21552281081676483
0.20064163208007812
0.2074483186006546
0.2023981362581253
0.2021959275007248
0.200517937541008
0.20564228296279907
0.20894455909729004
0.20052480697631836
0.19634996354579926
0.19962474703788757
0.20297639071941376
0.20017321407794952
0.18986137211322784
0.21291156113147736
0.18268923461437225
0.1844896674156189
0.19610053300857544
0.2031611204147339
0.19145575165748596
0.2051716297864914
0.20044289529323578
0.20582997798919678
0.18784266710281372
0.20488551259040833
0.1864999532699585
0.19914491474628448
0.18575803935527802
0.19871896505355835
0.20174925029277802
0.1932906210422516
0.20027822256088257
0.18906380236148834
0.20395301282405853
0.20961891114711761
0.18909089267253876
0.19448111951351166
0.2192622423171997
0.19531556963920593
0.1833200603723526
0.18613828718662262
0.21651121973991394
0.20618733763694763
0.19400431215763092
0.18640956282615662
0.19251510500907898
0.1878821849822998
0.20706887543201447
0.18595100939273834
0.21104484796524048
0.20487987995147705
0.20381569862365723
0.19116178154945374
0.1998230665922165
0.18599407374858856
0.20057225227355957
0.22221429646015167
0.19899870455265045
0.19474579393863678
0.19887174665927887
0.20722702145576477
0.1927395910024643
0.20626062154769897
0.18914425373077393
0.21272596716880798
0.19210994243621826
0.1940634846687317
0.2011895626783371
0.1989966630935669
0.18653269112110138
0.2062598019838333
0.19022978842258453
0.19713513553142548
0.20041759312152863
0.21398943662643433
0.20010830461978912
0.1980191320180893
0.19770514965057373
0.20381677150726318
0.19063082337379456
0.18994492292404175
0.18975572288036346
0.20809680223464966
0.1991792619228363
0.20764535665512085
0.18916042149066925
0.1916864961385727
0.1980825513601303
0.21249531209468842
0.196592777967453
0.2200775146484375
0.19851581752300262
0.20400507748126984
