0.6969537138938904
0.5819070339202881
0.5365511775016785
0.5393089056015015
0.5229061841964722
0.5172800421714783
0.5064025521278381
0.4977079927921295
0.49612778425216675
0.4893077313899994
0.49165627360343933
0.5016154646873474
0.49235257506370544
0.4770805835723877
0.4665117859840393
0.4706280529499054
0.4765714108943939
0.4655130207538605
0.4735654592514038
0.455550879240036
0.4622170925140381
0.4635738432407379
0.45641636848449707
0.46201273798942566
0.4461740553379059
0.45507463812828064
0.444800466299057
0.44177117943763733
0.4503031373023987
0.44144710898399353
0.43633076548576355
0.44773948192596436
0.43960028886795044
0.43302032351493835
0.44452106952667236
0.4339773654937744
0.429350882768631
0.42955437302589417
0.42469853162765503
0.42224153876304626
0.42869362235069275
0.4178422689437866
0.4287329614162445
0.4203594923019409
0.4086601734161377
0.41436490416526794
0.41938963532447815
0.41697070002555847
0.4139814078807831
0.40417373180389404
0.4226069450378418
0.41586068272590637
0.4076034426689148
0.4070446491241455
0.3980177342891693
0.40482795238494873
0.40571317076683044
0.4086139500141144
0.4076445400714874
0.40215936303138733
0.4034970998764038
0.3857342004776001
0.3851356506347656
0.3852016031742096
0.38853898644447327
0.39331385493278503
0.38250797986984253
0.3725457191467285
0.3792988657951355
0.36359596252441406
0.3708028197288513
0.372138112783432
0.3847016394138336
0.36761242151260376
0.36964765191078186
0.37447044253349304
0.38145512342453003
0.3598293960094452
0.35847222805023193
0.3504520356655121
0.34911486506462097
0.3588678240776062
0.3492434322834015
0.36439210176467896
0.331971675157547
0.359769344329834
0.3498932123184204
0.34340423345565796
0.35398951172828674
0.3454343378543854
0.3512835204601288
0.3495761752128601
0.3473135232925415
0.33793139457702637
0.33374500274658203
0.3400821387767792
0.31616923213005066
0.3374008238315582
0.32792043685913086
0.3250502347946167
0.31299296021461487
0.31554049253463745
0.32798948884010315
0.32602831721305847
0.29194846749305725
0.30063241720199585
0.29909566044807434
0.31295278668403625
0.30220189690589905
0.32343369722366333
0.31932684779167175
0.30246245861053467
0.3081881105899811
0.2984318733215332
0.3039361834526062
0.3280317783355713
0.2928584814071655
0.2939513921737671
0.29494014382362366
0.30312636494636536
0.2940983176231384
0.28749918937683105
0.29696932435035706
0.26514288783073425
0.2813524901866913
0.27729591727256775
0.27593904733657837
0.2684730887413025
0.2723489999771118
0.2674194276332855
0.2736888527870178
0.2824825346469879
0.2697625458240509
0.254516065120697
0.2785763144493103
0.2568991482257843
0.2690891623497009
0.2444494664669037
0.2660598158836365
0.2690030336380005
0.25866925716400146
0.271587073802948
0.24967625737190247
0.2679663598537445
0.247285395860672
0.2626841962337494
0.23153091967105865
0.2536486089229584
0.28093114495277405
0.2685580551624298
0.2549442946910858
0.24508793652057648
0.2520105838775635
0.24565647542476654
0.23650243878364563
0.2506011426448822
0.26485103368759155
0.2561165690422058
0.24255427718162537
0.2521684467792511
0.2317870408296585
0.2668381333351135
0.2515655755996704
0.25139859318733215
0.24441003799438477
0.24585744738578796
0.24797338247299194
0.25329288840293884
0.24198254942893982
0.23918680846691132
0.25197726488113403
0.24591310322284698
0.23655259609222412
0.23426011204719543
0.24388089776039124
0.24677085876464844
0.2325204610824585
0.23977822065353394
0.2293577939271927
0.24635787308216095
0.24509216845035553
0.2423059046268463
0.23686650395393372
0.23400792479515076
0.233463317155838
0.2274951934814453
0.23006954789161682
0.2372988611459732
0.24978657066822052
0.24580815434455872
0.22764144837856293
0.22313441336154938
0.21763953566551208
0.2246241271495819
0.22897270321846008
0.23433002829551697
0.22187286615371704
0.2255546599626541
0.23184749484062195
0.23014208674430847
0.2492627054452896
0.20928752422332764
0.21155598759651184
0.23804916441440582
0.21968592703342438
0.2079600840806961
0.2048645317554474
0.22493988275527954
0.21406370401382446
0.2285636067390442
0.21693673729896545
0.22772859036922455
0.20981647074222565
0.23044860363006592
0.23566560447216034
0.2149890661239624
0.21330459415912628
0.21568115055561066
0.20832476019859314
0.23531818389892578
0.20395366847515106
0.21087555587291718
0.2244291752576828
0.21021224558353424
0.20716172456741333
0.19669994711875916
0.20103688538074493
0.2008885145187378
0.20190654695034027
0.20447629690170288
0.20299631357192993
0.2128930240869522
0.21546021103858948
0.20789065957069397
0.21071679890155792
0.19930468499660492
0.23319026827812195
0.1924128234386444
0.19673727452754974
0.18563084304332733
0.2293836921453476
0.2006654441356659
0.20486608147621155
0.20792005956172943
0.21858513355255127
0.2100217342376709
0.22168298065662384
0.20036159455776215
0.21866697072982788
0.20695169270038605
0.18861117959022522
0.2085782140493393
0.21112361550331116
0.2029750645160675
0.20519374310970306
0.21874701976776123
0.20247919857501984
0.20930029451847076
0.20852750539779663
0.20024609565734863
0.20994974672794342
0.20161640644073486
0.19039349257946014
0.1829444169998169
0.2009091079235077
0.20076189935207367
0.19885022938251495
0.1943446695804596
0.20219406485557556
0.19668716192245483
0.19317130744457245
0.19864732027053833
0.1863609403371811
0.1963551640510559
0.18184003233909607
0.18531183898448944
0.19902299344539642
0.20858249068260193
0.17495600879192352
0.181234210729599
0.20399299263954163
0.20883600413799286
0.20443041622638702
0.19588889181613922
0.18748952448368073
0.180219367146492
0.18736667931079865
0.1963023990392685
0.1854737102985382
0.19696621596813202
0.17952564358711243
0.18518809974193573
0.19077035784721375
0.19169065356254578
0.2010994553565979
0.18423525989055634
0.18222320079803467
0.17270635068416595
0.18655040860176086
0.19211448729038239
0.1926945596933365
0.2027748078107834
0.20138925313949585
0.1872955858707428
0.1965421736240387
0.19684356451034546
0.18368446826934814
0.1863766759634018
0.2009894996881485
0.19206763803958893
0.17594318091869354
0.20211796462535858
0.1825367510318756
0.1748613715171814
0.17840361595153809
0.1950288861989975
0.19541175663471222
0.18747347593307495
0.169692263007164
0.21326065063476562
0.19840112328529358
0.1760740429162979
0.18583090603351593
0.1852455884218216
0.188221275806427
0.17144736647605896
0.1919202208518982
0.1788901537656784
0.17075060307979584
0.1836964190006256
0.18203435838222504
0.1791042983531952
0.19035691022872925
0.18034809827804565
0.1559169739484787
0.19860725104808807
0.1756032407283783
0.1731494963169098
0.18778271973133087
0.19342054426670074
0.17762717604637146
0.18193690478801727
0.17035098373889923
0.17463013529777527
0.17745348811149597
0.18511313199996948
0.1692163199186325
0.18073010444641113
0.1836528182029724
0.18158994615077972
0.17613160610198975
0.1708824783563614
0.17075258493423462
0.19073225557804108
0.16811785101890564
0.20642389357089996
0.17759020626544952
0.17685315012931824
0.18801389634609222
0.16524139046669006
0.18643048405647278
0.18270857632160187
0.1989949345588684
0.19406446814537048
0.17362552881240845
0.19481098651885986
0.18852385878562927
0.18324099481105804
0.1894204169511795
0.1839648187160492
0.1792190670967102
0.17628218233585358
0.18790040910243988
0.17963458597660065
0.18045677244663239
0.163238525390625
0.17906613647937775
0.19966086745262146
0.1867789626121521
0.18759895861148834
0.1597905457019806
0.18918247520923615
0.15278856456279755
0.18009653687477112
0.16790680587291718
0.19443978369235992
0.16939346492290497
0.1752009093761444
0.1717834174633026
0.17255429923534393
0.1755744069814682
0.1675969809293747
0.18663747608661652
0.1700509488582611
0.17109277844429016
0.18439525365829468
0.17398782074451447
0.17733830213546753
0.16736210882663727
0.17989297211170197
0.1691034734249115
0.18824854493141174
0.17767760157585144
0.1901187002658844
0.17232362926006317
0.17490491271018982
0.1732938140630722
0.19713041186332703
0.181680828332901
0.18339653313159943
0.1735001504421234
0.18787513673305511
0.16763079166412354
0.16104795038700104
0.17179661989212036
0.17434918880462646
0.1845056563615799
0.18294024467468262
0.1754467785358429
0.18407653272151947
0.17466948926448822
0.1660570204257965
0.16459481418132782
0.18242821097373962
0.17206212878227234
0.17275160551071167
0.1681719720363617
0.18849970400333405
0.17597685754299164
0.180137038230896
0.1707598865032196
0.17025209963321686
0.16777890920639038
0.18076831102371216
0.17974790930747986
0.16791383922100067
0.18432800471782684
0.1755121797323227
0.16912487149238586
0.1681574434041977
0.16595521569252014
0.17689785361289978
0.1694813072681427
0.16750817000865936
0.17154155671596527
0.16388364136219025
0.17169135808944702
0.16165539622306824
0.15719956159591675
0.17393165826797485
0.17275451123714447
0.17868661880493164
0.17683835327625275
0.18741969764232635
0.16464923322200775
0.18507783114910126
0.150315523147583
0.16894131898880005
0.15476983785629272
0.1590368002653122
0.17576754093170166
0.16498129069805145
0.1763526052236557
0.15765465795993805
0.15457847714424133
0.17133434116840363
0.154288649559021
0.1714549958705902
0.16978728771209717
0.1679476797580719
0.16034315526485443
0.19447752833366394
0.16770294308662415
0.16387128829956055
0.17832674086093903
0.16526009142398834
0.1727745234966278
0.17174090445041656
0.14829297363758087
0.17337441444396973
0.1690148562192917
0.16778521239757538
0.15523135662078857
0.16097527742385864
0.1655767410993576
0.1806308925151825
0.1803491860628128
0.17162685096263885
0.17016814649105072
0.16593679785728455
0.1636510193347931
0.16786813735961914
0.18774229288101196
0.17671163380146027
0.1683928370475769
0.15297718346118927
0.1515212059020996
0.16300112009048462
0.16106636822223663
0.15660728514194489
0.15926143527030945
0.15111277997493744
0.17769396305084229
0.1701265424489975
0.17373093962669373
0.18052330613136292
0.17961432039737701
0.1733219176530838
0.17332470417022705
0.14844068884849548
0.1752515286207199
0.17286258935928345
0.1669580489397049
0.17436616122722626
0.17321453988552094
0.17253734171390533
0.18065907061100006
0.1600315421819687
0.18004238605499268
0.16465120017528534
0.15234345197677612
0.1577208936214447
0.1675753891468048
0.16419464349746704
0.17837944626808167
0.1494334638118744
0.16119560599327087
0.15974266827106476
0.175112783908844
0.1812511533498764
0.16577811539173126
0.16468898952007294
0.16716016829013824
0.1794724464416504
0.15698403120040894
0.1695127785205841
0.18042096495628357
0.16852299869060516
0.17113648355007172
0.18173032999038696
0.16407008469104767
0.17315717041492462
0.15377870202064514
0.15819455683231354
0.16264420747756958
0.15406584739685059
0.15978428721427917
0.15433157980442047
0.1684386283159256
0.16660915315151215
0.16375254094600677
0.16024112701416016
0.16589485108852386
0.1879039704799652
0.16457246243953705
0.14511102437973022
0.1673240214586258
0.1644110083580017
0.16532032191753387
0.16808992624282837
0.1701740026473999
0.18621428310871124
0.14301078021526337
0.1561756134033203
0.15782992541790009
0.15794603526592255
0.16782039403915405
0.15974441170692444
0.16184101998806
0.16780036687850952
0.1461663842201233
0.161408931016922
0.14958533644676208
0.16394509375095367
0.17454451322555542
0.1737147718667984
0.16898426413536072
0.16087691485881805
0.1505950540304184
0.15763764083385468
0.17676495015621185
0.16148307919502258
0.17802856862545013
0.1667230874300003
0.17839916050434113
0.17562198638916016
0.1768956333398819
0.17439977824687958
0.1722666323184967
0.15772145986557007
0.16783568263053894
0.1489654779434204
0.16831901669502258
0.15838485956192017
0.16361147165298462
0.15152691304683685
0.17558352649211884
0.19001351296901703
0.15195226669311523
0.16206952929496765
0.16325326263904572
