26.055944442749023
10.641268730163574
1.992803692817688
2.143887519836426
0.9620382189750671
0.7585704922676086
0.6969258785247803
0.723328709602356
0.662179172039032
0.6126640439033508
0.6075541377067566
0.5949830412864685
0.5842512249946594
0.5938808917999268
0.5770018100738525
0.563688337802887
0.6205310821533203
0.5541075468063354
0.5464676022529602
0.5503441691398621
0.530446469783783
0.5221536755561829
0.5231015086174011
0.5178737640380859
0.5151644945144653
0.5039244294166565
0.5712870955467224
0.5535265207290649
0.49185988306999207
0.5025784969329834
0.5023699402809143
0.4935275614261627
0.4840207099914551
0.49349841475486755
0.5086246132850647
0.49238121509552
0.49933916330337524
0.4810732901096344
0.45658859610557556
0.4613772928714752
0.6213381290435791
0.58762526512146
0.5109618902206421
0.44238218665122986
0.43143659830093384
0.5561557412147522
0.4950239360332489
0.47225654125213623
0.4687926471233368
0.4467962980270386
0.4632907211780548
0.4215698838233948
0.4139179587364197
0.4135412871837616
0.4121606647968292
0.40901240706443787
0.41978582739830017
0.4057607650756836
0.4118126630783081
0.4058581590652466
0.42434078454971313
0.4596741199493408
0.5312038660049438
0.4151521921157837
0.4136435389518738
0.40625351667404175
0.39746710658073425
0.4142380952835083
0.45905357599258423
0.42005497217178345
0.38729390501976013
0.3885006904602051
0.44364890456199646
0.38667774200439453
0.4174351692199707
0.40179795026779175
0.39528942108154297
0.38187339901924133
0.3920382559299469
0.387993186712265
0.37818801403045654
0.38931524753570557
0.38379156589508057
0.479312539100647
0.4056013226509094
0.3809181749820709
0.37342405319213867
0.39602959156036377
0.5013136267662048
0.38175517320632935
0.3930570185184479
0.38022616505622864
0.4839757978916168
0.38487884402275085
0.3755962550640106
0.3723156750202179
0.37327662110328674
0.5550127029418945
0.43254518508911133
0.42375481128692627
0.3788042962551117
0.42146942019462585
0.44591838121414185
0.425040602684021
0.3857611417770386
0.3959392309188843
0.3734097480773926
0.3678939640522003
0.3770473897457123
0.3796764016151428
0.3786093592643738
0.391757607460022
0.3763335943222046
0.39045387506484985
0.4362054169178009
0.39272114634513855
0.375674843788147
0.3809989094734192
0.3914640545845032
0.3726363182067871
0.36337965726852417
0.3940375745296478
0.36574020981788635
0.36624667048454285
0.4487781524658203
0.37694790959358215
0.41312330961227417
0.3825186789035797
0.3865182101726532
0.5917372107505798
0.7545381784439087
0.6176700592041016
0.8088553547859192
0.6420971155166626
0.6999157071113586
0.6304928064346313
0.4655781090259552
0.37438657879829407
0.39534705877304077
0.36394116282463074
0.3913273215293884
0.3689233660697937
0.4937317669391632
0.855396568775177
0.5369148850440979
0.37790173292160034
0.3657827079296112
0.37183913588523865
0.3704894483089447
0.40804600715637207
0.3740774691104889
0.3669966161251068
0.5828443169593811
0.3994525074958801
0.5130003690719604
0.4102730453014374
0.37335288524627686
0.36946770548820496
0.45910948514938354
0.3892892599105835
0.36731499433517456
0.3711165189743042
0.4129566550254822
0.3848939538002014
0.3811250329017639
0.5035027861595154
0.38557058572769165
0.36982956528663635
0.37015244364738464
0.42250028252601624
0.3846428692340851
0.3673901855945587
0.36224645376205444
0.38373154401779175
0.369181752204895
0.3690556585788727
0.43846410512924194
0.3774762749671936
0.3624502122402191
0.36816710233688354
0.36850377917289734
0.3730069100856781
0.3639524579048157
0.3620774447917938
0.3676568269729614
0.3978779911994934
0.36827707290649414
0.406712144613266
0.37208986282348633
0.36579641699790955
0.36734527349472046
0.3831821382045746
0.36172112822532654
0.362753689289093
0.3661902844905853
0.4606438875198364
0.465553343296051
0.3736349642276764
0.3681723475456238
0.3753086030483246
0.6160463094711304
0.5518712997436523
0.5051688551902771
0.40675830841064453
0.4135328531265259
0.4217403829097748
0.36967572569847107
0.38526055216789246
0.36974215507507324
0.36475303769111633
0.3831510543823242
0.3617932200431824
0.3622467517852783
0.40730020403862
0.6624971628189087
0.4899837076663971
0.38350045680999756
0.37279316782951355
0.37810567021369934
0.37822970747947693
0.3651353716850281
0.3676881194114685
0.6755077242851257
0.4532628059387207
0.39381763339042664
0.39049842953681946
0.36689022183418274
0.3621740937232971
0.38610708713531494
0.3631684482097626
0.3611614406108856
0.36796677112579346
0.3762645423412323
0.3640478849411011
0.4045601785182953
0.36519381403923035
0.36772724986076355
0.3810001611709595
0.49435049295425415
0.41143128275871277
0.38847699761390686
0.365614652633667
0.3796195685863495
0.37771350145339966
0.3840504288673401
0.4463753402233124
0.37170660495758057
0.422939270734787
0.4018920361995697
0.4058859646320343
0.44898733496665955
0.3698269724845886
0.3768393397331238
0.3721959590911865
0.37093570828437805
0.39033010601997375
0.4138270616531372
0.35871607065200806
0.3660568296909332
0.36473900079727173
0.3672102689743042
0.43423062562942505
0.38130366802215576
0.40831536054611206
0.4082897901535034
0.41668739914894104
0.36800265312194824
0.3705814480781555
0.3731435239315033
0.36680006980895996
0.3706068992614746
0.375395268201828
0.3736947178840637
0.36859530210494995
0.3999328017234802
0.4143616259098053
0.377410352230072
0.362528920173645
0.462567001581192
0.41251856088638306
0.4077341556549072
0.3693527281284332
0.4069403409957886
0.41456884145736694
0.5057908892631531
0.42799344658851624
0.43777400255203247
0.36228498816490173
0.365476131439209
0.3761920928955078
0.37929996848106384
0.4175492525100708
0.628764808177948
0.5603170990943909
0.41755643486976624
0.3981129229068756
0.36137571930885315
0.3616178333759308
0.3728751242160797
0.36303290724754333
0.3582354187965393
0.3656645715236664
0.3591441810131073
0.36134612560272217
0.4099505543708801
0.382140576839447
0.364327609539032
0.49004605412483215
0.4373047351837158
0.4776283800601959
0.37859922647476196
0.422973096370697
0.4473910629749298
0.3774804174900055
0.4160875082015991
0.3786674439907074
0.3727395534515381
0.43741682171821594
0.4214355945587158
0.41625866293907166
0.38659438490867615
0.3738638162612915
0.36683589220046997
0.3698624074459076
0.37922078371047974
0.37769821286201477
0.3714984655380249
0.37890759110450745
0.360868901014328
0.36462196707725525
0.36168038845062256
0.3733441233634949
0.37073880434036255
0.3748191297054291
0.3969956636428833
0.3773808181285858
0.36934134364128113
0.36510270833969116
0.36089661717414856
0.3668767511844635
0.3762103021144867
0.4066027104854584
0.3635932207107544
0.3663563132286072
0.36295008659362793
0.36743175983428955
0.369913250207901
0.36543482542037964
0.3930920660495758
0.3719872534275055
0.3702245354652405
0.37108123302459717
0.36260759830474854
0.379284143447876
0.3672778010368347
0.36559680104255676
0.39078080654144287
0.3662955164909363
0.46981874108314514
0.6372661590576172
0.40063029527664185
0.37916362285614014
0.48075637221336365
0.40737202763557434
0.4319985508918762
0.4268454313278198
0.3720755875110626
0.36979708075523376
0.3627847135066986
0.36203402280807495
0.3610839247703552
0.5308009386062622
0.42446833848953247
0.420384019613266
0.3640797734260559
0.394740492105484
0.3735966086387634
0.40429094433784485
0.3865343928337097
0.36814644932746887
0.3688789904117584
0.370644748210907
0.3822096586227417
0.41357341408729553
0.425507128238678
0.375213086605072
0.38173189759254456
0.43775781989097595
0.40616101026535034
0.36428698897361755
0.44825583696365356
0.4201873540878296
0.3706074655056
0.36958035826683044
0.3718581795692444
0.6206919550895691
0.5276668667793274
0.45939475297927856
0.3866081237792969
0.45519882440567017
0.37162265181541443
0.39575687050819397
0.38465502858161926
0.35829615592956543
0.37681517004966736
0.362261027097702
0.41819658875465393
0.39583054184913635
0.3795083165168762
0.38653212785720825
0.41463515162467957
0.367777019739151
0.4660910665988922
0.4508329927921295
0.3815799951553345
0.5140159130096436
0.3906622529029846
0.4155373275279999
0.4067089557647705
0.36900582909584045
0.3852117657661438
0.36040228605270386
0.36563432216644287
0.39898744225502014
0.3653952181339264
0.37951064109802246
0.4232083261013031
0.4436110258102417
0.36083027720451355
0.3633578419685364
0.39298057556152344
0.4240092933177948
0.3961228132247925
0.36913201212882996
0.3706710934638977
0.36168235540390015
0.35971078276634216
0.3706272542476654
0.36422717571258545
0.3675834834575653
0.39197856187820435
0.3630346655845642
0.3599892556667328
0.36238208413124084
0.3615846335887909
0.376548171043396
0.3718793988227844
0.3626059591770172
0.3596891760826111
0.3654228150844574
0.3660963773727417
0.41038018465042114
0.3847609758377075
0.3842618465423584
0.36444202065467834
0.37474727630615234
0.36313411593437195
0.4033549726009369
0.5403591394424438
0.38142794370651245
0.36628246307373047
0.364237904548645
0.3892103433609009
0.39328184723854065
0.3792780339717865
0.405552476644516
0.364797443151474
0.3621768653392792
0.36091312766075134
0.3699982166290283
0.3767317831516266
0.3616182804107666
0.367088258266449
0.4016028642654419
0.36172914505004883
0.3594930171966553
0.39440056681632996
0.4047211706638336
0.39107781648635864
0.3831080198287964
0.3916206657886505
0.43928781151771545
0.419833779335022
0.3757576048374176
0.3677506446838379
0.3586706221103668
0.3605794608592987
0.3589657247066498
0.37028852105140686
0.3763989806175232
0.4818085730075836
0.3875461220741272
0.3878785967826843
0.3614869713783264
0.363077312707901
0.36356282234191895
0.3653356730937958
0.3597612977027893
0.3611434996128082
0.362506240606308
0.36418628692626953
0.36743783950805664
0.4709072411060333
0.3764374256134033
0.373401403427124
0.38481929898262024
0.37626901268959045
0.36821284890174866
0.3670216202735901
0.3590342402458191
0.36789843440055847
0.40966588258743286
0.3794170916080475
0.3851584196090698
0.38518819212913513
0.3663117289543152
0.372228741645813
0.36307698488235474
0.3742679953575134
0.4400676190853119
0.42132624983787537
0.423868864774704
0.3579883873462677
0.38154447078704834
0.3609177768230438
0.3623770475387573
0.368195503950119
0.3637498915195465
0.3609589636325836
0.4417308568954468
0.3949042856693268
0.360637903213501
0.4272884130477905
0.39534056186676025
0.37153735756874084
0.4297095537185669
0.5228971242904663
0.38489773869514465
0.36391380429267883
0.3602997064590454
0.36068177223205566
0.38751837611198425
0.3838101029396057
0.3745599687099457
0.3602498173713684
0.35985422134399414
0.35981884598731995
0.3683002293109894
0.35746681690216064
0.35902005434036255
0.3603917062282562
0.35932669043540955
0.35990023612976074
0.35887855291366577
0.38158026337623596
0.4242677688598633
0.36685481667518616
0.3740169405937195
0.37077435851097107
0.360109806060791
0.35993924736976624
0.3579593300819397
0.35854586958885193
0.3604036867618561
0.426048219203949
0.4309476912021637
0.36200031638145447
0.35791483521461487
0.36672094464302063
0.35832512378692627
0.35787200927734375
0.3649027943611145
0.36247819662094116
0.3597291111946106
0.35767772793769836
0.36933434009552
0.3644556403160095
0.35991576313972473
0.358036607503891
0.3678246736526489
0.37118008732795715
0.36444154381752014
0.3870234489440918
0.43412965536117554
0.379124253988266
0.3922809064388275
0.3767838180065155
0.36079683899879456
0.35806918144226074
0.35835886001586914
0.3848392367362976
0.35805079340934753
0.3607361614704132
0.3689615726470947
0.3671674132347107
0.3694901168346405
0.3707796037197113
0.4189046621322632
0.37087053060531616
0.3683319389820099
0.36790451407432556
0.3589324355125427
0.36107438802719116
0.35916706919670105
0.3649274706840515
0.3592006266117096
0.3599599003791809
0.3698861300945282
0.36808982491493225
0.3601827323436737
0.35676461458206177
0.36109256744384766
0.4056873619556427
0.3985244333744049
0.3616963028907776
0.36019420623779297
0.3581503629684448
0.36060696840286255
0.3612302243709564
0.358429491519928
0.35732215642929077
0.3594955503940582
0.3664928078651428
0.36092522740364075
0.36722075939178467
0.3631141781806946
0.3706938922405243
0.3860510289669037
0.3663915693759918
0.3634423315525055
0.38623669743537903
0.37361082434654236
0.3725843131542206
0.48536282777786255
0.37575438618659973
0.37047630548477173
0.3585737943649292
0.3582621216773987
0.35846132040023804
0.3618050813674927
0.35768070816993713
0.3614809811115265
0.3595675230026245
0.36261510848999023
0.36036768555641174
0.3644777536392212
0.36091339588165283
0.36041465401649475
0.35812780261039734
0.35954102873802185
0.3585263192653656
0.3578910231590271
0.35795387625694275
0.359209805727005
0.35868680477142334
0.35983070731163025
0.3588021695613861
0.3571687936782837
0.35854601860046387
0.3585820496082306
0.3607017397880554
0.36490878462791443
0.375647634267807
0.3624286353588104
0.3660276532173157
0.3614112436771393
0.35690057277679443
0.3607751429080963
0.3601367175579071
0.35763323307037354
0.35773009061813354
0.3628622889518738
0.3767821788787842
0.37293627858161926
0.3597933053970337
0.3618302047252655
0.35776934027671814
0.35907480120658875
0.35738447308540344
0.36001867055892944
0.35916173458099365
0.3964422643184662
0.36457109451293945
0.36601775884628296
0.3646498918533325
0.3731929659843445
0.3575137257575989
0.3710588216781616
0.3588104248046875
0.3609769344329834
0.36105796694755554
0.3579137623310089
0.35851505398750305
0.35745707154273987
0.36101001501083374
0.3581011891365051
0.37813541293144226
0.38739266991615295
0.3618796169757843
0.3635413646697998
0.3614954352378845
0.3582131862640381
0.366635262966156
0.4177660048007965
0.36703649163246155
0.3874487578868866
0.3813689947128296
0.3784741163253784
0.36064136028289795
0.3600556254386902
0.3587337136268616
0.3820091187953949
0.3556841015815735
0.35950955748558044
0.3738086223602295
0.36328062415122986
0.3612474203109741
0.3576897084712982
0.35947030782699585
0.36854088306427
0.3580263555049896
0.37452012300491333
0.3632432520389557
0.3599725365638733
0.37970292568206787
0.3572183847427368
0.3639443814754486
0.3830314874649048
0.3609431982040405
0.3826397657394409
0.3562855124473572
0.36363866925239563
0.3590433895587921
0.3785577714443207
0.36496493220329285
0.3619975745677948
0.3592658042907715
0.3739466667175293
0.37886011600494385
0.3766913414001465
0.36251601576805115
0.35992851853370667
0.3571922779083252
0.35799625515937805
0.3571937382221222
0.36389195919036865
0.36084017157554626
0.36067885160446167
0.3605121672153473
0.36075326800346375
0.3575955331325531
0.3575437664985657
0.357511430978775
0.36016392707824707
0.36093974113464355
0.36354759335517883
0.36155131459236145
0.35735735297203064
0.3579041361808777
0.35895273089408875
0.3580005466938019
0.35756781697273254
0.3568640649318695
0.35794439911842346
0.3583885431289673
0.35962143540382385
0.3591185510158539
0.357786625623703
0.35818055272102356
0.35975730419158936
0.3575570285320282
0.35724568367004395
0.35703718662261963
0.3572065234184265
0.35791510343551636
0.3574635684490204
0.36181119084358215
0.3590461015701294
0.3566359877586365
0.3581157922744751
0.3585331439971924
0.35772860050201416
0.3585178852081299
0.35889554023742676
0.35786688327789307
0.35716110467910767
0.3570690155029297
0.35776838660240173
0.35871297121047974
0.3587363660335541
0.3630250096321106
0.35621485114097595
0.35789433121681213
0.3568280041217804
0.359158992767334
0.35766899585723877
0.3583906888961792
0.3610420227050781
0.35831427574157715
0.366167813539505
0.37371528148651123
0.36183255910873413
0.3675062358379364
0.38197970390319824
0.3570480942726135
0.3593444228172302
0.35935309529304504
0.357593297958374
0.3575904965400696
0.3570726811885834
0.35758838057518005
0.3572372794151306
0.36194053292274475
0.37049174308776855
0.36138948798179626
0.3565746545791626
0.35842379927635193
0.35805243253707886
0.35727885365486145
0.3570473790168762
0.3582289218902588
0.35761457681655884
0.35826376080513
0.3576233685016632
0.3614005148410797
0.3586517870426178
0.3633485436439514
0.35799989104270935
0.35728055238723755
0.35843515396118164
0.3577129542827606
0.36841505765914917
0.3622337281703949
0.35816001892089844
0.36261382699012756
0.3586617708206177
0.357541024684906
0.3580721914768219
0.36459195613861084
0.3625718951225281
0.3691350221633911
0.3577132523059845
0.35713446140289307
