55.84808349609375
33.41145706176758
30.43551254272461
24.587114334106445
18.146656036376953
15.519086837768555
14.8242826461792
14.681909561157227
11.630389213562012
10.499757766723633
9.417438507080078
6.932097911834717
6.686560153961182
6.729981422424316
5.671408653259277
5.209322452545166
5.065923690795898
4.449130535125732
4.430875301361084
4.310911178588867
4.0931878089904785
3.5523407459259033
3.318852186203003
3.4282290935516357
3.047325372695923
2.509431838989258
2.734647512435913
2.4626805782318115
2.6903109550476074
2.414757251739502
2.316642999649048
2.756601333618164
1.900176763534546
2.2722904682159424
1.686141014099121
1.8938342332839966
1.9637553691864014
1.7522631883621216
1.6887034177780151
1.86924409866333
1.6482709646224976
1.5798728466033936
1.4807933568954468
1.4055012464523315
1.2806243896484375
1.3795055150985718
1.379608154296875
1.253454327583313
1.1183345317840576
1.1333661079406738
1.1121355295181274
1.0043797492980957
1.005659580230713
0.8729893565177917
0.9486038088798523
0.8407431840896606
0.8527945876121521
0.9907835125923157
0.9633025527000427
0.8548789620399475
0.8329627513885498
0.763092041015625
0.8214334845542908
0.7616516351699829
0.7103868722915649
0.721084713935852
0.7402138113975525
0.67630934715271
0.7220901250839233
0.6924823522567749
0.6696537733078003
0.6180843114852905
0.6622975468635559
0.6380963921546936
0.6652829051017761
0.6896107792854309
0.6317992210388184
0.6404325366020203
0.6571890115737915
0.6388591527938843
0.6103686094284058
0.5836717486381531
0.606147825717926
0.5889888405799866
0.5887734293937683
0.5810585021972656
0.6863408088684082
0.6461065411567688
0.629805862903595
0.655647337436676
0.6558080315589905
0.6227636933326721
0.5695416927337646
0.5610411167144775
0.5409252047538757
0.6004971265792847
0.534651517868042
0.5515854358673096
0.5445830225944519
0.5348718166351318
0.5947383046150208
0.5532721281051636
0.48774829506874084
0.5506027340888977
0.603227972984314
0.6422622799873352
0.6398462653160095
0.6670495271682739
0.6322674751281738
0.5428612232208252
0.526628851890564
0.5388205647468567
0.49726006388664246
0.4745737612247467
0.5013388991355896
0.5248823165893555
0.5053299069404602
0.5190355181694031
0.4903051555156708
0.48308616876602173
0.45813658833503723
0.5360097885131836
0.5049107670783997
0.749198317527771
0.5441105365753174
0.5338046550750732
0.544539213180542
0.5000964999198914
0.6818941235542297
0.6044047474861145
0.5531565546989441
0.5208048820495605
0.48895448446273804
0.4920884966850281
0.481444776058197
0.49005213379859924
0.5244565010070801
0.5350146293640137
0.48978573083877563
0.6857926845550537
0.6222080588340759
0.6026396155357361
0.567177951335907
0.5833896994590759
0.5403522253036499
0.5358507633209229
0.605086624622345
0.5004768967628479
0.5244345664978027
0.5132246613502502
0.4899947941303253
0.4556236267089844
0.5195053219795227
0.474163293838501
0.5159273147583008
0.5157406330108643
0.47225743532180786
0.4751799404621124
0.4546748399734497
0.5142724514007568
0.5415608286857605
0.495213121175766
0.4774967133998871
0.4903058707714081
0.4627014398574829
0.47381073236465454
0.5172824859619141
0.596110999584198
0.5759257078170776
0.5234707593917847
0.505624532699585
0.5038233995437622
0.5224155187606812
0.45178526639938354
0.4718267619609833
0.48617368936538696
0.47838738560676575
0.4546939432621002
0.477411150932312
0.4283407926559448
0.5023102164268494
0.45651373267173767
0.4252316355705261
0.41574758291244507
0.5018177628517151
0.4434560537338257
0.7659502625465393
0.6769509315490723
0.5573666095733643
0.5070312023162842
0.46240463852882385
0.447407603263855
0.4545578956604004
0.5009090304374695
0.5047063827514648
0.44067302346229553
0.45219430327415466
0.4821898639202118
0.4467668831348419
0.44418036937713623
0.4442408084869385
0.48976606130599976
0.40788835287094116
0.4549083411693573
0.4363682270050049
0.43893951177597046
0.43464526534080505
0.4265022575855255
0.3993891179561615
0.5722842812538147
0.5246698260307312
0.4515336751937866
0.45887503027915955
0.46503347158432007
0.5012755393981934
0.5044345855712891
0.43016818165779114
0.45396703481674194
0.4328736960887909
0.45670443773269653
0.4546089470386505
0.43036410212516785
0.42878812551498413
0.45972636342048645
0.4511467218399048
0.4359084665775299
0.46269387006759644
0.4322860538959503
0.4208803176879883
0.5931510329246521
0.5175940990447998
0.5289390683174133
0.5067282319068909
0.4813579320907593
0.5281253457069397
0.5061801671981812
0.4769010841846466
0.4565119743347168
0.4676167666912079
0.4447389543056488
0.4492416977882385
0.44113901257514954
0.43054693937301636
0.4300107955932617
0.4376431703567505
0.4265945255756378
0.5392541885375977
0.5613369345664978
0.5291028022766113
0.49083587527275085
0.4748004078865051
0.46349403262138367
0.46085259318351746
0.45262810587882996
0.4311741292476654
0.4489195644855499
0.4649389982223511
0.4216236472129822
0.4466572105884552
0.47218891978263855
0.4468294382095337
0.4256667494773865
0.4223172068595886
0.4359830915927887
0.4457322359085083
0.413616806268692
0.42312389612197876
0.4097832441329956
0.42785635590553284
0.41639140248298645
0.406567245721817
0.3984999358654022
0.40975087881088257
0.41548362374305725
0.5052034854888916
0.4188062846660614
0.4143214225769043
0.5269983410835266
0.48891207575798035
0.4644675552845001
0.4262678623199463
0.4220450222492218
0.45862752199172974
0.4504125416278839
0.4498133659362793
0.45243197679519653
0.4739346504211426
0.4449827969074249
0.4840802252292633
0.4427506923675537
0.4521741569042206
0.463177353143692
0.4010356366634369
0.4018869698047638
0.3959362804889679
0.40889352560043335
0.4046782851219177
0.42649105191230774
0.43661221861839294
0.42588308453559875
0.3943490982055664
0.42568808794021606
0.4456019401550293
0.4505443274974823
0.4495420455932617
0.4228304624557495
0.411122590303421
0.4003693163394928
0.37681466341018677
0.41445329785346985
0.44667819142341614
0.4579455554485321
0.42912039160728455
0.40109795331954956
0.40335336327552795
0.40361517667770386
0.42590612173080444
0.43030816316604614
0.43451976776123047
0.4102998971939087
0.40174320340156555
0.3943261206150055
0.3924522399902344
0.4219647943973541
0.44712069630622864
0.42261403799057007
0.42713263630867004
0.4915221929550171
0.46558353304862976
0.4695919454097748
0.43186885118484497
0.4416258633136749
0.4765905439853668
0.46658989787101746
0.4543173611164093
0.4720602035522461
0.43709462881088257
0.43007785081863403
0.4721697270870209
0.4435690641403198
0.43651407957077026
0.4007079303264618
0.42493173480033875
0.42902857065200806
0.47411081194877625
0.45119088888168335
0.40404146909713745
0.42373472452163696
0.39002853631973267
0.42326268553733826
0.4124754071235657
0.3920467495918274
0.40961170196533203
0.4746832847595215
0.43690866231918335
0.48603132367134094
0.4733547866344452
0.44134292006492615
0.40556207299232483
0.4539346992969513
0.45765748620033264
0.4296446740627289
0.4156475067138672
0.38547369837760925
0.4082691967487335
0.3726394772529602
0.43030282855033875
0.4127209186553955
0.4499763548374176
0.5492321252822876
0.4534420967102051
0.42857441306114197
0.38673698902130127
0.42922741174697876
0.4082755148410797
0.3955860435962677
0.5317825078964233
0.46349939703941345
0.4430217742919922
0.43573740124702454
0.4164000451564789
0.39838817715644836
0.4110821485519409
0.4353306293487549
0.4365839958190918
0.38148704171180725
0.41107475757598877
0.4245871603488922
0.4396839141845703
0.49512118101119995
0.44816043972969055
0.42559534311294556
0.41559556126594543
0.3962315320968628
0.43718475103378296
0.43124836683273315
0.39599111676216125
0.3898259699344635
0.43386906385421753
0.41084346175193787
0.3893882930278778
0.38668957352638245
0.5228270292282104
0.45765209197998047
0.4663790762424469
0.42909297347068787
0.40200096368789673
0.45280736684799194
0.3822435736656189
0.39450350403785706
0.37249335646629333
0.40148428082466125
0.3829137086868286
0.39475134015083313
0.4073268473148346
0.4075612723827362
0.40156468749046326
0.4041881263256073
0.4382820129394531
0.4197543263435364
0.4043937027454376
0.4249212443828583
0.40905240178108215
0.37635740637779236
0.431976318359375
0.3991444408893585
0.40238937735557556
0.4022289514541626
0.46375414729118347
0.42683011293411255
0.38525211811065674
0.3899756669998169
0.40156570076942444
0.40643516182899475
0.4562731087207794
0.4275655746459961
0.416461318731308
0.39674174785614014
0.4001334011554718
0.40772315859794617
0.40335291624069214
0.3762810528278351
0.35925522446632385
0.40261760354042053
0.3888927102088928
0.3878178298473358
0.3878280222415924
0.42920759320259094
0.4005391597747803
0.42938119173049927
0.38901329040527344
0.3995494842529297
0.4050387144088745
0.3783515393733978
0.3872542083263397
0.36758753657341003
0.37790647149086
0.3602142930030823
0.36659306287765503
0.3775062561035156
0.3656136691570282
0.34886085987091064
0.37150686979293823
0.36524370312690735
0.3673859238624573
0.35600611567497253
0.41277045011520386
0.35799553990364075
0.4000662863254547
0.3648703396320343
0.38566991686820984
0.37832212448120117
0.3830924928188324
0.3757874071598053
0.38554632663726807
0.371761679649353
0.3866505026817322
0.3767913281917572
0.3855287432670593
0.3626883924007416
0.3745226263999939
0.38505154848098755
0.46907147765159607
0.43647301197052
0.4349629580974579
0.4222186803817749
0.4381086826324463
0.41844990849494934
0.3967186510562897
0.39168307185173035
0.4406985938549042
0.4075213670730591
0.3845957815647125
0.3811551034450531
0.3885783851146698
0.3836516737937927
0.39607346057891846
0.3968369662761688
0.3805235028266907
0.3974543809890747
0.38385987281799316
0.41631680727005005
0.4306095838546753
0.3830118775367737
0.3568107783794403
0.37851521372795105
0.3850959837436676
0.40553513169288635
0.3859618902206421
0.38287508487701416
0.3932220935821533
0.39429232478141785
0.38117313385009766
0.40601345896720886
0.3753023147583008
0.38996466994285583
0.4097912311553955
0.37794986367225647
0.38077157735824585
0.3790493309497833
0.3763827979564667
0.37453940510749817
0.3823262155056
0.3617553114891052
0.372242271900177
0.3715670108795166
0.3613088130950928
0.36558952927589417
0.393227756023407
0.3825185298919678
0.38863036036491394
0.3906327486038208
0.3886427581310272
0.37308210134506226
0.3686797320842743
0.36483994126319885
0.3703966438770294
0.37225499749183655
0.3778100907802582
0.37009599804878235
0.3632698059082031
0.3656649887561798
0.38740968704223633
0.38197943568229675
0.37210968136787415
0.3829540014266968
0.3744780123233795
0.39457017183303833
0.41348719596862793
0.3680279552936554
0.3613682985305786
0.37273871898651123
0.3716694712638855
0.3719358444213867
0.3734453618526459
0.3944016695022583
0.3571387529373169
0.37339258193969727
0.3673500120639801
0.3934297561645508
0.36382347345352173
0.39182549715042114
0.35629868507385254
0.3665788173675537
0.38076528906822205
0.37079498171806335
0.37739992141723633
0.37509584426879883
0.37502455711364746
0.3715053200721741
0.3797645568847656
0.3424600660800934
0.3527389168739319
0.39964357018470764
0.40395286679267883
0.3608984649181366
0.37291139364242554
0.3578738868236542
0.35536155104637146
0.35590052604675293
0.3625107407569885
0.358877032995224
0.3555319011211395
0.35617339611053467
0.35822251439094543
0.35459834337234497
0.36512425541877747
0.37223565578460693
0.3509118854999542
0.3562944829463959
0.34683725237846375
0.3410477042198181
0.3539454936981201
0.35943424701690674
0.35286810994148254
0.3491751253604889
0.3591517210006714
0.35138651728630066
0.33992207050323486
0.35606756806373596
0.3448711335659027
0.36281251907348633
0.3490772545337677
0.3433978259563446
0.3574434220790863
0.3375546336174011
0.3956279158592224
0.37185922265052795
0.37392789125442505
0.3591439425945282
0.36515113711357117
0.3674412667751312
0.3632010519504547
0.3620468080043793
0.36104050278663635
0.3483879864215851
0.36301085352897644
0.3615742623806
0.3499787151813507
0.34767797589302063
0.3571739196777344
0.3541153371334076
0.3582805097103119
0.35164815187454224
0.3588302433490753
0.34642234444618225
0.3325331211090088
0.357880175113678
0.3500142991542816
0.3496205508708954
0.36908066272735596
0.351550817489624
0.3474498391151428
0.34688127040863037
0.36677616834640503
0.3507378399372101
0.35684871673583984
0.34506726264953613
0.35174041986465454
0.3575970530509949
0.3607504665851593
0.35554519295692444
0.37684720754623413
0.3520743250846863
0.35616567730903625
0.3401356339454651
0.34350383281707764
0.35774797201156616
0.34878286719322205
0.34308359026908875
0.3521462082862854
0.3575664758682251
0.35214686393737793
0.3622879981994629
0.34716686606407166
0.3580920994281769
0.36362144351005554
0.38847580552101135
0.3764667809009552
0.37575459480285645
0.38207224011421204
0.3596707582473755
0.3709363043308258
0.3614232540130615
0.35018715262413025
0.37312614917755127
0.3748023509979248
0.36704540252685547
0.3654504120349884
0.3570014238357544
0.360385000705719
0.4109075367450714
0.3749465048313141
0.3628413677215576
0.35706087946891785
0.37149906158447266
0.36003378033638
0.349510133266449
0.34093478322029114
0.3538288474082947
0.3476175367832184
0.3446331322193146
0.35841357707977295
0.34734708070755005
0.35060903429985046
0.34988874197006226
0.37670791149139404
0.35702836513519287
0.3856965899467468
0.35832372307777405
0.377277135848999
0.3808305561542511
0.34852880239486694
0.35362374782562256
0.3812660872936249
0.41010385751724243
0.3925003707408905
0.37728819251060486
0.35876867175102234
0.3603869378566742
0.3945171535015106
0.3639427125453949
0.36374354362487793
0.3827282786369324
0.35170552134513855
0.3595302402973175
0.34447404742240906
0.3311071991920471
0.34857144951820374
0.3456725478172302
0.35456582903862
0.34356170892715454
0.3483940064907074
0.3494208753108978
0.3422868549823761
0.3459627330303192
0.3455740809440613
0.3538724184036255
0.34053730964660645
0.35501185059547424
0.3455020785331726
0.33840128779411316
0.35508373379707336
0.34401410818099976
0.328703910112381
0.3457270562648773
0.3429180085659027
0.34448304772377014
0.35158073902130127
0.34177476167678833
0.33959639072418213
0.3612653613090515
0.36125025153160095
0.35327470302581787
0.348417192697525
0.33797141909599304
0.35199251770973206
0.350668728351593
0.3407145142555237
0.33958032727241516
0.3459394574165344
0.3454313278198242
0.3498709499835968
0.3415394425392151
0.33237800002098083
0.3406067490577698
0.3456495404243469
0.3504301905632019
0.34942424297332764
0.35156571865081787
0.34478050470352173
0.3324335813522339
0.3484332859516144
0.340722918510437
0.3370295464992523
0.36903679370880127
0.3497719466686249
0.33738231658935547
0.3472282886505127
0.33871352672576904
0.33894696831703186
0.3447624146938324
0.33976101875305176
0.35242655873298645
0.3497323989868164
0.35223251581192017
0.34034281969070435
0.3435130715370178
0.3498183488845825
0.35023388266563416
0.3542187809944153
0.33311766386032104
0.3271399140357971
0.34510624408721924
0.3337373435497284
0.3537905812263489
0.3343575596809387
0.3511514961719513
0.35087940096855164
0.3448684513568878
0.3515172600746155
0.34601151943206787
0.3394237160682678
0.35096779465675354
0.3340870141983032
0.3467485010623932
0.33756333589553833
0.3419308364391327
0.34462133049964905
0.3393406271934509
0.3411674499511719
0.34517723321914673
0.3516148328781128
0.3486098647117615
0.3410765826702118
0.34327027201652527
0.3508796691894531
0.3517070412635803
0.37179943919181824
0.3462015390396118
0.33689823746681213
0.3466606140136719
0.344931960105896
0.3437187671661377
0.339816689491272
0.35390496253967285
0.34880366921424866
0.34881922602653503
0.34106311202049255
0.34977495670318604
0.36099672317504883
0.3363466262817383
0.35264885425567627
0.3370927572250366
0.3347647488117218
0.34362083673477173
0.3510107100009918
0.3500489890575409
0.34987083077430725
0.34624722599983215
0.336986780166626
0.34075793623924255
0.3460965156555176
0.33967360854148865
0.3375081419944763
0.34977105259895325
0.3436387777328491
0.33439168334007263
0.3542287051677704
0.3482849895954132
0.33708953857421875
0.3426802456378937
0.34459835290908813
0.3475664556026459
0.33983314037323
0.33125361800193787
0.33678317070007324
0.3224174678325653
0.33572328090667725
0.32233354449272156
0.345652312040329
0.3595117926597595
0.33505406975746155
0.3427724540233612
0.3350519835948944
0.3410981297492981
0.33688995242118835
0.3386215567588806
0.33741599321365356
0.3334383964538574
0.3308030664920807
0.3387058675289154
0.3418276607990265
0.3286159336566925
0.34291011095046997
0.3457547724246979
0.34055960178375244
0.3469579219818115
0.332632839679718
0.3324916660785675
0.3386937081813812
0.32950931787490845
0.33943861722946167
0.34522342681884766
0.333739697933197
0.3371148109436035
0.349305659532547
0.33159562945365906
0.3386668264865875
0.3335983455181122
0.34087392687797546
0.344782292842865
0.33515405654907227
0.3318482041358948
0.3393101096153259
0.3475149869918823
0.3417971134185791
0.3398212492465973
0.34074661135673523
0.34066376090049744
0.353000283241272
0.3427564203739166
0.33757483959198
0.3499186038970947
0.34110116958618164
0.3302876353263855
0.3382455110549927
0.3497326374053955
0.3434448540210724
0.34590771794319153
0.3437790870666504
0.3461732864379883
0.3452708125114441
0.33994027972221375
0.33680790662765503
0.3384621739387512
0.3217599093914032
0.3344816267490387
0.3371550738811493
0.33764153718948364
0.35010185837745667
0.3291662335395813
0.32674816250801086
0.34592756628990173
0.34642457962036133
0.34082773327827454
0.34561651945114136
0.34495243430137634
0.3449223041534424
0.34108904004096985
0.33321982622146606
0.33749449253082275
0.3342868387699127
0.3397383987903595
0.33912739157676697
0.3343525826931
0.33318981528282166
0.3315310776233673
0.3365519344806671
0.3297048807144165
0.33833667635917664
0.3313237726688385
0.3325084149837494
0.33938169479370117
0.3400256335735321
0.3341568410396576
0.34619808197021484
0.33573073148727417
0.341927170753479
0.32713252305984497
0.3479212522506714
0.3387647867202759
0.3246169984340668
0.33116909861564636
0.3534542918205261
0.3440651595592499
0.3326205313205719
0.3335978090763092
0.33157891035079956
0.3314642906188965
0.3500995934009552
0.32680273056030273
0.3370111584663391
0.34083160758018494
0.32598844170570374
0.34015899896621704
0.3393537700176239
0.3357718288898468
0.33609744906425476
0.3396511375904083
0.3346825838088989
0.3405722975730896
0.3356556296348572
0.34589043259620667
0.3308562934398651
0.33187931776046753
0.33248087763786316
0.3338250517845154
0.34758809208869934
0.331271231174469
0.34628987312316895
0.34217721223831177
0.3370456397533417
0.3344617187976837
0.338464617729187
0.3354606628417969
0.3413888216018677
0.3374558091163635
0.3414700925350189
0.33035963773727417
0.32927602529525757
0.3287894129753113
0.32854124903678894
0.3335879445075989
0.3267962634563446
0.3387443423271179
0.33558014035224915
0.340144544839859
0.33844783902168274
0.3378637731075287
0.3353033661842346
0.3438318371772766
0.3355465531349182
0.32739466428756714
0.33416876196861267
0.33549875020980835
0.3412700295448303
0.33114078640937805
0.34038546681404114
0.3405715227127075
0.3430211544036865
0.33940884470939636
0.32968831062316895
0.33728161454200745
0.33599722385406494
0.3359004557132721
0.3394756317138672
0.34531643986701965
0.33062538504600525
0.3332189619541168
0.3293755352497101
0.3313916325569153
0.3304954171180725
0.33347776532173157
0.33671796321868896
0.330670565366745
0.3256748914718628
0.33020666241645813
0.3299272954463959
0.3346326947212219
0.33124640583992004
0.3405227065086365
0.33977410197257996
0.32833901047706604
0.32778480648994446
0.3362908661365509
0.34040534496307373
0.33580708503723145
0.3387466073036194
0.3303891122341156
0.318017840385437
0.3322597146034241
0.3425300717353821
0.32689395546913147
0.3384666442871094
0.33774057030677795
0.35527557134628296
0.3330613374710083
0.3468168377876282
0.34299230575561523
0.33346930146217346
0.3285268247127533
0.3302173614501953
0.34407755732536316
0.3378724455833435
0.32950595021247864
0.3352099657058716
0.3245363235473633
0.3382316529750824
0.3188022971153259
0.3255179226398468
0.3315507769584656
0.3372000455856323
0.3300737142562866
0.33370736241340637
0.3391684889793396
0.33382731676101685
0.33699455857276917
0.33229440450668335
0.334981769323349
0.3335464596748352
0.33449485898017883
0.331499308347702
0.3450077772140503
0.3354046642780304
0.33865776658058167
0.3399965465068817
0.3356904983520508
0.32541733980178833
0.34239548444747925
0.34832796454429626
0.3322131931781769
0.3395518362522125
0.33809375762939453
0.32570743560791016
0.33551713824272156
0.3367132544517517
0.33981752395629883
0.32737165689468384
0.32865044474601746
0.3425326347351074
0.34051668643951416
0.3329472243785858
0.3269793689250946
0.3432130217552185
0.342270165681839
0.3290998935699463
0.3261188864707947
0.3262440264225006
0.33157169818878174
0.3393819034099579
0.33275535702705383
0.3264961242675781
0.3293225169181824
0.3266388177871704
0.3423154950141907
0.3276400566101074
0.33250242471694946
0.3359227776527405
0.3329584300518036
0.3308974802494049
0.3252835273742676
0.3406168520450592
0.34881970286369324
0.32976865768432617
0.34323185682296753
0.34241005778312683
0.3361905813217163
0.333924263715744
0.329997181892395
0.34240812063217163
0.3383665084838867
0.3316100239753723
0.3500979244709015
0.3264555335044861
0.3306669592857361
