113.40066528320312
49.17431640625
30.258901596069336
17.340370178222656
11.06962776184082
10.377171516418457
9.34406852722168
7.669684410095215
7.282780170440674
6.233050346374512
6.118640899658203
5.6310133934021
5.501702308654785
4.755602836608887
4.269353866577148
4.0555620193481445
4.406253337860107
4.18682861328125
3.803842067718506
3.8475563526153564
3.457798719406128
3.1026222705841064
2.7452170848846436
2.725271224975586
2.9940378665924072
2.2726943492889404
2.380582571029663
2.492436647415161
2.1221117973327637
2.1407644748687744
2.165133237838745
1.9151374101638794
1.9855631589889526
1.9281644821166992
1.8634275197982788
1.5152500867843628
1.6370370388031006
1.5782361030578613
1.6693971157073975
1.3501851558685303
1.5230575799942017
1.3614881038665771
1.164082407951355
1.2326054573059082
1.2512880563735962
1.1331137418746948
1.2034631967544556
1.2094204425811768
1.1542694568634033
1.1047718524932861
1.017378807067871
0.9846009612083435
0.9662688374519348
0.9463398456573486
0.9197795391082764
0.9094448089599609
0.9528968334197998
0.8156578540802002
0.8650722503662109
0.8290848135948181
0.8627245426177979
0.7914330363273621
0.749134361743927
0.804341733455658
0.7935008406639099
0.8077756762504578
0.7796284556388855
0.7520656585693359
0.7442610263824463
0.7667129039764404
0.7688574194908142
0.77098149061203
0.8304860591888428
0.778289258480072
0.7491172552108765
0.7914460301399231
0.7851976752281189
0.8254656195640564
0.7418795228004456
0.7834948301315308
0.7589491605758667
0.7548308372497559
0.7393319606781006
0.7237381339073181
0.7451924085617065
0.7395879626274109
0.7369856238365173
0.7377375960350037
0.6932367086410522
0.7296984195709229
0.7117085456848145
0.7102014422416687
0.7106785178184509
0.7187795042991638
0.7190417051315308
0.7050592303276062
0.7265273928642273
0.7210701704025269
0.7161120176315308
0.7263306975364685
0.7212120890617371
0.7166141271591187
0.7120236158370972
0.7309646606445312
0.7018816471099854
0.6829045414924622
0.7075879573822021
0.7071408629417419
0.7095482349395752
0.700230598449707
0.700196385383606
0.6965651512145996
0.7030729651451111
0.6887600421905518
0.7129380106925964
0.7056531310081482
0.7155773043632507
0.7128437757492065
0.7067971229553223
0.7050550580024719
0.696921706199646
0.6934487223625183
0.6918992400169373
0.6850978136062622
0.7060127258300781
0.7080457210540771
0.6864297986030579
0.6920289397239685
0.6998220086097717
0.7092996835708618
0.6977561712265015
0.7469868659973145
0.7645688056945801
0.7239934802055359
0.7401832342147827
0.7000239491462708
0.7131479382514954
0.7041254639625549
0.7136780619621277
0.6924670338630676
0.6958379745483398
0.7034716606140137
0.6926207542419434
0.7042099833488464
0.6900272369384766
0.6844431161880493
0.701074481010437
0.6893703937530518
0.692846417427063
0.7195563316345215
0.7063521146774292
0.7107717990875244
0.7042895555496216
0.6845488548278809
0.7057003378868103
0.6899157762527466
0.6868094205856323
0.6723544597625732
0.6748600602149963
0.6845521926879883
0.6728750467300415
0.6905741691589355
0.682640552520752
0.6791727542877197
0.686261773109436
0.6692193150520325
0.6699377298355103
0.6803311109542847
0.6683230996131897
0.6843358874320984
0.6675741672515869
0.6782740354537964
0.6668222546577454
0.6794384717941284
0.6858664155006409
0.6636626124382019
0.6766220927238464
0.6798766851425171
0.6889334917068481
0.6855191588401794
0.6633931994438171
0.6794742345809937
0.6835427284240723
0.6655382513999939
0.6876991987228394
0.6795575022697449
0.663605809211731
0.6834474802017212
0.6726763844490051
0.6705869436264038
0.6717941164970398
0.6700570583343506
0.6583060026168823
0.6553137898445129
0.6622363328933716
0.6495650410652161
0.6656795740127563
0.6627114415168762
0.6373409628868103
0.6540204882621765
0.6345429420471191
0.6621493101119995
0.662456214427948
0.6694121360778809
0.6718490719795227
0.6446148753166199
0.6443842053413391
0.6406397819519043
0.6385484337806702
0.6286351680755615
0.6364266276359558
0.6305437684059143
0.5941303968429565
0.6358834505081177
0.633078932762146
0.645445704460144
0.6225205063819885
0.6494803428649902
0.6282163262367249
0.6355032324790955
0.6772918701171875
0.6436253786087036
0.657193124294281
0.6363840699195862
0.652679443359375
0.6417913436889648
0.6182979941368103
0.6217918395996094
0.6252562403678894
0.6342657208442688
0.6331160664558411
0.6007692813873291
0.5999977588653564
0.5973221659660339
0.6029285192489624
0.5589547753334045
0.6109119653701782
0.5856074094772339
0.6065126657485962
0.6016798615455627
0.5905245542526245
0.6220687031745911
0.6360284686088562
0.6088667511940002
0.5885792374610901
0.562977135181427
0.6260309219360352
0.5647432804107666
0.5864240527153015
0.6145301461219788
0.6572464108467102
0.5983498096466064
0.5913696885108948
0.6047185063362122
0.573329508304596
0.560008704662323
0.561093270778656
0.5941019654273987
0.5473483800888062
0.5869512557983398
0.5562289357185364
0.5378753542900085
0.5176060199737549
0.5215463042259216
0.5493571162223816
0.5599786043167114
0.526352047920227
0.6649606823921204
0.6723743081092834
0.6611965298652649
0.6622695922851562
0.6396920084953308
0.6278338432312012
0.642528772354126
0.618649423122406
0.5596632361412048
0.6180998086929321
0.6291208267211914
0.5853061676025391
0.5525283813476562
0.55092853307724
0.5468848347663879
0.5761090517044067
0.5192023515701294
0.5223693251609802
0.5205813050270081
0.4924636781215668
0.48926299810409546
0.5167822241783142
0.5396333932876587
0.5011104941368103
0.6132574081420898
0.5825551748275757
0.5722711682319641
0.5730804800987244
0.6004554629325867
0.5907110571861267
0.5695891380310059
0.5305688977241516
0.531071126461029
0.5007653832435608
0.5245341658592224
0.513422429561615
0.5265776515007019
0.5213055610656738
0.49441370368003845
0.4989643394947052
0.584219217300415
0.5707417130470276
0.5374023914337158
0.5285183191299438
0.5000369548797607
0.5498561859130859
0.5519289970397949
0.5754891633987427
0.5928044319152832
0.5981260538101196
0.5913000702857971
0.590752124786377
0.5491248369216919
0.4990723133087158
0.4977898895740509
0.48764756321907043
0.47071629762649536
0.49490275979042053
0.5832945704460144
0.592446506023407
0.6846335530281067
0.667509913444519
0.6216921210289001
0.6218224763870239
0.5410506725311279
0.49304166436195374
0.4930015802383423
0.5051091909408569
0.5057607293128967
0.46146124601364136
0.4590810537338257
0.4844093322753906
0.45172318816185
0.4441527724266052
0.43125027418136597
0.5250111818313599
0.4626520872116089
0.4705776870250702
0.4745570421218872
0.4472220838069916
0.4492988586425781
0.43654707074165344
0.43153253197669983
0.5410587787628174
0.4410535991191864
0.46289053559303284
0.43029487133026123
0.41661885380744934
0.49359968304634094
0.5002342462539673
0.49012619256973267
0.45627325773239136
0.42744556069374084
0.4420574903488159
0.44497761130332947
0.49811118841171265
0.5282822847366333
0.5093410611152649
0.4954420328140259
0.4771711528301239
0.4453689157962799
0.4500024616718292
0.4462331533432007
0.4382705092430115
0.4525143504142761
0.4193830192089081
0.43335074186325073
0.4632259011268616
0.47118842601776123
0.45389026403427124
0.4467402696609497
0.40522608160972595
0.43265992403030396
0.47685936093330383
0.4571559727191925
0.46742409467697144
0.484810471534729
0.4503195285797119
0.42331936955451965
0.45009878277778625
0.42075440287590027
0.43800434470176697
0.4520561099052429
0.4544084370136261
0.4404987096786499
0.49194830656051636
0.45277005434036255
0.4182768166065216
0.390299916267395
0.42672276496887207
0.3959558308124542
0.41045910120010376
0.41124415397644043
0.40667587518692017
0.4031764268875122
0.4184397757053375
0.4259551763534546
0.42191141843795776
0.432700514793396
0.4037708640098572
0.4201076328754425
0.405507355928421
0.4053717255592346
0.4120263457298279
0.4385634958744049
0.4198586046695709
0.39619573950767517
0.3925972282886505
0.3746755123138428
0.4048217535018921
0.43848085403442383
0.41020944714546204
0.406911164522171
0.3830080032348633
0.4163748621940613
0.404813677072525
0.42595574259757996
0.3853699564933777
0.42266592383384705
0.49859142303466797
0.4701263904571533
0.39657163619995117
0.4378519356250763
0.40494683384895325
0.4036237299442291
0.4328118860721588
0.41476497054100037
0.4008331298828125
0.42102107405662537
0.4165503978729248
0.40912631154060364
0.4284954071044922
0.39960530400276184
0.3909447193145752
0.4148755371570587
0.40421539545059204
0.4640265107154846
0.4360322058200836
0.38310426473617554
0.3907475173473358
0.4095589220523834
0.38183867931365967
0.4227806031703949
0.41300642490386963
0.4062758684158325
0.41796019673347473
0.4700250029563904
0.45334485173225403
0.41487202048301697
0.5018072128295898
0.4248913526535034
0.4467172622680664
0.4176677465438843
0.3821560740470886
0.3824370801448822
0.4283124506473541
0.39082756638526917
0.38274967670440674
0.4535246193408966
0.38247790932655334
0.3828929364681244
0.41753822565078735
0.3652251362800598
0.38266316056251526
0.38723647594451904
0.3957263231277466
0.3744642436504364
0.42106717824935913
0.4049253761768341
0.4015597105026245
0.4005463123321533
0.41095057129859924
0.3961634635925293
0.37219852209091187
0.40529587864875793
0.39118701219558716
0.4215444028377533
0.40137821435928345
0.4506581127643585
0.3993864953517914
0.4406074583530426
0.426697313785553
0.42788439989089966
0.435219407081604
0.4143265187740326
0.4014361500740051
0.4102536141872406
0.43142202496528625
0.4500064551830292
0.42069950699806213
0.4718942642211914
0.44649022817611694
0.4344436824321747
0.40005332231521606
0.4071742594242096
0.4136236011981964
0.41445717215538025
0.39514344930648804
0.5834369659423828
0.5198884010314941
0.4990069568157196
0.5008262395858765
0.44506052136421204
0.6594572067260742
0.5103337168693542
0.5027950406074524
0.47927865386009216
0.4382431209087372
0.45616859197616577
0.4270423948764801
0.5092689394950867
0.5408262610435486
0.4632193446159363
0.4456349313259125
0.42261451482772827
0.44755852222442627
0.43513545393943787
0.4867072105407715
0.43754842877388
0.4358648955821991
0.4285167157649994
0.44355764985084534
0.4310262203216553
0.402560830116272
0.4028520882129669
0.4117667078971863
0.3952868580818176
0.3894014358520508
0.403117299079895
0.38019394874572754
0.3792022168636322
0.402349591255188
0.3761884272098541
0.4527014493942261
0.46643945574760437
0.3964366912841797
0.39194443821907043
0.38193702697753906
0.37956827878952026
0.3669053912162781
0.365172803401947
0.36187827587127686
0.37271779775619507
0.3779398500919342
0.3535159230232239
0.380346417427063
0.38199982047080994
0.36970436573028564
0.37928199768066406
0.38164660334587097
0.45075300335884094
0.4375116527080536
0.4067027270793915
0.4291808307170868
0.40609094500541687
0.3823985457420349
0.4018772840499878
0.3878030776977539
0.3698246479034424
0.38409125804901123
0.36300066113471985
0.3705180883407593
0.3796535134315491
0.400174617767334
0.39347511529922485
0.3706350028514862
0.36966487765312195
0.4064435064792633
0.37187284231185913
0.3595535457134247
0.3951766788959503
0.4359458386898041
0.4416697919368744
0.4135794937610626
0.4115845263004303
0.42082759737968445
0.39742735028266907
0.40363723039627075
0.40063953399658203
0.40305450558662415
0.3783595561981201
0.37478798627853394
0.3920938968658447
0.38752281665802
0.3826615810394287
0.3745349645614624
0.3898131847381592
0.38677409291267395
0.394605427980423
0.3933711349964142
0.37497678399086
0.36915940046310425
0.39354202151298523
0.3610684275627136
0.3736887276172638
0.3813919126987457
0.3777362108230591
0.3645669221878052
0.3648194372653961
0.37201565504074097
0.3852275311946869
0.37119677662849426
0.3982826769351959
0.3701443672180176
0.3721770942211151
0.38102996349334717
0.3773915767669678
0.3911559581756592
0.3713354468345642
0.4143421947956085
0.40256035327911377
0.37311995029449463
0.3853558301925659
0.35860583186149597
0.36549556255340576
0.3427945673465729
0.3505581319332123
0.38398221135139465
0.4306575357913971
0.3745577335357666
0.39263778924942017
0.36022713780403137
0.3666878938674927
0.37511003017425537
0.3641563057899475
0.35682520270347595
0.35105061531066895
0.3512223958969116
0.35142290592193604
0.5131717920303345
0.41071784496307373
0.3905312418937683
0.37987855076789856
0.3892398774623871
0.367851197719574
0.3616798520088196
0.3552572727203369
0.36735084652900696
0.37295305728912354
0.3556939661502838
0.35074886679649353
0.36389753222465515
0.37238359451293945
0.37251436710357666
0.3843032121658325
0.373074471950531
0.36296403408050537
0.3672618865966797
0.3655043840408325
0.4065271317958832
0.41269657015800476
0.39328861236572266
0.38382449746131897
0.38314712047576904
0.3796248137950897
0.4014135003089905
0.3859962821006775
0.36803358793258667
0.37505075335502625
0.37872955203056335
0.36697298288345337
0.37109968066215515
0.35947906970977783
0.3687792122364044
0.3730210065841675
0.37622565031051636
0.35728296637535095
0.3655652105808258
0.35756009817123413
0.3544273376464844
0.341969758272171
0.35532423853874207
0.3679773509502411
0.35480812191963196
0.3642721474170685
0.35210949182510376
0.35095536708831787
0.37152984738349915
0.35402920842170715
0.35947728157043457
0.37646394968032837
0.3601643443107605
0.3639174699783325
0.3611312806606293
0.3469724655151367
0.35628920793533325
0.35968437790870667
0.3514341711997986
0.3927362263202667
0.3859636187553406
0.36105963587760925
0.37459152936935425
0.38790586590766907
0.39362671971321106
0.41621389985084534
0.3702675700187683
0.37169501185417175
0.3511105179786682
0.36529454588890076
0.37020882964134216
0.3645063638687134
0.37069061398506165
0.3781525194644928
0.35108867287635803
0.3719204068183899
0.3734089136123657
0.4098625183105469
0.36806389689445496
0.41713932156562805
0.36681851744651794
0.3498367667198181
0.35967886447906494
0.35908785462379456
0.3521936237812042
0.35697269439697266
0.35801681876182556
0.37635132670402527
0.3452566862106323
0.3539922833442688
0.35007813572883606
0.35180148482322693
0.34919485449790955
0.3436537981033325
0.3449057340621948
0.34705352783203125
0.36494332551956177
0.3514622151851654
0.3479166328907013
0.34469321370124817
0.37323296070098877
0.35286930203437805
0.3433573842048645
0.35938969254493713
0.36109721660614014
0.3420892655849457
0.3619122803211212
0.3647876977920532
0.3710756301879883
0.3569428026676178
0.3439813256263733
0.35602322220802307
0.34857532382011414
0.3433407247066498
0.35557103157043457
0.3457134962081909
0.34248048067092896
0.3588807284832001
0.3524080216884613
0.3368738889694214
0.33145439624786377
0.3398207724094391
0.3619298040866852
0.3538223206996918
0.34871724247932434
0.34771010279655457
0.35791143774986267
0.3618651032447815
0.34593188762664795
0.3453415632247925
0.3522742688655853
0.34090566635131836
0.3330213725566864
0.35329923033714294
0.33932915329933167
0.33332496881484985
0.3452366292476654
0.34738829731941223
0.33669301867485046
0.3572230637073517
0.34620973467826843
0.3317064046859741
0.33315399289131165
0.3451900780200958
0.3306243419647217
0.3307284712791443
0.3521779179573059
0.335959792137146
0.3479945957660675
0.35291561484336853
0.3474726676940918
0.3447338938713074
0.3615137040615082
0.3616921901702881
0.33770933747291565
0.3507111668586731
0.3385915756225586
0.34866097569465637
0.3326161801815033
0.3435533940792084
0.35859423875808716
0.3545905351638794
0.348320335149765
0.3399401903152466
0.3411582410335541
0.36844688653945923
0.34060588479042053
0.3382205367088318
0.3315908908843994
0.33537861704826355
0.36083027720451355
0.33495035767555237
0.349032461643219
0.3425375819206238
0.35025057196617126
0.33664771914482117
0.3465574085712433
0.3519507944583893
0.36204761266708374
0.3590836524963379
0.3474057912826538
0.34802648425102234
0.3523626923561096
0.34217551350593567
0.33026015758514404
0.34916916489601135
0.35370489954948425
0.3418152928352356
0.34106940031051636
0.36152830719947815
0.3643491566181183
0.3432903289794922
0.3610508441925049
0.3518638610839844
0.3450627624988556
0.352545827627182
0.34773609042167664
0.34453511238098145
0.3419668972492218
0.33690840005874634
0.3421448767185211
0.3548935651779175
0.3395446240901947
0.33038732409477234
0.35051462054252625
0.3474782109260559
0.3447872996330261
0.347278356552124
0.33389216661453247
0.3384997546672821
0.3531326949596405
0.3439664840698242
0.3547796905040741
0.3324960470199585
0.3401578962802887
0.3372477889060974
0.34850627183914185
0.34652945399284363
0.3409537971019745
0.3363037705421448
0.3419007956981659
0.3396534323692322
0.3450108766555786
0.3315911889076233
0.34073734283447266
0.3318348824977875
0.33026042580604553
0.3340842127799988
0.3475342392921448
0.3502526879310608
0.3453032374382019
0.3407076597213745
0.3438989520072937
0.33412399888038635
0.3422001302242279
0.34160730242729187
0.3433186709880829
0.3221721351146698
0.3375944495201111
0.3340642750263214
0.33925047516822815
0.3431369364261627
0.3477611839771271
0.34284839034080505
0.34074458479881287
0.3478603661060333
0.3261825740337372
0.34341925382614136
0.3347175419330597
0.3432874381542206
0.33975109457969666
0.3336358666419983
0.3386353850364685
0.3370014429092407
0.3309467136859894
0.3452078104019165
0.3269883692264557
0.3319566547870636
0.32690921425819397
0.3307226598262787
0.34086859226226807
0.3402164578437805
0.3444586396217346
0.33551260828971863
0.3415825366973877
0.3267456591129303
0.36251136660575867
0.3348841071128845
0.3379670977592468
0.3480588495731354
0.344652384519577
0.3437298834323883
0.3356758654117584
0.33658137917518616
0.3428105413913727
0.3441426157951355
0.33703696727752686
0.328632116317749
0.3378888964653015
0.32947370409965515
0.34512048959732056
0.35835936665534973
0.34379592537879944
0.3428248167037964
0.33331283926963806
0.3245374858379364
0.31926801800727844
0.3435089588165283
0.3315063416957855
0.3246683180332184
0.3375873565673828
0.32655632495880127
0.3397550880908966
0.33142444491386414
0.33829382061958313
0.33681386709213257
0.3434520363807678
0.34599006175994873
0.33761847019195557
0.3391277492046356
0.3418406546115875
0.33726614713668823
0.336757093667984
0.3299279510974884
