4.142824172973633
3.6670846939086914
3.3988230228424072
3.2571868896484375
3.3672118186950684
3.4956724643707275
2.8971691131591797
2.9334585666656494
2.3126306533813477
2.518690586090088
2.324979543685913
2.1192431449890137
2.128023147583008
2.0303518772125244
1.8480087518692017
1.726097822189331
1.639776349067688
1.6147059202194214
1.4154518842697144
1.112767219543457
1.12726891040802
1.016994595527649
1.244002103805542
1.0291959047317505
0.8715120553970337
0.8846430778503418
0.8038046956062317
0.7046762704849243
0.6657067537307739
0.6285655498504639
0.6552596688270569
0.6465045213699341
0.6581405997276306
0.6555882692337036
0.6178627610206604
0.5965594053268433
0.5878807306289673
0.5931592583656311
0.5759248733520508
0.5881876945495605
0.5902165174484253
0.5631914138793945
0.5609803199768066
0.5815218687057495
0.5608781576156616
0.5730274319648743
0.5830222368240356
0.6004407405853271
0.5487737655639648
0.5548430681228638
0.5344110727310181
0.5164216160774231
0.5586072206497192
0.5763590931892395
0.674569845199585
0.5973127484321594
0.5463778972625732
0.5379126071929932
0.5370451211929321
0.5307322144508362
0.5127543807029724
0.5178132057189941
0.5217860341072083
0.5108861327171326
0.5028326511383057
0.5226446390151978
0.4904298484325409
0.4891884922981262
0.6818385124206543
0.5594730377197266
0.5379092693328857
0.5475852489471436
0.5344753265380859
0.516047477722168
0.5071509480476379
0.4886625409126282
0.4937523603439331
0.49632129073143005
0.47900092601776123
0.4808485507965088
0.4934629201889038
0.4789552688598633
0.525961697101593
0.4815397262573242
0.47957831621170044
0.4722059369087219
0.47194981575012207
0.49234071373939514
0.4904491901397705
0.4825781285762787
0.4880025386810303
0.4756630063056946
0.4821874797344208
0.48221951723098755
0.4687547981739044
0.4642062187194824
0.4640727639198303
0.481233686208725
0.48857492208480835
0.475254088640213
0.46869033575057983
0.47048839926719666
0.47782155871391296
0.4697979688644409
0.48509615659713745
0.4545765221118927
0.4881924092769623
0.4782916009426117
0.48818060755729675
0.46474698185920715
0.4646352231502533
0.47933366894721985
0.4650413393974304
0.4562263488769531
0.4629414975643158
0.4732781648635864
0.4722703993320465
0.4713892340660095
0.4469575583934784
0.4581427574157715
0.4667780101299286
0.46951982378959656
0.46382996439933777
0.4591011703014374
0.5237023234367371
0.48748913407325745
0.5018662214279175
0.47445955872535706
0.4503070116043091
0.47707852721214294
0.4621393382549286
0.468944787979126
0.4573862552642822
0.4572871923446655
0.44485563039779663
0.44070354104042053
0.4533882439136505
0.4719770550727844
0.44935742020606995
0.525348961353302
0.6301291584968567
0.6963344812393188
0.5946987271308899
0.4897972345352173
0.47401732206344604
0.47777098417282104
0.4604998826980591
0.44382527470588684
0.4562665522098541
0.4468730390071869
0.4457460343837738
0.44033947587013245
0.4523744285106659
0.4692980945110321
0.4685845375061035
0.4609619379043579
0.4741097688674927
0.4619692862033844
0.4858514964580536
0.4621312618255615
0.4608897864818573
0.45409518480300903
0.46261343359947205
0.45620670914649963
0.4496270418167114
0.4588735103607178
0.5792535543441772
0.49055543541908264
0.4807051420211792
0.4587947130203247
0.455426424741745
0.44971686601638794
0.43974769115448
0.4588296413421631
0.43440136313438416
0.4543938636779785
0.4524393379688263
0.4322042167186737
0.45677506923675537
0.4491080045700073
0.4485265910625458
0.44973522424697876
0.4463459253311157
0.4570038616657257
0.4580811560153961
0.48098793625831604
0.4780956506729126
0.4517105519771576
0.4496608376502991
0.5110422372817993
0.4706628620624542
0.4469313621520996
0.44483482837677
0.44732290506362915
0.4597662687301636
0.478488951921463
0.4269786477088928
0.4354439973831177
0.4684513807296753
0.4542892277240753
0.4463527500629425
0.43638134002685547
0.44260916113853455
0.44670993089675903
0.42568379640579224
0.419312059879303
0.41488876938819885
0.4703948497772217
0.4762275815010071
0.7507941126823425
0.5784128904342651
0.5467243790626526
0.5504656434059143
0.5325993299484253
0.4983328878879547
0.4517427384853363
0.4403402805328369
0.43437328934669495
0.4658266305923462
0.45403599739074707
0.49291330575942993
0.43724554777145386
0.43528425693511963
0.4321780502796173
0.455399751663208
0.4510926902294159
0.43832239508628845
0.4404654800891876
0.43632444739341736
0.4435187578201294
0.4326891005039215
0.4320189654827118
0.4543973207473755
0.4490610361099243
0.45307299494743347
0.5130545496940613
0.4566855728626251
0.46275267004966736
0.46653762459754944
0.437015175819397
0.443380206823349
0.4344842731952667
0.4683797061443329
0.4483807384967804
0.4444616734981537
0.4338396489620209
0.42112410068511963
0.4446491003036499
0.4279090166091919
0.49346283078193665
0.46578893065452576
0.5667392611503601
0.4932224452495575
0.4483671188354492
0.43336567282676697
0.439550518989563
0.4369395971298218
0.43601351976394653
0.41556882858276367
0.43589305877685547
0.45009347796440125
0.43805748224258423
0.4345293343067169
0.41908103227615356
0.44549402594566345
0.45124351978302
0.457296222448349
0.4434063732624054
0.4440951347351074
0.43327516317367554
0.4290579855442047
0.4273923635482788
0.4257810115814209
0.4350837469100952
0.42988458275794983
0.44484037160873413
0.44890308380126953
0.44916799664497375
0.4311940371990204
0.42639991641044617
0.4383169412612915
0.46512559056282043
0.4752693474292755
0.43761304020881653
0.4444328546524048
0.4319279193878174
0.4301106035709381
0.5313485264778137
0.4568849802017212
0.4303334951400757
0.4373980760574341
0.43119490146636963
0.4423777163028717
0.42240026593208313
0.4537956714630127
0.42362257838249207
0.44318249821662903
0.4415535032749176
0.4396364092826843
0.4709463119506836
0.45346692204475403
0.45619040727615356
0.4435022175312042
0.45021840929985046
0.44235190749168396
0.45212599635124207
0.45215484499931335
0.4325951933860779
0.4451301693916321
0.42207929491996765
0.436583012342453
0.4583461284637451
0.42651990056037903
0.45223134756088257
0.4391305148601532
0.4360245168209076
0.45908936858177185
0.43054863810539246
0.4347666800022125
0.4138282835483551
0.4275030791759491
0.42610353231430054
0.43456336855888367
0.4541884958744049
0.4552357494831085
0.42145097255706787
0.4276665449142456
0.5284375548362732
0.44010648131370544
0.42619794607162476
0.44545799493789673
0.4344988763332367
0.4275224208831787
0.4423491060733795
0.4295634329319
0.44746536016464233
0.45148247480392456
0.4247637987136841
0.5645904541015625
0.4722341001033783
0.4438188970088959
0.44962024688720703
0.4563271105289459
0.4219178855419159
0.4502018690109253
0.46905452013015747
0.4631277918815613
0.42714792490005493
0.4110121726989746
0.4257965683937073
0.4345095157623291
0.436110258102417
0.4348639249801636
0.44303280115127563
0.4099896252155304
0.4333949089050293
0.4470190107822418
0.4420683681964874
0.4243929386138916
0.42836007475852966
0.42357781529426575
0.4567450284957886
0.46095290780067444
0.4427994191646576
0.4270988702774048
0.44027021527290344
0.4295088052749634
0.41847389936447144
0.4292890727519989
0.439021497964859
0.41348379850387573
0.4478699266910553
0.48545804619789124
0.4269827604293823
0.42301949858665466
0.4469224810600281
0.42699530720710754
0.4254787862300873
0.45097097754478455
0.42226341366767883
0.403079628944397
0.4387189447879791
0.41699811816215515
0.44333797693252563
0.42825478315353394
0.43404462933540344
0.44137054681777954
0.450684130191803
0.4379061758518219
0.4454525411128998
0.4322873055934906
0.4333346486091614
0.6918785572052002
0.5510349273681641
0.4578644931316376
0.46440115571022034
0.4402509927749634
0.4272266924381256
0.44132164120674133
0.42525675892829895
0.45152121782302856
0.422325074672699
0.4475127160549164
0.4187391996383667
0.4137677848339081
0.44550615549087524
0.41538897156715393
0.4328359067440033
0.4207586944103241
0.4163190424442291
0.43101757764816284
0.4468214511871338
0.44266387820243835
0.4348642826080322
0.43574437499046326
0.43181589245796204
0.40386420488357544
0.42236581444740295
0.4143878221511841
0.42314761877059937
0.42439574003219604
0.4299040138721466
0.4250643253326416
0.42021507024765015
0.4349316358566284
0.42364493012428284
0.4360463619232178
0.41482338309288025
0.4177296459674835
0.4495387673377991
0.46309202909469604
0.4542229175567627
0.45131248235702515
0.4721899628639221
0.4452933967113495
0.43895989656448364
0.4329404830932617
0.42400965094566345
0.43259042501449585
0.42942434549331665
0.4305790364742279
0.41613611578941345
0.44707852602005005
0.42075493931770325
0.4251866936683655
0.42488962411880493
0.4317585229873657
0.44072389602661133
0.4251810610294342
0.42396968603134155
0.4387398660182953
0.41591688990592957
0.43667930364608765
0.41549360752105713
0.4259469509124756
0.4073854386806488
0.4270249605178833
0.43619272112846375
0.41728371381759644
0.4281228184700012
0.4350966215133667
0.43309882283210754
0.43594977259635925
0.4228944480419159
0.4418640732765198
0.5724252462387085
0.5003914833068848
0.4844683110713959
0.44997793436050415
0.4445810616016388
0.42124003171920776
0.4376024305820465
0.4313293695449829
0.41094163060188293
0.42006784677505493
0.4265258014202118
0.4385685324668884
0.42700424790382385
0.4281252920627594
0.4207422435283661
0.4283592700958252
0.43997326493263245
0.41293248534202576
0.44283580780029297
0.4070253074169159
0.4141383171081543
0.41906610131263733
0.42514869570732117
0.420558899641037
0.41591256856918335
0.4316292703151703
0.41536980867385864
0.4132079482078552
0.4130862355232239
0.4178955852985382
0.4330836534500122
0.4584586024284363
0.4423828125
0.4295326769351959
0.4279005527496338
0.43303772807121277
0.4324849843978882
0.4144454300403595
0.4169672429561615
0.4413895308971405
0.4128956198692322
0.41272470355033875
0.43326884508132935
0.4225103557109833
0.5693202614784241
0.47736242413520813
0.4205881655216217
0.4402726888656616
0.43814727663993835
0.4206963777542114
0.4278334379196167
0.4064658582210541
0.41265222430229187
0.419285386800766
0.43292513489723206
0.4124660789966583
0.4199802577495575
0.4284029006958008
0.4373493194580078
0.4069749712944031
0.41935744881629944
0.42718568444252014
0.4336165189743042
0.42421281337738037
0.4159575402736664
0.4163438081741333
0.4297488331794739
0.4272562265396118
0.42849403619766235
0.5012421011924744
0.5698453783988953
0.5683102011680603
0.5136669278144836
0.5027183294296265
0.44504982233047485
0.4392678439617157
0.432087779045105
0.4215964376926422
0.42717045545578003
0.5022361278533936
0.4959142208099365
0.4422144293785095
0.45312660932540894
0.4097558259963989
0.4257776737213135
0.43904736638069153
0.42460623383522034
0.40693411231040955
0.4172748923301697
0.4271054267883301
0.4305104911327362
0.4178721010684967
0.41692763566970825
0.4216587245464325
0.41092512011528015
0.42526063323020935
0.4250885248184204
0.41367074847221375
0.4170624315738678
0.411569744348526
0.4196954667568207
0.4132760763168335
0.41068848967552185
0.4247809648513794
0.41260218620300293
0.4066418707370758
0.4052848517894745
0.4262123107910156
0.39723461866378784
0.41087573766708374
0.4057137668132782
0.41242197155952454
0.4185754358768463
0.41727688908576965
0.41019323468208313
0.4121907651424408
0.4167284071445465
0.4288685619831085
0.4123953878879547
0.42215821146965027
0.43194371461868286
0.4049609303474426
0.4283323585987091
0.4102421998977661
0.4207942485809326
0.4195356070995331
0.4125843942165375
0.4106997549533844
0.40827125310897827
0.4155370891094208
0.40344148874282837
0.3978366255760193
0.4248425364494324
0.3999433219432831
0.4132572114467621
0.42212143540382385
0.42726486921310425
0.406410813331604
0.4384329617023468
0.41231006383895874
0.4152878522872925
0.41487598419189453
0.4086953401565552
0.41759318113327026
0.40916648507118225
0.4219381809234619
0.42144566774368286
0.4170338809490204
0.4129946827888489
0.4070846736431122
0.4261910617351532
0.42333194613456726
0.42113929986953735
0.4173252582550049
0.4424183666706085
0.40762969851493835
0.40445905923843384
0.40893179178237915
0.4055156707763672
0.4182091951370239
0.41700059175491333
0.42352455854415894
0.407367080450058
0.4146232604980469
0.42158979177474976
0.43265727162361145
0.4382086396217346
0.41950854659080505
0.41413402557373047
0.4131819009780884
0.4179507791996002
0.4057321846485138
0.4271858334541321
0.41788798570632935
0.4027860164642334
0.41490980982780457
0.404514342546463
0.4282960891723633
0.4040051996707916
0.4274490177631378
0.41153496503829956
0.4025002419948578
0.4085785150527954
0.4001835286617279
0.3990730047225952
0.4146703779697418
0.40818458795547485
0.46438127756118774
0.41267308592796326
0.41519978642463684
0.4155011475086212
0.41612881422042847
0.42009058594703674
0.4188425838947296
0.4105179011821747
0.41378360986709595
0.4062160551548004
0.41328877210617065
0.40505215525627136
0.4054054915904999
0.4044523537158966
0.4266927242279053
0.4096732437610626
0.40779417753219604
0.4264642298221588
0.46891602873802185
0.48967641592025757
0.432006299495697
0.430267870426178
0.4249646067619324
0.41858524084091187
0.42808997631073
0.41546037793159485
0.4357251822948456
0.42043957114219666
0.4071238338947296
0.4193499684333801
0.4143536388874054
0.3984733819961548
0.4207894802093506
0.40904730558395386
0.4098258912563324
0.4156021773815155
0.4105512201786041
0.4131368398666382
0.4157220423221588
0.4014621675014496
0.4092717170715332
0.3950917720794678
0.42431536316871643
0.4121510684490204
0.3979570269584656
0.46866685152053833
0.48267945647239685
0.40966543555259705
0.4217875301837921
0.4150058925151825
0.4059019386768341
0.4282122552394867
0.42037516832351685
0.4187846779823303
0.403647780418396
0.4021541178226471
0.4145917594432831
0.40557125210762024
0.4174199104309082
0.39477550983428955
0.4253718852996826
0.40528205037117004
0.41830238699913025
0.4094698429107666
0.4090397357940674
0.4107638895511627
0.40882179141044617
0.4156271815299988
0.41923993825912476
0.4064522981643677
0.3982928991317749
0.4159338176250458
0.4072027802467346
0.41089826822280884
0.4182968735694885
0.4178994297981262
0.4153808057308197
0.39963433146476746
0.4017510414123535
0.4176526367664337
0.3977121412754059
0.41882795095443726
0.41990959644317627
0.4117366075515747
0.42021656036376953
0.4167175889015198
0.41576915979385376
0.4016537368297577
0.41385820508003235
0.41008540987968445
0.41145747900009155
0.40747925639152527
0.406116247177124
0.40686696767807007
0.4002632200717926
0.42382922768592834
0.3933326005935669
0.41813820600509644
0.41801804304122925
0.42063626646995544
0.4059463441371918
0.41441410779953003
0.4017452895641327
0.40719956159591675
0.40725386142730713
0.41077253222465515
0.4168953001499176
0.4245658218860626
0.4228386878967285
0.4152304530143738
0.42019277811050415
0.4105304479598999
0.4092833995819092
0.3905302584171295
0.40434616804122925
0.3897390067577362
0.4103900194168091
0.40451306104660034
0.41077473759651184
0.41732341051101685
0.41075780987739563
0.4261751174926758
0.4175914227962494
0.3927631974220276
0.4094396233558655
0.39973002672195435
0.40175750851631165
0.4186781048774719
0.41240713000297546
0.4133864641189575
0.41805583238601685
0.4084825813770294
0.4114770293235779
0.4273669719696045
0.4062761962413788
0.4099993407726288
0.403873085975647
0.4078766107559204
0.4186721742153168
0.4273276627063751
0.4126235246658325
0.40742987394332886
0.4187264144420624
0.411834180355072
0.41828081011772156
0.40331655740737915
0.41364970803260803
0.413656085729599
0.4281960427761078
0.40992456674575806
0.4263384938240051
0.3961275815963745
0.40258899331092834
0.41793185472488403
0.4191214442253113
0.4388681948184967
0.4145817160606384
0.41727641224861145
0.40465638041496277
0.4207361042499542
0.4222151041030884
0.42595455050468445
0.4074138104915619
0.4054392874240875
0.4189906120300293
0.4155610501766205
0.40342703461647034
0.40385037660598755
0.41692477464675903
0.41345879435539246
0.4098280072212219
0.41470783948898315
0.4173261821269989
0.41913193464279175
0.4183683395385742
0.3944314122200012
0.41519370675086975
0.4053237736225128
0.4251456558704376
0.4148382246494293
0.40808361768722534
0.4133272171020508
0.41275134682655334
0.4224720299243927
0.4205053150653839
0.4074457883834839
0.41625961661338806
0.3970436453819275
0.40261825919151306
0.3952464759349823
0.4116293787956238
0.41234761476516724
0.41194137930870056
0.42200911045074463
0.4265327453613281
0.41453561186790466
0.4049733877182007
0.39821386337280273
0.41003498435020447
0.404374361038208
0.40706008672714233
0.4184984862804413
0.4167550206184387
0.4018995463848114
0.4203968048095703
0.3968290686607361
0.405098021030426
0.40304067730903625
0.4142337739467621
0.42044737935066223
0.4053992033004761
0.40572425723075867
0.4119388163089752
0.4170585870742798
0.4047051668167114
0.39381203055381775
0.407848984003067
0.40539607405662537
0.4102246165275574
0.41546279191970825
0.41725245118141174
0.38917332887649536
0.4086187183856964
0.4160960018634796
0.4172323942184448
0.41226381063461304
0.40174081921577454
0.4135957956314087
0.4050760269165039
0.40484121441841125
0.40921682119369507
0.40629833936691284
0.40293022990226746
0.40760546922683716
0.3985983729362488
0.4187643527984619
0.42448410391807556
0.4145335853099823
0.4003772735595703
0.3986166715621948
0.4035933017730713
0.4086209535598755
0.40708500146865845
0.39956265687942505
0.3947456181049347
0.41174283623695374
0.4085578918457031
0.4076310396194458
0.41301673650741577
0.3972821533679962
0.4085626006126404
0.3984517753124237
0.4302159547805786
0.4175971746444702
0.4064983129501343
0.41709765791893005
0.40946099162101746
0.4092501699924469
0.39934617280960083
0.3987765610218048
0.40126851201057434
0.40934449434280396
0.4092881977558136
0.40664419531822205
0.41131821274757385
0.3975412845611572
0.4171348512172699
0.39987239241600037
0.41300350427627563
0.3995981216430664
0.41061830520629883
0.41172805428504944
0.4118845760822296
0.40266329050064087
0.4061397612094879
0.4191041886806488
0.40989115834236145
0.4011964499950409
0.42296117544174194
0.41977450251579285
0.39929109811782837
0.402687668800354
0.4087081253528595
0.40240487456321716
0.40654662251472473
0.40863102674484253
