49.34536361694336
24.444486618041992
18.9428768157959
14.135042190551758
10.392208099365234
7.45982551574707
5.606156826019287
4.928848743438721
4.745430946350098
4.099782943725586
3.7787184715270996
3.5800411701202393
3.443585157394409
2.973031520843506
3.498426675796509
3.1772286891937256
3.662203311920166
3.1984236240386963
2.889359712600708
2.786548614501953
2.3190464973449707
2.528839588165283
2.3809123039245605
2.341813564300537
2.087963581085205
1.9133477210998535
1.7410742044448853
1.5873401165008545
1.4813188314437866
1.5738508701324463
1.5761855840682983
1.7329907417297363
1.3614505529403687
1.3338489532470703
1.3671188354492188
1.2632572650909424
1.1036107540130615
1.1724214553833008
1.1117125749588013
1.1162512302398682
1.0528000593185425
0.9542577862739563
1.0182703733444214
0.8475450873374939
0.9616358876228333
0.9023417830467224
0.8154512643814087
0.7666162252426147
0.8134825229644775
0.8599148988723755
0.7763963937759399
0.7910173535346985
0.7986705899238586
0.6764252185821533
0.7847285866737366
0.7586979866027832
0.730392336845398
0.7052720785140991
0.682153582572937
0.665265679359436
0.760911762714386
0.694733202457428
0.7456687092781067
0.6269870400428772
0.5983358025550842
0.6864734888076782
0.6726288795471191
0.5960943698883057
0.6608888506889343
0.5743984580039978
0.6955088973045349
0.6247864961624146
0.6400064826011658
0.5994439125061035
0.5967131853103638
0.5869724154472351
0.5798579454421997
0.5704458355903625
0.5999618172645569
0.5788164734840393
0.6338735222816467
0.571306586265564
0.5716546773910522
0.5560894012451172
0.5653894543647766
0.5817771553993225
0.5421697497367859
0.544541597366333
0.5287225842475891
0.5168868899345398
0.5776228904724121
0.5749337077140808
0.6629100441932678
0.6854716539382935
0.6842270493507385
0.6698926687240601
0.6172594428062439
0.6010203957557678
0.6054762601852417
0.6210632920265198
0.7791600227355957
0.6026278138160706
0.637826681137085
0.6024826765060425
0.5512750744819641
0.544000506401062
0.583480954170227
0.5558203458786011
0.5760934352874756
0.5359512567520142
0.692703366279602
0.6440215706825256
0.6304610967636108
0.5643355846405029
0.5871616005897522
0.5733472108840942
0.5598455667495728
0.7674922943115234
0.7645378112792969
0.5831590294837952
0.5332760214805603
0.5080519318580627
0.5231282114982605
0.51593017578125
0.47939079999923706
0.48106831312179565
0.49565955996513367
0.5270280241966248
0.534870445728302
0.5033765435218811
0.4748707711696625
0.42596450448036194
0.45993369817733765
0.44703009724617004
0.5053332448005676
0.5699599981307983
0.6040220856666565
0.608210563659668
0.5920692086219788
0.5974427461624146
0.5839229226112366
0.5678314566612244
0.5553694367408752
0.5328070521354675
0.5130636096000671
0.49313411116600037
0.4860008955001831
0.6346941590309143
0.6049020290374756
0.5666899681091309
0.5771757960319519
0.6335704326629639
0.6650590896606445
0.5726579427719116
0.5052165389060974
0.5265080332756042
0.5819546580314636
0.4990065097808838
0.5565807223320007
0.5200830698013306
0.49645429849624634
0.5178937911987305
0.4952031672000885
0.5288472175598145
0.5301236510276794
0.4970673620700836
0.47519761323928833
0.5148171186447144
0.46651312708854675
0.42685073614120483
0.6228150725364685
0.5637084245681763
0.5026044249534607
0.5025945901870728
0.4814915657043457
0.4742809534072876
0.47055086493492126
0.5460449457168579
0.4906426966190338
0.4626868963241577
0.596346914768219
0.5537277460098267
0.4995797872543335
0.5177579522132874
0.5674692988395691
0.5110035538673401
0.5765533447265625
0.49785304069519043
0.5274550318717957
0.5780057311058044
0.6815217137336731
0.5074946284294128
0.5426976084709167
0.4860532283782959
0.511664867401123
0.49714285135269165
0.45855721831321716
0.43353933095932007
0.5592114925384521
0.5031723380088806
0.5028103590011597
0.5296961665153503
0.66708904504776
0.6227176189422607
0.5673475861549377
0.5530776381492615
0.4875625669956207
0.4679597318172455
0.5235537886619568
0.50245201587677
0.4924619197845459
0.49730536341667175
0.4639219045639038
0.5004062652587891
0.4672726094722748
0.47846418619155884
0.48341089487075806
0.4755098819732666
0.4985789358615875
0.4478282928466797
0.5417514443397522
0.48217102885246277
0.46455374360084534
0.4952802360057831
0.4627976417541504
0.49248477816581726
0.47063377499580383
0.4503336250782013
0.5695837140083313
0.5109636783599854
0.45553892850875854
0.5074504613876343
0.46677732467651367
0.45158088207244873
0.4554431140422821
0.4041752219200134
0.41879209876060486
0.4398629367351532
0.4146399199962616
0.41955864429473877
1.3935468196868896
0.8813517689704895
0.7134945392608643
0.6011078953742981
0.7048202753067017
0.6050596833229065
0.549651563167572
0.4855230152606964
0.4835202097892761
0.4524213373661041
0.4885614216327667
0.4767422676086426
0.46458083391189575
0.6013602614402771
0.6288954615592957
0.585086464881897
0.5662006139755249
0.5567461252212524
0.4919535219669342
0.5229042768478394
0.47300729155540466
0.4577665328979492
0.4771966338157654
0.47945117950439453
0.43515047430992126
0.4450712502002716
0.5065456628799438
0.47466737031936646
0.4459248483181
0.4617345631122589
0.4851803481578827
0.45043492317199707
0.4449669122695923
0.4229922294616699
0.42131873965263367
0.4369068145751953
0.42358121275901794
0.4197588860988617
0.4907541573047638
0.43402987718582153
0.4898903965950012
0.468373566865921
0.5809920430183411
0.48560938239097595
0.5873249769210815
0.40471532940864563
0.4266332685947418
0.420614093542099
0.4333677589893341
0.40937596559524536
0.43738600611686707
0.595784068107605
0.5466863512992859
0.5770595669746399
0.5505179762840271
0.5040103793144226
0.46587881445884705
0.5283010005950928
0.48095789551734924
0.4632374346256256
0.43999388813972473
0.4926148056983948
0.462754487991333
0.4706670939922333
0.47118517756462097
0.46095508337020874
0.5391197800636292
0.6373609304428101
0.4898988604545593
0.48622164130210876
0.44701045751571655
0.4637317955493927
0.4458617568016052
0.42049074172973633
0.4109953045845032
0.43815669417381287
0.4536067545413971
0.44083645939826965
0.38872018456459045
0.37533822655677795
0.4282614588737488
0.4173838198184967
0.4548311233520508
0.40134793519973755
0.42878082394599915
0.40916571021080017
0.45102670788764954
0.3817002773284912
0.38531294465065
0.40334853529930115
0.41199153661727905
0.47485214471817017
0.45819804072380066
0.4028262794017792
0.3994623124599457
0.383910208940506
0.40689384937286377
0.44031304121017456
0.4228537976741791
0.393893837928772
0.3894294500350952
0.3821539580821991
0.5258917808532715
0.4800092279911041
0.4772692024707794
0.4361869692802429
0.45297959446907043
0.7172340750694275
0.5542264580726624
0.5226858258247375
0.45204848051071167
0.4737188518047333
0.45481595396995544
0.4306279420852661
0.44641634821891785
0.43909257650375366
0.48239293694496155
0.41357535123825073
0.41510942578315735
0.5543882250785828
0.4982926845550537
0.45866355299949646
0.399015873670578
0.4172109365463257
0.4175271987915039
0.3995482623577118
0.41622206568717957
0.38124749064445496
0.3903466761112213
0.40168625116348267
0.40189695358276367
0.40172284841537476
0.41034695506095886
0.4271749258041382
0.3963286578655243
0.38023924827575684
0.41489431262016296
0.3817104399204254
0.3617745339870453
0.6179494261741638
0.6048089265823364
0.5416288375854492
0.46360522508621216
0.5684641599655151
0.5045546293258667
0.4655025005340576
0.737351655960083
0.659904956817627
0.5282682776451111
0.5410892963409424
0.5218077898025513
0.497814804315567
0.5390210747718811
0.49759334325790405
0.505560576915741
0.44533511996269226
0.44401663541793823
0.40882864594459534
0.39808011054992676
0.4125438332557678
0.3841378390789032
0.3894268572330475
0.43354204297065735
0.420806348323822
0.4775172770023346
0.42672088742256165
0.41136065125465393
0.40052932500839233
0.44084471464157104
0.44753405451774597
0.44699034094810486
0.4413731098175049
0.40534308552742004
0.39421170949935913
0.3939858078956604
0.4070459306240082
0.41188862919807434
0.4725038409233093
0.43861570954322815
0.49246349930763245
0.4373307228088379
0.4147661030292511
0.4114229679107666
0.4004520773887634
0.4244421422481537
0.47465601563453674
0.4270966947078705
0.3766154944896698
0.3833698332309723
0.42904216051101685
0.4085022211074829
0.3774661123752594
0.35323911905288696
0.35825812816619873
0.3681148290634155
0.36997079849243164
0.38040295243263245
0.43364113569259644
0.3948002755641937
0.4308353364467621
0.4570640027523041
0.40254083275794983
0.37421107292175293
0.395611435174942
0.3780520558357239
0.38296398520469666
0.38075724244117737
0.38236579298973083
0.35829150676727295
0.3823238015174866
0.3396812379360199
0.39048105478286743
0.41835635900497437
0.35546377301216125
0.358951210975647
0.3876914978027344
0.37831470370292664
0.43377724289894104
0.3766099810600281
0.35907748341560364
0.3377342224121094
0.350117564201355
0.34647926688194275
0.35932087898254395
0.381972074508667
0.3674187660217285
0.3690261244773865
0.35766178369522095
0.36234843730926514
0.5204410552978516
0.5027775168418884
0.48850196599960327
0.4649769961833954
0.40660804510116577
0.41216564178466797
0.4101962149143219
0.4089321196079254
0.39393022656440735
0.39890798926353455
0.42906898260116577
0.41509827971458435
0.39967626333236694
0.40032920241355896
0.49307116866111755
0.40941521525382996
0.4046870768070221
0.41163042187690735
0.3955270051956177
0.3973206579685211
0.41481783986091614
0.36291781067848206
0.3867308795452118
0.3610829710960388
0.3676376938819885
0.38416004180908203
0.35541069507598877
0.3773208260536194
0.37004950642585754
0.378085732460022
0.5460342764854431
0.4684283435344696
0.41297104954719543
0.41713574528694153
0.4260838031768799
0.4196656048297882
0.4286591708660126
0.3984000086784363
0.3787471652030945
0.36858561635017395
0.36586663126945496
0.38599729537963867
0.34452295303344727
0.36813443899154663
0.41007450222969055
0.41228315234184265
0.4157274067401886
0.4048682451248169
0.3764813542366028
0.35195520520210266
0.3709135353565216
0.41127467155456543
0.40751129388809204
0.3828895390033722
0.3949109613895416
0.36937564611434937
0.3854900300502777
0.44824689626693726
0.4003198444843292
0.350139856338501
0.4079878032207489
0.3782978951931
0.356749027967453
0.3740712106227875
0.4803571403026581
0.49338671565055847
0.40291887521743774
0.4887038767337799
0.4058683514595032
0.44686177372932434
0.46110814809799194
0.44261857867240906
0.3901805579662323
0.4278879463672638
0.4130736291408539
0.39061829447746277
0.39336666464805603
0.4326467514038086
0.3888152837753296
0.3997935354709625
0.45498380064964294
0.37634509801864624
0.3625401258468628
0.36586228013038635
0.40557581186294556
0.3751751780509949
0.37662214040756226
0.3500266373157501
0.3570120632648468
0.36230915784835815
0.34926244616508484
0.40509945154190063
0.3761327862739563
0.36589938402175903
0.3666277527809143
0.3564702570438385
0.36635342240333557
0.3691914975643158
0.35288530588150024
0.3433570861816406
0.35350582003593445
0.34822314977645874
0.360859215259552
0.34791311621665955
0.3668650686740875
0.367607444524765
0.3602347671985626
0.35465550422668457
0.3524620532989502
0.35078224539756775
0.3369230031967163
0.3923686444759369
0.35214850306510925
0.3669460713863373
0.33879753947257996
0.3320075273513794
0.3405718505382538
0.38211894035339355
0.3863571882247925
0.32934460043907166
0.3260021507740021
0.3543359637260437
0.33531975746154785
0.3366151452064514
0.35417863726615906
0.34878280758857727
0.3295312225818634
0.34197404980659485
0.3426150381565094
0.3334173560142517
0.3657349646091461
0.3460996747016907
0.33358335494995117
0.37290021777153015
0.3426872491836548
0.32629361748695374
0.33098307251930237
0.350809246301651
0.34806138277053833
0.3325817883014679
0.3436497151851654
0.34906938672065735
0.3475014865398407
0.34684687852859497
0.31530675292015076
0.3223020136356354
0.34688013792037964
0.3443916440010071
0.33408641815185547
0.4685598611831665
0.48919814825057983
0.47461816668510437
0.37736356258392334
0.351835697889328
0.4014234244823456
0.3368951082229614
0.35945919156074524
0.35416632890701294
0.33644217252731323
0.35695531964302063
0.37558579444885254
0.3967333436012268
0.37049439549446106
0.3363552689552307
0.3459993004798889
0.33640116453170776
0.34150266647338867
0.3317198157310486
0.3084198832511902
0.3547705411911011
0.41781821846961975
0.42833849787712097
0.38273322582244873
0.3469577133655548
0.3375769257545471
0.3644062280654907
0.32569631934165955
0.33442163467407227
0.3247816860675812
0.32908815145492554
0.3392772376537323
0.32897520065307617
0.33848240971565247
0.3283669948577881
0.3420829772949219
0.33457449078559875
0.3628351092338562
0.4067703187465668
0.3818598687648773
0.3883495032787323
0.3966217637062073
0.37973499298095703
0.424133837223053
0.3936007618904114
0.38697710633277893
0.36660152673721313
0.47615185379981995
0.39091289043426514
0.3546522259712219
0.363577276468277
0.37474241852760315
0.35826724767684937
0.3702990710735321
0.3358027935028076
0.35766392946243286
0.3522774279117584
0.37392207980155945
0.33667489886283875
0.3575584590435028
0.34563004970550537
0.35885801911354065
0.4064912796020508
0.36443451046943665
0.3445712924003601
0.33569514751434326
0.3418049216270447
0.35108160972595215
0.33586275577545166
0.32969385385513306
0.34743115305900574
0.3542073965072632
0.34244510531425476
0.3201451897621155
0.3445456922054291
0.33923229575157166
0.3357437252998352
0.30985844135284424
0.3448536992073059
0.3223467469215393
0.3526470363140106
0.3161422908306122
0.33292871713638306
0.329791784286499
0.3254745602607727
0.3270952105522156
0.31933116912841797
0.32022687792778015
0.31843748688697815
0.3740074038505554
0.34117358922958374
0.334505558013916
0.3307179808616638
0.3120252788066864
0.336916446685791
0.31799066066741943
0.3403480648994446
0.3259425461292267
0.336093008518219
0.32697710394859314
0.328614205121994
0.30307602882385254
0.3145919144153595
0.3187926113605499
0.32522934675216675
0.3173849880695343
0.32027965784072876
0.32680994272232056
0.3648800253868103
0.33927100896835327
0.3522932827472687
0.3431597948074341
0.33883529901504517
0.3585679531097412
0.32790619134902954
0.3489309847354889
0.35355693101882935
0.3780418038368225
0.341900110244751
0.32407936453819275
0.32757964730262756
0.3645571768283844
0.3520049750804901
0.308461457490921
0.35379716753959656
0.3578909635543823
0.33849048614501953
0.33254778385162354
0.32227444648742676
0.33840709924697876
0.31553804874420166
0.31463852524757385
0.3236725330352783
0.3136864900588989
0.3154641389846802
0.31149983406066895
0.3219149708747864
0.315378338098526
0.3153130114078522
0.3225419521331787
0.3320810794830322
0.3051753342151642
0.3149144947528839
0.3278880715370178
0.31176242232322693
0.31278732419013977
0.3972492814064026
0.3296695649623871
0.33332502841949463
0.344355046749115
0.32369667291641235
0.3151501715183258
0.3036865293979645
0.3178359270095825
0.30186936259269714
0.31883490085601807
0.295523464679718
0.3105658292770386
0.3014308512210846
0.32145965099334717
0.32792773842811584
0.3196607530117035
0.3180202543735504
0.33389121294021606
0.32577407360076904
0.3111133873462677
0.31768327951431274
0.31102022528648376
0.32390493154525757
0.3197251856327057
0.3161620497703552
0.4265170395374298
0.38358908891677856
0.3512256145477295
0.32807716727256775
0.33090293407440186
0.32216641306877136
0.32258808612823486
0.3258604109287262
0.3215563893318176
0.34322619438171387
0.3161991536617279
0.31003302335739136
0.32214629650115967
0.3151947855949402
0.31722119450569153
0.32636746764183044
0.3136589825153351
0.31422168016433716
0.3141516447067261
0.2908773124217987
0.31905362010002136
0.3148632347583771
0.30738115310668945
0.303955614566803
0.3168966770172119
0.3273467421531677
0.33447974920272827
0.3250974118709564
0.30943170189857483
0.3233339190483093
0.34045249223709106
0.3234977424144745
0.3186908960342407
0.29830697178840637
0.3061102330684662
0.30594292283058167
0.32045039534568787
0.3084852695465088
0.3239114582538605
0.30822548270225525
0.30580776929855347
0.31199270486831665
0.31047362089157104
0.3383822739124298
0.3212965428829193
0.3115328848361969
0.2977195382118225
0.29503363370895386
0.2988893389701843
0.3190579116344452
0.31170228123664856
0.3172796666622162
0.31681397557258606
0.31893059611320496
0.3132498562335968
0.30584993958473206
0.3037105202674866
0.3064710795879364
0.298919141292572
0.3098205029964447
0.30610916018486023
0.3093622922897339
0.2992228865623474
0.2980858385562897
0.3113751709461212
0.3078480064868927
0.30133387446403503
0.31761986017227173
0.3097052276134491
0.29495927691459656
0.3169187605381012
0.301739901304245
0.29379650950431824
0.3126562535762787
0.3205767571926117
0.29661667346954346
0.29361724853515625
0.32021456956863403
0.303331583738327
0.3047506809234619
0.3034107983112335
0.35160189867019653
0.32297393679618835
0.3077964782714844
0.31967341899871826
0.30790844559669495
0.2924981117248535
0.30176016688346863
0.3083937466144562
0.32267215847969055
0.3076849579811096
0.3154403269290924
0.3109888434410095
0.29904240369796753
0.2902664840221405
0.31753286719322205
0.30013367533683777
0.31759509444236755
0.2987693250179291
0.29255858063697815
0.31226712465286255
0.3135972321033478
0.2999778687953949
0.30463796854019165
0.30927911400794983
0.2977485656738281
0.310018390417099
0.31037697196006775
0.2957789897918701
0.31575578451156616
0.2994551956653595
0.3133672773838043
0.30243852734565735
0.3084842264652252
0.3099249601364136
0.29525691270828247
0.29407984018325806
0.3076430559158325
0.3098180592060089
0.3105148375034332
0.2939252555370331
0.2878299057483673
0.30512338876724243
0.3024551570415497
0.28799405694007874
0.304166316986084
0.3038179278373718
0.30132660269737244
0.3042296767234802
0.3020276129245758
0.291338175535202
0.2938052713871002
0.3108745515346527
0.2877519428730011
0.3000364899635315
0.2955193519592285
0.3046812415122986
0.28448212146759033
0.3041175305843353
0.29844334721565247
0.28577470779418945
0.29228484630584717
0.3118380606174469
0.2986338436603546
0.3058456778526306
0.298422634601593
0.2968507707118988
0.30024266242980957
0.29483476281166077
0.29479584097862244
0.3037927746772766
0.2845389246940613
0.2808194160461426
0.2807224988937378
0.30001088976860046
0.3128233850002289
0.29752859473228455
0.2903061509132385
0.2979729473590851
0.2944023013114929
0.2984446585178375
0.2993552088737488
0.3027784526348114
0.28903642296791077
0.28414371609687805
0.29415687918663025
0.28133466839790344
0.3098171353340149
0.2953159213066101
0.2950586974620819
0.2972927987575531
0.3049841523170471
0.2987782955169678
0.29745686054229736
0.29268839955329895
0.288540244102478
0.300762414932251
0.2991175055503845
0.3071019947528839
0.3026602864265442
0.28925657272338867
0.298725426197052
0.27609190344810486
0.2945113480091095
0.3116852045059204
0.30969586968421936
0.30720818042755127
0.3133876621723175
0.2942619025707245
0.29831621050834656
0.30143484473228455
0.30090463161468506
0.29463401436805725
0.3001634180545807
0.29565998911857605
0.29563242197036743
0.30402252078056335
0.2945999205112457
0.2898712158203125
0.3006007671356201
0.2835874557495117
0.28861457109451294
0.2957395017147064
0.29214441776275635
0.28623732924461365
0.29818329215049744
0.29242628812789917
0.296039342880249
0.29921093583106995
0.2963747978210449
0.2842346131801605
0.29209280014038086
0.29371222853660583
0.2924661934375763
0.29950422048568726
0.3020051121711731
0.2952362596988678
0.290908545255661
0.3000378906726837
0.30071181058883667
0.29634931683540344
0.2938830852508545
0.28749457001686096
0.296795129776001
0.28717124462127686
0.28895023465156555
0.2849034368991852
0.28922295570373535
0.2919085621833801
0.29425284266471863
0.29841113090515137
0.282633900642395
0.3039667308330536
0.30669596791267395
0.3001881539821625
0.2951776087284088
0.29502469301223755
0.29600048065185547
0.29861968755722046
0.30560043454170227
0.2888376712799072
0.2996509373188019
0.2881699204444885
0.29338502883911133
0.2982970178127289
0.29437506198883057
0.2976366877555847
0.30097734928131104
0.3068017363548279
0.29544514417648315
0.29415881633758545
0.294889897108078
0.3076026141643524
0.28848445415496826
0.29596206545829773
0.28912612795829773
0.28782451152801514
0.3060029149055481
0.28634676337242126
0.28793472051620483
0.29833418130874634
0.29576045274734497
0.3049306869506836
0.28538310527801514
0.28390753269195557
0.2850685715675354
0.29546022415161133
0.29697099328041077
0.30526822805404663
0.287411093711853
0.28908172249794006
0.29262620210647583
0.2914728820323944
0.29875314235687256
0.27888384461402893
0.29087698459625244
0.30649334192276
0.28711429238319397
0.28964996337890625
0.2908647060394287
0.29145434498786926
0.28988465666770935
0.29452869296073914
0.3005790114402771
0.29003405570983887
0.30386975407600403
0.2845534086227417
0.29641222953796387
0.2841958999633789
0.2940046489238739
0.30113083124160767
0.28984305262565613
0.2988775074481964
0.27637773752212524
0.2871045768260956
0.29725366830825806
0.2950161099433899
0.2984538674354553
0.30155786871910095
0.2933955788612366
0.2931722104549408
