10.702210426330566
2.367687940597534
1.2607793807983398
0.9662325382232666
0.8061971068382263
0.7652547955513
0.6961773633956909
0.7733957171440125
0.9961028099060059
1.0448845624923706
0.727168619632721
0.685332179069519
0.6774661540985107
0.6497339010238647
0.6169418692588806
0.5867917537689209
0.6608691215515137
0.624127984046936
0.5513715147972107
0.6918878555297852
0.6016852855682373
0.5440250039100647
0.5440434813499451
0.5509046912193298
0.5605340600013733
0.5109891891479492
0.5894917249679565
0.5177974700927734
0.5781946182250977
0.6739976406097412
0.5539121031761169
0.49678775668144226
0.46539026498794556
0.4828629493713379
0.4683481454849243
0.4981476068496704
0.4775192439556122
0.5451419353485107
0.944620668888092
0.8012703657150269
0.5968375205993652
0.48461034893989563
0.4918576180934906
0.5096628665924072
0.45746392011642456
1.0634597539901733
0.6013712286949158
0.5544779896736145
0.538360595703125
0.49359971284866333
0.442768931388855
0.5692917108535767
0.4212724566459656
0.41536247730255127
0.3985566794872284
0.4004882574081421
0.46188610792160034
0.4171028435230255
0.4095417559146881
0.42262449860572815
0.4183576703071594
0.38741549849510193
0.45238083600997925
0.41240382194519043
0.410239577293396
0.4121064245700836
0.5454303622245789
0.4659274220466614
0.5757718682289124
0.6779497861862183
0.4461137652397156
0.4152892529964447
0.4441725015640259
0.46967944502830505
0.4627342224121094
0.7286539673805237
0.608305811882019
0.4562951326370239
0.41016054153442383
0.5891400575637817
0.546873927116394
0.4594510793685913
0.37347087264060974
0.5514214038848877
0.5370388031005859
0.40408653020858765
0.4230573773384094
0.4275382459163666
0.5240898728370667
0.6986884474754333
0.6154129505157471
0.4388076961040497
0.6455370783805847
0.4394415616989136
0.37778469920158386
0.36926978826522827
0.37155550718307495
0.7716824412345886
0.7579429149627686
1.3563472032546997
0.673973560333252
0.5529683232307434
0.7210596799850464
0.688943088054657
0.5629332661628723
0.37600216269493103
0.4007070064544678
0.40270596742630005
0.41687309741973877
0.399448961019516
0.3775893449783325
0.3915812373161316
0.3879811763763428
0.4173118472099304
0.4291553795337677
0.3982187807559967
0.370036780834198
0.39762556552886963
0.44166702032089233
0.44282761216163635
0.45418351888656616
0.5553719401359558
0.38703498244285583
0.37307286262512207
0.6098065972328186
0.449692964553833
0.40527382493019104
0.4260752201080322
0.6210892200469971
0.6811305284500122
0.8176925778388977
0.47197598218917847
0.7383664846420288
0.7632898688316345
0.44010767340660095
0.4019295275211334
0.3830295503139496
0.39541974663734436
0.43822619318962097
0.411761611700058
0.4863567352294922
0.42916080355644226
0.7936587333679199
2.144541025161743
1.1979936361312866
0.7329849004745483
0.6542909741401672
0.5483540296554565
0.435178279876709
0.47795310616493225
0.4553733766078949
0.4247879981994629
1.0466949939727783
0.6671460866928101
0.37131139636039734
0.40264084935188293
0.39225316047668457
0.3883248567581177
0.7015400528907776
0.5332816243171692
0.44195714592933655
0.4394114911556244
0.5501031875610352
0.40096476674079895
0.3946593105792999
0.699365496635437
0.5287331342697144
0.4050907492637634
0.39181169867515564
0.41630083322525024
0.3868488669395447
0.3791714310646057
0.38763627409935
0.39607518911361694
0.4167146682739258
0.4121164083480835
0.4599864184856415
0.5104687809944153
0.4925597608089447
0.5367380380630493
0.43388572335243225
0.40215370059013367
0.39139100909233093
0.3848706781864166
0.38614654541015625
0.42102140188217163
0.439511775970459
0.3910161554813385
0.3660133481025696
0.36170703172683716
0.3814908266067505
0.4540623426437378
0.39137962460517883
0.3676857054233551
0.3777487576007843
0.6053011417388916
0.9499627947807312
0.6684063673019409
0.5157591700553894
0.4604354202747345
0.514763355255127
0.5042638778686523
0.5071586966514587
0.503311038017273
0.5055972337722778
0.363204687833786
0.3651595413684845
0.4047413766384125
0.3995836675167084
0.43910694122314453
0.3871966600418091
0.3730532228946686
0.36917197704315186
0.3903646171092987
0.8867701888084412
0.5032719373703003
0.3850333094596863
0.3665286898612976
0.3971253037452698
0.3939604163169861
0.3737265169620514
0.3708327114582062
1.4397315979003906
0.9459081888198853
1.1325671672821045
0.5565332174301147
0.45934581756591797
0.3874949812889099
0.4160701334476471
0.43226054310798645
0.3811154365539551
0.3913361132144928
0.39584726095199585
0.3818643391132355
0.4256671667098999
0.4557848274707794
0.37388986349105835
0.37288951873779297
0.8119159936904907
0.5911771655082703
0.47434917092323303
0.42806050181388855
0.43337270617485046
0.48463937640190125
0.4904805123806
0.7671787142753601
0.5150260925292969
0.7217365503311157
0.569425106048584
0.38199278712272644
0.9696210622787476
0.6885058283805847
0.3844006061553955
0.4207930564880371
0.3667573034763336
0.4504767656326294
0.37106260657310486
0.38589122891426086
0.4065929055213928
0.367007315158844
0.3816557228565216
0.42855027318000793
0.3799913227558136
0.6493489146232605
0.3748161196708679
0.42802923917770386
0.419702410697937
0.3768908381462097
0.4449574649333954
0.40103772282600403
0.40806257724761963
0.39113709330558777
0.37549546360969543
0.3804130554199219
0.4517096281051636
0.4072936475276947
0.4250250458717346
0.3666110336780548
0.6100115776062012
0.40604135394096375
0.35817641019821167
0.4564599394798279
0.644957423210144
0.6139228940010071
0.6294105648994446
0.5907760262489319
0.428501695394516
0.36644938588142395
0.36992332339286804
0.38816070556640625
0.35607704520225525
0.37818536162376404
0.4632890522480011
0.8782307505607605
0.5943038463592529
0.5323010683059692
0.4716675281524658
0.36020562052726746
0.39456722140312195
0.4551984369754791
0.4209919273853302
0.40572643280029297
0.3687373697757721
0.3610874116420746
0.4254278242588043
0.5710849761962891
0.44519832730293274
0.4042486250400543
0.3531513214111328
0.38507288694381714
0.3587026596069336
0.3889913260936737
0.37028589844703674
0.4029766917228699
0.38930368423461914
0.3724975883960724
0.45223376154899597
0.7579934000968933
0.7032400965690613
0.5631846785545349
0.43242159485816956
0.3577691316604614
0.3888111710548401
0.360760897397995
0.37147974967956543
0.45559078454971313
0.370467871427536
0.37024417519569397
0.42739251255989075
0.3930026590824127
0.38431382179260254
0.35720542073249817
0.4626264274120331
0.4033152163028717
0.3620682656764984
0.3880428969860077
0.34586623311042786
0.3509029448032379
0.3468504548072815
0.35383129119873047
0.36357611417770386
0.4089027941226959
0.35355374217033386
0.349199503660202
0.3502079248428345
0.356783002614975
0.35545414686203003
0.351600706577301
0.37680143117904663
0.3533135652542114
0.3545295298099518
0.3536919057369232
0.3461650609970093
0.3621070086956024
0.3476746082305908
0.3579765260219574
0.37666741013526917
0.3496742248535156
0.48206549882888794
0.6511975526809692
0.3997742831707001
0.36828505992889404
0.4623139202594757
0.39214712381362915
0.41662055253982544
0.4157075583934784
0.3540874123573303
0.3515018820762634
0.34475982189178467
0.34591779112815857
0.34338927268981934
0.528518795967102
0.41913726925849915
0.4406219720840454
0.35199058055877686
0.39074888825416565
0.357883095741272
0.3905686140060425
0.3666771650314331
0.3481101989746094
0.35128578543663025
0.3588797450065613
0.3717119097709656
0.41175732016563416
0.43232160806655884
0.40692538022994995
0.3672904074192047
0.4163520932197571
0.40870314836502075
0.34994572401046753
0.46296054124832153
0.4348170757293701
0.35455259680747986
0.3509465157985687
0.3515712320804596
0.6523284912109375
0.5801746249198914
0.45468857884407043
0.3933406472206116
0.4354180097579956
0.354809045791626
0.36853447556495667
0.35486626625061035
0.33809545636177063
0.36438825726509094
0.3406769633293152
0.3785002827644348
0.37165844440460205
0.36850929260253906
0.37107670307159424
0.4131738841533661
0.3603326082229614
0.4916667938232422
0.45400434732437134
0.38620972633361816
0.5297889113426208
0.40325114130973816
0.42984896898269653
0.41530463099479675
0.35946959257125854
0.3597686290740967
0.34441500902175903
0.34225404262542725
0.3866702914237976
0.34769299626350403
0.3674936592578888
0.41790884733200073
0.41723713278770447
0.34647464752197266
0.34775227308273315
0.36294057965278625
0.38697415590286255
0.3696505129337311
0.34716829657554626
0.3552592098712921
0.3377228379249573
0.3359348475933075
0.3437289297580719
0.3447495400905609
0.34497353434562683
0.36120787262916565
0.34566739201545715
0.3354319930076599
0.3424619436264038
0.3446061313152313
0.39444682002067566
0.342251181602478
0.3676542639732361
0.347427099943161
0.3515322506427765
0.3704545795917511
0.621330976486206
0.3614760935306549
0.34125301241874695
0.36928704380989075
0.40022748708724976
0.34068089723587036
0.38293251395225525
0.5342006683349609
0.6903439164161682
0.5480605959892273
0.37844353914260864
0.3754582703113556
0.38462188839912415
0.36672109365463257
0.3949010670185089
0.3441273272037506
0.3392108082771301
0.3371445834636688
0.34720513224601746
0.3543214201927185
0.33637678623199463
0.3432333767414093
0.3751203715801239
0.3374212682247162
0.333784818649292
0.37503185868263245
0.40392938256263733
0.37695834040641785
0.3666093349456787
0.37052667140960693
0.42938897013664246
0.399739146232605
0.35038915276527405
0.3482584059238434
0.3326975107192993
0.33532944321632385
0.33358287811279297
0.349263072013855
0.356113076210022
0.4575546085834503
0.3569817543029785
0.36304551362991333
0.3378303349018097
0.3399057984352112
0.33725854754447937
0.3392883837223053
0.33367690443992615
0.335906058549881
0.3380594551563263
0.3392754793167114
0.3413276672363281
0.4611930847167969
0.3589281737804413
0.34899893403053284
0.3585297763347626
0.35180696845054626
0.3390166759490967
0.3382635712623596
0.3333234488964081
0.3413269519805908
0.39244431257247925
0.35689327120780945
0.35985615849494934
0.35665208101272583
0.3331863582134247
0.3382992148399353
0.3361489772796631
0.3533473610877991
0.42368486523628235
0.41154158115386963
0.4099684953689575
0.3343845307826996
0.35961759090423584
0.3368818461894989
0.3371754288673401
0.34310635924339294
0.3382725119590759
0.3352823257446289
0.42369502782821655
0.3695722818374634
0.33154723048210144
0.4001922011375427
0.3825668692588806
0.3544813096523285
0.4210757315158844
0.48345836997032166
0.3884657323360443
0.3656229078769684
0.3315831124782562
0.33454233407974243
0.352072536945343
0.3522217273712158
0.34798309206962585
0.3390873670578003
0.3298220634460449
0.33377084136009216
0.35554245114326477
0.35129162669181824
0.3331162929534912
0.3344297707080841
0.3365231454372406
0.33687037229537964
0.3326634466648102
0.3913745880126953
0.4400117099285126
0.36627116799354553
0.33212757110595703
0.33621668815612793
0.3434455394744873
0.33831414580345154
0.32784032821655273
0.33023959398269653
0.33034971356391907
0.4209098517894745
0.4273225665092468
0.3406318128108978
0.32582369446754456
0.3378758430480957
0.3290995955467224
0.3279447555541992
0.3347708582878113
0.33469948172569275
0.3298308849334717
0.32835501432418823
0.3412110209465027
0.33461612462997437
0.330319881439209
0.3280215263366699
0.3439633548259735
0.34576815366744995
0.33737465739250183
0.3745386600494385
0.41336220502853394
0.35522472858428955
0.3626752197742462
0.35028234124183655
0.3318621814250946
0.32790330052375793
0.3279021680355072
0.36628106236457825
0.32802820205688477
0.3284359872341156
0.35261258482933044
0.33943116664886475
0.3430851995944977
0.34813985228538513
0.41894420981407166
0.3477817177772522
0.33885353803634644
0.34081190824508667
0.32841598987579346
0.3296637237071991
0.3288075923919678
0.3378354012966156
0.32975661754608154
0.33891060948371887
0.3362327814102173
0.34532520174980164
0.33310776948928833
0.3265182375907898
0.3323439359664917
0.3824661374092102
0.3866299092769623
0.33361881971359253
0.32863107323646545
0.3267771601676941
0.3310219645500183
0.33122536540031433
0.3278338313102722
0.32498812675476074
0.32626548409461975
0.3349462151527405
0.33036425709724426
0.3316701054573059
0.32975059747695923
0.3391112685203552
0.3689151406288147
0.34332799911499023
0.336103230714798
0.3772937059402466
0.3499186635017395
0.3481074869632721
0.5080941915512085
0.3410404324531555
0.338143914937973
0.3259686827659607
0.3264889717102051
0.3261643648147583
0.32832223176956177
0.3251948058605194
0.3280892074108124
0.325552761554718
0.3311437964439392
0.33006662130355835
0.3480156362056732
0.33984002470970154
0.3274744153022766
0.32475998997688293
0.32511457800865173
0.3234505355358124
0.3277580142021179
0.3253917992115021
0.33744120597839355
0.322590708732605
0.32799407839775085
0.3259003162384033
0.32370197772979736
0.3254876434803009
0.32522767782211304
0.32901862263679504
0.383321613073349
0.32449719309806824
0.32483917474746704
0.33527639508247375
0.3275498151779175
0.3232271075248718
0.3263360857963562
0.32744288444519043
0.32349976897239685
0.32240548729896545
0.32903745770454407
0.3557421565055847
0.34129223227500916
0.32342901825904846
0.32700151205062866
0.32186174392700195
0.3239804804325104
0.32218223810195923
0.32464170455932617
0.3244786560535431
0.377225399017334
0.32823479175567627
0.3309294283390045
0.3306353688240051
0.33921536803245544
0.32264572381973267
0.3326805830001831
0.32462143898010254
0.32297807931900024
0.32479241490364075
0.32296356558799744
0.322592556476593
0.32194089889526367
0.32549425959587097
0.3214952349662781
0.34911683201789856
0.35234305262565613
0.32663068175315857
0.3277183175086975
0.32620325684547424
0.3231040835380554
0.33487749099731445
0.41411545872688293
0.32869479060173035
0.3600124716758728
0.36667269468307495
0.3378636837005615
0.32444706559181213
0.3239825367927551
0.32181787490844727
0.3549303114414215
0.3220910429954529
0.3232286274433136
0.34150534868240356
0.3210428059101105
0.3255181908607483
0.3218163847923279
0.3223233222961426
0.33772602677345276
0.3228823244571686
0.34617045521736145
0.3293231427669525
0.3263769745826721
0.35416045784950256
0.3240494430065155
0.32696324586868286
0.34580159187316895
0.32359710335731506
0.3435303270816803
0.3215012848377228
0.3253713846206665
0.32303324341773987
0.3526462912559509
0.33006346225738525
0.32512450218200684
0.3255564570426941
0.34830719232559204
0.3599972724914551
0.3491745591163635
0.3280235826969147
0.32283833622932434
0.32033246755599976
0.3226860761642456
0.32328709959983826
0.34065043926239014
0.32581827044487
0.32941940426826477
0.3213117718696594
0.3467308282852173
0.3183915913105011
0.3255470395088196
0.32862389087677
0.3240083158016205
0.34086906909942627
0.32044127583503723
0.3251453638076782
0.32056865096092224
0.3216705918312073
0.32167497277259827
0.32073402404785156
0.32080695033073425
0.3207992911338806
0.32090386748313904
0.323344349861145
0.32351234555244446
0.3220137357711792
0.3213531970977783
0.32080602645874023
0.32291102409362793
0.32078254222869873
0.3200562000274658
0.31984496116638184
0.3198528289794922
0.3206510841846466
0.320241779088974
0.32686612010002136
0.3208022713661194
0.3193625807762146
0.321880578994751
0.32200998067855835
0.3211749196052551
0.32138118147850037
0.32104042172431946
0.3202482759952545
0.3196738660335541
0.31972238421440125
0.3206527829170227
0.32143980264663696
0.3250434100627899
0.32717806100845337
0.3188317120075226
0.32013189792633057
0.3196125328540802
0.32175320386886597
0.31996315717697144
0.32077449560165405
0.32199186086654663
0.3210168480873108
0.32923099398612976
0.3335207402706146
0.32730695605278015
0.3428637683391571
0.3560643196105957
0.31900957226753235
0.3236426115036011
0.32480356097221375
0.3212420642375946
0.3199256360530853
0.31965404748916626
0.32004624605178833
0.31960201263427734
0.3266892731189728
0.33790677785873413
0.3222557306289673
0.32121387124061584
0.32066360116004944
0.32236650586128235
0.31959980726242065
0.3195924460887909
0.3215866684913635
0.320293664932251
0.32095804810523987
0.32010823488235474
0.3230131268501282
0.32458677887916565
0.32560718059539795
0.32020995020866394
0.3195760250091553
0.32263466715812683
0.32016634941101074
0.3354661762714386
0.32502758502960205
0.32159048318862915
0.3268146812915802
0.321384072303772
0.3199363350868225
0.32072511315345764
0.3300186097621918
0.32921016216278076
0.33505719900131226
0.31944769620895386
0.3195209205150604
0.3233650326728821
0.31961125135421753
0.3199482262134552
0.3198571503162384
0.3223050534725189
0.3197888433933258
0.3192557394504547
0.3192519545555115
0.31919071078300476
0.3190498650074005
0.3199833333492279
0.3218541741371155
0.3187268078327179
0.32174253463745117
0.3206232786178589
0.320221483707428
0.3289790451526642
0.3228689134120941
0.3241981863975525
