110.31105041503906
63.13637924194336
44.34258270263672
30.295602798461914
26.871063232421875
20.05610466003418
22.03670310974121
19.05250358581543
16.803590774536133
12.769068717956543
11.996047973632812
11.506277084350586
10.195345878601074
10.750130653381348
10.585355758666992
11.375082969665527
9.733835220336914
7.237279415130615
8.604450225830078
7.214192867279053
6.943410873413086
6.366719722747803
5.670747756958008
6.211832523345947
6.014347076416016
5.31574010848999
5.057995796203613
5.842868328094482
4.641135215759277
4.638917446136475
4.224044322967529
4.5551018714904785
4.310706615447998
4.827463150024414
4.063499927520752
3.6794240474700928
3.8212320804595947
3.738448143005371
3.213221788406372
2.7223873138427734
2.751295566558838
2.8181259632110596
2.695739269256592
2.2944934368133545
2.508873462677002
2.2919058799743652
2.655778408050537
2.103773593902588
2.2366018295288086
1.9907041788101196
2.0441062450408936
2.2203242778778076
2.103461742401123
2.011608839035034
1.7579840421676636
1.9196014404296875
1.8840301036834717
1.797951579093933
1.4645421504974365
1.5433374643325806
1.9108301401138306
1.6068156957626343
1.555704951286316
1.5957852602005005
1.5044243335723877
1.4798942804336548
1.3890749216079712
1.4831852912902832
1.5988996028900146
1.3089653253555298
1.3264225721359253
1.508417010307312
1.371160626411438
1.4241284132003784
1.266026258468628
1.2226433753967285
1.4870612621307373
1.5033490657806396
1.173763394355774
1.2431503534317017
1.1788736581802368
1.184624433517456
1.285993218421936
1.3305962085723877
1.1345741748809814
1.2473156452178955
1.0635998249053955
1.1118305921554565
1.0596901178359985
1.1871018409729004
1.0436381101608276
1.0831527709960938
1.0389106273651123
1.1528791189193726
0.9730672240257263
1.0849272012710571
0.9852756857872009
1.1218440532684326
1.0190380811691284
0.9611073732376099
0.9046557545661926
0.9759133458137512
0.9316961169242859
0.9574964046478271
0.893155574798584
0.8642572164535522
0.9057484865188599
0.848714292049408
0.8890155553817749
0.9037035703659058
0.9312533140182495
0.9053192734718323
0.9194921851158142
0.8723751902580261
0.8591556549072266
0.9159635305404663
0.8918030858039856
0.8598334193229675
0.8531785011291504
0.862284243106842
0.8564250469207764
0.8074412941932678
0.81882643699646
0.8443475365638733
0.8124998807907104
0.8178022503852844
0.8604012131690979
0.8056383728981018
0.8638023138046265
0.8725486993789673
0.8596280813217163
0.8462540507316589
0.7930471897125244
0.7813764214515686
0.7831003069877625
0.7876462340354919
0.7967547178268433
0.7635993361473083
0.8047246932983398
0.8106103539466858
0.8108699917793274
0.7800735235214233
0.780695378780365
0.7473928928375244
0.83151775598526
0.7675256133079529
0.7765560150146484
0.7545694708824158
0.8046924471855164
0.7960562705993652
0.7457694411277771
0.7583229541778564
0.7402157187461853
0.7715258598327637
0.7576088309288025
0.7640186548233032
0.7499277591705322
0.7586413621902466
0.7930529117584229
0.7666814923286438
0.7835389375686646
0.8073377013206482
0.8006930947303772
0.7102517485618591
0.7502827048301697
0.742961585521698
0.7402710914611816
0.7503913044929504
0.7517728209495544
0.7178476452827454
0.7193907499313354
0.7241524457931519
0.7186788320541382
0.7090256214141846
0.7259486317634583
0.7438454031944275
0.7072128057479858
0.7188054919242859
0.7143157720565796
0.7491737604141235
0.7313888072967529
0.7294546365737915
0.727706253528595
0.6915091872215271
0.7254595160484314
0.717658519744873
0.7017945051193237
0.7050509452819824
0.7054691314697266
0.6943334937095642
0.7124091386795044
0.7007633447647095
0.7105025053024292
0.7166640758514404
0.730209469795227
0.7163035869598389
0.7252383232116699
0.6900361776351929
0.7064579725265503
0.7055126428604126
0.6878749132156372
0.7141774892807007
0.7059082388877869
0.6832510828971863
0.7400473356246948
0.6915207505226135
0.6902022361755371
0.6925724148750305
0.6858811378479004
0.7076101303100586
0.6854432821273804
0.6943658590316772
0.6984757781028748
0.669306755065918
0.6664702892303467
0.6665721535682678
0.71488356590271
0.6828104853630066
0.6983540654182434
0.6852856278419495
0.691817581653595
0.6824446320533752
0.6820477843284607
0.6802124977111816
0.6679115891456604
0.675384521484375
0.6573423147201538
0.6720843315124512
0.6610500812530518
0.6848943829536438
0.6540713906288147
0.6724618673324585
0.6793185472488403
0.6463868618011475
0.6498515009880066
0.645820140838623
0.6707051396369934
0.6586856842041016
0.6840351819992065
0.6581457257270813
0.6630680561065674
0.6515111327171326
0.6184702515602112
0.6141775250434875
0.6306495070457458
0.659972071647644
0.6271816492080688
0.6340363621711731
0.6210536360740662
0.6047033071517944
0.6068364381790161
0.6281389594078064
0.6246408820152283
0.6286154985427856
0.6069587469100952
0.6179093718528748
0.5865700244903564
0.5993308424949646
0.6036813259124756
0.6130107641220093
0.5816614627838135
0.5987740159034729
0.5742835402488708
0.5985357761383057
0.5822681784629822
0.5878837704658508
0.6050379276275635
0.5901724100112915
0.5528548955917358
0.5803911685943604
0.5529952645301819
0.5966014266014099
0.5766827464103699
0.5933318138122559
0.6403964757919312
0.6189278364181519
0.605624258518219
0.5767965316772461
0.6209607124328613
0.5915215015411377
0.5683153867721558
0.5689759850502014
0.559196412563324
0.5563036203384399
0.6059409379959106
0.6274240016937256
0.6033911108970642
0.5557982325553894
0.5619734525680542
0.5482354164123535
0.5628533363342285
0.54473876953125
0.8654783964157104
0.6880475282669067
0.6293067932128906
0.6219532489776611
0.6388455629348755
0.6110802888870239
0.6297688484191895
0.6112968325614929
0.6287199258804321
0.6198235750198364
0.5775041580200195
0.5741198062896729
0.5918660163879395
0.5672974586486816
0.5560449361801147
0.5611751675605774
0.5596269965171814
0.5488508343696594
0.5455856323242188
0.5816381573677063
0.5706044435501099
0.5746958255767822
0.5718786120414734
0.5545359253883362
0.546135663986206
0.5196191072463989
0.5560543537139893
0.645831286907196
0.6149469614028931
0.5351263284683228
0.5597032904624939
0.5266243815422058
0.5447496771812439
0.5204412341117859
0.5082739591598511
0.5174866318702698
0.49384719133377075
0.5143128037452698
0.5218666791915894
0.5083141326904297
0.5069942474365234
0.49408039450645447
0.4519379436969757
0.49967557191848755
0.5420371294021606
0.5516907572746277
0.5137975811958313
0.5157018303871155
0.4901416003704071
0.5027226209640503
0.48896247148513794
0.4901743233203888
0.5921984314918518
0.5464673638343811
0.5525423884391785
0.5387760400772095
0.5314962267875671
0.5013290643692017
0.504501223564148
0.5398720502853394
0.46064820885658264
0.4877321720123291
0.4675479233264923
0.5069074034690857
0.5042979121208191
0.46614640951156616
0.5140367746353149
0.4899587333202362
0.49500927329063416
0.45503777265548706
0.4883154630661011
0.47477802634239197
0.47327616810798645
0.48167356848716736
0.5608667731285095
0.48971229791641235
0.4662172794342041
0.497128963470459
0.4682121276855469
0.4652711749076843
0.6486146450042725
0.5554355978965759
0.5630411505699158
0.5336580872535706
0.5550491809844971
0.5332279205322266
0.4993828535079956
0.5252225399017334
0.5902981758117676
0.491536408662796
0.49837368726730347
0.48358067870140076
0.4958323538303375
0.4789600670337677
0.4832497537136078
0.46129554510116577
0.45185387134552
0.4389392137527466
0.4410700798034668
0.4194785952568054
0.4407057762145996
0.4442216157913208
0.46569281816482544
0.4383981227874756
0.4741014540195465
0.4539240300655365
0.4668230712413788
0.5468434691429138
0.5105114579200745
0.5043753981590271
0.43180733919143677
0.4565763771533966
0.44197627902030945
0.44083431363105774
0.45124635100364685
0.4761884808540344
0.4833631217479706
0.4421228766441345
0.5072423815727234
0.5229734778404236
0.4885947108268738
0.5534323453903198
0.5333164930343628
0.5477043390274048
0.5060802698135376
0.46118149161338806
0.45338577032089233
0.4718221127986908
0.4675447940826416
0.4765724241733551
0.47191286087036133
0.5250096917152405
0.5040526986122131
0.46820229291915894
0.47559550404548645
0.4572056233882904
0.4499795138835907
0.46755844354629517
0.45318812131881714
0.49314752221107483
0.469002366065979
0.44751474261283875
0.464027464389801
0.4667929410934448
0.4434250593185425
0.4239165484905243
0.437809556722641
0.4254157543182373
0.5607650876045227
0.486429363489151
0.45316824316978455
0.46388110518455505
0.4396616220474243
0.44884151220321655
0.4285736083984375
0.423237681388855
0.470432847738266
0.44217151403427124
0.4464184641838074
0.44924911856651306
0.4213457405567169
0.47937291860580444
0.5433667898178101
0.5676982998847961
0.5514144897460938
0.5326563715934753
0.5008406639099121
0.4847296178340912
0.4564051032066345
0.45537370443344116
0.4380708634853363
0.41745075583457947
0.41379326581954956
0.460086852312088
0.45681506395339966
0.4624482989311218
0.4518142640590668
0.4405452013015747
0.41896921396255493
0.4094589948654175
0.42206650972366333
0.41142886877059937
0.4201585054397583
0.40504908561706543
0.4218083918094635
0.4350276589393616
0.40761202573776245
0.42420992255210876
0.4113527238368988
0.404784619808197
0.41750195622444153
0.42166203260421753
0.4057310223579407
0.40485474467277527
0.3884281516075134
0.42914682626724243
0.3982991874217987
0.40953072905540466
0.4240211248397827
0.41419854760169983
0.42289456725120544
0.41838711500167847
0.3928438127040863
0.41291704773902893
0.4054598808288574
0.3981897830963135
0.41248080134391785
0.45257502794265747
0.40009793639183044
0.40808960795402527
0.39441463351249695
0.410009503364563
0.4147542715072632
0.39379218220710754
0.397286981344223
0.3892853260040283
0.407559871673584
0.3961372375488281
0.4261511266231537
0.3889612555503845
0.40778401494026184
0.40690740942955017
0.4035470485687256
0.41026872396469116
0.4107956886291504
0.41548702120780945
0.4005258083343506
0.39531829953193665
0.38748663663864136
0.39303287863731384
0.3972371518611908
0.42900803685188293
0.379116415977478
0.41903990507125854
0.3898324966430664
0.40936070680618286
0.4125923812389374
0.40995335578918457
0.40403518080711365
0.40180832147598267
0.4134339392185211
0.3752313554286957
0.425258070230484
0.4329487085342407
0.4151453971862793
0.4150364398956299
0.43042781949043274
0.4405694007873535
0.44842857122421265
0.45345255732536316
0.4614008665084839
0.4297218322753906
0.5629332065582275
0.5815125703811646
0.5596631169319153
0.5089814066886902
0.49944788217544556
0.4810369908809662
0.4745790958404541
0.45668405294418335
0.4676704704761505
0.45292264223098755
0.47099608182907104
0.433498740196228
0.4602697193622589
0.46176260709762573
0.4493151605129242
0.4514295160770416
0.44695550203323364
0.43493932485580444
0.4169546365737915
0.4216335713863373
0.44265300035476685
0.43364521861076355
0.41589027643203735
0.4656834006309509
0.42401716113090515
0.42528024315834045
0.4316716194152832
0.4112827479839325
0.4096848964691162
0.4809953570365906
0.4348611831665039
0.4595681428909302
0.42947402596473694
0.42004483938217163
0.4155570864677429
0.439098596572876
0.4083292484283447
0.41301292181015015
0.41239362955093384
0.38710513710975647
0.3792290985584259
0.4164097309112549
0.39857757091522217
0.40993544459342957
0.38424429297447205
0.4011410176753998
0.42225489020347595
0.44468337297439575
0.41885533928871155
0.3817898631095886
0.3938305377960205
0.3920927345752716
0.39761924743652344
0.36577531695365906
0.4031597971916199
0.3975938558578491
0.4915376901626587
0.45507898926734924
0.47860196232795715
0.4683040678501129
0.4675512909889221
0.4609086811542511
0.4578193426132202
0.471905380487442
0.4795164167881012
0.4988407492637634
0.4657139778137207
0.46964868903160095
0.44847050309181213
0.4481397867202759
0.4140045642852783
0.4399334192276001
0.42636561393737793
0.44014880061149597
0.4287627637386322
0.4500657320022583
0.41819897294044495
0.4246368408203125
0.41075822710990906
0.4214284420013428
0.43282827734947205
0.3883860409259796
0.3854679465293884
0.39766982197761536
0.43367186188697815
0.42617183923721313
0.3968695402145386
0.406820148229599
0.3982684314250946
0.4027726948261261
0.41228488087654114
0.3968619406223297
0.39104780554771423
0.39083823561668396
0.3996356129646301
0.3895791172981262
0.40315765142440796
0.3975605070590973
0.3875401020050049
0.40554776787757874
0.3912179470062256
0.41602659225463867
0.40626540780067444
0.3857777416706085
0.3885992765426636
0.39147335290908813
0.3943885862827301
0.38738182187080383
0.4079152047634125
0.40143531560897827
0.395832896232605
0.40236061811447144
0.40012475848197937
0.382179319858551
0.3854862451553345
0.36864665150642395
0.40001538395881653
0.3939870595932007
0.4161665141582489
0.3974343240261078
0.3878900110721588
0.3986569344997406
0.38116317987442017
0.39175453782081604
0.39388442039489746
0.3975070118904114
0.3650766611099243
0.3668860197067261
0.4091624915599823
0.4036521911621094
0.39061492681503296
0.39899343252182007
0.3891238868236542
0.3728456199169159
0.40538638830184937
0.37703627347946167
0.3886645436286926
0.383919358253479
0.41258007287979126
0.3957134187221527
0.4003989100456238
0.3980381190776825
0.3710314929485321
0.4119073152542114
0.37618017196655273
0.3811061680316925
0.39605048298835754
0.3983077108860016
0.4062534272670746
0.3866803050041199
0.38702112436294556
0.38945651054382324
0.385770320892334
0.5102846622467041
0.44599461555480957
0.4475663900375366
0.43615832924842834
0.4288206994533539
0.461997926235199
0.4584471881389618
0.5015609860420227
0.4607023000717163
0.4561840891838074
0.42964789271354675
0.4543772041797638
0.43321341276168823
0.4167903661727905
0.4044661521911621
0.4100426435470581
0.41335737705230713
0.38125550746917725
0.38835859298706055
0.3917020559310913
0.39128562808036804
0.3987250030040741
0.38798201084136963
0.37780192494392395
0.40905556082725525
0.38351932168006897
0.4129221439361572
0.3854162096977234
0.3860968053340912
0.3863638937473297
0.38040056824684143
0.3973321318626404
0.3841148614883423
0.38043615221977234
0.36806243658065796
0.3825933337211609
0.38514208793640137
0.3777712881565094
0.39171451330184937
0.37942206859588623
0.3969789445400238
0.3849508464336395
0.38838785886764526
0.3808020353317261
0.41171422600746155
0.38917112350463867
0.3746074438095093
0.3715965151786804
0.37783679366111755
0.3776770234107971
0.398347407579422
0.3765906095504761
0.3934924602508545
0.36600276827812195
0.36285093426704407
0.38553959131240845
0.37859871983528137
0.38546499609947205
0.38186365365982056
0.38301849365234375
0.37584376335144043
0.4191223382949829
0.3734073042869568
0.3975857198238373
0.36880195140838623
0.38013771176338196
0.36723625659942627
0.38627877831459045
0.379169225692749
0.37284931540489197
0.3828183710575104
0.38111966848373413
0.396586537361145
0.39828214049339294
0.3608381450176239
0.3872515857219696
0.37824854254722595
0.3642728328704834
0.3732830882072449
0.3765707314014435
0.36941373348236084
0.38226863741874695
0.37644267082214355
0.367453396320343
0.35865920782089233
0.36056458950042725
0.3871329724788666
0.4325715899467468
0.4272720515727997
0.39497843384742737
0.39305830001831055
0.36849352717399597
0.37518975138664246
0.39444029331207275
0.3885156810283661
0.3838590681552887
0.3919529318809509
0.3973930776119232
0.37178242206573486
0.3871700167655945
0.3639932870864868
0.37997037172317505
0.3646485507488251
0.3771331310272217
0.38767707347869873
0.3992255926132202
0.39175838232040405
0.3841136395931244
0.3919001817703247
0.40275365114212036
0.3833426237106323
0.40065255761146545
0.3859383463859558
0.3826162815093994
0.38499385118484497
0.37309280037879944
0.37800824642181396
0.39082634449005127
0.38443678617477417
0.39659371972084045
0.40092945098876953
0.36904850602149963
0.390916645526886
0.39016008377075195
0.3838459849357605
0.37217697501182556
0.36549612879753113
0.38320302963256836
0.37051987648010254
0.37201961874961853
0.3699958324432373
0.3885387182235718
0.3753621578216553
0.37580087780952454
0.38145723938941956
0.3675764799118042
0.3765571117401123
0.3748089373111725
0.3814910352230072
0.3770409822463989
0.3853037655353546
0.39176204800605774
0.3814198970794678
0.37305736541748047
0.36665278673171997
0.37997689843177795
0.3894704282283783
0.3964832127094269
0.3670291304588318
0.3814515769481659
0.3801693916320801
0.37677231431007385
0.3643035292625427
0.3760625720024109
0.3721090257167816
0.3877856433391571
0.3747580945491791
0.3762614130973816
0.37868836522102356
0.380182683467865
0.38486814498901367
0.37217554450035095
0.36482298374176025
0.3789243698120117
0.37727418541908264
0.36765584349632263
0.37262749671936035
0.3785041868686676
0.3754557967185974
0.3707069754600525
0.3760322630405426
0.3781525194644928
0.3534364402294159
0.359269380569458
0.37247776985168457
0.37574997544288635
0.3704696297645569
0.3818175494670868
0.3807845413684845
0.371633380651474
0.38572174310684204
0.3654208779335022
0.3754867613315582
0.3744601011276245
0.3680245280265808
0.3718305826187134
0.3757537305355072
0.37761643528938293
0.3731152415275574
0.3798145651817322
0.37650880217552185
0.3693281412124634
0.36934694647789
0.38494211435317993
0.37745189666748047
0.3595931828022003
0.37412676215171814
0.37453901767730713
0.3806992173194885
0.37120407819747925
0.36086970567703247
0.36235496401786804
0.36112919449806213
0.3645123541355133
0.34917399287223816
0.37980377674102783
0.3593098223209381
0.37823349237442017
0.35829776525497437
0.3724878132343292
0.36632102727890015
0.3706320822238922
0.36370718479156494
0.35895729064941406
0.3568193316459656
0.36065104603767395
0.37218064069747925
0.3593994677066803
0.36553046107292175
0.3575300872325897
0.3527838885784149
0.35222119092941284
0.3782688081264496
0.3762689232826233
0.3634573519229889
0.3753224015235901
0.35614532232284546
0.3738030195236206
0.36788997054100037
0.3692372739315033
0.35804301500320435
0.3679760992527008
0.3611535429954529
0.3786257803440094
0.3706815242767334
0.36365410685539246
0.3641173541545868
0.36384162306785583
0.3492494523525238
0.3683321177959442
0.3647163510322571
0.37788936495780945
0.3685111403465271
0.36550650000572205
0.3620298504829407
0.3620716333389282
0.3732772469520569
0.35128259658813477
0.36878281831741333
0.36322683095932007
0.3618577718734741
0.37195101380348206
0.37549567222595215
0.3750718832015991
0.369935005903244
0.36435818672180176
0.3802720606327057
0.38138073682785034
0.37238380312919617
0.3570167124271393
0.3553668260574341
0.3759363293647766
0.3776320219039917
0.35904332995414734
0.3683831989765167
0.3689621090888977
0.36805450916290283
0.36406174302101135
0.3660700023174286
0.36886903643608093
0.37654373049736023
0.3757842481136322
0.3636644184589386
0.36734336614608765
0.36310145258903503
0.3669080138206482
0.3791157007217407
0.3603491485118866
0.36213842034339905
0.37261155247688293
0.37183281779289246
0.3648498058319092
0.3727133274078369
0.3576274812221527
0.3696078360080719
0.3650558888912201
0.37122294306755066
0.35379666090011597
0.3628244996070862
0.35055458545684814
0.3622886538505554
0.3542513847351074
0.35871046781539917
0.3707253634929657
0.37583717703819275
0.35864534974098206
0.36281248927116394
0.3841251730918884
0.36712318658828735
0.37276530265808105
0.3712133765220642
0.36311694979667664
0.3674318492412567
0.3619431257247925
0.3667977452278137
0.36796867847442627
0.36358052492141724
0.36331263184547424
0.36027637124061584
0.3585668206214905
0.3642306625843048
0.3565671443939209
0.3764457106590271
0.38299068808555603
0.3852357864379883
0.36606448888778687
0.36843398213386536
0.35011568665504456
0.3631401062011719
0.3596198856830597
0.3628421723842621
0.37674152851104736
0.3542369604110718
0.37455570697784424
0.3601258397102356
0.37493064999580383
0.3690207600593567
0.361966073513031
0.35968145728111267
0.3803789019584656
0.3603040874004364
0.3650776743888855
0.3648597002029419
0.3665551245212555
0.3665041923522949
0.3813900947570801
0.3577897846698761
0.35399678349494934
0.35056743025779724
0.36402666568756104
0.37244483828544617
0.36079639196395874
0.37129729986190796
0.3717575669288635
0.36518579721450806
0.36031419038772583
0.36748969554901123
0.3632461726665497
0.35756736993789673
0.3590209186077118
0.3592369556427002
0.355135977268219
0.37439078092575073
0.36603012681007385
0.3690858781337738
0.3600638508796692
0.36490103602409363
0.359772652387619
0.35989490151405334
0.378255695104599
0.3535885512828827
0.3614058494567871
0.35991615056991577
0.36714282631874084
0.3667471706867218
0.36027437448501587
0.35518792271614075
0.35723814368247986
0.3628561794757843
0.3479112684726715
0.35275328159332275
0.3651674687862396
0.3643292486667633
0.35681360960006714
0.3591521680355072
0.37094342708587646
0.35384660959243774
0.3535518944263458
0.37096095085144043
0.35412001609802246
0.35496944189071655
0.37335270643234253
0.3616394102573395
0.37168431282043457
0.36391517519950867
0.3622930645942688
0.3602792024612427
0.35243114829063416
0.3655814826488495
0.36773574352264404
0.36505386233329773
0.3617478013038635
0.3673672378063202
0.35797083377838135
0.35657280683517456
0.3556329905986786
0.36505642533302307
0.3676978647708893
0.3486934304237366
0.38587111234664917
0.35147324204444885
0.36260196566581726
0.35308513045310974
0.3689936101436615
0.35574960708618164
0.3553502857685089
0.37127745151519775
0.3762073516845703
0.35021135210990906
0.35474181175231934
0.3668585419654846
0.36447039246559143
0.36856526136398315
0.36854150891304016
0.35587891936302185
0.35525721311569214
0.3729656934738159
0.36811724305152893
0.36132386326789856
0.3647507429122925
0.3729810416698456
0.37133657932281494
0.35586270689964294
0.3601943254470825
0.35795858502388
0.3578411936759949
0.37737706303596497
0.37532925605773926
0.3629872798919678
0.36400753259658813
0.35511013865470886
0.3477223515510559
0.3587356507778168
0.3611162602901459
0.3555002510547638
0.36373981833457947
0.359455943107605
0.3678972125053406
0.36571598052978516
0.3628251254558563
0.3668150007724762
0.35662874579429626
0.35556405782699585
0.3683636486530304
0.3645453155040741
0.3702172338962555
0.3548413813114166
0.3621622920036316
0.3459814786911011
0.36499276757240295
0.3434571623802185
0.3716524839401245
