84.77843475341797
36.888153076171875
27.183818817138672
21.2260799407959
19.02523422241211
13.82626724243164
11.494545936584473
11.120673179626465
8.782694816589355
8.372238159179688
7.721044540405273
6.074756622314453
5.3443603515625
5.278817176818848
5.012206077575684
4.949965953826904
4.641134738922119
4.069747447967529
4.589566707611084
3.953110456466675
3.8670060634613037
3.842498540878296
3.6653363704681396
2.980241060256958
3.346560001373291
2.6797964572906494
2.5792958736419678
2.849360942840576
2.367795467376709
2.467658758163452
2.313657283782959
2.0927040576934814
1.8433336019515991
1.98052978515625
1.744357943534851
1.7463507652282715
1.6725857257843018
1.90620756149292
1.6683001518249512
1.5110114812850952
1.7584947347640991
1.710803508758545
1.5450206995010376
1.5154776573181152
1.3975485563278198
1.383861780166626
1.3251404762268066
1.3637421131134033
1.2572588920593262
1.1684584617614746
1.254249930381775
1.224181890487671
1.1242356300354004
1.1637797355651855
1.076282024383545
1.0702146291732788
1.0439883470535278
1.1741303205490112
1.0517735481262207
1.168068289756775
0.9785389304161072
0.9602446556091309
0.9599692821502686
0.9776576161384583
0.9148096442222595
0.9098777770996094
0.9779698252677917
0.9401769638061523
0.8672683835029602
0.8864634037017822
0.956559419631958
0.9272027611732483
0.8695510625839233
0.8801509141921997
0.8579042553901672
0.7990451455116272
0.8216765522956848
0.8611707091331482
0.8300471305847168
0.83095782995224
0.7739700078964233
0.7480543255805969
0.7421405911445618
0.7812036275863647
0.7623923420906067
0.7597321271896362
0.7517722249031067
0.7713286876678467
0.74660724401474
0.7453886270523071
0.730706512928009
0.7425472736358643
0.733356237411499
0.7089709043502808
0.7399816513061523
0.7163328528404236
0.7074847221374512
0.7077456116676331
0.7416871190071106
0.7558543086051941
0.7377363443374634
0.7456773519515991
0.7736197113990784
0.7406278252601624
0.7206094264984131
0.7232273817062378
0.7122484445571899
0.7053568959236145
0.7085372805595398
0.7110685706138611
0.6929017305374146
0.6891508102416992
0.6969208121299744
0.7231714129447937
0.7090151309967041
0.6855739951133728
0.7027773261070251
0.7092452049255371
0.7491644024848938
0.748332679271698
0.7190845608711243
0.7686541676521301
0.7532009482383728
0.7183138132095337
0.7224993109703064
0.7165937423706055
0.7097108364105225
0.7235050201416016
0.707918643951416
0.6983423233032227
0.6975126266479492
0.7018877267837524
0.7038412094116211
0.6991968154907227
0.6982168555259705
0.7055252194404602
0.6946199536323547
0.6983476877212524
0.6889429092407227
0.6974881291389465
0.6909583210945129
0.679429829120636
0.6876366138458252
0.6834329962730408
0.6837849020957947
0.6912297606468201
0.6997974514961243
0.7031057476997375
0.6980261206626892
0.6951012015342712
0.6960471272468567
0.6853960752487183
0.6968117952346802
0.7068068981170654
0.6900631189346313
0.6849857568740845
0.6938121318817139
0.6886433362960815
0.700165867805481
0.6917641162872314
0.6982428431510925
0.7000150084495544
0.6996000409126282
0.7040601372718811
0.705460250377655
0.6944120526313782
0.7005178928375244
0.696872889995575
0.6874356865882874
0.6997977495193481
0.6927956342697144
0.6954127550125122
0.7011297345161438
0.6998873949050903
0.7036361694335938
0.6914223432540894
0.6824198961257935
0.6837725043296814
0.6954086422920227
0.68776535987854
0.7090509533882141
0.7039428353309631
0.7059054970741272
0.6903958320617676
0.7026157379150391
0.6917933225631714
0.6898468136787415
0.6855471730232239
0.6830270290374756
0.6839945316314697
0.6862566471099854
0.6840978264808655
0.6889783143997192
0.7021754384040833
0.696361780166626
0.6899088025093079
0.685470461845398
0.6811149716377258
0.6861953735351562
0.6849222183227539
0.6937055587768555
0.6915799975395203
0.6868529319763184
0.6850677728652954
0.6883146166801453
0.68452388048172
0.6846551299095154
0.6857534050941467
0.6870583295822144
0.6793250441551208
0.6852777600288391
0.6851490139961243
0.6834871172904968
0.6815214157104492
0.6927200555801392
0.6866022944450378
0.6792415976524353
0.6802319884300232
0.6825160980224609
0.7014364004135132
0.7004548907279968
0.6883590817451477
0.6890601515769958
0.6865140199661255
0.6807785034179688
0.6817772388458252
0.6907967329025269
0.679423451423645
0.6870148777961731
0.6846989393234253
0.6800674200057983
0.6830137968063354
0.6896185278892517
0.6827048659324646
0.6881133317947388
0.6884440779685974
0.6742287278175354
0.6828060150146484
0.7056933641433716
0.7081353068351746
0.699468731880188
0.6914084553718567
0.6830409169197083
0.6822038888931274
0.6867225766181946
0.683562159538269
0.6846400499343872
0.6877474188804626
0.6893960237503052
0.6913540959358215
0.6871233582496643
0.6802579164505005
0.6814690232276917
0.6826804280281067
0.6858285069465637
0.6870296597480774
0.6720365285873413
0.6744975447654724
0.6711327433586121
0.674989640712738
0.6778457760810852
0.6733262538909912
0.672642707824707
0.6647447347640991
0.662948727607727
0.669037938117981
0.6851080656051636
0.6678482294082642
0.6775883436203003
0.671183705329895
0.6661088466644287
0.668657660484314
0.6702432632446289
0.6718941330909729
0.6725962162017822
0.6786317229270935
0.6717993021011353
0.6720027327537537
0.6750661134719849
0.6699008941650391
0.6924493908882141
0.6706107258796692
0.6645256280899048
0.6765700578689575
0.6692177653312683
0.6857056021690369
0.6641550660133362
0.6762805581092834
0.6780157089233398
0.6702347993850708
0.6713131666183472
0.6721773147583008
0.6731860637664795
0.6631192564964294
0.6695763468742371
0.664364218711853
0.6726356744766235
0.6730793714523315
0.6752839684486389
0.672317385673523
0.6571799516677856
0.6667891144752502
0.671762228012085
0.6623062491416931
0.6703495383262634
0.6657286286354065
0.6633996963500977
0.676598310470581
0.6598899960517883
0.6701949238777161
0.6654807925224304
0.6530824899673462
0.6859859824180603
0.674715518951416
0.6558441519737244
0.6568525433540344
0.6556838154792786
0.6599713563919067
0.6544204950332642
0.6594305038452148
0.6659947037696838
0.6551103591918945
0.6601814031600952
0.6673920750617981
0.6774929761886597
0.6899589896202087
0.681270182132721
0.6728547811508179
0.6819760203361511
0.6813592314720154
0.6761985421180725
0.6698200106620789
0.6642354726791382
0.6686218976974487
0.6686965823173523
0.6773205399513245
0.6663482785224915
0.6656577587127686
0.6646045446395874
0.6861660480499268
0.671535313129425
0.66536945104599
0.6658645868301392
0.6622139811515808
0.6576966643333435
0.6612926125526428
0.6624645590782166
0.6560684442520142
0.6488538384437561
0.6459013819694519
0.6342321634292603
0.6428603529930115
0.6317562460899353
0.6433547735214233
0.6266310214996338
0.6455046534538269
0.6329271197319031
0.6328333020210266
0.615393877029419
0.605800986289978
0.6019136309623718
0.6114683151245117
0.6286126375198364
0.6649243831634521
0.6256079077720642
0.6418705582618713
0.6486853361129761
0.6222394108772278
0.6169465780258179
0.6272259950637817
0.6090861558914185
0.6039160490036011
0.5921892523765564
0.6085506081581116
0.6024895906448364
0.5820265412330627
0.5815762877464294
0.6359147429466248
0.6398142576217651
0.6368511915206909
0.6325036883354187
0.6346974968910217
0.6304761171340942
0.6366350650787354
0.6302480697631836
0.6128789186477661
0.6300408840179443
0.6170580983161926
0.6144371032714844
0.5905265808105469
0.597224235534668
0.6089062690734863
0.5923815965652466
0.6264272928237915
0.6025704741477966
0.5882503390312195
0.6070336103439331
0.570666491985321
0.607543408870697
0.5855189561843872
0.6030689477920532
0.5759143233299255
0.5814937353134155
0.5799956917762756
0.5898132920265198
0.5879929661750793
0.592644214630127
0.5749250650405884
0.5734416246414185
0.5928387641906738
0.610427737236023
0.585079550743103
0.5861058235168457
0.5754137635231018
0.5694540739059448
0.5742717385292053
0.5614883303642273
0.5882523655891418
0.5590351819992065
0.5416761040687561
0.5819510817527771
0.5782946944236755
0.5640450119972229
0.6095678210258484
0.624774694442749
0.5748181343078613
0.5812647342681885
0.5819417238235474
0.5819514989852905
0.5685874223709106
0.6005350351333618
0.5221272110939026
0.5535868406295776
0.5230916142463684
0.5249127745628357
0.5113231539726257
0.5303966403007507
0.5280687808990479
0.5158124566078186
0.5435796976089478
0.5266878008842468
0.5124770998954773
0.5226876735687256
0.5138311386108398
0.4889377951622009
0.49719807505607605
0.525108277797699
0.5369039177894592
0.498870313167572
0.5229097008705139
0.5352301001548767
0.5043081641197205
0.5080768465995789
0.5136294960975647
0.5365300178527832
0.5329566597938538
0.509987473487854
0.515853762626648
0.5193838477134705
0.48452839255332947
0.49699458479881287
0.5565952062606812
0.5339254140853882
0.5498588681221008
0.5311510562896729
0.6144135594367981
0.6405982971191406
0.6148014068603516
0.5843175649642944
0.550444483757019
0.5191068649291992
0.5164603590965271
0.5250470638275146
0.49272865056991577
0.5207341909408569
0.4919346570968628
0.5153929591178894
0.5039156675338745
0.6602411270141602
0.6015183925628662
0.6037830710411072
0.5878763794898987
0.550809383392334
0.5261445641517639
0.5356535911560059
0.5057744979858398
0.48774290084838867
0.5080894827842712
0.5390443205833435
0.5410840511322021
0.5138055086135864
0.5474188327789307
0.5212395191192627
0.5316803455352783
0.5004962682723999
0.568333625793457
0.5234648585319519
0.509099543094635
0.5184308290481567
0.506176233291626
0.5009273290634155
0.4931834638118744
0.4962694048881531
0.4825993776321411
0.48124173283576965
0.6134037971496582
0.5853835344314575
0.5610024929046631
0.5306665301322937
0.4881349802017212
0.4741939306259155
0.48456665873527527
0.4606465995311737
0.4595334529876709
0.4871242046356201
0.4840070307254791
0.4718093276023865
0.5188725590705872
0.5036474466323853
0.5021724700927734
0.45932823419570923
0.4920557737350464
0.46888595819473267
0.46560463309288025
0.5342020988464355
0.5120705366134644
0.5082058906555176
0.48400217294692993
0.47094669938087463
0.480690598487854
0.47994378209114075
0.5645814538002014
0.47140592336654663
0.47098031640052795
0.45708438754081726
0.47020423412323
0.5140306949615479
0.5276622772216797
0.4928611218929291
0.46999824047088623
0.4648236036300659
0.4483336806297302
0.4714024066925049
0.4553833603858948
0.44013577699661255
0.48976749181747437
0.47758108377456665
0.4546011984348297
0.4926212728023529
0.49330371618270874
0.48675161600112915
0.45192021131515503
0.4613035321235657
0.49159032106399536
0.46197429299354553
0.46594467759132385
0.45532938838005066
0.5321956872940063
0.5401268005371094
0.4895291030406952
0.5272898077964783
0.531753420829773
0.48693394660949707
0.5133558511734009
0.4724782705307007
0.4412778615951538
0.4523543119430542
0.46200695633888245
0.44467130303382874
0.46349281072616577
0.4616333544254303
0.4875153601169586
0.45791587233543396
0.4419553875923157
0.4715803265571594
0.4618681073188782
0.45252031087875366
0.4662197530269623
0.5428432822227478
0.5579766631126404
0.5573024749755859
0.5382592082023621
0.49986109137535095
0.503302812576294
0.5054789185523987
0.4694267213344574
0.4971042573451996
0.5019545555114746
0.4721008539199829
0.4445120692253113
0.4726126194000244
0.47395461797714233
0.44235044717788696
0.4611910581588745
0.46257147192955017
0.4756983518600464
0.49232417345046997
0.4499557316303253
0.44021862745285034
0.4650423526763916
0.4432750940322876
0.4435877203941345
0.4408021867275238
0.4504687786102295
0.48208147287368774
0.4687343239784241
0.44608503580093384
0.46254071593284607
0.43135523796081543
0.4330426752567291
0.4424707591533661
0.4511793255805969
0.4484488368034363
0.466224730014801
0.46943575143814087
0.44789332151412964
0.4856500029563904
0.4802449643611908
0.44995155930519104
0.4583795964717865
0.4549937844276428
0.44223669171333313
0.43340441584587097
0.4429144859313965
0.4406242370605469
0.4775639772415161
0.4690532684326172
0.4034133851528168
0.44118639826774597
0.4395354986190796
0.4314427375793457
0.4726187586784363
0.469703733921051
0.4116658866405487
0.42737478017807007
0.4527900218963623
0.4566481113433838
0.4510606527328491
0.4187297523021698
0.4588061571121216
0.4350568354129791
0.4258102476596832
0.4553091526031494
0.4697487950325012
0.4682539105415344
0.43486732244491577
0.44442182779312134
0.44100767374038696
0.4382174611091614
0.42348572611808777
0.4388502836227417
0.43414291739463806
0.4295552670955658
0.45277610421180725
0.45245978236198425
0.5340720415115356
0.5345580577850342
0.5169666409492493
0.46749502420425415
0.4860764741897583
0.4606110751628876
0.5516931414604187
0.4689342975616455
0.4654678404331207
0.4520125687122345
0.4514566957950592
0.4358036518096924
0.46811410784721375
0.44725745916366577
0.4387158453464508
0.4604019820690155
0.4467383027076721
0.4545234441757202
0.4605998992919922
0.4281451404094696
0.43927234411239624
0.4438890516757965
0.4417499899864197
0.435886412858963
0.4204513132572174
0.4241552948951721
0.44634947180747986
0.4375121295452118
0.46207693219184875
0.4508632719516754
0.45063838362693787
0.4282636344432831
0.4199948310852051
0.44061464071273804
0.4457252621650696
0.44511598348617554
0.44539695978164673
0.45276200771331787
0.4283556640148163
0.4211670458316803
0.4557768404483795
0.4223743677139282
0.45187658071517944
0.4507881700992584
0.4385322630405426
0.4196651875972748
0.42419832944869995
0.4435756504535675
0.4566844403743744
0.48700037598609924
0.47673171758651733
0.49955427646636963
0.48288777470588684
0.46871259808540344
0.4519200921058655
0.46222221851348877
0.4580247700214386
0.46015816926956177
0.4917496144771576
0.4503588378429413
0.4651358425617218
0.4710373878479004
0.4275254011154175
0.4392569959163666
0.41302362084388733
0.4090723991394043
0.40667229890823364
0.40925469994544983
0.3896295726299286
0.42553216218948364
0.397865355014801
0.4138222932815552
0.41053828597068787
0.4305150508880615
0.3857671320438385
0.4231008291244507
0.42270633578300476
0.4122490882873535
0.41179588437080383
0.4132227301597595
0.4633978307247162
0.4723825454711914
0.5158124566078186
0.4774072468280792
0.4498741030693054
0.46534761786460876
0.48035913705825806
0.42187610268592834
0.4428924322128296
0.41933971643447876
0.4425441026687622
0.43167537450790405
0.41668668389320374
0.4176957905292511
0.399297833442688
0.43069347739219666
0.4267209768295288
0.3976576030254364
0.42944857478141785
0.433209627866745
0.4259546995162964
0.41960373520851135
0.43387502431869507
0.4311549961566925
0.44331032037734985
0.43216511607170105
0.4430546164512634
0.4110763967037201
0.4132912755012512
0.39589279890060425
0.40076491236686707
0.4496111571788788
0.40174436569213867
0.40327906608581543
0.3997354507446289
0.4177142083644867
0.411860853433609
0.5405474305152893
0.4982962906360626
0.4651069939136505
0.43447038531303406
0.42799830436706543
0.42944982647895813
0.4198857843875885
0.4134235680103302
0.41724303364753723
0.42147356271743774
0.4373573958873749
0.4684505760669708
0.5022523403167725
0.47429487109184265
0.44780656695365906
0.4890878200531006
0.45954784750938416
0.4661121368408203
0.40902823209762573
0.4275592565536499
0.3996470868587494
0.392661988735199
0.39979130029678345
0.3981492817401886
0.38473963737487793
0.38835880160331726
0.4357141852378845
0.4173468053340912
0.4083605706691742
0.39985594153404236
0.4173031747341156
0.4077856242656708
0.38872429728507996
0.4109160006046295
0.3868769705295563
0.3828240931034088
0.3927653729915619
0.42009294033050537
0.39717647433280945
0.3907566964626312
0.41914287209510803
0.4508528709411621
0.4371611177921295
0.43221431970596313
0.45386844873428345
0.41833192110061646
0.3965778648853302
0.4247840940952301
0.40728169679641724
0.3993340730667114
0.42321857810020447
0.4088820219039917
0.47428783774375916
0.4440186023712158
0.432055801153183
0.4088653326034546
0.42886728048324585
0.40110403299331665
0.38499000668525696
0.40550684928894043
0.40984660387039185
0.3895350992679596
0.38393303751945496
0.4110504388809204
0.39608919620513916
0.40145665407180786
0.39821484684944153
0.38330909609794617
0.4752340018749237
0.4607643783092499
0.44256359338760376
0.4513443410396576
0.4216189384460449
0.4492972791194916
0.4453046917915344
0.4290049076080322
0.42046070098876953
0.4355470538139343
0.43179041147232056
0.4443250000476837
0.4150922894477844
0.4125981330871582
0.40327659249305725
0.4459800720214844
0.44223541021347046
0.4330790042877197
0.43553754687309265
0.42554959654808044
0.41394248604774475
0.4083286225795746
0.41951435804367065
0.4092123508453369
0.40704217553138733
0.42601069808006287
0.3961813747882843
0.3988633155822754
0.4959440231323242
0.5183597803115845
0.4646555483341217
0.4239684045314789
0.41260793805122375
0.38310882449150085
0.39671590924263
0.3878069818019867
0.40508800745010376
0.4009467363357544
0.38938453793525696
0.38139235973358154
0.3880418539047241
0.37640380859375
0.3676142990589142
0.42583733797073364
0.41004833579063416
0.3941715955734253
0.3937793970108032
0.3809269666671753
0.3880583643913269
0.3968091309070587
0.4038974940776825
0.39892125129699707
0.3874456584453583
0.38885292410850525
0.3726256489753723
0.40058401226997375
0.6457785964012146
0.5835438370704651
0.5754328370094299
0.5158572793006897
0.4927632510662079
0.45971593260765076
0.43106576800346375
0.40366053581237793
0.3861488401889801
0.44583576917648315
0.42988476157188416
0.3979887068271637
0.4083409309387207
0.39674004912376404
0.41477513313293457
0.3789568841457367
0.4204444885253906
0.4770987331867218
0.4324444830417633
0.3981371819972992
0.4515964984893799
0.43990185856819153
0.41323211789131165
0.415793776512146
0.4150756299495697
0.40883833169937134
0.3893750011920929
0.39437615871429443
0.4014838933944702
0.4169251620769501
0.40386897325515747
0.4497174024581909
0.38517460227012634
0.3932160437107086
0.38432741165161133
0.40090781450271606
0.4082104563713074
0.3999897241592407
0.38206300139427185
0.3753923177719116
0.3897005021572113
0.3756517171859741
0.38945436477661133
0.4007526636123657
0.39851245284080505
0.37737634778022766
0.37570685148239136
0.38615289330482483
0.3789384067058563
0.3896160125732422
0.40448668599128723
0.37695741653442383
0.38392388820648193
0.38995254039764404
0.3836015462875366
0.36153727769851685
0.4264938533306122
0.42991867661476135
0.41432181000709534
0.38503918051719666
0.3997102975845337
0.3966805338859558
0.38171568512916565
0.38387221097946167
0.38188961148262024
0.39903968572616577
0.37937265634536743
0.419588178396225
0.4026183485984802
0.37599849700927734
0.3882637023925781
0.3614038825035095
0.3791700601577759
0.3825449049472809
0.37181201577186584
0.36397743225097656
0.37181997299194336
0.3818080425262451
0.3803621232509613
0.4121088981628418
0.3711312413215637
0.39898040890693665
0.37141722440719604
0.3713737726211548
0.39932435750961304
0.3809908926486969
0.3735058307647705
0.378530353307724
0.35877278447151184
0.3803343176841736
0.35977858304977417
0.3609430491924286
0.37994977831840515
0.36414700746536255
0.38268163800239563
0.38865283131599426
0.3884381949901581
0.3901573717594147
0.38945579528808594
0.3901865482330322
0.3732883632183075
0.3709394931793213
0.3748766779899597
0.39692550897598267
0.3778383433818817
0.3881469666957855
0.37463587522506714
0.3835557699203491
0.38220712542533875
0.3767116367816925
0.38703015446662903
0.3888342082500458
0.3829497992992401
0.3930239677429199
0.3736320734024048
0.38910654187202454
0.381564736366272
0.38373440504074097
0.3636282682418823
0.4158986508846283
0.3827911913394928
0.39218106865882874
0.38495486974716187
0.37452808022499084
0.3774851858615875
0.379513144493103
0.3859023153781891
0.3859114944934845
0.38379716873168945
0.35548916459083557
0.3854500949382782
0.42858439683914185
0.41779425740242004
0.3768903911113739
0.3634690046310425
0.3689725995063782
0.3735390603542328
0.35500359535217285
0.3680427670478821
0.38234174251556396
0.3451027572154999
0.37903156876564026
0.374663770198822
0.36313119530677795
0.361255407333374
0.36072838306427
0.37206223607063293
0.3860090374946594
0.3787837028503418
0.3814467787742615
0.37171608209609985
0.3737076222896576
0.3672773540019989
0.37902626395225525
0.37064364552497864
0.3694639205932617
0.3714376389980316
0.3797217011451721
0.37619122862815857
0.38734933733940125
0.3746413588523865
0.38287657499313354
0.4047064781188965
0.3903915584087372
0.36693403124809265
0.3732271194458008
0.37775498628616333
0.369849294424057
0.36280301213264465
0.3827987015247345
0.367523193359375
0.3624393343925476
0.36630725860595703
0.3679056167602539
0.371246874332428
0.38048088550567627
0.34534576535224915
0.3734235167503357
0.36510708928108215
0.3593916594982147
0.36652684211730957
0.36690616607666016
0.3806129992008209
0.3578772246837616
0.3531128764152527
0.3467567563056946
0.36874014139175415
0.3733443319797516
0.3739836513996124
0.3621627688407898
0.37252917885780334
0.3819412589073181
0.38539427518844604
0.3556941747665405
0.37638288736343384
0.37683340907096863
0.36711999773979187
0.36297670006752014
0.34181544184684753
0.3731275498867035
0.3618321120738983
0.34548166394233704
0.3608972728252411
0.3584986627101898
0.3702511191368103
0.3925424814224243
0.3945672810077667
0.37667229771614075
0.36102980375289917
0.3869304955005646
0.3527073264122009
0.3551447093486786
0.35833483934402466
0.36068859696388245
0.37201109528541565
0.357988178730011
0.35637086629867554
0.3657408654689789
0.35853853821754456
0.37091773748397827
0.3620275557041168
0.38884568214416504
0.37597882747650146
0.3814639151096344
0.35852673649787903
0.3569453954696655
0.3616076707839966
0.36861592531204224
0.35195353627204895
0.36209389567375183
0.35588395595550537
0.3497265875339508
0.36505988240242004
0.35701054334640503
0.3370310068130493
0.3659736216068268
0.37746620178222656
0.36578625440597534
0.350780189037323
0.33941757678985596
0.36186307668685913
0.35053980350494385
0.366289347410202
0.3537881076335907
0.3624538481235504
0.3516004979610443
0.36685991287231445
0.35601550340652466
0.3545672595500946
0.3544909656047821
0.3618222177028656
0.3648375868797302
0.36265671253204346
0.3451038897037506
0.3657091557979584
0.3512069880962372
0.3463726043701172
0.35401472449302673
0.34802576899528503
0.3569290339946747
0.3580828607082367
0.34708738327026367
0.3475566506385803
0.3440726697444916
0.33882373571395874
0.34651923179626465
0.3719605505466461
0.3442690968513489
0.35593223571777344
0.3762059211730957
0.3599446713924408
0.38065671920776367
0.3492807447910309
0.36667779088020325
0.36689257621765137
0.3722781836986542
0.3458716869354248
0.34274592995643616
0.3748156726360321
0.35854122042655945
0.36409083008766174
0.35796016454696655
0.3689737021923065
0.35785016417503357
0.34761008620262146
0.35113900899887085
0.3548750877380371
0.3447361886501312
0.35462111234664917
0.36478644609451294
0.35828956961631775
0.36038002371788025
0.3706718981266022
0.36489805579185486
0.35253074765205383
0.3580068051815033
0.35153377056121826
0.3771556615829468
0.35508042573928833
0.35677286982536316
0.35601985454559326
0.35929447412490845
0.3517049252986908
0.3617466390132904
0.3670117259025574
0.3530547618865967
0.3552324175834656
0.35132455825805664
0.3696094751358032
0.3389812111854553
0.37454795837402344
0.3674311637878418
0.3735376000404358
0.34415653347969055
0.35974612832069397
0.37005820870399475
0.36286869645118713
0.3619576394557953
0.3606112599372864
0.3614305257797241
0.34577465057373047
0.3599587678909302
0.35068264603614807
0.36001428961753845
0.3524059057235718
0.3579114079475403
0.3480893075466156
0.3511311113834381
0.3452325165271759
0.34348633885383606
0.3730670213699341
0.35068097710609436
0.3534187376499176
0.37122488021850586
0.3461553156375885
0.34329256415367126
0.367010235786438
0.349368691444397
0.35954535007476807
0.3557157516479492
0.35305169224739075
0.35522377490997314
0.35549530386924744
0.3520662188529968
0.3569195568561554
0.3520253598690033
0.35709846019744873
0.33811986446380615
0.35430672764778137
0.3486343026161194
0.36100178956985474
0.3572462201118469
0.34770509600639343
0.3466467559337616
0.3595869243144989
0.3643052577972412
0.36501604318618774
0.3692696690559387
0.3510461449623108
0.35641759634017944
0.3492248058319092
0.34601712226867676
0.3544863760471344
0.3527391254901886
0.3461953401565552
0.3539780080318451
0.3465764820575714
0.34332039952278137
0.3512173891067505
0.34294480085372925
0.3567962944507599
0.3474132716655731
0.35685935616493225
0.34043604135513306
0.33870071172714233
0.354209303855896
0.35388779640197754
0.347239226102829
0.3567523658275604
0.354229211807251
0.34596148133277893
0.356393426656723
0.3376608192920685
0.35834169387817383
0.34451067447662354
0.3352799117565155
0.35343071818351746
0.3602893650531769
0.35682329535484314
0.3485449552536011
0.34144172072410583
0.3446214497089386
0.347564697265625
0.3632866442203522
0.3402620255947113
0.3758879601955414
0.34497085213661194
0.343527615070343
0.3541496694087982
0.35683920979499817
0.34558403491973877
0.34349218010902405
0.3664906919002533
0.3437214195728302
0.3497813045978546
0.3550736904144287
0.3508216142654419
0.34587064385414124
0.3500271439552307
0.3408200442790985
0.35262808203697205
0.3686424791812897
0.3511321246623993
0.3523736596107483
0.36391744017601013
0.3345898389816284
0.34637656807899475
0.3384838104248047
0.3660106360912323
0.3492443859577179
0.36591556668281555
0.3691515624523163
0.35557034611701965
0.3347814679145813
0.34480345249176025
0.3519951403141022
0.3547755777835846
0.36300185322761536
0.3642203211784363
0.3660969138145447
0.3601539731025696
0.34715041518211365
