35.82024383544922
11.503570556640625
8.802018165588379
7.604874134063721
6.243598461151123
5.08647346496582
4.165592193603516
4.330543041229248
3.0259056091308594
2.8466904163360596
2.1681699752807617
2.096679925918579
2.30698299407959
2.5620522499084473
2.303179979324341
1.7352509498596191
1.6888900995254517
1.515884518623352
1.2439147233963013
1.2756388187408447
1.2925807237625122
1.2135716676712036
1.3285318613052368
1.2488856315612793
1.057358980178833
1.0303696393966675
0.9689709544181824
0.9425318837165833
1.0724306106567383
1.1879487037658691
1.164659023284912
1.046924114227295
1.0829014778137207
0.8877114057540894
0.907284677028656
0.8527376651763916
0.8861598968505859
0.9377038478851318
0.8602929711341858
0.8296486139297485
0.8376808762550354
0.8626341819763184
0.756984293460846
0.7911769151687622
0.7806606888771057
0.8064866065979004
0.8005231618881226
0.7535067796707153
0.7511323094367981
0.7497287392616272
0.7568626999855042
0.7818408012390137
0.7570079565048218
0.7759013175964355
0.7393912076950073
0.7244871854782104
0.6994543075561523
0.7670813202857971
0.7574011087417603
0.7651925683021545
0.7806971073150635
0.772227942943573
0.7934256792068481
0.8225969672203064
0.7788489460945129
0.7505530714988708
0.72763991355896
0.7447973489761353
0.7131574749946594
0.7821841835975647
0.9440597295761108
0.849050760269165
0.77028489112854
0.7603615522384644
0.7549982070922852
0.7377833724021912
0.7433814406394958
0.7192416191101074
0.7278843522071838
0.7304139137268066
0.7451586127281189
0.7258951663970947
0.7126902341842651
0.7256125807762146
0.7205245494842529
0.7068389058113098
0.7226451635360718
0.7163810133934021
0.710791826248169
0.6840201616287231
0.7336776852607727
0.7077612280845642
0.7248658537864685
0.6963773965835571
0.7196632027626038
0.7147293090820312
0.698793888092041
0.7079343199729919
0.6892294883728027
0.7349824905395508
0.7052165269851685
0.7285474538803101
0.7604393362998962
0.7320550680160522
0.7370505332946777
0.7224920988082886
0.7049079537391663
0.7037957906723022
0.7473354339599609
0.7035562992095947
0.6973628997802734
0.7154367566108704
0.7142775058746338
0.7080029249191284
0.690126895904541
0.7002550363540649
0.6982510089874268
0.7022716403007507
0.7038418054580688
0.7149685025215149
0.6966877579689026
0.7014352083206177
0.6972916722297668
0.7044792771339417
0.7075920701026917
0.6897095441818237
0.6900238990783691
0.6833909749984741
0.7027689814567566
0.6912067532539368
0.6946069598197937
0.6995793581008911
0.687380850315094
0.6943796277046204
0.6859632730484009
0.6929947733879089
0.6903108358383179
0.6934553384780884
0.6929996609687805
0.694648265838623
0.69302898645401
0.7115569114685059
0.6917104125022888
0.7073026299476624
0.6922268271446228
0.6895065307617188
0.6803951263427734
0.6988187432289124
0.689258337020874
0.6818217635154724
0.6884456276893616
0.6894728541374207
0.6896570324897766
0.6852166652679443
0.691516637802124
0.6938184499740601
0.689812958240509
0.6894351243972778
0.7000227570533752
0.6912094354629517
0.6908652782440186
0.6900257468223572
0.6885209083557129
0.6939773559570312
0.6979101300239563
0.6861797571182251
0.6903534531593323
0.6978076696395874
0.6936253309249878
0.6918051838874817
0.6842436790466309
0.687615156173706
0.6832757592201233
0.6948140263557434
0.6953395009040833
0.685667872428894
0.6951807737350464
0.6849793195724487
0.6845760345458984
0.6847221255302429
0.6916539669036865
0.6878639459609985
0.6944683194160461
0.6883459091186523
0.6836192011833191
0.681476354598999
0.6762950420379639
0.6971842646598816
0.6934871077537537
0.6877354383468628
0.6915412545204163
0.6904827356338501
0.6928279995918274
0.6890358328819275
0.6760022044181824
0.689830482006073
0.6939939856529236
0.6932125091552734
0.6885386109352112
0.6828439235687256
0.6886744499206543
0.6787559390068054
0.6854268312454224
0.6784380078315735
0.6956257224082947
0.6812774538993835
0.6893014311790466
0.6884862780570984
0.681465744972229
0.6798453330993652
0.6840142607688904
0.6847537755966187
0.6920024752616882
0.7008088231086731
0.6894764304161072
0.685322642326355
0.6893615126609802
0.6896528005599976
0.6861087679862976
0.6895235180854797
0.6853792071342468
0.68589186668396
0.6929254531860352
0.6825848817825317
0.6790443658828735
0.6855152249336243
0.6887086033821106
0.6819923520088196
0.683204174041748
0.6934859752655029
0.6929806470870972
0.6808175444602966
0.6841914057731628
0.6808578372001648
0.6864845752716064
0.6794896721839905
0.6783297657966614
0.6855011582374573
0.6879931688308716
0.681819498538971
0.6887495517730713
0.6851373314857483
0.6918279528617859
0.676482081413269
0.691008448600769
0.6805395483970642
0.673904538154602
0.6845371127128601
0.6781002283096313
0.6850281953811646
0.678592324256897
0.6745021343231201
0.6733697652816772
0.6875349283218384
0.6797848343849182
0.6870008111000061
0.6781823635101318
0.6825382113456726
0.6819738745689392
0.6707168221473694
0.6771063208580017
0.6770243644714355
0.6799013614654541
0.6792681813240051
0.6771119236946106
0.6760954856872559
0.6742590069770813
0.6754522919654846
0.6645835638046265
0.6825912594795227
0.681045651435852
0.6712809205055237
0.6837549805641174
0.6852944493293762
0.6920815706253052
0.6937242746353149
0.7171611189842224
0.6909112334251404
0.6845028400421143
0.6834418773651123
0.6801971197128296
0.6842719316482544
0.6792582869529724
0.6789308190345764
0.6885621547698975
0.6748978495597839
0.6736746430397034
0.6849784255027771
0.6824941039085388
0.6711257696151733
0.6817348599433899
0.6844279170036316
0.6795436143875122
0.689119279384613
0.6694952249526978
0.6664464473724365
0.6844825744628906
0.6700746417045593
0.6748887300491333
0.6691752672195435
0.6785681843757629
0.6669321656227112
0.6822139024734497
0.6713346242904663
0.6731246113777161
0.6704207062721252
0.6724777221679688
0.6670436859130859
0.6759130358695984
0.6683968901634216
0.6616454124450684
0.6699075698852539
0.6656599044799805
0.6826336979866028
0.6585226655006409
0.6675738096237183
0.678146243095398
0.6683135032653809
0.672789454460144
0.672796905040741
0.6706299781799316
0.6717603802680969
0.6573227047920227
0.6735848188400269
0.659413754940033
0.6656253933906555
0.6669338345527649
0.6795013546943665
0.6793913841247559
0.6570771336555481
0.6533856987953186
0.6529419422149658
0.6667475700378418
0.6696686744689941
0.6618342399597168
0.6395931243896484
0.6512963771820068
0.6434892416000366
0.6422507762908936
0.6495968103408813
0.63984215259552
0.6583607196807861
0.6485200524330139
0.6799999475479126
0.6483727097511292
0.6673672199249268
0.6582878232002258
0.6507910490036011
0.6418686509132385
0.6356520652770996
0.6471964716911316
0.651704728603363
0.64748215675354
0.6259479522705078
0.6487350463867188
0.6401830315589905
0.6490520238876343
0.649285614490509
0.6323023438453674
0.6524033546447754
0.6370060443878174
0.6481676697731018
0.6557213664054871
0.6446020007133484
0.66433185338974
0.6724764108657837
0.6658132672309875
0.6480962038040161
0.6566572785377502
0.6681341528892517
0.6465621590614319
0.649649441242218
0.6399691104888916
0.6309493780136108
0.6121733784675598
0.6222231388092041
0.6272516250610352
0.6326813697814941
0.6270372867584229
0.6190801858901978
0.6227103471755981
0.5931112766265869
0.6395266056060791
0.6179648637771606
0.6236991286277771
0.6532909274101257
0.6097065806388855
0.5986581444740295
0.645503044128418
0.6666615009307861
0.6231363415718079
0.6418308019638062
0.6185562014579773
0.6014301776885986
0.5853312611579895
0.5908980965614319
0.5729601979255676
0.5539624691009521
0.5777651071548462
0.5812026262283325
0.5690422058105469
0.5539605617523193
0.5467271208763123
0.5901267528533936
0.5489721298217773
0.5373920798301697
0.5445786118507385
0.571829080581665
0.5415265560150146
0.5253065824508667
0.5471304059028625
0.5808321833610535
0.5920225381851196
0.5631389617919922
0.5399272441864014
0.526997447013855
0.5350049734115601
0.5174595713615417
0.5473855137825012
0.5227827429771423
0.5311152935028076
0.5033520460128784
0.5421361923217773
0.5471555590629578
0.5201646685600281
0.5804125070571899
0.608537495136261
0.6190359592437744
0.5698053240776062
0.6423153281211853
0.587157666683197
0.590094804763794
0.5652211308479309
0.5341160893440247
0.52773517370224
0.5186663269996643
0.5464372038841248
0.5386613011360168
0.5420510768890381
0.5515636205673218
0.5653117299079895
0.512246310710907
0.5101953148841858
0.5277629494667053
0.5418322086334229
0.5100891590118408
0.504947304725647
0.4930880665779114
0.504570722579956
0.4925588071346283
0.529835045337677
0.5437822937965393
0.4898656904697418
0.5112545490264893
0.5216504335403442
0.47569021582603455
0.4632505476474762
0.5295815467834473
0.6303713321685791
0.5336160659790039
0.521826982498169
0.5596415996551514
0.5239094495773315
0.5019302368164062
0.5690604448318481
0.5325735807418823
0.5720145106315613
0.5129842758178711
0.5255391001701355
0.4939781129360199
0.4923821687698364
0.5073709487915039
0.4864277243614197
0.5082643032073975
0.45938995480537415
0.46788400411605835
0.4732503592967987
0.5064995884895325
0.5055244565010071
0.4833422601222992
0.4795520007610321
0.4772894084453583
0.47146108746528625
0.5548749566078186
0.5335832834243774
0.5514297485351562
0.46271422505378723
0.5276349186897278
0.5545150637626648
0.5429567098617554
0.5175260305404663
0.5233602523803711
0.5057216882705688
0.504226803779602
0.4727262556552887
0.49297207593917847
0.4924526512622833
0.4820020794868469
0.47088319063186646
0.4481227695941925
0.49284297227859497
0.4824369549751282
0.4763253331184387
0.45358699560165405
0.6635611057281494
0.5689861178398132
0.6639692187309265
0.5874806046485901
0.5515453815460205
0.5018194317817688
0.5042988061904907
0.48975256085395813
0.4739028513431549
0.45273178815841675
0.4951893985271454
0.44773098826408386
0.4664026200771332
0.4716854393482208
0.4826660752296448
0.4433979392051697
0.4594302177429199
0.4493354856967926
0.50868159532547
0.47584694623947144
0.447253942489624
0.49342426657676697
0.46190783381462097
0.4562660753726959
0.4589735269546509
0.4546041488647461
0.44575411081314087
0.46276751160621643
0.4433448314666748
0.4460439682006836
0.42252975702285767
0.4368385970592499
0.45614761114120483
0.45771661400794983
0.4528313875198364
0.4571675956249237
0.4647100269794464
0.46117013692855835
0.44014909863471985
0.44603583216667175
0.4180934727191925
0.47330695390701294
0.42868441343307495
0.4481481611728668
0.4368172883987427
0.4497988820075989
0.4856190085411072
0.4419465959072113
0.4242614507675171
0.48256629705429077
0.43669968843460083
0.5099042654037476
0.4580213129520416
0.46540567278862
0.44652360677719116
0.44716566801071167
0.47786012291908264
0.4760863780975342
0.4682503938674927
0.4756486415863037
0.44851332902908325
0.43612685799598694
0.4511074721813202
0.42988720536231995
0.4449554979801178
0.4561341106891632
0.42828649282455444
0.44097283482551575
0.4335068464279175
0.4205135405063629
0.42694756388664246
0.43449634313583374
0.4293232262134552
0.43849292397499084
0.4226644039154053
0.4264310896396637
0.4652605950832367
0.4679577648639679
0.4420144259929657
0.4402581751346588
0.41885992884635925
0.4179459810256958
0.4215036630630493
0.475142240524292
0.446014404296875
0.4409030079841614
0.4287569522857666
0.4212951064109802
0.43075448274612427
0.43905743956565857
0.4282146096229553
0.44798868894577026
0.43576863408088684
0.42289823293685913
0.4393627941608429
0.43179407715797424
0.4177778959274292
0.42149975895881653
0.4407060146331787
0.41789916157722473
0.4470268189907074
0.4431643784046173
0.4294091463088989
0.44365832209587097
0.46049976348876953
0.45691972970962524
0.44006314873695374
0.4423562288284302
0.4821849465370178
0.5239834785461426
0.5237820744514465
0.4612601697444916
0.4381840229034424
0.43028169870376587
0.46097686886787415
0.5220944881439209
0.4419918954372406
0.41689833998680115
0.4130408763885498
0.4210761785507202
0.4129311740398407
0.6237632036209106
0.5264611840248108
0.448185533285141
0.4230228364467621
0.4545871913433075
0.42938822507858276
0.40789705514907837
0.42984578013420105
0.4103754460811615
0.4146939516067505
0.41170042753219604
1.0239485502243042
0.6416858434677124
0.5785811543464661
0.5787723660469055
0.5710952877998352
0.5495277047157288
0.5392187237739563
0.5152851939201355
0.48887380957603455
0.4740718603134155
0.4699900150299072
0.47466719150543213
0.45174556970596313
0.43256711959838867
0.466776967048645
0.4764711260795593
0.4409448802471161
0.4248650074005127
0.4336214065551758
0.4197614789009094
0.4467141330242157
0.43675553798675537
0.442752480506897
0.44745776057243347
0.4152781665325165
0.43006184697151184
0.42961549758911133
0.43960484862327576
0.4017898142337799
0.4136638641357422
0.39034464955329895
0.4435182809829712
0.4454724192619324
0.4057081937789917
0.4247291088104248
0.4251177906990051
0.4066840410232544
0.4501456916332245
0.451279878616333
0.4210251271724701
0.43000778555870056
0.4212267994880676
0.4216139018535614
0.41931504011154175
0.44516175985336304
0.42870399355888367
0.4403935968875885
0.42225393652915955
0.4031878709793091
0.4252058267593384
0.42506033182144165
0.380339115858078
0.3953098952770233
0.3920869827270508
0.42964091897010803
0.43311306834220886
0.40483739972114563
0.4362761676311493
0.4115109443664551
0.4482698440551758
0.44166484475135803
0.4349105656147003
0.4148719906806946
0.4021410048007965
0.40861213207244873
0.44227904081344604
0.41082653403282166
0.40553370118141174
0.40767723321914673
0.4397326409816742
0.4609569013118744
0.4544953405857086
0.4325454533100128
0.4267919063568115
0.3905811309814453
0.42647626996040344
0.3954337537288666
0.4336216449737549
0.4098288416862488
0.4184665381908417
0.3958406448364258
0.409260630607605
0.41446858644485474
0.3935849368572235
0.4027939438819885
0.4102986752986908
0.3946208655834198
0.4248288869857788
0.4020051956176758
0.39744287729263306
0.3969804644584656
0.3942766785621643
0.4325979948043823
0.4120129346847534
0.3975612223148346
0.4028548002243042
0.40796220302581787
0.4447387456893921
0.43943509459495544
0.5773661136627197
0.5140802264213562
0.4855509102344513
0.46597403287887573
0.4070425033569336
0.4260443150997162
0.42631691694259644
0.4043427109718323
0.3932717740535736
0.38331812620162964
0.4381541907787323
0.4104486405849457
0.3989677131175995
0.44876033067703247
0.3889276385307312
0.4021095335483551
0.4124770164489746
0.3962116539478302
0.41974085569381714
0.40496209263801575
0.41814905405044556
0.399524062871933
0.4134252071380615
0.400368332862854
0.40181657671928406
0.39988094568252563
0.423152893781662
0.4255729913711548
0.4067569971084595
0.39188525080680847
0.40692615509033203
0.3861759603023529
0.38530659675598145
0.4039123058319092
0.4135890603065491
0.3711974620819092
0.4430433213710785
0.4496428072452545
0.4536992311477661
0.4946424663066864
0.4323618710041046
0.4244456887245178
0.41238802671432495
0.4086618721485138
0.3911250829696655
0.38588201999664307
0.4303464889526367
0.39474284648895264
0.4186890423297882
0.3968846797943115
0.3913775384426117
0.39611828327178955
0.4039979875087738
0.4057804346084595
0.38864848017692566
0.4067298173904419
0.40331801772117615
0.3899567723274231
0.406800776720047
0.3868494927883148
0.3985406756401062
0.3798815608024597
0.40521809458732605
0.41420987248420715
0.39975959062576294
0.3869442939758301
0.3956335484981537
0.4148828685283661
0.3822709619998932
0.3754470944404602
0.39306506514549255
0.39465171098709106
0.39238497614860535
0.3863157033920288
0.397844135761261
0.37786027789115906
0.4028891623020172
0.4351637363433838
0.4852154552936554
0.4772540330886841
0.4410347044467926
0.4217066168785095
0.42867612838745117
0.4304307997226715
0.419910192489624
0.3905731439590454
0.4054037928581238
0.4028742015361786
0.4050946533679962
0.872736394405365
0.5443161129951477
0.5010403990745544
0.4723525941371918
0.44245752692222595
0.42879027128219604
0.40547269582748413
0.4058457612991333
0.4648895263671875
0.4168367087841034
0.3973785638809204
0.3897416591644287
0.4512752592563629
0.43377766013145447
0.4162352979183197
0.40213724970817566
0.452288955450058
0.40705639123916626
0.41325291991233826
0.4046441614627838
0.419513463973999
0.42575863003730774
0.3922829329967499
0.40818971395492554
0.4102404713630676
0.3838496804237366
0.3999897539615631
0.41842713952064514
0.3907637298107147
0.38948172330856323
0.39656537771224976
0.4074097275733948
0.4349013566970825
0.5085811614990234
0.5087364315986633
0.5757104754447937
0.45440736413002014
0.45421597361564636
0.47144800424575806
0.44145116209983826
0.4710979461669922
0.43026843667030334
0.4104281961917877
0.40093281865119934
0.4588193893432617
0.44632548093795776
0.4442378580570221
0.4366728961467743
0.41293081641197205
0.43023762106895447
0.4094432294368744
0.4084932804107666
0.4101189374923706
0.3963626027107239
0.39503246545791626
0.3885219991207123
0.4160909354686737
0.4134361147880554
0.4009471535682678
0.3987997770309448
0.3914753198623657
0.39551278948783875
0.38734614849090576
0.4571268856525421
0.4473985433578491
0.4136909246444702
0.402186781167984
0.39438483119010925
0.38571566343307495
0.39303407073020935
0.4558422863483429
0.4174329340457916
0.42145615816116333
0.41645127534866333
0.40413349866867065
0.3868480324745178
0.4054192900657654
0.39610642194747925
0.3754606246948242
0.3899151682853699
0.39098086953163147
0.38058218359947205
0.3995516896247864
0.40680786967277527
0.4013301432132721
0.42577064037323
0.3969085216522217
0.3735516369342804
0.3653133511543274
0.5144515037536621
0.4770567715167999
0.40934890508651733
0.4115854501724243
0.3946973979473114
0.39538124203681946
0.3825646638870239
0.40035250782966614
0.40461307764053345
0.3833286464214325
0.3779172897338867
0.3902813494205475
0.40184539556503296
0.4130525290966034
0.5820949673652649
0.718276858329773
0.47827214002609253
0.42207565903663635
0.40625637769699097
0.4054783582687378
0.3884384036064148
0.40315166115760803
0.4078975319862366
0.3865291178226471
0.38905441761016846
0.3826106786727905
0.3738807141780853
0.3906189799308777
0.40435656905174255
0.38314202427864075
0.38276398181915283
0.37643828988075256
0.3878791034221649
0.37046703696250916
0.37901395559310913
0.39235445857048035
0.3841891586780548
0.3977327346801758
0.3895924985408783
0.3755614459514618
0.3797807991504669
0.407389372587204
0.3874751031398773
0.38177260756492615
0.37871983647346497
0.38817331194877625
0.38797399401664734
0.37655961513519287
0.6335719227790833
0.6212936639785767
0.5155206918716431
0.45236316323280334
0.42905691266059875
0.42294687032699585
0.4175454378128052
0.41000232100486755
0.40696948766708374
0.4240477383136749
0.36873772740364075
0.3835484981536865
0.38321244716644287
0.3794005513191223
0.38641974329948425
0.37456589937210083
0.39447200298309326
0.40146711468696594
0.3962898850440979
0.4157831370830536
0.3755112886428833
0.4078811705112457
0.3687560558319092
0.38718727231025696
0.37034928798675537
0.38643816113471985
0.38512134552001953
0.37337881326675415
0.36817923188209534
0.3741075396537781
0.4048895835876465
0.39428552985191345
0.3936604857444763
0.3765474259853363
0.367728054523468
0.3718588650226593
0.37163427472114563
0.3578130006790161
0.37797364592552185
0.3920770287513733
0.3751240074634552
0.3798924684524536
0.3728410601615906
0.3639402985572815
0.3706308603286743
0.3775489032268524
0.3889690935611725
0.36335089802742004
0.38165047764778137
0.3861970901489258
0.3940979242324829
0.38244614005088806
0.37111467123031616
0.3686659634113312
0.3730824291706085
0.3711756467819214
0.37880265712738037
0.390388548374176
0.37517493963241577
0.38060635328292847
0.3682374060153961
0.3707033097743988
0.38268977403640747
0.3795541822910309
0.3826010227203369
0.386488676071167
0.36325135827064514
0.36906248331069946
0.3669915795326233
0.36380305886268616
0.40659981966018677
0.3698357939720154
0.3825565278530121
0.3670571446418762
0.3832642138004303
0.3637540340423584
0.3629645109176636
0.39491817355155945
0.3764842748641968
0.35944849252700806
0.3747793138027191
0.39598143100738525
0.42663004994392395
0.37782832980155945
0.39064693450927734
0.3695939779281616
0.37452006340026855
0.3685850203037262
0.39302319288253784
0.37035128474235535
0.3635527789592743
0.3782096207141876
0.3594292998313904
0.37171199917793274
0.3703863322734833
0.37182846665382385
0.3854859173297882
0.37127816677093506
0.38624605536460876
0.37320759892463684
0.3631211519241333
0.3635363280773163
0.37264278531074524
0.37848976254463196
0.3585605025291443
0.36388495564460754
0.3685045540332794
0.36681559681892395
0.36909884214401245
0.37529176473617554
0.3599777817726135
0.3751033842563629
0.3607850968837738
0.37753400206565857
0.3629758656024933
0.36551567912101746
0.3575839698314667
0.3623657822608948
0.380462646484375
0.36625659465789795
0.36095061898231506
0.3569892346858978
0.365898460149765
0.36002567410469055
0.3659213185310364
0.3654148280620575
0.3681795299053192
0.3812767267227173
0.38744819164276123
0.40091395378112793
0.3630354702472687
0.36323264241218567
0.36303389072418213
0.3810001611709595
0.36617952585220337
0.37164124846458435
0.3534265160560608
0.36955487728118896
0.3701067268848419
0.36271342635154724
0.3930073082447052
0.3736308217048645
0.3711581528186798
0.3734709620475769
0.38576748967170715
0.38935592770576477
0.36180755496025085
0.3634650409221649
0.38200291991233826
0.35189923644065857
0.3811662495136261
0.3796521723270416
0.35903653502464294
0.34905895590782166
0.35469725728034973
0.37631383538246155
0.36512491106987
0.3807903826236725
0.3703497648239136
0.3683403432369232
0.3619095981121063
0.35251301527023315
0.3677808940410614
0.3510400056838989
0.36058804392814636
0.37293121218681335
0.3682025372982025
0.364654004573822
0.36588677763938904
0.36511141061782837
0.34853413701057434
0.35359880328178406
0.3610149025917053
0.36459898948669434
0.35850441455841064
0.3633076250553131
0.3579876720905304
0.3590688407421112
0.35639822483062744
0.36722272634506226
0.35383471846580505
0.35947829484939575
0.3696332573890686
0.3630210757255554
0.36398857831954956
0.3726719617843628
0.3674725592136383
0.3564576208591461
0.36262455582618713
0.3630397617816925
0.353380024433136
0.3514575958251953
0.3699333071708679
0.37236717343330383
0.35496068000793457
0.362192839384079
0.36494600772857666
0.36370849609375
0.3554465174674988
0.35871434211730957
0.3569261431694031
0.36829715967178345
0.3492523729801178
0.3606545031070709
0.3536210060119629
0.35250747203826904
0.3508359491825104
0.3461718261241913
0.35754847526550293
0.36031875014305115
0.3561907708644867
0.3571387529373169
0.37337392568588257
0.3520619571208954
0.36054661870002747
0.3493724465370178
0.35316595435142517
0.3607783615589142
0.36987024545669556
0.3356384336948395
0.3595447838306427
0.36418217420578003
0.3571055829524994
0.3623240888118744
0.35909292101860046
0.3718200922012329
0.3597106337547302
0.3523975908756256
0.35427412390708923
0.3416233956813812
0.37063100934028625
0.3479720652103424
0.37148115038871765
0.348644495010376
0.36172109842300415
0.34592941403388977
0.3714843988418579
0.37069109082221985
0.3479616940021515
0.34346261620521545
0.37813398241996765
0.36085107922554016
0.365118145942688
0.3677479922771454
0.3731531500816345
0.36484572291374207
0.3614869713783264
0.3548600971698761
0.3594953715801239
0.357972115278244
0.3622162342071533
0.3555900752544403
0.3620237708091736
0.36174967885017395
0.348119854927063
0.3600045144557953
0.3508056104183197
0.36126288771629333
0.3506413996219635
0.3462740480899811
0.3467392921447754
0.33993828296661377
0.3649984896183014
0.35118356347084045
0.3578263223171234
0.35938650369644165
0.3577243983745575
0.3574051558971405
0.3537965714931488
0.3545520007610321
0.35767266154289246
0.3385474979877472
0.3419131636619568
0.3709449768066406
0.3628233075141907
0.35779741406440735
0.35846978425979614
0.3563600182533264
0.37071526050567627
0.3648107349872589
0.35190293192863464
0.35682907700538635
0.3634958863258362
0.3479992747306824
0.37195318937301636
0.34555965662002563
0.3603302538394928
0.3578733205795288
0.3624514043331146
0.3520062267780304
0.33785107731819153
0.3518368601799011
0.35056301951408386
0.34474077820777893
0.3595889210700989
0.35153913497924805
0.3637417256832123
0.3584347367286682
0.3454729914665222
0.3616587221622467
0.35214126110076904
0.3452650010585785
0.3673279583454132
0.3504544198513031
0.35334670543670654
0.36592185497283936
0.3518737256526947
0.36193567514419556
0.3644352853298187
0.36235615611076355
0.3406657576560974
0.3446565568447113
0.361640065908432
0.3554176092147827
0.34586024284362793
0.3468082547187805
0.34945863485336304
0.3582148849964142
0.35090669989585876
0.35312846302986145
0.3470815122127533
0.35011932253837585
0.37082329392433167
0.3519395589828491
0.36550626158714294
0.35674530267715454
0.35994890332221985
0.35503050684928894
0.348984956741333
0.3581172227859497
0.36709991097450256
0.35713624954223633
0.36568683385849
0.3402641713619232
0.3553636372089386
0.34866562485694885
0.343519002199173
0.35425910353660583
0.35606762766838074
0.3492637276649475
0.3616197109222412
0.37057000398635864
0.36469390988349915
0.35020825266838074
0.3510887920856476
0.33853936195373535
0.356682687997818
0.3474526107311249
0.35098689794540405
0.3613312840461731
