32.284305572509766
19.803407669067383
14.768787384033203
12.050215721130371
10.02066707611084
8.769425392150879
7.647942543029785
6.585822105407715
6.289485454559326
4.778875350952148
4.491529941558838
4.668677806854248
4.179169654846191
3.7478041648864746
3.7863848209381104
3.5771048069000244
3.4804129600524902
3.2647194862365723
3.158921241760254
2.692328929901123
2.949619770050049
2.6745645999908447
2.9015448093414307
2.819230318069458
1.9577986001968384
2.079101800918579
2.1052448749542236
1.8017302751541138
1.641091227531433
1.8663088083267212
1.6009668111801147
1.5089360475540161
1.5131337642669678
1.6068109273910522
1.2974919080734253
1.3704869747161865
1.2890288829803467
1.3202149868011475
1.4044452905654907
1.346318244934082
1.2278848886489868
1.3395344018936157
1.2871195077896118
1.1764721870422363
1.185294508934021
1.0747406482696533
1.0173640251159668
1.1199756860733032
1.121225357055664
1.1009154319763184
0.9955057501792908
1.0115442276000977
1.0054117441177368
0.9540426135063171
0.9312168955802917
1.028835415840149
0.9315342307090759
0.9271131753921509
0.9136978387832642
0.893740177154541
0.9392390251159668
0.9213228225708008
0.8979833722114563
0.792705237865448
0.7998329997062683
0.8421688675880432
0.827180027961731
0.842597484588623
0.835564374923706
0.8259466290473938
0.8986073136329651
0.8803661465644836
0.8877915143966675
0.8487851023674011
0.7803203463554382
0.8077805042266846
0.7396088242530823
0.7902361154556274
0.7956311106681824
0.8489221930503845
0.7919519543647766
0.8029281497001648
0.7550935745239258
0.7713813781738281
0.7635785341262817
0.8398793339729309
0.7595942616462708
0.7783677577972412
0.7530307769775391
0.7580762505531311
0.7559537887573242
0.7485383749008179
0.7171850800514221
0.7396201491355896
0.7372334003448486
0.7296608686447144
0.7114344835281372
0.7100725769996643
0.7751495242118835
0.7219136953353882
0.7409011721611023
0.7376466393470764
0.7222197651863098
0.7106149196624756
0.7128965258598328
0.7287821769714355
0.7051657438278198
0.7112423181533813
0.7030438780784607
0.6993128061294556
0.6995031237602234
0.7049306035041809
0.7153976559638977
0.695571780204773
0.7234696745872498
0.6944179534912109
0.6894229054450989
0.7241144180297852
0.7214922308921814
0.6882625222206116
0.710525393486023
0.7218058109283447
0.6989040374755859
0.6976117491722107
0.7303316593170166
0.6887727379798889
0.6977295875549316
0.7048943638801575
0.7189130187034607
0.7155435681343079
0.695777177810669
0.7059895396232605
0.68553227186203
0.7014293670654297
0.6930392384529114
0.6901757121086121
0.693545937538147
0.7034656405448914
0.7063921689987183
0.69648677110672
0.7075045108795166
0.7038165926933289
0.7039434909820557
0.6978957056999207
0.7173696160316467
0.7667536735534668
0.6975765228271484
0.6944912075996399
0.701500415802002
0.7061001658439636
0.6834977269172668
0.701082706451416
0.6804491281509399
0.702336847782135
0.6922062635421753
0.694733738899231
0.7107137441635132
0.7201170325279236
0.7336363196372986
0.7217258810997009
0.6865953803062439
0.6966633796691895
0.6828112006187439
0.7043024897575378
0.699539840221405
0.6872535347938538
0.6861342787742615
0.6875690817832947
0.7036337852478027
0.7129284143447876
0.7200739979743958
0.70058673620224
0.6940268874168396
0.687544584274292
0.7092519998550415
0.7000972628593445
0.6876170635223389
0.6792699694633484
0.6886168122291565
0.6963233947753906
0.7022259831428528
0.6920125484466553
0.6930686235427856
0.6672952771186829
0.688494861125946
0.6900057792663574
0.7014864683151245
0.6964825391769409
0.7087315917015076
0.6941508054733276
0.6958962678909302
0.6844000816345215
0.6841107606887817
0.6799549460411072
0.6914846897125244
0.6867086887359619
0.6838328242301941
0.6853185296058655
0.6905246376991272
0.730653703212738
0.6966809630393982
0.6905565857887268
0.6793176531791687
0.7047563195228577
0.7024803757667542
0.6741203665733337
0.6809607744216919
0.6913439035415649
0.6822179555892944
0.6798357963562012
0.6930160522460938
0.6914972066879272
0.6987664699554443
0.6843059659004211
0.6854289174079895
0.7196866869926453
0.6927014589309692
0.7127928733825684
0.7202752828598022
0.6973106861114502
0.6964742541313171
0.6903595924377441
0.6859652996063232
0.7109912037849426
0.7043488025665283
0.6799128651618958
0.6949575543403625
0.6729610562324524
0.6842819452285767
0.6703699231147766
0.7024087905883789
0.678115725517273
0.6822311878204346
0.6892670392990112
0.6837241053581238
0.6848565936088562
0.6750620603561401
0.6800128817558289
0.6851035356521606
0.6829677224159241
0.6848671436309814
0.6749719977378845
0.6870729327201843
0.6785051822662354
0.6855871081352234
0.6700944900512695
0.6749181747436523
0.6886197924613953
0.6694290637969971
0.6891201734542847
0.6790831089019775
0.6721279621124268
0.6782957315444946
0.6941088438034058
0.6871494054794312
0.6790940761566162
0.6795397996902466
0.6676537394523621
0.6638175845146179
0.6656752824783325
0.6772079467773438
0.6632687449455261
0.672982931137085
0.6915552020072937
0.7238749265670776
0.7012351155281067
0.6824071407318115
0.6793301105499268
0.6837415099143982
0.6810402274131775
0.6945818662643433
0.6691846251487732
0.6839089393615723
0.6749188303947449
0.6753203868865967
0.6865869164466858
0.6588097810745239
0.6732423901557922
0.6869999766349792
0.6615660786628723
0.6778324842453003
0.6718018651008606
0.6680426597595215
0.6675385236740112
0.6593601107597351
0.6528744697570801
0.6649705767631531
0.6530392169952393
0.6606240272521973
0.6562898755073547
0.6754719614982605
0.6739026308059692
0.760692298412323
0.6998116374015808
0.698426365852356
0.667762279510498
0.6824687123298645
0.657866358757019
0.6742915511131287
0.6774343848228455
0.6733735203742981
0.7018636465072632
0.6676775217056274
0.6710060834884644
0.6739916205406189
0.6702166199684143
0.6669161319732666
0.6654070615768433
0.6528847813606262
0.6649165749549866
0.6591178178787231
0.652632474899292
0.6553381085395813
0.6602420806884766
0.6461623311042786
0.6427388787269592
0.646316647529602
0.6404247283935547
0.6285671591758728
0.639561653137207
0.6414005160331726
0.6747641563415527
0.6714732646942139
0.6641477942466736
0.6321668028831482
0.6433065533638
0.6526282429695129
0.6384543180465698
0.6739831566810608
0.6159985065460205
0.6959245204925537
0.6973652243614197
0.6721150279045105
0.6877369284629822
0.6666776537895203
0.6447677612304688
0.6432695984840393
0.6470663547515869
0.6597000360488892
0.6394529938697815
0.6398562788963318
0.6336461305618286
0.6326693892478943
0.6210833191871643
0.651038646697998
0.6513373851776123
0.6453882455825806
0.6835391521453857
0.6993910074234009
0.6678913235664368
0.6620779633522034
0.6226032376289368
0.6973150372505188
0.6396607756614685
0.6384882926940918
0.6573820114135742
0.6962682604789734
0.6401457786560059
0.6376018524169922
0.6401203274726868
0.6360177397727966
0.6541501879692078
0.6389554142951965
0.630301296710968
0.6166219115257263
0.6490527391433716
0.6415101885795593
0.6399484276771545
0.6470208764076233
0.6339316964149475
0.6355708241462708
0.6047427654266357
0.5876153707504272
0.5815255641937256
0.5870895385742188
0.590410053730011
0.621106743812561
0.6150283813476562
0.6533674001693726
0.6056269407272339
0.6077924966812134
0.5653796195983887
0.5981826782226562
0.5606746077537537
0.566831648349762
0.549791157245636
0.5220425128936768
0.5705645084381104
0.5554336309432983
0.5533742904663086
0.5265640616416931
0.5245876312255859
0.5902140736579895
0.5620666742324829
0.6015787720680237
0.5528864860534668
0.5997341275215149
0.5755390524864197
0.5563275218009949
0.55430006980896
0.5498022437095642
0.5633217692375183
0.588648796081543
0.5835399031639099
0.5543742775917053
0.5683618187904358
0.5395208597183228
0.577046275138855
0.5755957961082458
0.5639623403549194
0.5598413944244385
0.5770520567893982
0.5456768274307251
0.589781641960144
0.5498708486557007
0.5340461134910583
0.5226611495018005
0.5592352151870728
0.5526735186576843
0.49782615900039673
0.5123255252838135
0.5892619490623474
0.5730372071266174
0.524561882019043
0.5157022476196289
0.5094345808029175
0.5327849388122559
0.5074744820594788
0.5155788660049438
0.546520471572876
0.914012610912323
0.6947826147079468
0.6236653923988342
0.5501315593719482
0.558334231376648
0.5659336447715759
0.5388116836547852
0.5271526575088501
0.5121114253997803
0.48570704460144043
0.49568143486976624
0.5287500023841858
0.5317226648330688
0.5086780786514282
0.5106137990951538
0.5551773309707642
0.5289556980133057
0.4985600709915161
0.5027065277099609
0.4877204895019531
0.4739803969860077
0.45923373103141785
0.5048854351043701
0.4482991695404053
0.47117093205451965
0.4695998430252075
0.4729635715484619
0.4958459138870239
0.4526309072971344
0.5702682733535767
0.5461052060127258
0.4978974759578705
0.478157103061676
0.4983772933483124
0.4639569818973541
0.4942067563533783
0.4813413619995117
0.5000848770141602
0.5610935091972351
0.5759389996528625
0.4693796634674072
0.5063493847846985
0.5125783085823059
0.500727653503418
0.46615543961524963
0.4904521703720093
0.4838016927242279
0.48808345198631287
0.466374009847641
0.4794410765171051
0.47478824853897095
0.4661470353603363
0.49117204546928406
0.46764519810676575
0.4782504737377167
0.48256200551986694
0.46619337797164917
0.5249486565589905
0.530398964881897
0.44818922877311707
0.5308667421340942
0.46693068742752075
0.486651748418808
0.48811405897140503
0.4848752021789551
0.5752928256988525
0.6056580543518066
0.594317615032196
0.5918450355529785
0.5795254707336426
0.5626813173294067
0.5571867823600769
0.5156198143959045
0.5432580709457397
0.5018466711044312
0.5174397230148315
0.4940491318702698
0.6062255501747131
0.5177690386772156
0.5686426162719727
0.5150314569473267
0.5060914158821106
0.46535831689834595
0.5597478747367859
0.5618471503257751
0.49873194098472595
0.48699864745140076
0.47319507598876953
0.47647547721862793
0.48568740487098694
0.45562535524368286
0.45415061712265015
0.4683455228805542
0.4653671979904175
0.4611397981643677
0.5188592672348022
0.4603744447231293
0.47243234515190125
0.4385458827018738
0.4863336980342865
0.49111321568489075
0.47888439893722534
0.45879560708999634
0.4692336320877075
0.5901805758476257
0.5306445956230164
0.49582913517951965
0.5433672666549683
0.4882422089576721
0.4708231985569
0.5154184103012085
0.46660372614860535
0.48339197039604187
0.4619672894477844
0.4985683262348175
0.4823371171951294
0.4747801721096039
0.4539206326007843
0.45817604660987854
0.46110206842422485
0.4536159336566925
0.4566321074962616
0.4776389002799988
0.47213098406791687
0.4699472188949585
0.4553679823875427
0.4501301348209381
0.45389890670776367
0.44542524218559265
0.47524330019950867
0.4747844338417053
0.43517106771469116
0.4285863935947418
0.4500531852245331
0.44100305438041687
0.44643446803092957
0.4164334237575531
0.5027199983596802
0.4748518168926239
0.44044309854507446
0.4237091541290283
0.4358309507369995
0.4604158401489258
0.45968443155288696
0.46178558468818665
0.47739294171333313
0.5098900198936462
0.4584442377090454
0.4552208185195923
0.45554274320602417
0.4399124085903168
0.47741371393203735
0.4867909848690033
0.45388516783714294
0.49112528562545776
0.4845910370349884
0.47688570618629456
0.42785435914993286
0.45849329233169556
0.4382052421569824
0.4275161921977997
0.43610498309135437
0.43828874826431274
0.43651410937309265
0.42481258511543274
0.5141382813453674
0.48310595750808716
0.46578046679496765
0.4327760934829712
0.4196171760559082
0.46623069047927856
0.4462563693523407
0.46120306849479675
0.46649298071861267
0.4155346751213074
0.43825337290763855
0.4496039152145386
0.4839491844177246
0.4623214900493622
0.48889198899269104
0.44988471269607544
0.49432092905044556
0.5306709408760071
0.5278450846672058
0.4682701826095581
0.43239814043045044
0.4650098383426666
0.45351240038871765
0.4853053092956543
0.4739263355731964
0.4368232488632202
0.42533883452415466
0.44084885716438293
0.4491196870803833
0.43171852827072144
0.4669712781906128
0.4360712468624115
0.45379942655563354
0.43726426362991333
0.44614413380622864
0.4405113160610199
0.42775148153305054
0.430098295211792
0.44071322679519653
0.4469499886035919
0.44040393829345703
0.526861846446991
0.5011749267578125
0.5068038702011108
0.44785478711128235
0.459088534116745
0.42644593119621277
0.44651418924331665
0.43069538474082947
0.4439605474472046
0.48314040899276733
0.47228723764419556
0.45703205466270447
0.4506974220275879
0.5308418273925781
0.47319188714027405
0.4742045998573303
0.4862544536590576
0.49883049726486206
0.4574702978134155
0.5049036145210266
0.4623282253742218
0.4450289011001587
0.4600992202758789
0.46298307180404663
0.5638027191162109
0.5562594532966614
0.5393671989440918
0.5009526014328003
0.4807865619659424
0.4720996022224426
0.47333043813705444
0.5070294737815857
0.4505510628223419
0.49853962659835815
0.5150622129440308
0.5562877655029297
0.5007017850875854
0.48179173469543457
0.5045118927955627
0.4632696211338043
0.44290727376937866
0.45979970693588257
0.5109764933586121
0.5657828450202942
0.4896189272403717
0.49121084809303284
0.43866270780563354
0.45861008763313293
0.42741456627845764
0.44965022802352905
0.45018213987350464
0.44420796632766724
0.4334736764431
0.44183188676834106
0.43579068779945374
0.4503209888935089
0.4462893605232239
0.42275160551071167
0.5149375200271606
0.48392266035079956
0.4458041489124298
0.45931318402290344
0.4624236822128296
0.4425087869167328
0.4320243299007416
0.4627646505832672
0.4663774371147156
0.4317299425601959
0.4537971615791321
0.4467991590499878
0.4446408748626709
0.45791807770729065
0.4249725341796875
0.4435669481754303
0.43483516573905945
0.4440450668334961
0.435560941696167
0.43428096175193787
0.42459896206855774
0.4304490089416504
0.4268225431442261
0.45789259672164917
0.42315611243247986
0.4257761538028717
0.4341978132724762
0.45891159772872925
0.43530839681625366
0.5223878026008606
0.45019635558128357
0.4115404188632965
0.4376281499862671
0.43738433718681335
0.4353663921356201
0.4688296318054199
0.4303799867630005
0.4031130075454712
0.48945969343185425
0.43414029479026794
0.4263989329338074
0.42765170335769653
0.47525280714035034
0.4782788157463074
0.4561712443828583
0.4248012602329254
0.4228851795196533
0.4442005455493927
0.4299074113368988
0.46669691801071167
0.45441120862960815
0.4483955502510071
0.45477181673049927
0.4401577413082123
0.4178061783313751
0.48990604281425476
0.44972413778305054
0.44567862153053284
0.42825525999069214
0.4058959186077118
0.5109695196151733
0.4437156617641449
0.4782848358154297
0.4778170585632324
0.47062498331069946
0.4264666736125946
0.46243494749069214
0.44655531644821167
0.5009058713912964
0.44075819849967957
0.43523329496383667
0.42363670468330383
0.3949652314186096
0.4494544267654419
0.4283472001552582
0.5224118828773499
0.5027939677238464
0.4549078941345215
0.41678568720817566
0.4167737066745758
0.4304974377155304
0.42977073788642883
0.4182695150375366
0.42712125182151794
0.39923256635665894
0.42910799384117126
0.4452131390571594
0.4185832738876343
0.429872065782547
0.3979402482509613
0.4207663834095001
0.43658769130706787
0.430635929107666
0.6418561339378357
0.6613329648971558
0.5232988595962524
0.553438663482666
0.4789446294307709
0.44906824827194214
0.4647941589355469
0.4056791365146637
0.4500671923160553
0.4293712377548218
0.4198356866836548
0.4001184403896332
0.4285755157470703
0.4126625955104828
0.42729344964027405
0.44417423009872437
0.4528966546058655
0.42926034331321716
0.4565373957157135
0.44531217217445374
0.44562381505966187
0.43721991777420044
0.4310604929924011
0.45394769310951233
0.4240497946739197
0.444490909576416
0.42058005928993225
0.41167691349983215
0.4271976947784424
0.3924655020236969
0.4076792001724243
0.4587152898311615
0.4196966588497162
0.390533447265625
0.4087643623352051
0.4236375093460083
0.4197359085083008
0.44875282049179077
0.42376869916915894
0.4016827344894409
0.47262805700302124
0.4302437901496887
0.4231536388397217
0.39377182722091675
0.4054604470729828
0.4030836820602417
0.394427627325058
0.4043658375740051
0.40768617391586304
0.41759660840034485
0.405714750289917
0.46178504824638367
0.45510417222976685
0.44439995288848877
0.4253978729248047
0.4078787863254547
0.43443307280540466
0.40919286012649536
0.4337213337421417
0.4098902940750122
0.4146157503128052
0.42551571130752563
0.4125632345676422
0.4158686101436615
0.4195810556411743
0.4363371431827545
0.3901698589324951
0.39497825503349304
0.4094264507293701
0.40402430295944214
0.39569613337516785
0.39740267395973206
0.40455371141433716
0.45759668946266174
0.45685794949531555
0.42483314871788025
0.4345603287220001
0.43528586626052856
0.38539329171180725
0.39388507604599
0.40067005157470703
0.3768984377384186
0.38581693172454834
0.4380207061767578
0.4243902862071991
0.4299146234989166
0.39068448543548584
0.3929722011089325
0.3733048141002655
0.4051072895526886
0.42720553278923035
0.4028819799423218
0.4147765338420868
0.41057851910591125
0.41418755054473877
0.3939746022224426
0.39785170555114746
0.42199477553367615
0.40129855275154114
0.38544854521751404
0.39873358607292175
0.41490980982780457
0.379546195268631
0.39677733182907104
0.3898947536945343
0.3970675766468048
0.40122392773628235
0.39032498002052307
0.39552947878837585
0.39347267150878906
0.3852479159832001
0.39466339349746704
0.37227144837379456
0.40547308325767517
0.4522571563720703
0.3868786692619324
0.3824954032897949
0.37167951464653015
0.38723233342170715
0.3806106746196747
0.3940385580062866
0.3812960684299469
0.3708431124687195
0.38814327120780945
0.3849906921386719
0.39709386229515076
0.41487640142440796
0.3750873804092407
0.38289740681648254
0.38579267263412476
0.38840922713279724
0.3825341463088989
0.38653871417045593
0.39090651273727417
0.40959304571151733
0.3854621946811676
0.39210641384124756
0.3850606679916382
0.38837099075317383
0.38817712664604187
0.3818936347961426
0.3898269236087799
0.38458573818206787
0.3956758677959442
0.40435200929641724
0.3903011083602905
0.39384087920188904
0.40230315923690796
0.3818322420120239
0.37599435448646545
0.3925311267375946
0.37029656767845154
0.3827325701713562
0.3694036304950714
0.39027559757232666
0.3819649815559387
0.39529910683631897
0.3977021276950836
0.3866809010505676
0.40978774428367615
0.37894174456596375
0.39151427149772644
0.39382869005203247
0.37716513872146606
0.4040396511554718
0.37366214394569397
0.3830787241458893
0.3796622157096863
0.3796762526035309
0.38949620723724365
0.3876688480377197
0.37972545623779297
0.4082617461681366
0.38779976963996887
0.38481247425079346
0.36640655994415283
0.3973100781440735
0.3667730987071991
0.3849180042743683
0.38611045479774475
0.3856029808521271
0.38695046305656433
0.3740362226963043
0.3796720504760742
0.38907742500305176
0.38429418206214905
0.41839662194252014
0.37759140133857727
0.41000598669052124
0.3921763002872467
0.39838969707489014
0.3936377167701721
0.3745916187763214
0.4146503806114197
0.3723100423812866
0.3845587372779846
0.37560489773750305
0.3902287185192108
0.39251962304115295
0.43080082535743713
0.4126429557800293
0.3987461030483246
0.39467552304267883
0.38521242141723633
0.3931603729724884
0.4120977818965912
0.4005124568939209
0.3758513629436493
0.4101473093032837
0.4195859432220459
0.4314533472061157
0.4086419641971588
0.4272935390472412
0.36991986632347107
0.38653525710105896
0.3954487442970276
0.40033257007598877
0.38217633962631226
0.3653515875339508
0.3908514678478241
0.5037640333175659
0.4457237720489502
0.4305085837841034
0.40017396211624146
0.403654009103775
0.39114120602607727
0.37774133682250977
0.41250744462013245
0.39087975025177
0.4238244593143463
0.4544183015823364
0.40256360173225403
0.4113338887691498
0.3958956301212311
0.4111560583114624
0.39272594451904297
0.3867496848106384
0.46724191308021545
0.4177215099334717
0.4195026159286499
0.38716065883636475
0.38650602102279663
0.3924615681171417
0.3876150846481323
0.3819306492805481
0.40672391653060913
0.37196922302246094
0.38161134719848633
0.3855116069316864
0.40770918130874634
0.38136380910873413
0.38789913058280945
0.38433244824409485
0.3778846561908722
0.39698776602745056
0.3985428512096405
0.39409172534942627
0.38646212220191956
0.3965873122215271
0.399177610874176
0.3980763852596283
0.38382142782211304
0.3741825520992279
0.3850213289260864
0.38113850355148315
0.38804733753204346
0.379925400018692
0.378266304731369
0.36563751101493835
0.3893028199672699
0.3964472711086273
0.38623887300491333
0.39257586002349854
0.43234142661094666
0.39666256308555603
0.3783320486545563
0.3993985056877136
0.38610532879829407
0.39033353328704834
0.35867857933044434
0.36388713121414185
0.41199618577957153
0.41065526008605957
0.38857850432395935
0.39006373286247253
0.3690582513809204
0.4198293685913086
0.39151862263679504
0.3944512605667114
0.36941462755203247
0.38903510570526123
0.3828156888484955
0.3977995812892914
0.37132835388183594
0.38064005970954895
0.3960994482040405
0.4002293348312378
0.37884095311164856
0.3855926990509033
0.3876186013221741
0.3765527606010437
0.383672833442688
0.38290122151374817
0.3913145661354065
0.36828339099884033
0.36521434783935547
0.37186959385871887
0.3585318624973297
0.36818766593933105
0.38471564650535583
0.35431572794914246
0.41211599111557007
0.4069381058216095
0.37330490350723267
0.38240522146224976
0.3784838616847992
0.37784817814826965
0.37995898723602295
0.35122641921043396
0.36684465408325195
0.39256376028060913
0.41826131939888
0.3957444429397583
0.38106825947761536
0.3828057646751404
0.3921549916267395
0.37256690859794617
0.3838985562324524
0.37846532464027405
0.3618454337120056
0.39565348625183105
0.39417240023612976
0.4012793302536011
0.4025615155696869
0.4125852584838867
0.4661369323730469
0.43877407908439636
0.4088362455368042
0.40141886472702026
0.4064479470252991
0.3934926390647888
0.367931991815567
0.37839746475219727
0.3643336594104767
0.38893792033195496
0.3929823935031891
0.3843352794647217
0.38421347737312317
0.38613471388816833
0.3724166750907898
0.3784235119819641
0.3763582110404968
0.37847188115119934
0.3750794231891632
0.38048529624938965
0.3721267282962799
0.3729071617126465
0.39113330841064453
0.36544090509414673
0.3950215280056
0.4331718385219574
0.4106347858905792
0.3898102343082428
0.38594764471054077
0.3840981423854828
0.38190820813179016
0.35889047384262085
0.3940611183643341
0.38436761498451233
0.3914654552936554
0.3769181966781616
0.37212038040161133
0.36696115136146545
0.37649643421173096
0.396689772605896
0.395880788564682
0.38680657744407654
0.38267016410827637
0.3864123821258545
0.3789178729057312
0.37263223528862
0.3566509187221527
0.3766212463378906
0.3795637786388397
0.37813320755958557
0.36447852849960327
0.36377546191215515
0.3563740849494934
0.37080565094947815
0.3679887652397156
0.37772491574287415
0.3566009998321533
0.37041130661964417
0.3756226897239685
0.36833080649375916
0.3698120415210724
0.35799822211265564
0.3701326251029968
0.35554441809654236
0.36685100197792053
0.3597185015678406
0.37161919474601746
0.3728391230106354
0.3601490259170532
0.35990774631500244
0.37549084424972534
0.3708139657974243
0.3834928274154663
0.3745790421962738
0.366105854511261
0.35613200068473816
0.3522857129573822
0.3640523850917816
0.35509613156318665
0.3535093665122986
0.3605653643608093
0.37989798188209534
0.3675715923309326
0.3619174063205719
0.3676571547985077
0.3685000538825989
0.3598097264766693
0.37920209765434265
0.38545742630958557
0.3983258008956909
0.37718939781188965
0.387362003326416
0.37741589546203613
0.38185375928878784
0.36514249444007874
0.3848841190338135
0.38185960054397583
0.379037082195282
0.3614150583744049
0.3665841221809387
0.36333370208740234
0.3718043863773346
0.36453187465667725
0.34836944937705994
0.37142685055732727
0.374305784702301
0.3730045557022095
0.39047905802726746
0.37134963274002075
0.36435258388519287
0.3624403774738312
0.3734467625617981
0.3584677577018738
0.3774512708187103
0.3771577477455139
0.37157872319221497
0.3518517017364502
0.36639660596847534
0.37274202704429626
0.3611556887626648
0.38008740544319153
0.3582870066165924
0.35858088731765747
0.36339324712753296
0.3706309199333191
0.3954048454761505
0.4000052511692047
0.3793381452560425
0.3637530207633972
0.37655794620513916
0.37289515137672424
0.36578431725502014
0.36459794640541077
0.37173575162887573
0.3562130331993103
0.3690887987613678
0.36907586455345154
0.36526477336883545
0.3686077296733856
0.37913447618484497
0.3670031428337097
0.36458104848861694
0.3727107048034668
0.3576458692550659
0.35851815342903137
0.34827691316604614
0.3618580400943756
0.3826754689216614
0.3871433734893799
0.36493417620658875
0.3690769076347351
0.3552820086479187
0.3489232361316681
0.3464716374874115
0.3346979320049286
0.3648167550563812
0.3676367998123169
0.35018813610076904
0.36679258942604065
0.3442716598510742
0.36975282430648804
0.37467727065086365
0.3648979961872101
0.37701210379600525
0.35001426935195923
0.377911776304245
0.3661334812641144
0.36824196577072144
0.34779635071754456
0.3499872088432312
0.3415062427520752
0.3594830632209778
0.34216681122779846
0.35903695225715637
0.3463383615016937
0.36446601152420044
0.35626715421676636
0.3419470489025116
0.34484466910362244
0.385610431432724
0.3677080273628235
0.36367061734199524
0.3840615451335907
0.36507102847099304
0.37449881434440613
0.38224881887435913
0.3656086325645447
0.3670909106731415
0.38626953959465027
0.390191912651062
0.3621687591075897
0.3701254427433014
0.35390231013298035
0.3670782744884491
0.36853134632110596
0.36103060841560364
0.3608308732509613
0.3824229836463928
0.3768407106399536
0.38811346888542175
0.3754692077636719
0.36209356784820557
0.3750423192977905
0.35954201221466064
0.34861111640930176
0.3593522906303406
0.36542776226997375
0.3761724531650543
0.3821163475513458
0.3705637753009796
0.36423778533935547
0.35372376441955566
0.3564760684967041
0.34606069326400757
0.3462321162223816
0.38226091861724854
0.3535122275352478
0.35260793566703796
0.35178062319755554
0.3312566876411438
0.37450194358825684
0.3849755823612213
0.3641492426395416
0.3552217483520508
0.3475338816642761
0.35366928577423096
0.359569787979126
0.36249446868896484
0.3624367117881775
0.3620035946369171
0.37852853536605835
0.35118383169174194
0.3656313121318817
0.36218005418777466
0.3431057333946228
0.35986462235450745
0.35353854298591614
0.36045965552330017
0.3725206255912781
0.36156225204467773
0.35281243920326233
0.35367536544799805
0.3706933259963989
0.35556164383888245
0.36362165212631226
0.35717692971229553
0.37330561876296997
0.34523987770080566
0.342713862657547
0.3265884220600128
0.35337942838668823
0.34348490834236145
0.3791342079639435
0.3592439591884613
0.3704143464565277
0.35735318064689636
0.369284063577652
0.3528093993663788
0.3667711913585663
0.35379597544670105
0.3581984043121338
0.3553653955459595
0.37023231387138367
0.3582876920700073
0.3456861972808838
0.34964853525161743
0.35811662673950195
0.3584061861038208
0.33039969205856323
0.3586709797382355
0.3667851388454437
0.3558805584907532
0.3519655764102936
0.36538079380989075
0.3561672568321228
0.36218559741973877
0.35279104113578796
0.35020124912261963
0.35284602642059326
0.34884920716285706
0.36367082595825195
0.3359137177467346
0.339902400970459
0.37830373644828796
0.34921225905418396
0.34165048599243164
0.3419420123100281
0.3515368402004242
0.3295341432094574
0.33876001834869385
0.3538973927497864
0.3529469668865204
0.35460132360458374
0.3482080101966858
0.3344252109527588
0.36261439323425293
0.3586396872997284
0.3549394905567169
0.3501981794834137
0.35606929659843445
0.34683001041412354
0.361409991979599
0.33570194244384766
0.356274276971817
0.3542934060096741
0.35148438811302185
0.35217592120170593
0.36160963773727417
0.35241466760635376
0.35515692830085754
0.3611421585083008
0.35952475666999817
0.34241291880607605
0.34492698311805725
0.36687979102134705
0.3435991108417511
0.35959452390670776
0.3475508391857147
0.3539208769798279
0.35111433267593384
0.35157543420791626
0.3615378737449646
0.35461223125457764
0.33515509963035583
0.3752945065498352
0.34453606605529785
0.35574403405189514
0.36178430914878845
0.3397180736064911
0.3701813519001007
0.3403488099575043
0.3507115840911865
0.34814468026161194
0.35064661502838135
0.3438137173652649
0.34468555450439453
0.3462604880332947
0.33274078369140625
0.3695915639400482
0.3434542417526245
0.3409910500049591
0.3578298091888428
0.35706600546836853
0.3423289358615875
0.3495703339576721
0.3406244218349457
0.3575142025947571
0.33441591262817383
0.3382391631603241
0.34496062994003296
0.3298240303993225
0.3606792390346527
0.3563997745513916
0.347699910402298
0.33804598450660706
0.35676178336143494
0.34487518668174744
0.3466934263706207
0.35027262568473816
0.33530834317207336
0.3491745591163635
0.3448290228843689
0.3343662917613983
0.3523668050765991
0.35053926706314087
0.3648873567581177
0.3354215621948242
0.35151195526123047
0.3544086813926697
0.35280361771583557
0.35181280970573425
0.3460806608200073
0.3395407199859619
0.3533695340156555
0.32655277848243713
0.34187301993370056
0.3457736372947693
0.34869837760925293
0.33658814430236816
0.34555891156196594
0.360179603099823
0.35357800126075745
0.3450739085674286
0.36280518770217896
0.3510458171367645
0.34059712290763855
0.33705934882164
0.35097968578338623
0.35708847641944885
0.3436523377895355
0.3482520580291748
0.3485445976257324
0.3332834243774414
0.35278210043907166
0.3491761386394501
0.34810009598731995
0.34797433018684387
0.3407779037952423
0.347885400056839
0.35992106795310974
0.34020134806632996
0.3303688168525696
0.3360471725463867
0.3413310945034027
0.3499508798122406
0.35041874647140503
0.3507460057735443
0.34277933835983276
0.3411208391189575
0.333803653717041
0.3433661460876465
0.3440353572368622
0.3526536226272583
0.34796786308288574
0.33773770928382874
0.338247686624527
0.35462337732315063
0.3421212136745453
0.3618389964103699
0.3404993712902069
0.34474799036979675
0.35861918330192566
0.3405952453613281
0.3483275771141052
0.34019893407821655
0.3352848291397095
0.3461071848869324
0.34649404883384705
0.3483297526836395
0.3529946506023407
0.34274038672447205
0.366378515958786
0.3242088258266449
0.33328789472579956
0.34828507900238037
0.3508889973163605
0.3497222363948822
0.33208897709846497
0.33809590339660645
0.33747732639312744
0.32676824927330017
0.3364470601081848
0.3523351550102234
0.34608080983161926
0.34345918893814087
0.3391045033931732
0.3466013967990875
0.36091434955596924
0.34820738434791565
0.3533404767513275
0.3432064354419708
0.343720942735672
0.35887083411216736
0.32841041684150696
0.33749639987945557
0.35758042335510254
0.35692304372787476
0.35107091069221497
0.3394690155982971
0.34642547369003296
0.3402875065803528
0.34247642755508423
0.35782432556152344
0.365144282579422
0.33174949884414673
0.3464641571044922
0.3332865238189697
0.34068822860717773
0.33347025513648987
0.33958661556243896
0.3245047330856323
0.3431732654571533
0.34984028339385986
0.3439980447292328
0.3488827645778656
0.3425600528717041
0.34399551153182983
0.34393346309661865
0.34103304147720337
0.3395158350467682
0.34194716811180115
0.35032719373703003
0.33351588249206543
0.34215375781059265
0.34383097290992737
0.35333573818206787
0.33471471071243286
0.35795533657073975
0.34038403630256653
0.3490290343761444
0.338041752576828
0.3501558005809784
0.3470332622528076
0.3444820046424866
0.36678799986839294
0.34815022349357605
0.3341430127620697
0.32250717282295227
0.35337352752685547
0.3469378352165222
0.3322695195674896
0.33614587783813477
0.3311610817909241
0.3416327238082886
0.3271821439266205
0.3384913504123688
0.3314366638660431
0.3311403691768646
0.34888923168182373
0.33556339144706726
0.3359522223472595
0.33699506521224976
0.35028892755508423
0.34726589918136597
0.34289467334747314
0.3398851156234741
0.3388797640800476
0.33515945076942444
0.3388291299343109
0.32845476269721985
0.33914971351623535
0.33797726035118103
0.34613221883773804
0.3535843789577484
0.33260154724121094
0.33518174290657043
0.34701719880104065
0.33092930912971497
0.33451181650161743
0.34309327602386475
0.33615389466285706
0.3386000990867615
0.34779977798461914
0.3283978998661041
0.33901122212409973
0.3428722023963928
0.3541117012500763
0.33271536231040955
0.34703052043914795
0.34757179021835327
0.3439294397830963
0.3468025326728821
0.3517453670501709
0.34336909651756287
0.3509475886821747
0.33884912729263306
0.34625816345214844
0.3537844717502594
0.3561207950115204
0.328258216381073
0.3557931184768677
0.3429478406906128
0.3388332724571228
0.3514721095561981
0.33873608708381653
0.3498452305793762
0.35327333211898804
0.34587720036506653
0.3228399157524109
0.3417147397994995
0.34527820348739624
0.3481801748275757
0.3448956310749054
0.3261503279209137
0.33781698346138
0.3475082516670227
0.33451780676841736
0.33915820717811584
0.3344342112541199
0.3361213207244873
0.3306077718734741
0.3357893228530884
0.34577324986457825
0.36135929822921753
0.345793217420578
0.34922027587890625
0.35367026925086975
0.3385351300239563
0.339624285697937
0.3368242383003235
0.33359456062316895
0.34533071517944336
0.35506129264831543
0.33658432960510254
0.34182924032211304
0.3383235037326813
0.33346855640411377
0.3532140552997589
0.35203099250793457
0.34636273980140686
0.34517350792884827
0.34883272647857666
0.33716917037963867
0.3538733422756195
0.35326358675956726
0.34096530079841614
0.3442784249782562
0.3462684452533722
0.3373669683933258
0.3455522060394287
0.3420295715332031
0.35204067826271057
0.34201616048812866
0.34883734583854675
0.3327209949493408
0.3329471945762634
0.33331382274627686
0.3499670624732971
0.347939670085907
0.33718419075012207
0.33485957980155945
0.35524168610572815
0.3475452661514282
0.35314223170280457
0.34628716111183167
0.3296806216239929
0.3431805968284607
0.3338789939880371
0.339796781539917
0.3399423360824585
0.3352481424808502
0.3359191119670868
0.34638187289237976
0.34535157680511475
0.32939407229423523
0.3345373570919037
0.33446770906448364
0.3410727083683014
0.3431139588356018
0.34116390347480774
0.34296655654907227
0.3218535780906677
0.33715173602104187
0.33611905574798584
0.3344869613647461
0.3317946791648865
0.3502258062362671
0.32990649342536926
0.3462802767753601
0.3334349989891052
0.34349876642227173
0.35001063346862793
0.3417286276817322
0.330769419670105
0.32613039016723633
0.35104140639305115
0.34713083505630493
0.3583453297615051
0.34833481907844543
0.3480076491832733
0.3427145481109619
0.33152472972869873
0.34507977962493896
0.3431641757488251
0.34645500779151917
0.345922589302063
