0.5647618770599365
0.5980952382087708
0.5980952382087708
0.6247618794441223
0.654285728931427
0.6761904954910278
0.6952381134033203
0.7057142853736877
0.7219047546386719
0.7314285635948181
0.7304762005805969
0.7638095021247864
0.7428571581840515
0.7523809671401978
0.7695237994194031
0.7685714364051819
0.7866666913032532
0.7885714173316956
0.7876190543174744
0.8161904811859131
0.7952380776405334
0.8047618865966797
0.8209523558616638
0.8380952477455139
0.8247619271278381
0.8209523558616638
0.8190476298332214
0.8390476107597351
0.8390476107597351
0.8266666531562805
0.8561905026435852
0.846666693687439
0.8476190567016602
0.8504762053489685
0.845714271068573
0.8666666746139526
0.8600000143051147
0.8552380800247192
0.8552380800247192
0.8638095259666443
0.8495237827301025
0.8580952286720276
0.8638095259666443
0.8790476322174072
0.8657143115997314
0.8704761862754822
0.8799999952316284
0.8676190376281738
0.8866666555404663
0.8771428465843201
0.8819047808647156
0.8809523582458496
0.8809523582458496
0.8780952095985413
0.8847619295120239
0.883809506893158
0.8809523582458496
0.8895238041877747
0.8780952095985413
0.8904761672019958
0.8876190185546875
0.8876190185546875
0.892380952835083
0.8942857384681702
0.8914285898208618
0.8933333158493042
0.9028571248054504
0.8895238041877747
0.8971428275108337
0.8933333158493042
0.907619059085846
0.8990476131439209
0.8990476131439209
0.8971428275108337
0.9095237851142883
0.9133333563804626
0.8961904644966125
0.9104762077331543
0.9133333563804626
0.9066666960716248
0.9038095474243164
0.9066666960716248
0.9104762077331543
0.9038095474243164
0.9066666960716248
0.915238082408905
0.9123809337615967
0.9123809337615967
0.9142857193946838
0.907619059085846
0.8999999761581421
0.9133333563804626
0.9104762077331543
0.9171428680419922
0.9190475940704346
0.9104762077331543
0.9190475940704346
0.9123809337615967
0.9057142734527588
0.9238095283508301
0.9066666960716248
0.9095237851142883
0.915238082408905
0.9123809337615967
0.9190475940704346
0.916190505027771
0.9142857193946838
0.9209523797035217
0.9228571653366089
0.9228571653366089
0.9285714030265808
0.9095237851142883
0.916190505027771
0.9104762077331543
0.9104762077331543
0.9133333563804626
0.9190475940704346
0.915238082408905
0.9266666769981384
0.9247618913650513
0.9247618913650513
0.9171428680419922
0.9276190400123596
0.9228571653366089
0.9333333373069763
0.9209523797035217
0.9180952310562134
0.9209523797035217
0.9238095283508301
0.9238095283508301
0.9257143139839172
0.9247618913650513
0.9228571653366089
0.9180952310562134
0.9276190400123596
0.9323809742927551
0.9219047427177429
0.9295238256454468
0.9257143139839172
0.9285714030265808
0.9314285516738892
0.9314285516738892
0.9371428489685059
0.9323809742927551
0.9276190400123596
0.9314285516738892
0.9323809742927551
0.9285714030265808
0.9266666769981384
0.9285714030265808
0.9314285516738892
0.9342857003211975
0.930476188659668
0.9276190400123596
0.9342857003211975
0.9266666769981384
0.9228571653366089
0.9238095283508301
0.9276190400123596
0.9352381229400635
0.9399999976158142
0.9295238256454468
0.9352381229400635
0.9399999976158142
0.9257143139839172
0.9399999976158142
0.938095211982727
0.938095211982727
0.938095211982727
0.9352381229400635
0.930476188659668
0.9314285516738892
0.930476188659668
0.938095211982727
0.9333333373069763
0.9352381229400635
0.9361904859542847
0.9428571462631226
0.9419047832489014
0.939047634601593
0.9333333373069763
0.938095211982727
0.9428571462631226
0.9276190400123596
0.9342857003211975
0.9466666579246521
0.9333333373069763
0.930476188659668
0.9352381229400635
0.9428571462631226
0.9333333373069763
0.9352381229400635
0.9342857003211975
0.9419047832489014
0.9371428489685059
0.9476190209388733
0.9428571462631226
0.9342857003211975
0.938095211982727
0.9409523606300354
0.939047634601593
0.9399999976158142
0.9447619318962097
0.938095211982727
0.9371428489685059
0.9409523606300354
0.9399999976158142
0.9447619318962097
0.9371428489685059
0.938095211982727
0.9504761695861816
0.9438095092773438
0.9371428489685059
0.9428571462631226
0.9447619318962097
0.938095211982727
0.9419047832489014
0.9438095092773438
0.9485714435577393
0.9428571462631226
0.9428571462631226
0.9323809742927551
0.9409523606300354
0.9352381229400635
0.9485714435577393
0.9485714435577393
0.9438095092773438
0.9476190209388733
0.9371428489685059
0.9419047832489014
0.9371428489685059
0.9447619318962097
0.9438095092773438
0.938095211982727
0.938095211982727
0.9476190209388733
0.9438095092773438
0.9457142949104309
0.939047634601593
0.9485714435577393
0.9409523606300354
0.9457142949104309
0.9428571462631226
0.9419047832489014
0.939047634601593
0.9314285516738892
0.9428571462631226
0.9352381229400635
0.9409523606300354
0.9438095092773438
0.9438095092773438
0.9476190209388733
0.9333333373069763
0.9504761695861816
0.9504761695861816
0.9504761695861816
0.9495238065719604
0.9361904859542847
0.9457142949104309
0.9476190209388733
0.9438095092773438
0.9457142949104309
0.9447619318962097
0.9409523606300354
0.9399999976158142
0.9447619318962097
0.9485714435577393
0.9457142949104309
0.9495238065719604
0.9514285922050476
0.9514285922050476
0.9438095092773438
0.9447619318962097
0.9485714435577393
0.9447619318962097
0.9428571462631226
0.9447619318962097
0.9428571462631226
0.9428571462631226
0.9495238065719604
0.9409523606300354
0.9485714435577393
0.9514285922050476
0.9514285922050476
0.9457142949104309
0.9438095092773438
0.9447619318962097
0.9438095092773438
0.9485714435577393
0.9399999976158142
0.95333331823349
0.9485714435577393
0.9485714435577393
0.9552381038665771
0.9466666579246521
0.9447619318962097
0.9504761695861816
0.9457142949104309
0.9495238065719604
0.9495238065719604
0.9476190209388733
0.9447619318962097
0.9552381038665771
0.9476190209388733
0.9485714435577393
0.9419047832489014
0.9428571462631226
0.95333331823349
0.9428571462631226
0.9495238065719604
0.9485714435577393
0.9466666579246521
0.9371428489685059
0.9476190209388733
0.9485714435577393
0.9504761695861816
0.9447619318962097
0.9371428489685059
0.9523809552192688
0.9399999976158142
0.9485714435577393
0.9523809552192688
0.9523809552192688
0.9409523606300354
0.9466666579246521
0.9523809552192688
0.9466666579246521
0.9466666579246521
0.9476190209388733
0.9457142949104309
0.939047634601593
0.9466666579246521
0.9419047832489014
0.9514285922050476
0.9476190209388733
0.9504761695861816
0.9523809552192688
0.9476190209388733
0.9466666579246521
0.9485714435577393
0.9476190209388733
0.9485714435577393
0.9447619318962097
0.9523809552192688
0.9466666579246521
0.9561904668807983
0.9438095092773438
0.9495238065719604
0.9514285922050476
0.9495238065719604
0.9523809552192688
0.9476190209388733
0.9514285922050476
0.9561904668807983
0.9476190209388733
0.9523809552192688
0.9485714435577393
0.9419047832489014
0.9457142949104309
0.9457142949104309
0.9476190209388733
0.9457142949104309
0.9466666579246521
0.9476190209388733
0.9438095092773438
0.95333331823349
0.9504761695861816
0.9571428298950195
0.9514285922050476
0.9466666579246521
0.9523809552192688
0.9523809552192688
0.9514285922050476
0.9504761695861816
0.9466666579246521
0.9485714435577393
0.9485714435577393
0.9523809552192688
0.9314285516738892
0.9504761695861816
0.9514285922050476
0.9485714435577393
0.9495238065719604
0.9514285922050476
0.9561904668807983
0.9504761695861816
0.9495238065719604
0.95333331823349
0.9552381038665771
0.9504761695861816
0.9552381038665771
0.9552381038665771
0.9561904668807983
0.95333331823349
0.9571428298950195
0.9457142949104309
0.954285740852356
0.9561904668807983
0.9504761695861816
0.9495238065719604
0.9523809552192688
0.9476190209388733
0.9476190209388733
0.9514285922050476
0.9561904668807983
0.9514285922050476
0.9466666579246521
0.9466666579246521
0.9485714435577393
0.9371428489685059
0.9438095092773438
0.9495238065719604
0.95333331823349
0.9466666579246521
0.9495238065719604
0.9561904668807983
0.9523809552192688
0.9523809552192688
0.9447619318962097
0.9523809552192688
0.9495238065719604
0.9457142949104309
0.9476190209388733
0.9561904668807983
0.9523809552192688
0.9495238065719604
0.9514285922050476
0.9514285922050476
0.9504761695861816
0.9485714435577393
0.9561904668807983
0.9523809552192688
0.9504761695861816
0.9485714435577393
0.9476190209388733
0.9514285922050476
0.9495238065719604
0.9495238065719604
0.9523809552192688
0.95333331823349
0.9485714435577393
0.95333331823349
0.9514285922050476
0.9514285922050476
0.9495238065719604
0.95333331823349
0.9438095092773438
0.9504761695861816
0.9438095092773438
0.9495238065719604
0.9552381038665771
0.9409523606300354
0.9428571462631226
0.9552381038665771
0.9466666579246521
0.9523809552192688
0.9571428298950195
0.9457142949104309
0.9590476155281067
0.9514285922050476
0.954285740852356
0.9514285922050476
0.9514285922050476
0.954285740852356
0.9552381038665771
0.9523809552192688
0.9504761695861816
0.9476190209388733
0.9495238065719604
0.9580952525138855
0.9561904668807983
0.9504761695861816
0.9590476155281067
0.9457142949104309
0.9476190209388733
0.9495238065719604
0.95333331823349
0.9523809552192688
0.9599999785423279
0.9523809552192688
0.9514285922050476
0.9485714435577393
0.9552381038665771
0.9514285922050476
0.9514285922050476
0.9504761695861816
0.954285740852356
0.954285740852356
0.9514285922050476
0.9457142949104309
0.954285740852356
0.9457142949104309
0.954285740852356
0.9523809552192688
0.9504761695861816
0.954285740852356
0.9599999785423279
0.95333331823349
0.9552381038665771
0.9580952525138855
0.9580952525138855
0.9523809552192688
0.9457142949104309
0.9466666579246521
0.9552381038665771
0.9504761695861816
0.9466666579246521
0.954285740852356
0.95333331823349
0.954285740852356
0.9552381038665771
0.9523809552192688
0.9485714435577393
0.9438095092773438
0.9561904668807983
0.9523809552192688
0.9523809552192688
0.95333331823349
0.9485714435577393
0.9514285922050476
0.9466666579246521
0.9599999785423279
0.9552381038665771
0.9514285922050476
0.9561904668807983
0.954285740852356
0.9561904668807983
0.9428571462631226
0.9504761695861816
0.9571428298950195
0.9561904668807983
0.9495238065719604
0.9514285922050476
0.9504761695861816
0.9504761695861816
0.9504761695861816
0.9485714435577393
0.9628571271896362
0.9485714435577393
0.9495238065719604
0.95333331823349
0.9495238065719604
0.9504761695861816
0.95333331823349
0.9485714435577393
0.95333331823349
0.9485714435577393
0.9552381038665771
0.95333331823349
0.9580952525138855
0.9514285922050476
0.9580952525138855
0.9476190209388733
0.9580952525138855
0.9495238065719604
0.95333331823349
0.9485714435577393
0.9457142949104309
0.9457142949104309
0.9514285922050476
0.9504761695861816
0.9447619318962097
0.961904764175415
0.9476190209388733
0.954285740852356
0.9571428298950195
0.9457142949104309
0.9590476155281067
0.9523809552192688
0.954285740852356
0.9514285922050476
0.954285740852356
0.9580952525138855
0.95333331823349
0.9495238065719604
0.954285740852356
0.9561904668807983
0.9523809552192688
0.95333331823349
0.9457142949104309
0.9552381038665771
0.9552381038665771
0.9504761695861816
0.9590476155281067
0.9504761695861816
0.9523809552192688
0.9514285922050476
0.9523809552192688
0.9476190209388733
0.9523809552192688
0.9561904668807983
0.9609524011611938
0.95333331823349
0.9552381038665771
0.95333331823349
0.9552381038665771
0.9485714435577393
0.9466666579246521
0.954285740852356
0.95333331823349
0.9523809552192688
0.9514285922050476
0.9514285922050476
0.9523809552192688
