0.7750062346458435
0.6962460279464722
0.6656967401504517
0.6662212014198303
0.6542636156082153
0.6384217739105225
0.6278502345085144
0.6052544116973877
0.5800991058349609
0.5710867643356323
0.5394468307495117
0.5250974893569946
0.5333559513092041
0.4912802278995514
0.49924880266189575
0.45079749822616577
0.47306904196739197
0.45259812474250793
0.4524801969528198
0.424599289894104
0.42349860072135925
0.4267992079257965
0.4118611812591553
0.4206444025039673
0.4167707562446594
0.38009944558143616
0.3957671523094177
0.3951139748096466
0.36074167490005493
0.38417795300483704
0.3622879981994629
0.3825492858886719
0.3543701171875
0.37467366456985474
0.3504990041255951
0.3522031307220459
0.3413149416446686
0.3477466404438019
0.33958423137664795
0.33820676803588867
0.34081122279167175
0.33323290944099426
0.326042503118515
0.31867310404777527
0.3257873058319092
0.32336944341659546
0.32301437854766846
0.3144073188304901
0.3046601414680481
0.32012495398521423
0.2937416732311249
0.31622233986854553
0.30129241943359375
0.3142549395561218
0.30923184752464294
0.3124888837337494
0.321747362613678
0.2935413420200348
0.282034695148468
0.26848119497299194
0.2825184762477875
0.28379538655281067
0.2908238470554352
0.2835988998413086
0.28249868750572205
0.28186503052711487
0.2706684172153473
0.27650028467178345
0.2745015323162079
0.28123024106025696
0.2586756646633148
0.27183982729911804
0.2803696393966675
0.26909446716308594
0.26984915137290955
0.2598106265068054
0.26226094365119934
0.26137858629226685
0.23461884260177612
0.27017465233802795
0.24524974822998047
0.2697267234325409
0.2634844481945038
0.24885834753513336
0.27682527899742126
0.24964581429958344
0.26001664996147156
0.24314305186271667
0.2681839168071747
0.26093441247940063
0.2530360221862793
0.24330544471740723
0.23343710601329803
0.23504780232906342
0.2604157626628876
0.2377787083387375
0.25070515275001526
0.2286946028470993
0.20757143199443817
0.2536599338054657
0.24990461766719818
0.23586595058441162
0.24770818650722504
0.22120603919029236
0.22404417395591736
0.2420693188905716
0.23949174582958221
0.2428554743528366
0.24385300278663635
0.22899332642555237
0.22400502860546112
0.22544348239898682
0.22702008485794067
0.2333890199661255
0.22985607385635376
0.22118034958839417
0.2175605595111847
0.21813525259494781
0.22728973627090454
0.2058616280555725
0.2220274955034256
0.22691720724105835
0.22526760399341583
0.22974097728729248
0.22708375751972198
0.21435950696468353
0.22785072028636932
0.22823844850063324
0.22267396748065948
0.219613179564476
0.21967428922653198
0.21560673415660858
0.21595583856105804
0.2301439791917801
0.221760556101799
0.22045446932315826
0.20349758863449097
0.21815989911556244
0.20351463556289673
0.222173273563385
0.19505181908607483
0.19336235523223877
0.21334689855575562
0.21535493433475494
0.21239928901195526
0.2038034051656723
0.20429269969463348
0.2065315991640091
0.2070860117673874
0.21183520555496216
0.20745494961738586
0.20403166115283966
0.1967800259590149
0.2239338606595993
0.1924479752779007
0.20024508237838745
0.20453445613384247
0.19212383031845093
0.19351471960544586
0.20642349123954773
0.197511225938797
0.20707553625106812
0.20698194205760956
0.19269713759422302
0.18737314641475677
0.18771785497665405
0.18492169678211212
0.19357401132583618
0.18576550483703613
0.19439435005187988
0.1859402358531952
0.17893236875534058
0.20151478052139282
0.18283270299434662
0.19482286274433136
0.19037537276744843
0.19118915498256683
0.18176047503948212
0.20633317530155182
0.18031805753707886
0.18390078842639923
0.20027212798595428
0.18727746605873108
0.19285321235656738
0.1686684787273407
0.1800173670053482
0.18388259410858154
0.20046325027942657
0.1951291561126709
0.18777799606323242
0.18848708271980286
0.17784810066223145
0.19545584917068481
0.1746242344379425
0.2005792260169983
0.18695563077926636
0.1732400804758072
0.19390767812728882
0.17685078084468842
0.16818450391292572
0.16761916875839233
0.18969227373600006
0.18433721363544464
0.18932227790355682
0.18435759842395782
0.18762564659118652
0.1879987120628357
0.17612838745117188
0.17146730422973633
0.1625753939151764
0.18779626488685608
0.16540293395519257
0.1791846603155136
0.16907155513763428
0.16855105757713318
0.1790747195482254
0.1776513308286667
0.16827155649662018
0.17329667508602142
0.17935995757579803
0.1700180321931839
0.16945978999137878
0.18270628154277802
0.1695115864276886
0.1877417415380478
0.19431662559509277
0.18181565403938293
0.1819496750831604
0.16434930264949799
0.18564341962337494
0.16970498859882355
0.1884831190109253
0.18342509865760803
0.17599701881408691
0.18154968321323395
0.17057940363883972
0.1803569346666336
0.17022700607776642
0.1786051243543625
0.17823468148708344
0.17358431220054626
0.17696410417556763
0.17794528603553772
0.15192930400371552
0.1595601737499237
0.16893857717514038
0.1791740357875824
0.17365211248397827
0.17101706564426422
0.1576194167137146
0.15065152943134308
0.1904929131269455
0.1731996238231659
0.17733868956565857
0.16642197966575623
0.16975867748260498
0.1743966042995453
0.1769423633813858
0.1562354862689972
0.16077835857868195
0.15832462906837463
0.16422879695892334
0.15909606218338013
0.157369926571846
0.1598341315984726
0.16838258504867554
0.15751957893371582
0.18079371750354767
0.1639135181903839
0.1748242825269699
0.15464305877685547
0.16634052991867065
0.1731225550174713
0.1540747433900833
0.16701197624206543
0.17655420303344727
0.14911262691020966
0.16177427768707275
0.17260700464248657
0.1544881910085678
0.147476926445961
0.15152981877326965
0.1641763299703598
0.16055633127689362
0.1669020652770996
0.16179989278316498
0.18210667371749878
0.16942571103572845
0.16371163725852966
0.16700226068496704
0.15591488778591156
0.17460694909095764
0.15304704010486603
0.1543411910533905
0.16334839165210724
0.1664419323205948
0.15376657247543335
0.15566705167293549
0.1650262176990509
0.13948644697666168
0.1595461219549179
0.15281397104263306
0.16370660066604614
0.15911374986171722
0.14604277908802032
0.16756869852542877
0.161409392952919
0.1769477128982544
0.15774904191493988
0.1506156623363495
0.15123963356018066
0.1584792584180832
0.13726402819156647
0.1378294974565506
0.14679832756519318
0.14655868709087372
0.15103209018707275
0.1567629873752594
0.15575096011161804
0.16234804689884186
0.15409308671951294
0.15173311531543732
0.1421520709991455
0.1528412103652954
0.15685470402240753
0.1531679332256317
0.1604667603969574
0.15895496308803558
0.15247783064842224
0.17265383899211884
0.15655945241451263
0.1684066653251648
0.1502821445465088
0.1388988345861435
0.14836636185646057
0.16657304763793945
0.13229155540466309
0.15188118815422058
0.15242451429367065
0.1481146663427353
0.1614478975534439
0.14588700234889984
0.15883608162403107
0.15504412353038788
0.1577109545469284
0.14703169465065002
0.16970810294151306
0.17142952978610992
0.15813356637954712
0.16251876950263977
0.15644477307796478
0.15657368302345276
0.1464007943868637
0.17946060001850128
0.14657807350158691
0.1484614908695221
0.13869425654411316
0.15338560938835144
0.16208000481128693
0.15027675032615662
0.16498523950576782
0.14256994426250458
0.14627045392990112
0.16163045167922974
0.15192270278930664
0.14773492515087128
0.1471114158630371
0.14241154491901398
0.161214679479599
0.1494624763727188
0.14786577224731445
0.16080574691295624
0.1335059553384781
0.15212494134902954
0.1511317789554596
0.17892268300056458
0.1424940824508667
0.1467679888010025
0.15535131096839905
0.15404272079467773
0.158735990524292
0.16610033810138702
0.15532319247722626
0.15406587719917297
0.1431441307067871
0.15842795372009277
0.14660964906215668
0.142234206199646
0.14464370906352997
0.1590254306793213
0.15563149750232697
0.15484386682510376
0.1571311205625534
0.15041908621788025
0.14108601212501526
0.15042129158973694
0.1728515625
0.15258164703845978
0.14464432001113892
0.13956792652606964
0.1584162712097168
0.17124511301517487
0.1397877335548401
0.14122407138347626
0.14151018857955933
0.15317212045192719
0.15088705718517303
0.150098517537117
0.1522597223520279
0.15298818051815033
0.1554478406906128
0.15724271535873413
0.14311742782592773
0.1412336528301239
0.15274564921855927
0.15591156482696533
0.13735519349575043
0.15317998826503754
0.14322562515735626
0.1693139374256134
0.13709427416324615
0.141012042760849
0.1459275186061859
0.13854096829891205
0.13956362009048462
0.14231014251708984
0.1385599970817566
0.14403469860553741
0.156250461935997
0.1602247655391693
0.14889097213745117
0.13971677422523499
0.15122877061367035
0.15171673893928528
0.1618659943342209
0.14226268231868744
0.1253795176744461
0.14383098483085632
0.1420907825231552
0.13420099020004272
0.13975436985492706
0.13303585350513458
0.16480176150798798
0.1534685343503952
0.14618487656116486
0.1513921320438385
0.1585892140865326
0.14240936934947968
0.1686175912618637
0.1458648145198822
0.14863760769367218
0.1411038041114807
0.1639930009841919
0.14538687467575073
0.15097281336784363
0.1394658237695694
0.13492847979068756
0.14816129207611084
0.1692683845758438
0.1462559700012207
0.13791339099407196
0.1425710916519165
0.14486639201641083
0.1398381143808365
0.1382092833518982
0.14207576215267181
0.13861607015132904
0.14729268848896027
0.14469224214553833
0.13910935819149017
0.1570933610200882
0.13735678791999817
0.1546267718076706
0.14624008536338806
0.15516358613967896
0.14168573915958405
0.13732294738292694
0.15126946568489075
0.12279091775417328
0.15907663106918335
0.1555488556623459
0.14110703766345978
0.13586661219596863
0.14699786901474
0.14971300959587097
0.1421080082654953
0.13594450056552887
0.14576800167560577
0.14393441379070282
0.12914861738681793
0.15182523429393768
0.14319154620170593
0.16181203722953796
0.1408160775899887
0.14025922119617462
0.14652781188488007
0.14212827384471893
0.1484774798154831
0.13667726516723633
0.1552571952342987
0.173765629529953
0.14554902911186218
0.15859520435333252
0.15311259031295776
0.1499725580215454
0.14817041158676147
0.16120624542236328
0.1318206489086151
0.15207432210445404
0.1317163109779358
0.13550227880477905
0.14207971096038818
0.14228388667106628
0.14255566895008087
0.1376098245382309
0.13996125757694244
0.14314831793308258
0.134796604514122
0.14989657700061798
0.1224910318851471
0.14312094449996948
0.13186262547969818
0.13799351453781128
0.12436984479427338
0.1389322131872177
0.14726825058460236
0.1582004278898239
0.14201243221759796
0.14284054934978485
0.1351434737443924
0.13841214776039124
0.1512942910194397
0.13469691574573517
0.15065690875053406
0.1325618326663971
0.14801125228405
0.154697984457016
0.14757181704044342
0.12986870110034943
0.13176687061786652
0.14595678448677063
0.153797447681427
0.15053707361221313
0.13075672090053558
0.13690334558486938
0.15213817358016968
0.1639351099729538
0.14344967901706696
0.14678741991519928
0.14632390439510345
0.14624695479869843
0.1479700207710266
0.14741837978363037
0.15292681753635406
0.13346469402313232
0.14832481741905212
0.15317481756210327
0.14194467663764954
0.12898950278759003
0.14028231799602509
0.1485361009836197
0.13961857557296753
0.1636761724948883
0.13510406017303467
0.13890144228935242
0.14165499806404114
0.13196013867855072
0.13079208135604858
0.15093210339546204
0.14162318408489227
0.14274369180202484
0.15190856158733368
0.14197851717472076
0.1412774622440338
0.13857890665531158
0.14275990426540375
0.1331975907087326
0.1578143835067749
0.14119283854961395
0.12188999354839325
0.140347421169281
0.1315803974866867
0.15202109515666962
0.14619538187980652
0.1396930068731308
0.1398879885673523
0.13933205604553223
0.14684957265853882
0.14395040273666382
0.14108197391033173
0.14698176085948944
0.15494273602962494
0.1603321135044098
0.1459912806749344
0.1458040177822113
0.1482929289340973
0.13789571821689606
0.16390852630138397
0.13265414535999298
0.14882996678352356
0.13605409860610962
0.14016422629356384
0.13126902282238007
