0.7027455568313599
0.6822555661201477
0.6697034239768982
0.6417275667190552
0.6357071995735168
0.6073577404022217
0.5976765751838684
0.5857127904891968
0.5652696490287781
0.5443878173828125
0.5286792516708374
0.5137418508529663
0.48704344034194946
0.48517733812332153
0.4676456153392792
0.4520268738269806
0.4439834654331207
0.4361102879047394
0.4212533235549927
0.41948288679122925
0.4155251681804657
0.41045159101486206
0.4028530418872833
0.3920017182826996
0.3997032046318054
0.3996315896511078
0.3913131058216095
0.38358399271965027
0.37997007369995117
0.3921414613723755
0.3755035102367401
0.3828362226486206
0.37645313143730164
0.3745470643043518
0.3736990690231323
0.36520713567733765
0.3780147135257721
0.36019808053970337
0.35779160261154175
0.3589687943458557
0.36219578981399536
0.3563030958175659
0.3607378304004669
0.3593614995479584
0.3530460596084595
0.35745832324028015
0.35901734232902527
0.3415261209011078
0.34955549240112305
0.35842975974082947
0.35392677783966064
0.3545854985713959
0.3441965878009796
0.3475096821784973
0.3508044183254242
0.34135356545448303
0.3425789773464203
0.34231990575790405
0.3431927561759949
0.3396071791648865
0.33716103434562683
0.3342334032058716
0.33024394512176514
0.3268643617630005
0.320803701877594
0.33587878942489624
0.32307693362236023
0.31973782181739807
0.32014161348342896
0.3198443651199341
0.3082451820373535
0.3219740390777588
0.3228570818901062
0.32687532901763916
0.32784104347229004
0.3176175355911255
0.3230951130390167
0.3129217028617859
0.3266895115375519
0.32606884837150574
0.31602439284324646
0.3245093524456024
0.3091660737991333
0.3134750425815582
0.31062719225883484
0.31414952874183655
0.3147116005420685
0.31711140275001526
0.3156081438064575
0.3027583062648773
0.3088063597679138
0.3097390830516815
0.301626980304718
0.3044162094593048
0.30985456705093384
0.3112872540950775
0.30884942412376404
0.3017394542694092
0.30747103691101074
0.2994314730167389
0.29700976610183716
0.3038642704486847
0.2995569705963135
0.2976663112640381
0.2988799214363098
0.30414095520973206
0.2965351939201355
0.28779661655426025
0.2980169355869293
0.2978871166706085
0.29654234647750854
0.28754740953445435
0.29641127586364746
0.28809577226638794
0.29123935103416443
0.29372191429138184
0.29159486293792725
0.286225289106369
0.2941299378871918
0.2884792983531952
0.2832258939743042
0.27947932481765747
0.28433841466903687
0.2914661169052124
0.28682273626327515
0.2832876443862915
0.28063052892684937
0.27645814418792725
0.26876890659332275
0.29017174243927
0.2904726266860962
0.2813473343849182
0.27804696559906006
0.2820248603820801
0.28500962257385254
0.2803550362586975
0.2704348564147949
0.27574002742767334
0.27837708592414856
0.27077925205230713
0.2840111553668976
0.27577242255210876
0.27361270785331726
0.2731923758983612
0.27640408277511597
0.2759642004966736
0.2828149199485779
0.2744390070438385
0.27266600728034973
0.2726767659187317
0.2786358594894409
0.2757346034049988
0.27723774313926697
0.2627273201942444
0.27072617411613464
0.2704945206642151
0.27429911494255066
0.2732331156730652
0.27116894721984863
0.279388427734375
0.2734227478504181
0.27657103538513184
0.2722596526145935
0.2613675892353058
0.2686471939086914
0.2600225806236267
0.27371010184288025
0.2604362666606903
0.2658925950527191
0.27240896224975586
0.26890283823013306
0.26676949858665466
0.26768502593040466
0.2663758397102356
0.27285122871398926
0.2617155611515045
0.2573324143886566
0.2612093687057495
0.26253390312194824
0.2658176124095917
0.2681170701980591
0.2536945044994354
0.2588476538658142
0.2636861205101013
0.26182451844215393
0.26810699701309204
0.2648294270038605
0.25715193152427673
0.2564994990825653
0.25902947783470154
0.2628803849220276
0.26470044255256653
0.2687337100505829
0.25862810015678406
0.25636500120162964
0.25656336545944214
0.25802838802337646
0.26045703887939453
0.2568950653076172
0.25904396176338196
0.2633271813392639
0.24999547004699707
0.25912943482398987
0.2589905261993408
0.2595525085926056
0.25733307003974915
0.25606173276901245
0.2497643679380417
0.259957492351532
0.2547611594200134
0.2598647475242615
0.25649651885032654
0.25774282217025757
0.2613489627838135
0.255382239818573
0.26723161339759827
0.254048615694046
0.25171807408332825
0.2580795884132385
0.2507457435131073
0.25141942501068115
0.2506604492664337
0.2572440505027771
0.25303560495376587
0.26538825035095215
0.25468695163726807
0.25041455030441284
0.2533617615699768
0.24068647623062134
0.24451294541358948
0.2560963034629822
0.25264424085617065
0.25272369384765625
0.25648942589759827
0.25673311948776245
0.25139114260673523
0.25446322560310364
0.24891744554042816
0.25447091460227966
0.24991123378276825
0.24924758076667786
0.25083857774734497
0.2546192407608032
0.2542189359664917
0.248008593916893
0.2514154016971588
0.25127527117729187
0.2599810063838959
0.2512695789337158
0.24672801792621613
0.24737505614757538
0.24740801751613617
0.2545486092567444
0.24815072119235992
0.24756300449371338
0.24655365943908691
0.24568931758403778
0.25771501660346985
0.24666376411914825
0.26473209261894226
0.23860915005207062
0.25128236413002014
0.250142365694046
0.25064414739608765
0.24736462533473969
0.2586066722869873
0.2464633285999298
0.2519839107990265
0.25236159563064575
0.2415248453617096
0.24910086393356323
0.24678896367549896
0.2423156499862671
0.2588156461715698
0.24894161522388458
0.24655316770076752
0.24893677234649658
0.24576029181480408
0.24649524688720703
0.2347632199525833
0.24438247084617615
0.2517436444759369
0.24848191440105438
0.24036453664302826
0.2431441992521286
0.247611865401268
0.24858175218105316
0.2526448667049408
0.2478749305009842
0.24715259671211243
0.24916556477546692
0.24345234036445618
0.24891038239002228
0.24639984965324402
0.2532500624656677
0.24443966150283813
0.2489890307188034
0.23245283961296082
0.2495952844619751
0.24580880999565125
0.240426704287529
0.24691545963287354
0.24429722130298615
0.24324898421764374
0.24496664106845856
0.23652733862400055
0.24073216319084167
0.24551716446876526
0.24386511743068695
0.24499715864658356
0.25378695130348206
0.2510310411453247
0.2535165250301361
0.24185596406459808
0.2372555434703827
0.24134202301502228
0.24964748322963715
0.2377253919839859
0.2392689734697342
0.2518512010574341
0.23910102248191833
0.24517443776130676
0.24355006217956543
0.2481030821800232
0.24071618914604187
0.23201541602611542
0.24844828248023987
0.24978742003440857
0.2346675843000412
0.2364840805530548
0.24775078892707825
0.24317054450511932
0.25362709164619446
0.24338026344776154
0.24974121153354645
0.2320893555879593
0.24833641946315765
0.24602586030960083
0.24074429273605347
0.24917957186698914
0.24428260326385498
0.24035997688770294
0.2362501472234726
0.24011728167533875
0.241148442029953
0.25048115849494934
0.23527321219444275
0.24487946927547455
0.2497919797897339
0.2441152185201645
0.24396684765815735
0.23572462797164917
0.24555803835391998
0.24430397152900696
0.23649202287197113
0.2453492134809494
0.24556057155132294
0.23348426818847656
0.24233569204807281
0.23655639588832855
0.24433928728103638
0.23554956912994385
0.24296028912067413
0.235488623380661
0.23986899852752686
0.24183610081672668
0.24417851865291595
0.2418818473815918
0.24296174943447113
0.23839068412780762
0.2364618480205536
0.24931524693965912
0.2416859269142151
0.24416352808475494
0.23921504616737366
0.24143347144126892
0.24324876070022583
0.24376757442951202
0.23968489468097687
0.24223215878009796
0.24791881442070007
0.2406330108642578
0.24728652834892273
0.2395370602607727
0.23538149893283844
0.233383908867836
0.23984408378601074
0.24007615447044373
0.23393560945987701
0.23881401121616364
0.23698417842388153
0.23977351188659668
0.25831300020217896
0.23713436722755432
0.2487712800502777
0.2374241203069687
0.24281200766563416
0.24116738140583038
0.239908829331398
0.2388322502374649
0.2365659922361374
0.2458341419696808
0.2406521737575531
0.2483600676059723
0.24237418174743652
0.2467595785856247
0.23977972567081451
0.24254962801933289
0.2353491634130478
0.23169811069965363
0.23169253766536713
0.24303999543190002
0.24170388281345367
0.23259669542312622
0.24392706155776978
0.23918454349040985
0.23137567937374115
0.23679018020629883
0.23868153989315033
0.24200354516506195
0.22924569249153137
0.23880721628665924
0.2479785978794098
0.24489139020442963
0.24176181852817535
0.2370520830154419
0.24211947619915009
0.23704715073108673
0.24563699960708618
0.24392595887184143
0.2417805790901184
0.24087783694267273
0.23695485293865204
0.24897634983062744
0.23570729792118073
0.23275130987167358
0.23763877153396606
0.23548197746276855
0.23504862189292908
0.24967271089553833
0.23604920506477356
0.23450514674186707
0.23790940642356873
0.24414971470832825
0.2372225970029831
0.2368742972612381
0.24025243520736694
0.23046468198299408
0.2402402013540268
0.2386387586593628
0.22842885553836823
0.2399909347295761
0.24049606919288635
0.25502923130989075
0.24993474781513214
0.24465832114219666
0.24650603532791138
0.2342110425233841
0.2448977530002594
0.23351965844631195
0.23497574031352997
0.2436867356300354
0.24250724911689758
0.23824551701545715
0.23423252999782562
0.23679395020008087
0.24438714981079102
0.23131027817726135
0.24183599650859833
0.24298949539661407
0.24113596975803375
0.2425975501537323
0.24634318053722382
0.2360210418701172
0.24215026199817657
0.2234536111354828
0.24485500156879425
0.2480335384607315
0.23750898241996765
0.23857226967811584
0.23829860985279083
0.2436346709728241
0.23538391292095184
0.23891416192054749
0.24701936542987823
0.2458934634923935
0.2425176203250885
0.22989624738693237
0.23975831270217896
0.2383459508419037
0.24596551060676575
0.23692138493061066
0.23925603926181793
0.22602729499340057
0.24089810252189636
0.23465313017368317
0.24166831374168396
0.23405982553958893
0.24105440080165863
0.2367163449525833
0.23912681639194489
0.2302200049161911
0.23630742728710175
0.23469731211662292
0.23497594892978668
0.2343849092721939
0.24243050813674927
0.24037505686283112
0.2429341822862625
0.23855780065059662
0.24650029838085175
0.23799628019332886
0.23979882895946503
0.2338487207889557
0.243196040391922
0.24355286359786987
0.23478004336357117
0.23818936944007874
0.24047842621803284
0.2315150499343872
0.2490842342376709
0.24103829264640808
0.23300771415233612
0.2524968087673187
0.24462972581386566
0.2445661872625351
0.2456895262002945
0.23878712952136993
0.24220827221870422
0.2478572577238083
0.2357122153043747
0.23334208130836487
0.24195656180381775
0.24708716571331024
0.24126607179641724
0.24234086275100708
0.23700688779354095
0.23212125897407532
0.24509024620056152
0.2459031492471695
0.24265600740909576
0.23855972290039062
0.23639656603336334
0.24062463641166687
0.22822226583957672
0.22880055010318756
0.23617057502269745
0.23306642472743988
0.2325322926044464
0.24555189907550812
0.23317837715148926
0.2422710657119751
0.23902122676372528
0.23054392635822296
0.2337838113307953
0.2367272526025772
0.24203026294708252
0.23572257161140442
0.24461407959461212
0.2360338270664215
0.23709245026111603
0.24192816019058228
0.23293989896774292
0.23785044252872467
0.22828015685081482
0.24446405470371246
0.24878831207752228
0.23704782128334045
0.23501257598400116
0.24653244018554688
0.23528948426246643
0.23353798687458038
0.23706211149692535
0.2385040521621704
0.2372015118598938
0.2327115833759308
0.24402128159999847
0.24305637180805206
0.24072954058647156
0.24107562005519867
0.24143072962760925
0.23306980729103088
0.24099428951740265
0.2380973845720291
0.23446983098983765
0.2377481758594513
0.22917166352272034
0.23780210316181183
0.23936474323272705
0.2363029569387436
0.23597006499767303
0.23930859565734863
0.23580722510814667
0.23145979642868042
0.22983808815479279
0.23883244395256042
0.23829513788223267
0.24079596996307373
0.23138897120952606
0.23279228806495667
0.2311944216489792
0.23361913859844208
0.23657213151454926
0.23743881285190582
0.24518537521362305
0.23345285654067993
0.23345744609832764
0.2431444376707077
0.23662079870700836
0.2380426526069641
0.22890889644622803
0.24500598013401031
0.23535951972007751
0.23860754072666168
0.2413964867591858
0.22851048409938812
0.2332545518875122
0.22637002170085907
0.23289573192596436
0.23540659248828888
0.23494839668273926
0.23338410258293152
0.2374805212020874
0.23881195485591888
0.23591770231723785
0.2390594482421875
0.23380133509635925
0.25211387872695923
0.2360091507434845
0.23596134781837463
0.22744040191173553
0.23548506200313568
0.23964782059192657
