0.6955564022064209
0.6505087018013
0.6286949515342712
0.6068060994148254
0.6019923090934753
0.5824432373046875
0.5614616870880127
0.5584903955459595
0.536387026309967
0.5276749134063721
0.5099311470985413
0.48753565549850464
0.4666714072227478
0.4779350459575653
0.4415634274482727
0.4269300103187561
0.4269985854625702
0.40674707293510437
0.4141014814376831
0.4102409780025482
0.406415730714798
0.40339675545692444
0.3917709290981293
0.3690427839756012
0.3767717778682709
0.39008867740631104
0.36067652702331543
0.3649636507034302
0.3674399256706238
0.36393001675605774
0.35539084672927856
0.3502970337867737
0.3459163308143616
0.33921384811401367
0.338422954082489
0.3417562246322632
0.34572193026542664
0.3206176459789276
0.3265444338321686
0.3313440680503845
0.3253951668739319
0.3121917247772217
0.3160785138607025
0.3116607666015625
0.3142211139202118
0.31187573075294495
0.3156510889530182
0.3189864456653595
0.3047162592411041
0.31373196840286255
0.29850903153419495
0.30534127354621887
0.2921071946620941
0.2853879928588867
0.29242610931396484
0.29312199354171753
0.2950234115123749
0.281401664018631
0.27679455280303955
0.27707913517951965
0.29574525356292725
0.2857855558395386
0.27582594752311707
0.2775696814060211
0.27845028042793274
0.26913198828697205
0.2708076238632202
0.25787854194641113
0.2671276330947876
0.2654400169849396
0.26686030626296997
0.27711495757102966
0.26134753227233887
0.25903117656707764
0.25068455934524536
0.2481987625360489
0.28612399101257324
0.26756754517555237
0.2565303146839142
0.26194077730178833
0.2721838355064392
0.2620425224304199
0.24680763483047485
0.2615327537059784
0.2662413418292999
0.24142546951770782
0.2698507308959961
0.2419772446155548
0.2515866458415985
0.24514032900333405
0.2512451410293579
0.26599305868148804
0.2302052080631256
0.2509382665157318
0.25216591358184814
0.24356910586357117
0.25408679246902466
0.24670358002185822
0.2461194396018982
0.24563461542129517
0.23032626509666443
0.2241714596748352
0.24596865475177765
0.23336073756217957
0.2284015566110611
0.2239142507314682
0.2312489002943039
0.23526442050933838
0.24157588183879852
0.22919780015945435
0.24098698794841766
0.22348222136497498
0.21878638863563538
0.24230387806892395
0.2371085286140442
0.2390364110469818
0.22997935116291046
0.2396300733089447
0.22309763729572296
0.22140327095985413
0.22670933604240417
0.22006499767303467
0.2372557818889618
0.22422851622104645
0.23100323975086212
0.2087392657995224
0.22293949127197266
0.2256116271018982
0.2259330153465271
0.21574637293815613
0.226482093334198
0.2220996916294098
0.21216124296188354
0.2055368274450302
0.22418712079524994
0.2290022224187851
0.23019440472126007
0.22388119995594025
0.2029850333929062
0.2066129893064499
0.20831483602523804
0.19537995755672455
0.21072980761528015
0.20260702073574066
0.241169735789299
0.21393664181232452
0.211593359708786
0.2090991735458374
0.2124585509300232
0.20096604526042938
0.1934751719236374
0.20531092584133148
0.20611175894737244
0.2226536124944687
0.20925618708133698
0.22317619621753693
0.20539633929729462
0.19677959382534027
0.2057061344385147
0.2141132801771164
0.2214827835559845
0.20876763761043549
0.21733537316322327
0.21448230743408203
0.19995281100273132
0.20683801174163818
0.19458016753196716
0.21340778470039368
0.19075380265712738
0.20865246653556824
0.20933111011981964
0.1910942792892456
0.21707206964492798
0.19949348270893097
0.21927009522914886
0.20318296551704407
0.2029891312122345
0.21239633858203888
0.19902409613132477
0.19749855995178223
0.20422609150409698
0.18856500089168549
0.2163822501897812
0.18123993277549744
0.20071473717689514
0.20430603623390198
0.1981104463338852
0.1965527981519699
0.18567471206188202
0.2014438807964325
0.20240731537342072
0.19853240251541138
0.1783318817615509
0.19716675579547882
0.1936417520046234
0.18949632346630096
0.1938549429178238
0.20463784039020538
0.2029264271259308
0.1853785216808319
0.18463003635406494
0.17921268939971924
0.2079302817583084
0.19268003106117249
0.20146608352661133
0.174931138753891
0.1679815798997879
0.18073368072509766
0.19112491607666016
0.19536669552326202
0.20460766553878784
0.17035983502864838
0.17895552515983582
0.18796995282173157
0.1853186935186386
0.19398681819438934
0.191407710313797
0.199728325009346
0.19095277786254883
0.18844224512577057
0.19955158233642578
0.20454376935958862
0.18690507113933563
0.18480248749256134
0.22502242028713226
0.19773831963539124
0.19107376039028168
0.2046557366847992
0.17592039704322815
0.19350017607212067
0.17681747674942017
0.1992795318365097
0.19088459014892578
0.19573619961738586
0.19192619621753693
0.19853468239307404
0.18751829862594604
0.19384704530239105
0.1953803300857544
0.18991751968860626
0.18188418447971344
0.1793217658996582
0.18504728376865387
0.1992330700159073
0.18275436758995056
0.19284217059612274
0.17450286448001862
0.1757369190454483
0.1813361495733261
0.18363583087921143
0.17802344262599945
0.1880786269903183
0.18218931555747986
0.18574729561805725
0.18696069717407227
0.195773646235466
0.18241456151008606
0.16803543269634247
0.17920564115047455
0.1850440800189972
0.18196488916873932
0.18946969509124756
0.1744556576013565
0.17688705027103424
0.17471584677696228
0.18316909670829773
0.18914122879505157
0.18134449422359467
0.16122278571128845
0.17665599286556244
0.17772190272808075
0.1772126406431198
0.17134049534797668
0.1734389066696167
0.1853245496749878
0.19628898799419403
0.18567605316638947
0.17984932661056519
0.16144199669361115
0.1877661496400833
0.16893425583839417
0.19195200502872467
0.1812012940645218
0.1718529909849167
0.19435995817184448
0.18642063438892365
0.16783981025218964
0.17596562206745148
0.17989780008792877
0.175759956240654
0.18910951912403107
0.1835312694311142
0.18898583948612213
0.16989228129386902
0.1667277067899704
0.17248842120170593
0.16547082364559174
0.1908441185951233
0.17272523045539856
0.1714041382074356
0.16766002774238586
0.18563096225261688
0.18381620943546295
0.18091624975204468
0.18815352022647858
0.16026651859283447
0.18826232850551605
0.17791782319545746
0.1932423859834671
0.18392856419086456
0.1882992684841156
0.17379508912563324
0.16088449954986572
0.16518880426883698
0.15101057291030884
0.17071428894996643
0.17286650836467743
0.16965755820274353
0.17774930596351624
0.1725049465894699
0.16803127527236938
0.16680341958999634
0.17324335873126984
0.18366682529449463
0.16675317287445068
0.19533830881118774
0.19314898550510406
0.1710655242204666
0.17482014000415802
0.16575820744037628
0.157985121011734
0.17504845559597015
0.17710888385772705
0.17352290451526642
0.15698035061359406
0.17497628927230835
0.16767774522304535
0.16734693944454193
0.1679457575082779
0.1813020408153534
0.15014807879924774
0.17056646943092346
0.1523999720811844
0.18316543102264404
0.17066144943237305
0.16949370503425598
0.17793166637420654
0.164903461933136
0.1845058798789978
0.16215035319328308
0.18657954037189484
0.1408787965774536
0.18184974789619446
0.1574273407459259
0.15333649516105652
0.1625460535287857
0.16789782047271729
0.1815682053565979
0.17850854992866516
0.17260414361953735
0.18248304724693298
0.18970292806625366
0.1765826940536499
0.16275320947170258
0.18000248074531555
0.16256825625896454
0.1772599071264267
0.18068574368953705
0.17730221152305603
0.15828068554401398
0.1796359121799469
0.16856695711612701
0.16559824347496033
0.1592203676700592
0.16189493238925934
0.1688866764307022
0.1583806574344635
0.1773071438074112
0.17879891395568848
0.16043734550476074
0.15854525566101074
0.1850559562444687
0.15123304724693298
0.1566183716058731
0.1755053848028183
0.16117218136787415
0.169078528881073
0.16381917893886566
0.1736939549446106
0.16789528727531433
0.17077839374542236
0.16391940414905548
0.17559993267059326
0.16865473985671997
0.18460355699062347
0.16568467020988464
0.17076259851455688
0.1853909194469452
0.16075141727924347
0.17246530950069427
0.16434155404567719
0.1763477772474289
0.17708200216293335
0.1568627953529358
0.16796579957008362
0.17430920898914337
0.16552597284317017
0.15503956377506256
0.16366241872310638
0.16526061296463013
0.16621054708957672
0.16947098076343536
0.15713515877723694
0.15945367515087128
0.1767021268606186
0.154443621635437
0.1512591540813446
0.16220912337303162
0.16351783275604248
0.16775500774383545
0.17047710716724396
0.16479593515396118
0.16288448870182037
0.16956637799739838
0.15595439076423645
0.17120029032230377
0.15697461366653442
0.15673166513442993
0.15668989717960358
0.1662646234035492
0.16734570264816284
0.1798185110092163
0.15242843329906464
0.16701237857341766
0.17054583132266998
0.16143175959587097
0.15087908506393433
0.18688324093818665
0.1704512983560562
0.15777967870235443
0.16911360621452332
0.1643974632024765
0.1751028299331665
0.1680401861667633
0.1530085951089859
0.15400537848472595
0.16422148048877716
0.17962029576301575
0.17087537050247192
0.1690855175256729
0.16751112043857574
0.16871324181556702
0.16776609420776367
0.16246069967746735
0.16890814900398254
0.15842345356941223
0.16759619116783142
0.15729665756225586
0.17899881303310394
0.1521446704864502
0.17933312058448792
0.1742303967475891
0.1499902456998825
0.16766630113124847
0.18502594530582428
0.16367264091968536
0.16513553261756897
0.18167559802532196
0.16457070410251617
0.16174791753292084
0.15018224716186523
0.1679144650697708
0.15696854889392853
0.1746882200241089
0.16964270174503326
0.16479630768299103
0.15946842730045319
0.165791317820549
0.17498770356178284
0.17045316100120544
0.16942404210567474
0.16799458861351013
0.15438693761825562
0.1730962097644806
0.17658773064613342
0.18146999180316925
0.1760762482881546
0.15425242483615875
0.16334427893161774
0.17000088095664978
0.17420226335525513
0.14966335892677307
0.16249343752861023
0.16255727410316467
0.16657321155071259
0.15678487718105316
0.15237516164779663
0.16140621900558472
0.16848310828208923
0.1623750776052475
0.1663871705532074
0.14825883507728577
0.16551609337329865
0.18337281048297882
0.17073512077331543
0.16141852736473083
0.16179560124874115
0.1767352670431137
0.14361287653446198
0.15792670845985413
0.1839752346277237
0.16122551262378693
0.16494220495224
0.1663893461227417
0.16543380916118622
0.15954574942588806
0.16126617789268494
0.15900975465774536
0.16797339916229248
0.16048312187194824
0.17654231190681458
0.15619784593582153
0.18213379383087158
0.15818147361278534
0.16241863369941711
0.1659378856420517
0.16820688545703888
0.17135989665985107
0.15239758789539337
0.1748611032962799
0.16138751804828644
0.16377806663513184
0.15959441661834717
0.15812304615974426
0.16358762979507446
0.15937285125255585
0.15845227241516113
0.15195822715759277
0.16457882523536682
0.1467738300561905
0.14140206575393677
0.18932445347309113
0.15918853878974915
0.15769168734550476
0.16302089393138885
0.15283747017383575
0.1609439104795456
0.16495144367218018
0.1631774604320526
0.16736561059951782
0.17223845422267914
0.16739462316036224
0.15946651995182037
0.16941368579864502
0.16406093537807465
0.1693599671125412
0.15026186406612396
0.16003888845443726
0.1537775844335556
0.1600569486618042
0.17669780552387238
0.15573948621749878
0.1595996618270874
0.16274480521678925
0.14977318048477173
0.14882200956344604
0.17091113328933716
0.1676539033651352
0.16048914194107056
0.14087903499603271
0.16582508385181427
0.15647506713867188
0.15104754269123077
0.1616906374692917
0.17160415649414062
0.1566537618637085
0.1524096429347992
0.1610291302204132
0.16548854112625122
0.1459401696920395
0.17930451035499573
0.16588343679904938
0.15641050040721893
0.15938088297843933
0.16806957125663757
0.15636545419692993
0.17831788957118988
0.163384348154068
0.15924684703350067
0.14494144916534424
0.15966320037841797
0.1535833775997162
0.1528012752532959
0.17174240946769714
0.15200920403003693
0.14773911237716675
0.1617383062839508
0.14687767624855042
0.1513003259897232
0.16748224198818207
0.16289283335208893
0.17046505212783813
0.16654974222183228
0.16922405362129211
