1.273783564567566
1.1375690698623657
1.0216929912567139
0.9260324239730835
0.8438233733177185
0.7762368321418762
0.7187103033065796
0.6676599979400635
0.6252576112747192
0.5883417129516602
0.5558887124061584
0.5291749238967896
0.5058082938194275
0.4856116473674774
0.4675241708755493
0.45264932513237
0.4401106536388397
0.42873042821884155
0.42010265588760376
0.4121806025505066
0.4053122103214264
0.399849534034729
0.3937382102012634
0.38947832584381104
0.3846626877784729
0.3806651532649994
0.37662118673324585
0.37379488348960876
0.3701368570327759
0.3675304055213928
0.3642328679561615
0.3618042767047882
0.35917147994041443
0.3569847047328949
0.3546258211135864
0.35231515765190125
0.35040077567100525
0.34839221835136414
0.3463868498802185
0.34457698464393616
0.3429511785507202
0.3407232463359833
0.33928677439689636
0.33777526021003723
0.33606672286987305
0.3345916271209717
0.3326646685600281
0.33175522089004517
0.3300228416919708
0.3283744156360626
0.32723772525787354
0.325595885515213
0.3249253034591675
0.3234231472015381
0.32234707474708557
0.32097792625427246
0.3196868896484375
0.31878378987312317
0.31777629256248474
0.316211998462677
0.31529900431632996
0.31389668583869934
0.31270334124565125
0.3122308552265167
0.31057244539260864
0.30940836668014526
0.3086708188056946
0.3075842559337616
0.30618223547935486
0.30539634823799133
0.30436012148857117
0.30378037691116333
0.3030538260936737
0.30202749371528625
0.30138131976127625
0.3002188801765442
0.29958435893058777
0.29824215173721313
0.2975611388683319
0.29672783613204956
0.29586514830589294
0.29493987560272217
0.2943516671657562
0.29391172528266907
0.2924864888191223
0.2922893464565277
0.29120776057243347
0.2906312048435211
0.2896053194999695
0.28931984305381775
0.2884337306022644
0.28779274225234985
0.28725361824035645
0.28646278381347656
0.28577935695648193
0.2856455445289612
0.2842198312282562
0.2841992974281311
0.28326326608657837
0.28297799825668335
0.2826113700866699
0.28239232301712036
0.2808447778224945
0.28069403767585754
0.27997881174087524
0.2796674966812134
0.27894777059555054
0.27843204140663147
0.2780468761920929
0.2779110372066498
0.2777114808559418
0.276425302028656
0.27608948945999146
0.2754972279071808
0.275299608707428
0.2746698260307312
0.27378642559051514
0.2736833691596985
0.2736285626888275
0.27337053418159485
0.2724951207637787
0.2721298038959503
0.2718403935432434
0.2708388864994049
0.2712540328502655
0.2704453766345978
0.2697409987449646
0.26941928267478943
0.2689943015575409
0.269009530544281
0.26885464787483215
0.2679692804813385
0.2680458724498749
0.26740169525146484
0.26679545640945435
0.2664671540260315
0.26621875166893005
0.2656339108943939
0.26593518257141113
0.26513323187828064
0.26464030146598816
0.2644095718860626
0.2644253075122833
0.2633115351200104
0.2637534439563751
0.26328083872795105
0.2631308436393738
0.26260247826576233
0.2622044086456299
0.262378990650177
0.2620576322078705
0.26123103499412537
0.2605910003185272
0.26074403524398804
0.26052913069725037
0.26007941365242004
0.25945016741752625
0.2595313489437103
0.2596766948699951
0.2590763568878174
0.2586263418197632
0.25792065262794495
0.2577723562717438
0.2574585974216461
0.25721532106399536
0.25739580392837524
0.2564489543437958
0.2568187117576599
0.2559199631214142
0.25589585304260254
0.25542667508125305
0.2558925449848175
0.25572866201400757
0.2546992897987366
0.2547056972980499
0.2544708549976349
0.2541283369064331
0.25388097763061523
0.25299474596977234
0.2531971335411072
0.2530653178691864
0.252383828163147
0.2520900368690491
0.2524447441101074
0.25197356939315796
0.2518693506717682
0.25105515122413635
0.25145962834358215
0.25072094798088074
0.25067856907844543
0.25030604004859924
0.2500304877758026
0.24961651861667633
0.24920468032360077
0.24921540915966034
0.24864153563976288
0.24838776886463165
0.248331680893898
0.2482478767633438
0.2475263625383377
0.24807889759540558
0.24734953045845032
0.24676011502742767
0.24682669341564178
0.246939554810524
0.2467465102672577
0.2459217756986618
0.24559538066387177
0.24595008790493011
0.24560889601707458
0.2448069304227829
0.2445170134305954
0.24490298330783844
0.24487078189849854
0.24456772208213806
0.24401259422302246
0.24353525042533875
0.24325500428676605
0.2434263527393341
0.24292325973510742
0.2432304173707962
0.24243031442165375
0.24252618849277496
0.24236807227134705
0.24139660596847534
0.2417459785938263
0.2413545399904251
0.24130482971668243
0.24112942814826965
0.2408735156059265
0.24048183858394623
0.2398851364850998
0.23974654078483582
0.239677295088768
0.23989327251911163
0.2393086552619934
0.23929332196712494
0.23934856057167053
0.2393665462732315
0.238956019282341
0.23874272406101227
0.2386867254972458
0.23877562582492828
0.23841451108455658
0.23844392597675323
0.23826810717582703
0.23838606476783752
0.2379934936761856
0.23815026879310608
0.23802438378334045
0.23787683248519897
0.23759080469608307
0.23749952018260956
0.237440288066864
0.23752936720848083
0.2374468445777893
0.23731836676597595
0.23703889548778534
0.2371044158935547
0.23672857880592346
0.23673570156097412
0.2366182953119278
0.2365138828754425
0.23631563782691956
0.23631379008293152
0.2362677901983261
0.2363874614238739
0.23623259365558624
0.23599465191364288
0.23608171939849854
0.23549877107143402
0.23559239506721497
0.23550400137901306
0.235465869307518
0.23524875938892365
0.23541346192359924
0.23507870733737946
0.23515953123569489
0.2350805401802063
0.23476441204547882
0.2347038984298706
0.23460936546325684
0.2345345914363861
0.23435106873512268
0.2342538833618164
0.23422858119010925
0.2342424988746643
0.23393185436725616
0.23383945226669312
0.23368799686431885
0.23365654051303864
0.23378640413284302
0.23330716788768768
0.23334477841854095
0.23325377702713013
0.2332492619752884
0.23310577869415283
0.23285630345344543
0.23292294144630432
0.23257024586200714
0.23267164826393127
0.2325950711965561
0.23235134780406952
0.2323710322380066
0.23222307860851288
0.2321285754442215
0.23203687369823456
0.23212510347366333
0.23178841173648834
0.23176610469818115
0.2315971851348877
0.23146498203277588
0.2315758913755417
0.2313465178012848
0.2314186543226242
0.23108167946338654
0.23157046735286713
0.23103511333465576
0.2307601422071457
0.2306167334318161
0.23065784573554993
0.23039627075195312
0.2305094301700592
0.23002824187278748
0.23043133318424225
0.2300320863723755
0.229964017868042
0.22976091504096985
0.22987374663352966
0.22943928837776184
0.2293391078710556
0.2291976660490036
0.22932051122188568
0.22909900546073914
0.22921952605247498
0.22901907563209534
0.22901269793510437
0.2289683073759079
0.2288314253091812
0.22899021208286285
0.2287590056657791
0.22864127159118652
0.22864392399787903
0.22871947288513184
0.22864271700382233
0.22846676409244537
0.22854377329349518
0.2284640073776245
0.22826577723026276
0.22822479903697968
0.22819140553474426
0.22815653681755066
0.22819918394088745
0.22801417112350464
0.2279931753873825
0.2280632108449936
0.22794289886951447
0.22796092927455902
0.22792400419712067
0.22778460383415222
0.22766053676605225
0.22767524421215057
0.22759580612182617
0.2276187241077423
0.22754237055778503
0.22748345136642456
0.22732706367969513
0.22740036249160767
0.22727972269058228
0.2272087037563324
0.22715209424495697
0.22748297452926636
0.2270699143409729
0.2270262986421585
0.22698181867599487
0.22701318562030792
0.22695305943489075
0.22683775424957275
0.22676566243171692
0.22687911987304688
0.22688433527946472
0.22672384977340698
0.22670336067676544
0.22660507261753082
0.2265138328075409
0.22648979723453522
0.22644732892513275
0.22642530500888824
0.22626672685146332
0.2262512594461441
0.22633160650730133
0.22619937360286713
0.22621145844459534
0.2260311245918274
0.226103276014328
0.22611436247825623
0.22592392563819885
0.22579652070999146
0.22590860724449158
0.22572018206119537
0.22567997872829437
0.22576135396957397
0.22559012472629547
0.2255680114030838
0.22549384832382202
0.2254999428987503
0.22548417747020721
0.22530949115753174
0.22535572946071625
0.22534960508346558
0.22530566155910492
0.22505508363246918
0.2250819206237793
0.22502928972244263
0.22498242557048798
0.2249528169631958
0.22486352920532227
0.22478969395160675
0.22487418353557587
0.22479148209095
0.22471897304058075
0.22460700571537018
0.22458365559577942
0.22452376782894135
0.22454576194286346
0.22451576590538025
0.22451597452163696
0.22442805767059326
0.22436580061912537
0.22430594265460968
0.22425569593906403
0.22406339645385742
0.2241145670413971
0.2240479737520218
0.2240842878818512
0.224006786942482
0.22400100529193878
0.22397631406784058
0.22394362092018127
0.22387804090976715
0.22392341494560242
0.2238292545080185
0.22386474907398224
0.22381922602653503
0.22379238903522491
0.2238502949476242
0.22373202443122864
0.22373129427433014
0.22373263537883759
0.2236531674861908
0.22364093363285065
0.22362178564071655
0.22356535494327545
0.223580464720726
0.2235468178987503
0.22352777421474457
0.22348473966121674
0.22347478568553925
0.22340892255306244
0.2234131395816803
0.22342011332511902
0.22340549528598785
0.2233848124742508
0.22334697842597961
0.22330325841903687
0.22331443428993225
0.2232494056224823
0.22321157157421112
0.22321106493473053
0.2231752723455429
0.22315849363803864
0.22312431037425995
0.22310058772563934
0.22308246791362762
0.22308069467544556
0.22307683527469635
0.22302331030368805
0.22296024858951569
0.2230244129896164
0.22299250960350037
0.22288349270820618
0.22286035120487213
0.22292523086071014
0.22288379073143005
0.22283898293972015
0.22283725440502167
0.22275595366954803
0.22273951768875122
0.2227681428194046
0.22269462049007416
0.222663015127182
0.22269321978092194
0.22260664403438568
0.22257167100906372
0.2226114124059677
0.22256596386432648
0.22261697053909302
0.2224782556295395
0.22252868115901947
0.22245436906814575
0.22241631150245667
0.22242264449596405
0.2224646359682083
0.22237510979175568
0.22232984006404877
0.2224198430776596
0.22231368720531464
0.22229018807411194
0.22227276861667633
0.22225892543792725
0.22222088277339935
0.22220876812934875
0.22216852009296417
0.22216692566871643
0.222128763794899
0.22207380831241608
0.22214829921722412
0.22210077941417694
0.2220291793346405
0.22195065021514893
0.2220308780670166
0.221975177526474
0.22193653881549835
0.2219417542219162
0.22192226350307465
0.22187642753124237
0.2218429297208786
0.2218329757452011
0.2217613309621811
0.22180983424186707
0.22169940173625946
0.2216845154762268
0.22166256606578827
0.2216411978006363
0.22162841260433197
0.22161538898944855
0.2216232717037201
0.22161297500133514
0.22158725559711456
0.2215961217880249
0.22157219052314758
0.22156201303005219
0.221556156873703
0.22153298556804657
0.22152283787727356
0.22151604294776917
0.2214920073747635
0.2215006798505783
0.2214963138103485
0.221451073884964
0.22143419086933136
0.22145900130271912
0.2214316725730896
0.2214146852493286
0.22140011191368103
0.22138775885105133
0.22139078378677368
0.22137272357940674
0.22133563458919525
0.22133652865886688
0.22131986916065216
0.22131210565567017
0.22129905223846436
0.22132138907909393
0.22128735482692719
0.22127671539783478
0.22128508985042572
0.22126218676567078
0.2212802916765213
0.22121500968933105
0.22120867669582367
0.22119569778442383
0.22119860351085663
0.2211749404668808
0.22116084396839142
0.2211490273475647
0.2211252748966217
0.22111207246780396
0.22113510966300964
0.22112277150154114
0.22112978994846344
0.2210991531610489
0.22108237445354462
0.22104454040527344
0.221047043800354
0.22104832530021667
0.2210119217634201
0.22102774679660797
0.22099676728248596
0.22102127969264984
0.22097663581371307
0.22096967697143555
0.2209688276052475
0.22094348073005676
0.22092609107494354
0.22094027698040009
0.22092759609222412
0.22088119387626648
0.22089967131614685
0.22087539732456207
0.220864400267601
0.2208617925643921
0.22082208096981049
0.22082079946994781
0.2208031564950943
0.2208133488893509
0.22081749141216278
0.2207775115966797
0.22079427540302277
0.22075191140174866
0.22078263759613037
0.2207229733467102
0.22071979939937592
0.220741406083107
0.22068360447883606
0.2206961065530777
0.220663383603096
0.2206718623638153
0.22066517174243927
0.22064204514026642
0.2206469029188156
0.22060056030750275
0.22060924768447876
0.2206151783466339
0.22056975960731506
0.22058409452438354
0.22056734561920166
0.220543771982193
0.2205285131931305
0.22052302956581116
