0.7879795432090759
0.672684371471405
0.6397063732147217
0.5751002430915833
0.5655340552330017
0.5228134989738464
0.5067334771156311
0.4880669414997101
0.48165491223335266
0.44892269372940063
0.45936307311058044
0.42866915464401245
0.41985994577407837
0.40170755982398987
0.41093629598617554
0.3863285183906555
0.3799474835395813
0.3759795129299164
0.377705842256546
0.3621504306793213
0.3575928807258606
0.35934683680534363
0.35802918672561646
0.3617924153804779
0.342691034078598
0.3512149751186371
0.35110798478126526
0.34813299775123596
0.3248096704483032
0.3257923424243927
0.32539665699005127
0.3285726010799408
0.3188442289829254
0.3176155090332031
0.33244645595550537
0.3170660138130188
0.3024970293045044
0.3183475732803345
0.3127707540988922
0.300878643989563
0.3016739785671234
0.2984786927700043
0.30176156759262085
0.2852763235569
0.29905757308006287
0.3019767701625824
0.2911602854728699
0.2823328375816345
0.293648898601532
0.270062118768692
0.2929740250110626
0.2783271372318268
0.2990838587284088
0.26319679617881775
0.28443488478660583
0.27274876832962036
0.27131977677345276
0.25923335552215576
0.28877854347229004
0.2720358371734619
0.2802247405052185
0.26861634850502014
0.2625342011451721
0.2652461528778076
0.2575882077217102
0.2623218894004822
0.26593443751335144
0.26279914379119873
0.2542128264904022
0.2642086148262024
0.24485720694065094
0.2602691054344177
0.25117921829223633
0.26145580410957336
0.24510768055915833
0.247559055685997
0.25500231981277466
0.2587418258190155
0.24184131622314453
0.2427377700805664
0.22701753675937653
0.23715393245220184
0.23757630586624146
0.24221572279930115
0.23125819861888885
0.23535357415676117
0.23541904985904694
0.22944426536560059
0.2313445657491684
0.22537650167942047
0.22609324753284454
0.24284349381923676
0.2422320693731308
0.2200997918844223
0.21910065412521362
0.2219599038362503
0.22716350853443146
0.21641913056373596
0.2072760909795761
0.23727641999721527
0.20268309116363525
0.22780372202396393
0.22334326803684235
0.2182433158159256
0.22111806273460388
0.2190321832895279
0.20620377361774445
0.2151307910680771
0.20116238296031952
0.2105395346879959
0.2076139599084854
0.20598676800727844
0.20827148854732513
0.21855032444000244
0.20526720583438873
0.198592409491539
0.1956469714641571
0.20098260045051575
0.21111999452114105
0.19901955127716064
0.20034050941467285
0.19846183061599731
0.19396255910396576
0.1970253884792328
0.20870441198349
0.2021705061197281
0.18094173073768616
0.20642463862895966
0.20341922342777252
0.20662979781627655
0.20051944255828857
0.19627106189727783
0.2039412558078766
0.19077683985233307
0.1820940524339676
0.1746494024991989
0.17892961204051971
0.20031976699829102
0.1823459267616272
0.1893519163131714
0.18450669944286346
0.17647457122802734
0.16721944510936737
0.1838598996400833
0.16999925673007965
0.1765010505914688
0.1748509556055069
0.1804039031267166
0.17454282939434052
0.1864551305770874
0.17275142669677734
0.17490702867507935
0.1635727733373642
0.17456476390361786
0.17720891535282135
0.18067726492881775
0.1595763862133026
0.16804562509059906
0.15901406109333038
0.1659366637468338
0.16057002544403076
0.16403554379940033
0.1582794189453125
0.17635907232761383
0.14625565707683563
0.15181861817836761
0.15925879776477814
0.14038807153701782
0.1566186398267746
0.15884731709957123
0.17030039429664612
0.1592070460319519
0.15016496181488037
0.16853919625282288
0.1734163910150528
0.15999293327331543
0.15730983018875122
0.14338207244873047
0.1471465677022934
0.15901733934879303
0.15494684875011444
0.15502579510211945
0.1496707946062088
0.15783433616161346
0.16851067543029785
0.15713973343372345
0.16036240756511688
0.16532836854457855
0.15017670392990112
0.16194023191928864
0.15074631571769714
0.15056224167346954
0.1507798433303833
0.15071408450603485
0.1500384509563446
0.16253915429115295
0.14958952367305756
0.15238629281520844
0.1502484530210495
0.15394660830497742
0.14089831709861755
0.14324702322483063
0.14994822442531586
0.1612948179244995
0.14445701241493225
0.15485580265522003
0.15430264174938202
0.1626136749982834
0.13570819795131683
0.1409640610218048
0.14951463043689728
0.13634824752807617
0.13537175953388214
0.1356789767742157
0.13967137038707733
0.145296111702919
0.13563178479671478
0.13840852677822113
0.1417027860879898
0.13874685764312744
0.14236852526664734
0.146689772605896
0.14144131541252136
0.13238836824893951
0.14212676882743835
0.1413232684135437
0.141047403216362
0.14663298428058624
0.13963979482650757
0.15019071102142334
0.12923410534858704
0.153651162981987
0.13962338864803314
0.15171217918395996
0.1483687162399292
0.13354134559631348
0.1251453012228012
0.15138691663742065
0.13918781280517578
0.135122612118721
0.13068941235542297
0.14140816032886505
0.14356128871440887
0.14895325899124146
0.12970289587974548
0.12381426244974136
0.13836346566677094
0.12602393329143524
0.13701917231082916
0.13185714185237885
0.13231883943080902
0.1262490451335907
0.1373254358768463
0.1257353276014328
0.13534530997276306
0.1428610384464264
0.13831137120723724
0.13533978164196014
0.13096082210540771
0.13522744178771973
0.13293544948101044
0.12776072323322296
0.12164397537708282
0.1313503086566925
0.11775897443294525
0.12471277266740799
0.1350656896829605
0.1279769092798233
0.12652991712093353
0.12139154225587845
0.12436818331480026
0.11536286771297455
0.12334853410720825
0.11807132512331009
0.11523882299661636
0.12200981378555298
0.1321730762720108
0.11411197483539581
0.1269174963235855
0.1183868870139122
0.11974014341831207
0.1219620481133461
0.11939647048711777
0.12869544327259064
0.12389879673719406
0.12420608103275299
0.13474838435649872
0.13010098040103912
0.12567034363746643
0.1331660896539688
0.12665075063705444
0.12461209297180176
0.13104814291000366
0.12470027059316635
0.11019990593194962
0.12323760986328125
0.12031011283397675
0.1178351566195488
0.12140470743179321
0.1258537620306015
0.13364481925964355
0.12640568614006042
0.11929664015769958
0.10923030972480774
0.10302044451236725
0.10944544523954391
0.10783103108406067
0.11773121356964111
0.1249065026640892
0.11744284629821777
0.1179206520318985
0.11992010474205017
0.1224159300327301
0.11175873130559921
0.11669433861970901
0.10792668908834457
0.11628032475709915
0.12234394997358322
0.12123089283704758
0.11597445607185364
0.12466487288475037
0.11399518698453903
0.12039821594953537
0.12628278136253357
0.11196356266736984
0.12245316058397293
0.10982716828584671
0.12131546437740326
0.11938969045877457
0.10878674685955048
0.11308670043945312
0.1203656941652298
0.12378677725791931
0.1160179153084755
0.11726418882608414
0.12110155075788498
0.11146961152553558
0.11458711326122284
0.11213820427656174
0.11919926851987839
0.11138831079006195
0.13164803385734558
0.10946758091449738
0.11804850399494171
0.1074819415807724
0.10822518169879913
0.1082654520869255
0.11854740232229233
0.12710848450660706
0.11360544711351395
0.10651218891143799
0.1092958077788353
0.12524552643299103
0.10577841103076935
0.1093311756849289
0.10559304803609848
0.10661829262971878
0.11285538226366043
0.11565017700195312
0.10930772870779037
0.11059937626123428
0.11023766547441483
0.10931690037250519
0.12073864787817001
0.10902166366577148
0.10914061218500137
0.11252672225236893
0.11093250662088394
0.0987071543931961
0.108488067984581
0.11569798737764359
0.11210576444864273
0.10305307060480118
0.10712280124425888
0.10616321861743927
0.103876993060112
0.10498356819152832
0.1107000783085823
0.11478549242019653
0.11050289124250412
0.1035287156701088
0.11801658570766449
0.12225387990474701
0.11073419451713562
0.10261888802051544
0.10879379510879517
0.10279375314712524
0.11200722306966782
0.1077256128191948
0.12027960270643234
0.10943911969661713
0.11170858144760132
0.10293266177177429
0.1050519347190857
0.11982019245624542
0.09962472319602966
0.1026519387960434
0.10648129880428314
0.10957666486501694
0.10201212763786316
0.10475210100412369
0.11023940145969391
0.11025576293468475
0.10480119287967682
0.1130509153008461
0.11480465531349182
0.10962546616792679
0.10750351846218109
0.10193591564893723
0.10247854888439178
0.10994672775268555
0.10779167711734772
0.10016493499279022
0.11402448266744614
0.10838235169649124
0.10407602787017822
0.10432187467813492
0.10001401603221893
0.11629829555749893
0.10038739442825317
0.10543747246265411
0.10215029865503311
0.11107029020786285
0.10516104847192764
0.1121448203921318
0.10107158869504929
0.09288481622934341
0.11486625671386719
0.10829341411590576
0.1052255854010582
0.10439886152744293
0.10527701675891876
0.09855255484580994
0.10711222887039185
0.10282157361507416
0.10846664011478424
0.09953078627586365
0.1069272831082344
0.1127515584230423
0.10272272676229477
0.0984032079577446
0.1035676822066307
0.11115212738513947
0.10761436820030212
0.11759305745363235
0.10399096459150314
0.10186468809843063
0.10557717084884644
0.0944845974445343
0.10371896624565125
0.10126633942127228
0.0970396175980568
0.10528624057769775
0.11231839656829834
0.10142236202955246
0.10287050902843475
0.10240798443555832
0.09350649267435074
0.09222950041294098
0.10280169546604156
0.10233886539936066
0.09941406548023224
0.09726493060588837
0.10479125380516052
0.10424841195344925
0.10481499135494232
0.10819470137357712
0.1055845394730568
0.11977190524339676
0.10867458581924438
0.10964187979698181
0.10749226808547974
0.09840057790279388
0.10751480609178543
0.09161494672298431
0.10146097838878632
0.11313803493976593
0.11673956364393234
0.11202064901590347
0.09980838745832443
0.09982043504714966
0.10606744885444641
0.09748096764087677
0.10027384757995605
0.09842562675476074
0.1056704893708229
0.09918714314699173
0.09868265688419342
0.10931528359651566
0.10322453826665878
0.10736848413944244
0.08836103975772858
0.10725751519203186
0.09906098991632462
0.09155120700597763
0.10773289948701859
0.1122376099228859
0.09533856809139252
0.10876414179801941
0.09455931186676025
0.10471528023481369
0.10271519422531128
0.10005086660385132
0.09141431748867035
0.10540656745433807
0.10691345483064651
0.10231253504753113
0.12050819396972656
0.0969749167561531
0.10228808969259262
0.10093452781438828
0.10452008247375488
0.09545820951461792
0.10525045543909073
0.09767050296068192
0.10229534655809402
0.11014756560325623
0.11138594150543213
0.09522759914398193
0.10048842430114746
0.1247960701584816
0.09206961840391159
0.1029491201043129
0.11044356971979141
0.09774187207221985
0.10418875515460968
0.11177921295166016
0.11150971800088882
0.09048055857419968
0.09451515972614288
0.10798285156488419
0.11259002983570099
0.0972142368555069
0.09794124215841293
0.10296224057674408
0.09444060921669006
0.09962325543165207
0.10965272039175034
0.08835195004940033
0.10301872342824936
0.10038365423679352
0.110182985663414
0.09268849343061447
0.0981421172618866
0.09696603566408157
0.1014195904135704
0.10568688064813614
0.09876680374145508
0.10487829148769379
0.10753587633371353
0.08701734989881516
0.11263331025838852
0.10474001616239548
0.1044391319155693
0.10673227906227112
0.10379231721162796
0.09787426143884659
0.11419467628002167
0.09659530222415924
0.10196299105882645
0.10140842944383621
0.10694113373756409
0.1042814701795578
0.0995866134762764
0.10024622827768326
0.10122163593769073
0.10602990537881851
0.09924136102199554
0.0951882004737854
0.09268507361412048
0.09067420661449432
0.10078039020299911
0.10130222141742706
0.10618862509727478
0.09879180043935776
0.09719876945018768
0.10227727144956589
0.09475552290678024
0.1059965267777443
0.09997671842575073
0.10385140031576157
0.09815333783626556
0.09985970705747604
0.10101056098937988
0.0933649018406868
0.1039213240146637
0.09587462991476059
0.10162869095802307
0.0871737077832222
0.09537159651517868
0.09483321756124496
0.10179346054792404
0.10839986801147461
0.09515918046236038
0.08966358751058578
0.09058164805173874
0.09711270034313202
0.1070447638630867
0.11073467135429382
0.10669123381376266
0.09727511554956436
0.11226075887680054
0.09983170032501221
