0.7995359897613525
0.6520222425460815
0.5862220525741577
0.580715000629425
0.5512175559997559
0.5313587784767151
0.5174598097801208
0.5038956999778748
0.49769681692123413
0.471116304397583
0.46305742859840393
0.4516848027706146
0.44526737928390503
0.43731340765953064
0.4231133759021759
0.4125490188598633
0.4063900113105774
0.3985757827758789
0.3973916172981262
0.38703086972236633
0.37866735458374023
0.37279272079467773
0.37952330708503723
0.3580299913883209
0.3595971465110779
0.35125866532325745
0.35071203112602234
0.3465309739112854
0.3442833721637726
0.33430081605911255
0.34030681848526
0.3381681442260742
0.33086568117141724
0.3242866098880768
0.32917866110801697
0.3268774747848511
0.3261316418647766
0.31480392813682556
0.31326037645339966
0.3165421485900879
0.30557841062545776
0.3110804557800293
0.3123401999473572
0.30661681294441223
0.3057780861854553
0.30294299125671387
0.2973298728466034
0.3037741184234619
0.29657620191574097
0.305203914642334
0.29347020387649536
0.2768481969833374
0.2934294044971466
0.2821633815765381
0.29423418641090393
0.28135886788368225
0.28549686074256897
0.2868492007255554
0.2839001417160034
0.28768548369407654
0.2853189706802368
0.2877141535282135
0.2807028889656067
0.28790321946144104
0.26168298721313477
0.2750264108181
0.2829534709453583
0.2726815342903137
0.2706376314163208
0.27196091413497925
0.27064457535743713
0.273468554019928
0.2685571312904358
0.2688351571559906
0.2660127878189087
0.26749131083488464
0.25938111543655396
0.2613384425640106
0.25974082946777344
0.2670498192310333
0.26321661472320557
0.2639295756816864
0.2523247301578522
0.26364758610725403
0.25635862350463867
0.2629835307598114
0.2612178921699524
0.2599831223487854
0.2506970465183258
0.250631719827652
0.25613799691200256
0.24809128046035767
0.24948006868362427
0.25982019305229187
0.26057565212249756
0.24300071597099304
0.25180497765541077
0.25223416090011597
0.2505163252353668
0.24537242949008942
0.24744786322116852
0.2384127974510193
0.23899851739406586
0.24022553861141205
0.25126364827156067
0.2543797791004181
0.24228934943675995
0.23709024488925934
0.24776381254196167
0.23772460222244263
0.24153144657611847
0.2337520271539688
0.23789510130882263
0.23595289885997772
0.23291920125484467
0.22941724956035614
0.24260742962360382
0.2357005476951599
0.23652207851409912
0.23260469734668732
0.23324459791183472
0.22386831045150757
0.23308096826076508
0.23029908537864685
0.22936215996742249
0.23215727508068085
0.2290993481874466
0.23343977332115173
0.24039095640182495
0.2285500168800354
0.2317640632390976
0.22335019707679749
0.23845307528972626
0.23432229459285736
0.2266698032617569
0.22346138954162598
0.22142785787582397
0.21845462918281555
0.22463126480579376
0.22000743448734283
0.22202545404434204
0.2221231460571289
0.2132149338722229
0.22081626951694489
0.20365336537361145
0.21573473513126373
0.21718168258666992
0.21859069168567657
0.21151205897331238
0.21837227046489716
0.21943043172359467
0.21824359893798828
0.21388180553913116
0.2211669385433197
0.21364153921604156
0.21717028319835663
0.20903460681438446
0.20771697163581848
0.20941154658794403
0.21366459131240845
0.21771536767482758
0.21161270141601562
0.2140708714723587
0.21808554232120514
0.21332480013370514
0.20936591923236847
0.20491905510425568
0.21079054474830627
0.20975404977798462
0.20251215994358063
0.2006751447916031
0.21257126331329346
0.20161181688308716
0.20780499279499054
0.20334358513355255
0.20527037978172302
0.208306223154068
0.2021123319864273
0.19639243185520172
0.20479463040828705
0.2046169638633728
0.20187556743621826
0.21219417452812195
0.20534367859363556
0.19375279545783997
0.21393203735351562
0.20474682748317719
0.2029520869255066
0.2048947811126709
0.20238029956817627
0.20160837471485138
0.19929230213165283
0.2033192664384842
0.20282475650310516
0.20416541397571564
0.2017458826303482
0.20604094862937927
0.21111620962619781
0.20168772339820862
0.19767141342163086
0.19869865477085114
0.20630007982254028
0.21211828291416168
0.2017524391412735
0.20958217978477478
0.20053666830062866
0.20098337531089783
0.20308344066143036
0.19566753506660461
0.19912785291671753
0.20645588636398315
0.19665879011154175
0.20273329317569733
0.19898639619350433
0.19844529032707214
0.19871509075164795
0.20021003484725952
0.19841493666172028
0.202158123254776
0.19887278974056244
0.2058030664920807
0.2014707773923874
0.20649152994155884
0.19262783229351044
0.19933728873729706
0.19615139067173004
0.1958271563053131
0.19875174760818481
0.1917826384305954
0.2042933702468872
0.19581426680088043
0.2075423151254654
0.19795040786266327
0.19986116886138916
0.19654464721679688
0.1902025192975998
0.20258325338363647
0.1964619755744934
0.19694437086582184
0.1945238709449768
0.1916821151971817
0.19931071996688843
0.1880471557378769
0.19379033148288727
0.19375500082969666
0.184003546833992
0.19348740577697754
0.19233077764511108
0.19176837801933289
0.1841370016336441
0.1840578317642212
0.20333383977413177
0.19525931775569916
0.18798035383224487
0.1864529848098755
0.19914178550243378
0.19680948555469513
0.1945478469133377
0.19349296391010284
0.18898166716098785
0.19581757485866547
0.19385141134262085
0.1991250365972519
0.18699023127555847
0.1893346756696701
0.18370850384235382
0.18715961277484894
0.19346193969249725
0.19163094460964203
0.1900101602077484
0.18823157250881195
0.18076294660568237
0.18653728067874908
0.1891741156578064
0.19400356709957123
0.1920071393251419
0.18462228775024414
0.1893119215965271
0.18504562973976135
0.18788133561611176
0.19651445746421814
0.18691076338291168
0.18082746863365173
0.1897220015525818
0.18794281780719757
0.19226473569869995
0.18229182064533234
0.18125493824481964
0.18669697642326355
0.17936508357524872
0.1831085979938507
0.18765832483768463
0.19457945227622986
0.18108488619327545
0.1809346079826355
0.181418776512146
0.1857386976480484
0.18289752304553986
0.1945868730545044
0.18471172451972961
0.1890334039926529
0.18559132516384125
0.191035196185112
0.1829674392938614
0.18417727947235107
0.19145207107067108
0.18993134796619415
0.19126567244529724
0.18101364374160767
0.17939451336860657
0.18253575265407562
0.1906539350748062
0.17391997575759888
0.18691430985927582
0.1856822967529297
0.17108917236328125
0.186284601688385
0.19151049852371216
0.17589813470840454
0.18457867205142975
0.18398380279541016
0.18265360593795776
0.1901908665895462
0.1860438734292984
0.1838710457086563
0.17584367096424103
0.17496754229068756
0.17659777402877808
0.17975808680057526
0.18961957097053528
0.1769597828388214
0.1783183366060257
0.1775054782629013
0.17567619681358337
0.18072974681854248
0.1759575605392456
0.18770407140254974
0.18352526426315308
0.18010979890823364
0.18498128652572632
0.18141959607601166
0.18017394840717316
0.17924164235591888
0.18348391354084015
0.16741959750652313
0.17291481792926788
0.1757216453552246
0.17892146110534668
0.18193133175373077
0.17971614003181458
0.17918390035629272
0.1783454567193985
0.1857806146144867
0.18069988489151
0.18397128582000732
0.18118974566459656
0.1844780594110489
0.1787482500076294
0.17900611460208893
0.1847618669271469
0.1776096224784851
0.1777154952287674
0.18346820771694183
0.1750205010175705
0.17340683937072754
0.17835398018360138
0.17675921320915222
0.17580382525920868
0.17226478457450867
0.1796598583459854
0.16839055716991425
0.1850874423980713
0.17273788154125214
0.17677472531795502
0.17820516228675842
0.18660983443260193
0.17665311694145203
0.17063453793525696
0.1796112358570099
0.18130652606487274
0.17940248548984528
0.1787349432706833
0.1729031503200531
0.17360800504684448
0.1832592785358429
0.17927424609661102
0.17117586731910706
0.1821368932723999
0.17149965465068817
0.17706893384456635
0.1758664846420288
0.17889003455638885
0.1792277842760086
0.17708176374435425
0.17480845749378204
0.18093861639499664
0.1776922643184662
0.17340144515037537
0.17543640732765198
0.17160353064537048
0.17723672091960907
0.17538098990917206
0.18175679445266724
0.16838227212429047
0.17079566419124603
0.17259351909160614
0.17698994278907776
0.17344562709331512
0.17725177109241486
0.17225737869739532
0.18267513811588287
0.17748099565505981
0.18202102184295654
0.1724300980567932
0.1829480081796646
0.1751536875963211
0.17444300651550293
0.18071292340755463
0.17876841127872467
0.18011890351772308
0.17942385375499725
0.17515698075294495
0.17605958878993988
0.17851819097995758
0.17897842824459076
0.1762792468070984
0.17073391377925873
0.17268994450569153
0.1710132360458374
0.17821435630321503
0.1798347681760788
0.16782857477664948
0.17582203447818756
0.1782708615064621
0.1789654791355133
0.17527270317077637
0.18017609417438507
0.17533153295516968
0.17398498952388763
0.1728288233280182
0.177314892411232
0.1755324751138687
0.1755790263414383
0.17123402655124664
0.1704871505498886
0.17159172892570496
0.17494429647922516
0.1754152625799179
0.17511717975139618
0.17101667821407318
0.17123465240001678
0.1702822595834732
0.17991305887699127
0.17644986510276794
0.1769799292087555
0.1746950000524521
0.171553373336792
0.16643594205379486
0.17447423934936523
0.1676163375377655
0.17909589409828186
0.17212006449699402
0.17619812488555908
0.17224961519241333
0.17007304728031158
0.17228834331035614
0.16580690443515778
0.17438076436519623
0.16959479451179504
0.1685667186975479
0.17028595507144928
0.1698165386915207
0.18697601556777954
0.17941972613334656
0.17179419100284576
0.1690412163734436
0.17901521921157837
0.17446368932724
0.17098373174667358
0.16713474690914154
0.16442175209522247
0.17108695209026337
0.17879532277584076
0.175588458776474
0.17205780744552612
0.1730978786945343
0.17822332680225372
0.178070530295372
0.16721031069755554
0.1740858405828476
0.17530015110969543
0.17522399127483368
0.17116312682628632
0.16761378943920135
0.17030975222587585
0.1765064001083374
0.1675719916820526
0.1724461019039154
0.1732313632965088
0.17267990112304688
0.17250008881092072
0.17041626572608948
0.17292916774749756
0.1645146906375885
0.16811348497867584
0.17645832896232605
0.16766606271266937
0.1779710352420807
0.17527350783348083
0.17472189664840698
0.17436298727989197
0.17994505167007446
0.17650948464870453
0.16870951652526855
0.17801937460899353
0.16639409959316254
0.17933940887451172
0.172411248087883
0.16163204610347748
0.1655026525259018
0.1650453507900238
0.16746309399604797
0.17006650567054749
0.1701192706823349
0.17076346278190613
0.17410191893577576
0.1764845997095108
0.16753895580768585
0.16886821389198303
0.17272110283374786
0.1715964823961258
0.1588314175605774
0.1754666119813919
0.17202526330947876
0.1697174310684204
0.17321236431598663
0.16726469993591309
0.17158745229244232
0.1655585616827011
0.18124258518218994
0.16783688962459564
0.17142000794410706
0.16756898164749146
0.17192962765693665
0.17614606022834778
0.17426864802837372
0.168942391872406
0.17341704666614532
0.1652766466140747
0.1648985892534256
0.17336519062519073
0.1700034737586975
0.17231369018554688
0.17281173169612885
0.17288170754909515
0.17218773066997528
0.1683346927165985
0.167984277009964
0.1778048425912857
0.16724024713039398
0.16890591382980347
0.17052559554576874
0.1780211478471756
0.17588095366954803
0.17702528834342957
0.16730469465255737
0.16285493969917297
0.1705751121044159
0.1603802889585495
0.176136314868927
0.16974839568138123
0.17876480519771576
0.17856110632419586
0.17002224922180176
0.17004932463169098
0.16850073635578156
0.17192891240119934
0.16471363604068756
0.17269457876682281
0.1729101687669754
0.16867446899414062
0.1780543029308319
0.1730903536081314
0.17021600902080536
0.17171065509319305
0.17581889033317566
0.1724371314048767
0.17357861995697021
0.16787239909172058
0.1730670928955078
0.168666809797287
0.16669900715351105
0.16224563121795654
0.16481144726276398
0.16863390803337097
0.1700751781463623
0.1739238053560257
0.16789153218269348
0.17142704129219055
0.1730075180530548
0.1658710241317749
0.17270426452159882
0.17578907310962677
0.1748994141817093
0.1736418455839157
0.1729445904493332
0.16600361466407776
0.17179079353809357
0.17528459429740906
0.17378664016723633
0.17608171701431274
0.17792180180549622
0.17365407943725586
0.17479601502418518
0.16881418228149414
0.17161864042282104
0.1669570952653885
0.16264212131500244
0.17284950613975525
