0.8885287046432495
0.720330536365509
0.6526245474815369
0.5887438654899597
0.5721091628074646
0.5370224714279175
0.5117872953414917
0.5106043219566345
0.48040908575057983
0.46333277225494385
0.4556647837162018
0.4497934579849243
0.42845797538757324
0.4295850098133087
0.4073134660720825
0.39570313692092896
0.4008212089538574
0.3891029953956604
0.3861218988895416
0.3726373016834259
0.3720831274986267
0.3627929389476776
0.3716006278991699
0.36265459656715393
0.3601493239402771
0.35418879985809326
0.3549891710281372
0.34252434968948364
0.3465881049633026
0.3385694622993469
0.3305128216743469
0.3356137275695801
0.3295787274837494
0.3280719220638275
0.32587873935699463
0.3249254524707794
0.31438639760017395
0.31757795810699463
0.3183956742286682
0.313633531332016
0.30577102303504944
0.30836227536201477
0.3126698434352875
0.29994234442710876
0.3112751543521881
0.3059999346733093
0.30005109310150146
0.30309104919433594
0.3090861439704895
0.3058098256587982
0.29958224296569824
0.28990042209625244
0.29824209213256836
0.29566407203674316
0.28828731179237366
0.2991330027580261
0.2989693880081177
0.29223179817199707
0.28135496377944946
0.28960803151130676
0.29110145568847656
0.2810273766517639
0.28251224756240845
0.2806197702884674
0.28676271438598633
0.275462806224823
0.27326273918151855
0.27473559975624084
0.278942734003067
0.2772124707698822
0.2770635485649109
0.27738210558891296
0.26841220259666443
0.2776099443435669
0.2705085873603821
0.27012476325035095
0.2633526623249054
0.2625155746936798
0.2660479247570038
0.2711060047149658
0.2641957998275757
0.27010706067085266
0.26927414536476135
0.2646024227142334
0.26460108160972595
0.2564781904220581
0.2577565908432007
0.2644040584564209
0.26679328083992004
0.2682548761367798
0.25610414147377014
0.2571452260017395
0.26490700244903564
0.25062838196754456
0.25999659299850464
0.25024503469467163
0.2641020119190216
0.24952660501003265
0.2576165795326233
0.2596302330493927
0.25184154510498047
0.24814702570438385
0.2530173063278198
0.2526590824127197
0.25865790247917175
0.25888121128082275
0.24520492553710938
0.25398990511894226
0.24479351937770844
0.2558239996433258
0.2478054016828537
0.2596806287765503
0.24834652245044708
0.24245500564575195
0.25003498792648315
0.2547283172607422
0.24110929667949677
0.2413625866174698
0.2376239150762558
0.25013431906700134
0.247413769364357
0.2393389791250229
0.2425910234451294
0.23964843153953552
0.24109897017478943
0.24683041870594025
0.23697425425052643
0.2332238405942917
0.23775047063827515
0.25196051597595215
0.23759527504444122
0.23904472589492798
0.23529870808124542
0.23071207106113434
0.23686151206493378
0.22473865747451782
0.23994041979312897
0.2426552027463913
0.23178830742835999
0.22581815719604492
0.2384694218635559
0.2319898158311844
0.23615959286689758
0.22879083454608917
0.2205551117658615
0.23044005036354065
0.22614255547523499
0.22821517288684845
0.22331686317920685
0.23955747485160828
0.2287907749414444
0.22740225493907928
0.22208039462566376
0.2269369214773178
0.22803530097007751
0.22312000393867493
0.22089743614196777
0.22050978243350983
0.22365452349185944
0.2224642038345337
0.22117482125759125
0.2263471782207489
0.22839447855949402
0.22626349329948425
0.2180350124835968
0.22454677522182465
0.21897196769714355
0.22157995402812958
0.21490469574928284
0.22358788549900055
0.2134837657213211
0.22453893721103668
0.216529980301857
0.22331075370311737
0.22543340921401978
0.22088922560214996
0.21652214229106903
0.21604110300540924
0.20836134254932404
0.20734915137290955
0.21996434032917023
0.2092638611793518
0.22235898673534393
0.218611478805542
0.21895647048950195
0.22177383303642273
0.21394853293895721
0.21809574961662292
0.20628756284713745
0.2211616486310959
0.22183255851268768
0.20826882123947144
0.2093730866909027
0.21626554429531097
0.21427461504936218
0.20507760345935822
0.20120389759540558
0.21030780673027039
0.2060277909040451
0.21935513615608215
0.21111182868480682
0.20919974148273468
0.20238719880580902
0.20806792378425598
0.20826032757759094
0.2022138386964798
0.19940626621246338
0.20387397706508636
0.20177395641803741
0.20847156643867493
0.20665602385997772
0.2056584507226944
0.20924487709999084
0.20177467167377472
0.20544658601284027
0.2125653773546219
0.19802150130271912
0.20544838905334473
0.20981064438819885
0.19526539742946625
0.19922199845314026
0.20831963419914246
0.2029809206724167
0.20672720670700073
0.1938602477312088
0.21099387109279633
0.19930681586265564
0.19315221905708313
0.1993151158094406
0.19930006563663483
0.20593032240867615
0.21254247426986694
0.2082890272140503
0.19759239256381989
0.1946260780096054
0.2069421112537384
0.19770532846450806
0.19398029148578644
0.19449159502983093
0.20413754880428314
0.19481226801872253
0.19678187370300293
0.19936983287334442
0.18985649943351746
0.19169314205646515
0.19112597405910492
0.19621172547340393
0.19918236136436462
0.20077529549598694
0.18369510769844055
0.17856821417808533
0.19565202295780182
0.1956031322479248
0.19922716915607452
0.19493943452835083
0.1869332492351532
0.19865839183330536
0.1905852109193802
0.19102688133716583
0.1890517771244049
0.1818781942129135
0.19934400916099548
0.19539816677570343
0.18505477905273438
0.20545773208141327
0.19753779470920563
0.19364051520824432
0.19406141340732574
0.20918753743171692
0.20032715797424316
0.1799979954957962
0.1933709681034088
0.18564826250076294
0.19868598878383636
0.1883116364479065
0.19765110313892365
0.19124503433704376
0.1822073608636856
0.19254566729068756
0.1963069587945938
0.1792687475681305
0.19382894039154053
0.188140407204628
0.19141539931297302
0.19209431111812592
0.18668843805789948
0.19116328656673431
0.18337908387184143
0.18850767612457275
0.19980183243751526
0.18322399258613586
0.186873659491539
0.19073250889778137
0.18069620430469513
0.17921172082424164
0.19318899512290955
0.18692506849765778
0.19768516719341278
0.1924266517162323
0.1910136342048645
0.1899436116218567
0.19168981909751892
0.18969455361366272
0.17309057712554932
0.1771000474691391
0.18950732052326202
0.18828915059566498
0.19354833662509918
0.18602170050144196
0.19273699820041656
0.18430161476135254
0.18158899247646332
0.18778273463249207
0.1825888752937317
0.1857239305973053
0.18560434877872467
0.18407294154167175
0.18128488957881927
0.1931494176387787
0.18621186912059784
0.19137993454933167
0.1789444535970688
0.18196581304073334
0.1871388703584671
0.17935892939567566
0.1833195835351944
0.1841195821762085
0.191062793135643
0.1818256378173828
0.17671364545822144
0.18818992376327515
0.17552512884140015
0.18222717940807343
0.17982903122901917
0.18777260184288025
0.18701918423175812
0.185380220413208
0.17799973487854004
0.1903902143239975
0.18133391439914703
0.17569036781787872
0.17401660978794098
0.18099233508110046
0.1728198230266571
0.18401673436164856
0.178130105137825
0.17811530828475952
0.17628245055675507
0.16930457949638367
0.17938655614852905
0.1747533529996872
0.18262721598148346
0.18941807746887207
0.17228737473487854
0.1812732070684433
0.1804855465888977
0.17397722601890564
0.18103119730949402
0.1881316900253296
0.1838068813085556
0.18653562664985657
0.18106457591056824
0.17899848520755768
0.17958244681358337
0.18760818243026733
0.16924363374710083
0.18381382524967194
0.17209993302822113
0.18288230895996094
0.1693127304315567
0.1786501109600067
0.1778780072927475
0.18533489108085632
0.17834441363811493
0.18287736177444458
0.1774865835905075
0.1675482541322708
0.18169263005256653
0.17989476025104523
0.18502770364284515
0.18038854002952576
0.18118183314800262
0.18191683292388916
0.17960013449192047
0.17684823274612427
0.17554357647895813
0.18103696405887604
0.18795429170131683
0.17653797566890717
0.1789703220129013
0.1798631101846695
0.18042202293872833
0.1812819242477417
0.18733730912208557
0.17003287374973297
0.18711112439632416
0.17456309497356415
0.1699252724647522
0.183547705411911
0.18080928921699524
0.18084560334682465
0.1802435964345932
0.1792503446340561
0.17173683643341064
0.17310522496700287
0.17245453596115112
0.18310938775539398
0.17578087747097015
0.17346033453941345
0.18483850359916687
0.17478016018867493
0.17360559105873108
0.18157215416431427
0.17783109843730927
0.173603817820549
0.18037167191505432
0.1708555966615677
0.173497274518013
0.18805545568466187
0.17850390076637268
0.18057413399219513
0.1807292252779007
0.17231154441833496
0.1744052767753601
0.17612102627754211
0.182720348238945
0.18337386846542358
0.1832282841205597
0.1752033233642578
0.17905257642269135
0.16458094120025635
0.17287667095661163
0.17878414690494537
0.16716113686561584
0.17288033664226532
0.18292692303657532
0.17237544059753418
0.17615027725696564
0.17355354130268097
0.17741699516773224
0.17349205911159515
0.174955353140831
0.17477339506149292
0.18173789978027344
0.1724546253681183
0.18561159074306488
0.171179860830307
0.1637134999036789
0.17365741729736328
0.1827641874551773
0.1777736097574234
0.173451766371727
0.17339421808719635
0.17376232147216797
0.17088060081005096
0.17452260851860046
0.17461071908473969
0.17476756870746613
0.17873552441596985
0.1758674681186676
0.18420037627220154
0.17759452760219574
0.1793348640203476
0.16991367936134338
0.1640288382768631
0.1710064858198166
0.1781899482011795
0.1728011667728424
0.17521607875823975
0.17525161802768707
0.1679276078939438
0.17239898443222046
0.17871548235416412
0.17839916050434113
0.1662328541278839
0.16996265947818756
0.16874730587005615
0.1811772882938385
0.1706748604774475
0.16650500893592834
0.17641805112361908
0.17240610718727112
0.16774305701255798
0.1802797019481659
0.1684265434741974
0.16804349422454834
0.17465001344680786
0.17600642144680023
0.16733703017234802
0.17404289543628693
0.15828129649162292
0.16490678489208221
0.1800716519355774
0.17291314899921417
0.17108123004436493
0.17309197783470154
0.17402587831020355
0.17242088913917542
0.16369138658046722
0.1743745505809784
0.17925764620304108
0.1738748997449875
0.17694762349128723
0.17107178270816803
0.1728040874004364
0.16640080511569977
0.17291077971458435
0.16947954893112183
0.16565953195095062
0.16580800712108612
0.17086505889892578
0.1752873808145523
0.17243576049804688
0.16760754585266113
0.16857075691223145
0.17264346778392792
0.17943306267261505
0.16312289237976074
0.16608038544654846
0.16938792169094086
0.16489920020103455
0.16984345018863678
0.17681926488876343
0.17648433148860931
0.1672859787940979
0.17321519553661346
0.16878139972686768
0.17635022103786469
0.17020560801029205
0.17878568172454834
0.1715446561574936
0.17367243766784668
0.17727021872997284
0.16672521829605103
0.16746525466442108
0.164419025182724
0.17470885813236237
0.1771266609430313
0.17514558136463165
0.16486047208309174
0.17500364780426025
0.1758265197277069
0.1659063994884491
0.183952197432518
0.16865552961826324
0.16738025844097137
0.16605333983898163
0.17125043272972107
0.1732524186372757
0.16252420842647552
0.1755649894475937
0.16993218660354614
0.17416097223758698
0.17192573845386505
0.17324548959732056
0.1682460457086563
0.16562707722187042
0.16903403401374817
0.16564813256263733
0.1591184437274933
0.16495992243289948
0.18401426076889038
0.17217949032783508
0.16306093335151672
0.15832164883613586
0.17920123040676117
0.1665310561656952
0.17348293960094452
0.16930615901947021
0.17236439883708954
0.17683884501457214
0.16693122684955597
0.17048104107379913
0.17098893225193024
0.17197740077972412
0.16350333392620087
0.17585214972496033
0.1750483214855194
0.17719821631908417
0.18291045725345612
0.1707746982574463
0.16101044416427612
0.1759483367204666
0.1699565201997757
0.17453806102275848
0.17118337750434875
0.16140985488891602
0.16918638348579407
0.17884939908981323
0.16879883408546448
0.15756778419017792
0.16731047630310059
0.16930143535137177
0.17613664269447327
0.16811491549015045
0.1738775223493576
0.16897939145565033
0.16507627069950104
0.1692960262298584
0.17744861543178558
0.16492316126823425
0.17344330251216888
0.16454796493053436
0.16492076218128204
0.16245372593402863
0.17111515998840332
0.18269853293895721
0.16775846481323242
0.17268840968608856
0.16792990267276764
0.16910047829151154
0.18102307617664337
0.17264626920223236
0.16426894068717957
0.1624985635280609
0.16429613530635834
0.17507018148899078
0.16390816867351532
0.1678738296031952
0.17478933930397034
0.16405190527439117
0.17309436202049255
0.17115016281604767
