0.48476189374923706
0.5314285755157471
0.5761904716491699
0.6371428370475769
0.6609523892402649
0.7019047737121582
0.6876190304756165
0.6990476250648499
0.700952410697937
0.7285714149475098
0.7161904573440552
0.723809540271759
0.7457143068313599
0.7342857122421265
0.7409523725509644
0.7447618842124939
0.7476190328598022
0.7371428608894348
0.7495238184928894
0.7590476274490356
0.7685714364051819
0.7704761624336243
0.7733333110809326
0.7771428823471069
0.7714285850524902
0.7857142686843872
0.7828571200370789
0.7828571200370789
0.7961905002593994
0.8019047379493713
0.8057143092155457
0.799047589302063
0.7980952262878418
0.7933333516120911
0.8047618865966797
0.799047589302063
0.8123809695243835
0.822857141494751
0.8304761648178101
0.8304761648178101
0.8266666531562805
0.8190476298332214
0.8361904621124268
0.8333333134651184
0.831428587436676
0.8380952477455139
0.8247619271278381
0.8238095045089722
0.8390476107597351
0.8304761648178101
0.8333333134651184
0.846666693687439
0.831428587436676
0.8390476107597351
0.8409523963928223
0.8419047594070435
0.8333333134651184
0.8552380800247192
0.8409523963928223
0.8552380800247192
0.8428571224212646
0.8399999737739563
0.8552380800247192
0.8485714197158813
0.8514285683631897
0.869523823261261
0.8533333539962769
0.8638095259666443
0.8571428656578064
0.8666666746139526
0.8590475916862488
0.854285717010498
0.8619047403335571
0.8723809719085693
0.8600000143051147
0.8628571629524231
0.8809523582458496
0.8657143115997314
0.869523823261261
0.8609523773193359
0.8647618889808655
0.883809506893158
0.8628571629524231
0.854285717010498
0.8628571629524231
0.8847619295120239
0.8761904835700989
0.8704761862754822
0.8752381205558777
0.8847619295120239
0.8847619295120239
0.8657143115997314
0.8723809719085693
0.8780952095985413
0.8666666746139526
0.869523823261261
0.8571428656578064
0.8752381205558777
0.8771428465843201
0.8876190185546875
0.8780952095985413
0.8961904644966125
0.8866666555404663
0.8885714411735535
0.8847619295120239
0.8857142925262451
0.8933333158493042
0.8885714411735535
0.8952381014823914
0.8942857384681702
0.8933333158493042
0.8999999761581421
0.8761904835700989
0.8933333158493042
0.8961904644966125
0.9047619104385376
0.8914285898208618
0.8847619295120239
0.8980952501296997
0.892380952835083
0.8895238041877747
0.8876190185546875
0.8904761672019958
0.9028571248054504
0.8942857384681702
0.883809506893158
0.8876190185546875
0.8885714411735535
0.9019047617912292
0.8971428275108337
0.892380952835083
0.8980952501296997
0.9038095474243164
0.9038095474243164
0.9047619104385376
0.9009523987770081
0.9104762077331543
0.907619059085846
0.8990476131439209
0.8999999761581421
0.8952381014823914
0.8961904644966125
0.8999999761581421
0.9114285707473755
0.9047619104385376
0.8980952501296997
0.8990476131439209
0.907619059085846
0.8933333158493042
0.9104762077331543
0.915238082408905
0.8971428275108337
0.8990476131439209
0.9066666960716248
0.9085714221000671
0.9066666960716248
0.8990476131439209
0.8990476131439209
0.9085714221000671
0.9066666960716248
0.8971428275108337
0.8999999761581421
0.9057142734527588
0.9095237851142883
0.9057142734527588
0.9038095474243164
0.9114285707473755
0.9066666960716248
0.8980952501296997
0.892380952835083
0.9066666960716248
0.8961904644966125
0.9123809337615967
0.9028571248054504
0.915238082408905
0.915238082408905
0.9142857193946838
0.9171428680419922
0.9057142734527588
0.915238082408905
0.9095237851142883
0.9200000166893005
0.9066666960716248
0.915238082408905
0.9114285707473755
0.9190475940704346
0.9133333563804626
0.9190475940704346
0.9009523987770081
0.9180952310562134
0.9123809337615967
0.9066666960716248
0.915238082408905
0.9114285707473755
0.9142857193946838
0.907619059085846
0.9142857193946838
0.9133333563804626
0.9238095283508301
0.9266666769981384
0.9133333563804626
0.9038095474243164
0.9209523797035217
0.9095237851142883
0.9171428680419922
0.9200000166893005
0.907619059085846
0.915238082408905
0.9133333563804626
0.9095237851142883
0.915238082408905
0.9066666960716248
0.8990476131439209
0.9171428680419922
0.9133333563804626
0.9104762077331543
0.9190475940704346
0.9066666960716248
0.9142857193946838
0.9114285707473755
0.9228571653366089
0.915238082408905
0.9114285707473755
0.9238095283508301
0.916190505027771
0.9190475940704346
0.9200000166893005
0.9133333563804626
0.9200000166893005
0.9190475940704346
0.9171428680419922
0.9266666769981384
0.9209523797035217
0.9133333563804626
0.9228571653366089
0.9209523797035217
0.9180952310562134
0.9200000166893005
0.907619059085846
0.9085714221000671
0.9190475940704346
0.9238095283508301
0.9171428680419922
0.9238095283508301
0.9200000166893005
0.9266666769981384
0.9180952310562134
0.9190475940704346
0.9209523797035217
0.9171428680419922
0.9171428680419922
0.9266666769981384
0.9238095283508301
0.9209523797035217
0.9219047427177429
0.9209523797035217
0.9209523797035217
0.9180952310562134
0.9200000166893005
0.9257143139839172
0.9257143139839172
0.9180952310562134
0.9228571653366089
0.9257143139839172
0.9238095283508301
0.9247618913650513
0.9209523797035217
0.9238095283508301
0.916190505027771
0.9247618913650513
0.9285714030265808
0.9209523797035217
0.9342857003211975
0.9295238256454468
0.9171428680419922
0.9238095283508301
0.9190475940704346
0.930476188659668
0.9342857003211975
0.9257143139839172
0.9209523797035217
0.930476188659668
0.9276190400123596
0.930476188659668
0.9276190400123596
0.9209523797035217
0.9180952310562134
0.9190475940704346
0.9285714030265808
0.9314285516738892
0.9219047427177429
0.9285714030265808
0.9323809742927551
0.9209523797035217
0.9209523797035217
0.9209523797035217
0.9323809742927551
0.9238095283508301
0.9200000166893005
0.9323809742927551
0.9276190400123596
0.9238095283508301
0.9276190400123596
0.9209523797035217
0.9295238256454468
0.9219047427177429
0.9266666769981384
0.9314285516738892
0.9257143139839172
0.9142857193946838
0.9352381229400635
0.930476188659668
0.9333333373069763
0.9323809742927551
0.9276190400123596
0.9342857003211975
0.9228571653366089
0.9219047427177429
0.9180952310562134
0.9285714030265808
0.9228571653366089
0.9190475940704346
0.9200000166893005
0.9238095283508301
0.9276190400123596
0.9190475940704346
0.9219047427177429
0.9285714030265808
0.9314285516738892
0.9285714030265808
0.9276190400123596
0.9180952310562134
0.9238095283508301
0.9257143139839172
0.938095211982727
0.9371428489685059
0.9323809742927551
0.9247618913650513
0.9247618913650513
0.9361904859542847
0.9266666769981384
0.9333333373069763
0.9314285516738892
0.9285714030265808
0.9295238256454468
0.9295238256454468
0.9352381229400635
0.9266666769981384
0.9314285516738892
0.9247618913650513
0.9266666769981384
0.9257143139839172
0.9333333373069763
0.9266666769981384
0.9333333373069763
0.9238095283508301
0.9209523797035217
0.9285714030265808
0.9257143139839172
0.9314285516738892
0.9276190400123596
0.9314285516738892
0.9342857003211975
0.9323809742927551
0.9314285516738892
0.9285714030265808
0.9333333373069763
0.9228571653366089
0.9200000166893005
0.9352381229400635
0.9171428680419922
0.9257143139839172
0.9361904859542847
0.9352381229400635
0.9333333373069763
0.930476188659668
0.9285714030265808
0.9247618913650513
0.9352381229400635
0.9333333373069763
0.9323809742927551
0.9276190400123596
0.9247618913650513
0.930476188659668
0.9342857003211975
0.9228571653366089
0.9314285516738892
0.9314285516738892
0.9342857003211975
0.9295238256454468
0.938095211982727
0.9295238256454468
0.938095211982727
0.9342857003211975
0.938095211982727
0.9228571653366089
0.9295238256454468
0.9295238256454468
0.930476188659668
0.915238082408905
0.9276190400123596
0.9295238256454468
0.939047634601593
0.9180952310562134
0.9371428489685059
0.930476188659668
0.930476188659668
0.9228571653366089
0.9257143139839172
0.9257143139839172
0.930476188659668
0.9342857003211975
0.9285714030265808
0.9295238256454468
0.930476188659668
0.9342857003211975
0.9314285516738892
0.9276190400123596
0.9266666769981384
0.9352381229400635
0.9266666769981384
0.9276190400123596
0.9285714030265808
0.9314285516738892
0.9285714030265808
0.9247618913650513
0.9238095283508301
0.9247618913650513
0.9323809742927551
0.930476188659668
0.9323809742927551
0.938095211982727
0.9276190400123596
0.9266666769981384
0.930476188659668
0.939047634601593
0.9295238256454468
0.9295238256454468
0.930476188659668
0.9438095092773438
0.9295238256454468
0.9276190400123596
0.9295238256454468
0.9361904859542847
0.9266666769981384
0.9342857003211975
0.9266666769981384
0.9361904859542847
0.9247618913650513
0.930476188659668
0.9323809742927551
0.9314285516738892
0.9323809742927551
0.9323809742927551
0.9276190400123596
0.9276190400123596
0.9200000166893005
0.9361904859542847
0.930476188659668
0.9314285516738892
0.9323809742927551
0.9361904859542847
0.9323809742927551
0.938095211982727
0.9342857003211975
0.9209523797035217
0.9276190400123596
0.9314285516738892
0.9314285516738892
0.9342857003211975
0.9257143139839172
0.9323809742927551
0.9361904859542847
0.9352381229400635
0.9323809742927551
0.930476188659668
0.9266666769981384
0.9371428489685059
0.9419047832489014
0.9228571653366089
0.9314285516738892
0.9314285516738892
0.9314285516738892
0.9342857003211975
0.9342857003211975
0.9247618913650513
0.939047634601593
0.9399999976158142
0.9333333373069763
0.9257143139839172
0.9247618913650513
0.9333333373069763
0.9247618913650513
0.9419047832489014
0.9342857003211975
0.9295238256454468
0.9285714030265808
0.9361904859542847
0.9409523606300354
0.9371428489685059
0.9266666769981384
0.9361904859542847
0.9342857003211975
0.9333333373069763
0.9399999976158142
0.939047634601593
0.9266666769981384
0.938095211982727
0.9295238256454468
0.9200000166893005
0.9247618913650513
0.9276190400123596
0.939047634601593
0.9342857003211975
0.9333333373069763
0.9266666769981384
0.9295238256454468
0.9333333373069763
0.9361904859542847
0.9323809742927551
0.9285714030265808
0.9247618913650513
0.9333333373069763
0.9276190400123596
0.9323809742927551
0.9295238256454468
0.9333333373069763
0.9238095283508301
0.9276190400123596
0.9361904859542847
0.9333333373069763
0.9285714030265808
0.939047634601593
0.9228571653366089
0.930476188659668
0.9276190400123596
0.930476188659668
0.9342857003211975
0.9342857003211975
0.9371428489685059
0.9314285516738892
0.930476188659668
0.9333333373069763
0.939047634601593
0.9314285516738892
0.9314285516738892
0.9371428489685059
0.930476188659668
0.9257143139839172
0.930476188659668
0.9371428489685059
0.9295238256454468
0.9323809742927551
0.930476188659668
0.9285714030265808
0.9333333373069763
0.9285714030265808
0.9371428489685059
0.9333333373069763
0.9342857003211975
0.9333333373069763
0.9399999976158142
0.9323809742927551
0.9257143139839172
0.9266666769981384
0.9295238256454468
0.9342857003211975
0.9352381229400635
0.9323809742927551
0.9285714030265808
0.9333333373069763
0.9314285516738892
0.938095211982727
0.9295238256454468
0.9323809742927551
0.9257143139839172
0.9342857003211975
0.9323809742927551
0.9371428489685059
0.9285714030265808
0.9333333373069763
0.930476188659668
0.9247618913650513
0.9314285516738892
0.9342857003211975
0.938095211982727
0.9342857003211975
0.9314285516738892
0.9333333373069763
0.9399999976158142
0.9323809742927551
0.9352381229400635
0.9323809742927551
0.930476188659668
0.9342857003211975
0.9399999976158142
0.930476188659668
0.9333333373069763
0.9361904859542847
0.930476188659668
0.9323809742927551
0.9342857003211975
0.9314285516738892
0.938095211982727
0.930476188659668
0.9361904859542847
0.9399999976158142
0.9209523797035217
0.939047634601593
0.939047634601593
0.938095211982727
0.930476188659668
0.9333333373069763
0.9266666769981384
0.9285714030265808
0.9323809742927551
0.930476188659668
0.9295238256454468
0.9342857003211975
0.9361904859542847
0.9257143139839172
0.9295238256454468
0.9352381229400635
0.9266666769981384
0.9266666769981384
0.9323809742927551
0.9333333373069763
0.9295238256454468
0.9342857003211975
0.9323809742927551
0.9285714030265808
0.9295238256454468
0.9323809742927551
0.9409523606300354
0.9352381229400635
0.9333333373069763
0.9228571653366089
0.9352381229400635
0.9323809742927551
0.930476188659668
0.9190475940704346
0.9361904859542847
0.9323809742927551
0.930476188659668
0.9371428489685059
0.9361904859542847
0.930476188659668
0.9352381229400635
0.9352381229400635
0.939047634601593
0.930476188659668
0.9342857003211975
0.9352381229400635
0.9295238256454468
0.9219047427177429
0.930476188659668
0.9314285516738892
0.9361904859542847
0.9314285516738892
0.9295238256454468
0.9314285516738892
0.9314285516738892
0.9333333373069763
0.9371428489685059
0.930476188659668
0.9399999976158142
