0.7263895869255066
0.6840667128562927
0.6532962322235107
0.6210929155349731
0.602387011051178
0.590078592300415
0.5704985857009888
0.5611142516136169
0.5468153953552246
0.5306854248046875
0.5188155770301819
0.513035237789154
0.49314993619918823
0.48932862281799316
0.46931692957878113
0.45838573575019836
0.4615679681301117
0.42879733443260193
0.43246787786483765
0.4275137484073639
0.4061346650123596
0.4050389528274536
0.3990025818347931
0.39507293701171875
0.38511940836906433
0.3773956000804901
0.38727903366088867
0.3689119219779968
0.36967775225639343
0.37627366185188293
0.37114155292510986
0.35638782382011414
0.36865487694740295
0.35688790678977966
0.3558587431907654
0.3537329435348511
0.34671300649642944
0.3518357276916504
0.33087843656539917
0.3326808214187622
0.3363419771194458
0.33730778098106384
0.33185940980911255
0.32840418815612793
0.3324158787727356
0.3299696445465088
0.3333001732826233
0.3201523721218109
0.32393208146095276
0.32633835077285767
0.3259911835193634
0.3188209533691406
0.31098946928977966
0.3086071312427521
0.31007564067840576
0.31816399097442627
0.3144572377204895
0.3043685853481293
0.30629342794418335
0.3072248697280884
0.30187398195266724
0.30572178959846497
0.2981129288673401
0.2982071042060852
0.2964446544647217
0.29288920760154724
0.29956933856010437
0.2966516315937042
0.298015296459198
0.29431670904159546
0.29571953415870667
0.2912343740463257
0.3052845001220703
0.29547882080078125
0.2872636318206787
0.290587455034256
0.28750795125961304
0.28123393654823303
0.28416281938552856
0.2834241986274719
0.28485527634620667
0.28757062554359436
0.28158852458000183
0.28913843631744385
0.27791932225227356
0.2731492817401886
0.2711549997329712
0.2740232050418854
0.2721205949783325
0.27781617641448975
0.2742755711078644
0.2785172462463379
0.27532899379730225
0.27101415395736694
0.2810274362564087
0.2829863131046295
0.27355512976646423
0.26782023906707764
0.27343374490737915
0.2839917838573456
0.2589188516139984
0.2672484517097473
0.2734648883342743
0.2707732915878296
0.27520090341567993
0.2626159191131592
0.268869549036026
0.2683842182159424
0.26712098717689514
0.26732346415519714
0.25892579555511475
0.26622623205184937
0.2588563859462738
0.2636649012565613
0.2584541141986847
0.26453933119773865
0.26221561431884766
0.2607780694961548
0.25726696848869324
0.2574310302734375
0.256306916475296
0.2669059932231903
0.2661568820476532
0.25967442989349365
0.2592282295227051
0.2627180814743042
0.2551729083061218
0.25867173075675964
0.26157858967781067
0.2606642544269562
0.2567385733127594
0.2637428343296051
0.2564719319343567
0.25302329659461975
0.26368120312690735
0.2536159157752991
0.2514002025127411
0.2571846544742584
0.26141276955604553
0.2458367943763733
0.2432689517736435
0.249733105301857
0.2523745894432068
0.24794572591781616
0.25135958194732666
0.24595880508422852
0.24712859094142914
0.2553616762161255
0.24762684106826782
0.2453736811876297
0.2581592798233032
0.24774007499217987
0.2560655176639557
0.2526131272315979
0.24860671162605286
0.25329747796058655
0.25418820977211
0.24739208817481995
0.25184884667396545
0.24908891320228577
0.25429823994636536
0.2444399893283844
0.24741126596927643
0.24804902076721191
0.24225416779518127
0.23859448730945587
0.23846431076526642
0.24700218439102173
0.2483033388853073
0.2528717517852783
0.23618833720684052
0.2388763278722763
0.24303331971168518
0.2406594306230545
0.24727179110050201
0.2396336793899536
0.23586012423038483
0.2390110343694687
0.2362007349729538
0.24329793453216553
0.23484912514686584
0.23364508152008057
0.24096901714801788
0.2327716201543808
0.2417711615562439
0.23749524354934692
0.2380937784910202
0.23303283751010895
0.23226645588874817
0.24358536303043365
0.23517076671123505
0.23101277649402618
0.2423342913389206
0.23724578320980072
0.2391233593225479
0.24590907990932465
0.23667028546333313
0.2451227903366089
0.23975586891174316
0.23287388682365417
0.22750021517276764
0.24973958730697632
0.2388613075017929
0.2366555631160736
0.23618744313716888
0.23948268592357635
0.2306148111820221
0.24273528158664703
0.23278699815273285
0.23311713337898254
0.23419947922229767
0.23658595979213715
0.24250642955303192
0.23895354568958282
0.24037352204322815
0.2326049953699112
0.23743689060211182
0.22937433421611786
0.2354041188955307
0.24347099661827087
0.2328883558511734
0.23138630390167236
0.22708258032798767
0.2305711805820465
0.23081009089946747
0.24239350855350494
0.22672119736671448
0.23570525646209717
0.23759420216083527
0.23415586352348328
0.22989729046821594
0.22878533601760864
0.23090146481990814
0.2432498037815094
0.22517184913158417
0.23400245606899261
0.2279500663280487
0.22337114810943604
0.23594695329666138
0.2337411642074585
0.23074017465114594
0.2382819950580597
0.23863297700881958
0.2349534034729004
0.2291007936000824
0.23232543468475342
0.22949820756912231
0.23431327939033508
0.22856003046035767
0.23583006858825684
0.2319137454032898
0.22835540771484375
0.23323100805282593
0.23405537009239197
0.22668327391147614
0.2303917407989502
0.2319263368844986
0.23200158774852753
0.23039443790912628
0.2440388947725296
0.23010483384132385
0.22835268080234528
0.22218601405620575
0.2280971258878708
0.22841350734233856
0.22714246809482574
0.2290368676185608
0.2325935810804367
0.22425507009029388
0.23566018044948578
0.21017815172672272
0.22292883694171906
0.21902675926685333
0.23322126269340515
0.22653135657310486
0.2278250753879547
0.21543468534946442
0.22671867907047272
0.22668343782424927
0.23448508977890015
0.21562273800373077
0.2229038029909134
0.2299552708864212
0.22986726462841034
0.22757205367088318
0.22566182911396027
0.22294145822525024
0.22866714000701904
0.22020718455314636
0.2289203405380249
0.234100341796875
0.22148548066616058
0.22329775989055634
0.22500641644001007
0.22338059544563293
0.22498759627342224
0.22535273432731628
0.22575990855693817
0.2231280505657196
0.23163175582885742
0.22568616271018982
0.22216056287288666
0.2258615791797638
0.2274574339389801
0.21478509902954102
0.21838830411434174
0.22528965771198273
0.2344892919063568
0.21816067397594452
0.2160661816596985
0.23144063353538513
0.21529333293437958
0.2197599858045578
0.22515574097633362
0.22064447402954102
0.22459380328655243
0.21452920138835907
0.22452756762504578
0.23048575222492218
0.23496635258197784
0.22399026155471802
0.2225584089756012
0.2256074845790863
0.21952155232429504
0.22710347175598145
0.21026737987995148
0.22884388267993927
0.22225040197372437
0.22629322111606598
0.22215446829795837
0.2245883345603943
0.21976244449615479
0.22185420989990234
0.23000569641590118
0.21783621609210968
0.22431214153766632
0.22812455892562866
0.22098149359226227
0.21627627313137054
0.21603704988956451
0.22861310839653015
0.22218656539916992
0.21957151591777802
0.2186647206544876
0.2291150689125061
0.2271142303943634
0.2283603698015213
0.22783832252025604
0.21134750545024872
0.22279316186904907
0.22142113745212555
0.2183166891336441
0.2207718789577484
0.22732971608638763
0.2195107489824295
0.2190960943698883
0.22164814174175262
0.23064890503883362
0.21743519604206085
0.2213602066040039
0.2257038950920105
0.22395111620426178
0.21822743117809296
0.22448858618736267
0.21647417545318604
0.22921721637248993
0.220844566822052
0.22984807193279266
0.2243729680776596
0.22977173328399658
0.21627090871334076
0.21227897703647614
0.2137637585401535
0.21822069585323334
0.2254420667886734
0.2226220965385437
0.2260776162147522
0.22703570127487183
0.20944838225841522
0.22085878252983093
0.21907640993595123
0.2205638736486435
0.22192399203777313
0.21963773667812347
0.2230972945690155
0.2241082340478897
0.21747103333473206
0.21741130948066711
0.21863998472690582
0.22444817423820496
0.21501222252845764
0.22998440265655518
0.22112689912319183
0.22482182085514069
0.23283015191555023
0.21911872923374176
0.21582795679569244
0.22114096581935883
0.21315085887908936
0.22623112797737122
0.21881146728992462
0.22081634402275085
0.2106262445449829
0.21809910237789154
0.21816544234752655
0.2188016027212143
0.21825404465198517
0.2123251110315323
0.22260114550590515
0.22642527520656586
0.21264208853244781
0.21893709897994995
0.2222093939781189
0.2280912697315216
0.21236109733581543
0.20735447108745575
0.220833420753479
0.21721340715885162
0.2181386649608612
0.22042517364025116
0.21127532422542572
0.2197529673576355
0.21859177947044373
0.20651747286319733
0.2099340558052063
0.21366076171398163
0.2213621437549591
0.21376581490039825
0.21093803644180298
0.21736641228199005
0.22054556012153625
0.21415409445762634
0.21566668152809143
0.21611285209655762
0.22178775072097778
0.22126303613185883
0.216169536113739
0.21136030554771423
0.21520505845546722
0.2214706838130951
0.21744227409362793
0.2171625792980194
0.2180698961019516
0.22081738710403442
0.2131456434726715
0.21628473699092865
0.2121344655752182
0.21705418825149536
0.22109557688236237
0.21466480195522308
0.21050193905830383
0.2232779562473297
0.21669575572013855
0.21611665189266205
0.22235658764839172
0.22217121720314026
0.2156972438097
0.21580953896045685
0.21611148118972778
0.21152357757091522
0.21610789000988007
0.21595607697963715
0.21527598798274994
0.22214525938034058
0.2192833125591278
0.22004777193069458
0.23158322274684906
0.2073579579591751
0.21775506436824799
0.216055765748024
0.21906718611717224
0.21174490451812744
0.21553127467632294
0.22644583880901337
0.21684031188488007
0.22198960185050964
0.2145155966281891
0.22517850995063782
0.22315867245197296
0.21854977309703827
0.21429352462291718
0.2189614176750183
0.22191213071346283
0.21360737085342407
0.22371803224086761
0.224417582154274
0.22421392798423767
0.21805325150489807
0.2119673490524292
0.22176331281661987
0.21613767743110657
0.2114548534154892
0.2182651162147522
0.21794036030769348
0.2104700654745102
0.2175886482000351
0.21460078656673431
0.214799702167511
0.21111950278282166
0.21414931118488312
0.2113761603832245
0.21300412714481354
0.226673886179924
0.2030431181192398
0.21711717545986176
0.22889353334903717
0.22281906008720398
0.22085000574588776
0.2216862142086029
0.21683450043201447
0.21405938267707825
0.22739842534065247
0.2089810073375702
0.21907369792461395
0.2152576744556427
0.22708356380462646
0.21686498820781708
0.2208854705095291
0.2120404690504074
0.22000767290592194
0.21094632148742676
0.21851865947246552
0.21073618531227112
0.2112511694431305
0.21525777876377106
0.21622906625270844
0.21907329559326172
0.21351060271263123
0.2258271425962448
0.2232557237148285
0.21215802431106567
0.2095470428466797
0.2121037095785141
0.2168968766927719
0.21520575881004333
0.22227367758750916
0.21781009435653687
0.21930688619613647
0.21510057151317596
0.21632179617881775
0.20974832773208618
0.2194051295518875
0.22164246439933777
0.21542270481586456
0.2270677089691162
0.2190079540014267
0.21522778272628784
0.21001124382019043
0.22118717432022095
0.21586601436138153
0.22080795466899872
0.21024471521377563
0.21780654788017273
0.21737882494926453
0.22268569469451904
0.2112467885017395
0.21533717215061188
0.22145575284957886
0.21680286526679993
0.2223113626241684
0.21809744834899902
0.22263629734516144
0.21424022316932678
0.21650005877017975
0.20926807820796967
0.20740605890750885
0.22107145190238953
0.22245459258556366
0.2147637903690338
0.2227090299129486
0.22488178312778473
0.21454192698001862
0.21220336854457855
0.22194980084896088
0.22020982205867767
0.21260514855384827
0.21481174230575562
0.21756941080093384
0.21532993018627167
0.21550017595291138
0.21131691336631775
0.21431002020835876
0.2280779927968979
0.21655261516571045
0.20687809586524963
0.21648478507995605
0.21524740755558014
0.2177574187517166
0.21966905891895294
0.21798469126224518
0.2224343866109848
0.2211005687713623
0.20785245299339294
0.2143830507993698
0.21707339584827423
0.22842517495155334
0.21691080927848816
0.2059597671031952
0.21726606786251068
0.21507267653942108
0.21218474209308624
0.2144601047039032
0.22125744819641113
0.2183312624692917
0.2061218023300171
0.21576204895973206
