0.6928821206092834
0.6849311590194702
0.6786209344863892
0.6706374883651733
0.6664041876792908
0.6576411724090576
0.6474574208259583
0.6450745463371277
0.6314088106155396
0.6276786923408508
0.6030296087265015
0.6106836199760437
0.6155555248260498
0.6017353534698486
0.5966073274612427
0.5887596607208252
0.5869205594062805
0.5814265608787537
0.5834637880325317
0.5586592555046082
0.5619878768920898
0.5553678870201111
0.5489105582237244
0.5590357780456543
0.5367560982704163
0.5398392081260681
0.5236890912055969
0.5370256900787354
0.5479885339736938
0.5206925868988037
0.5062436461448669
0.5128480792045593
0.5308915972709656
0.5112824440002441
0.501453161239624
0.49930593371391296
0.5042700171470642
0.4883832037448883
0.48891758918762207
0.46239402890205383
0.4683897793292999
0.4523167610168457
0.4687940180301666
0.4599098563194275
0.4523535370826721
0.46777498722076416
0.45131564140319824
0.4453185200691223
0.43962329626083374
0.438514769077301
0.44503721594810486
0.4497886300086975
0.4180746376514435
0.4151173233985901
0.42611077427864075
0.4245787560939789
0.4134964942932129
0.4386749267578125
0.41784340143203735
0.42649713158607483
0.4299682080745697
0.4195144474506378
0.40381258726119995
0.4116016626358032
0.40394681692123413
0.4180479347705841
0.3936651945114136
0.4250517189502716
0.3949134051799774
0.39919331669807434
0.4030776917934418
0.411044716835022
0.3906123638153076
0.4094080924987793
0.39891237020492554
0.38739213347435
0.3958239257335663
0.39583078026771545
0.3887350261211395
0.3793991804122925
0.39229416847229004
0.38629257678985596
0.3964649736881256
0.3894537389278412
0.38405561447143555
0.3738641142845154
0.3680911064147949
0.3916000723838806
0.3774212598800659
0.39397770166397095
0.37347060441970825
0.3690204918384552
0.3880723714828491
0.37368717789649963
0.376028835773468
0.37545883655548096
0.3619401156902313
0.3794592618942261
0.38820457458496094
0.36355626583099365
0.3641042113304138
0.37916770577430725
0.35210028290748596
0.35161444544792175
0.3580034077167511
0.3535412847995758
0.3755151331424713
0.37092408537864685
0.35397398471832275
0.3650001287460327
0.357071191072464
0.3588924705982208
0.34607717394828796
0.3418971598148346
0.3650858998298645
0.35405582189559937
0.35610270500183105
0.347726434469223
0.34769389033317566
0.3551846146583557
0.33070844411849976
0.33128371834754944
0.32540735602378845
0.3419470191001892
0.338387668132782
0.3544725477695465
0.3327299654483795
0.33781781792640686
0.3229082524776459
0.3552818298339844
0.34969767928123474
0.3192290961742401
0.33842507004737854
0.31978267431259155
0.33524107933044434
0.3098156750202179
0.3296442925930023
0.33843523263931274
0.34182217717170715
0.31279313564300537
0.33449333906173706
0.3205052614212036
0.33078789710998535
0.3171866834163666
0.3355944752693176
0.33143144845962524
0.3179249167442322
0.32707175612449646
0.32484906911849976
0.3286537826061249
0.325363427400589
0.3290308117866516
0.3306731879711151
0.3253765106201172
0.30745643377304077
0.3131988048553467
0.3057878613471985
0.3268391191959381
0.3316636085510254
0.3059813976287842
0.2903108596801758
0.309035062789917
0.3329748213291168
0.3216908872127533
0.3142911493778229
0.30904892086982727
0.3150404095649719
0.30399948358535767
0.31787726283073425
0.2997719943523407
0.31451812386512756
0.3070586025714874
0.2839045226573944
0.2897603213787079
0.28731778264045715
0.29255321621894836
0.31480881571769714
0.31474730372428894
0.3118119239807129
0.3137095868587494
0.3029662072658539
0.3214758038520813
0.3111325800418854
0.30317220091819763
0.2922484278678894
0.312107652425766
0.2971016764640808
0.2992676794528961
0.29956912994384766
0.2974819540977478
0.296580970287323
0.2986859381198883
0.2913109362125397
0.2868904173374176
0.28609663248062134
0.298278272151947
0.2883398234844208
0.3104268014431
0.31397372484207153
0.28799888491630554
0.289649099111557
0.2886776626110077
0.3164069354534149
0.28453582525253296
0.30172425508499146
0.29423242807388306
0.2962292432785034
0.29602572321891785
0.2706185579299927
0.2938595712184906
0.2750387191772461
0.2932469844818115
0.269163578748703
0.29513019323349
0.2903052568435669
0.2710084319114685
0.2847099304199219
0.2791154086589813
0.300250768661499
0.2822261154651642
0.28715190291404724
0.29929426312446594
0.27323389053344727
0.28699132800102234
0.28635406494140625
0.2801091969013214
0.2841320335865021
0.2992044985294342
0.28663837909698486
0.27867811918258667
0.2838628888130188
0.2687537968158722
0.29681164026260376
0.29141220450401306
0.27963316440582275
0.2703057825565338
0.31225815415382385
0.2760270833969116
0.27577948570251465
0.28636783361434937
0.27298831939697266
0.27451324462890625
0.27424710988998413
0.2738560438156128
0.285063773393631
0.28173449635505676
0.2655503451824188
0.2816004157066345
0.26848915219306946
0.2904086112976074
0.27060258388519287
0.2898697555065155
0.27021488547325134
0.2657211124897003
0.29338961839675903
0.2856406271457672
0.28479909896850586
0.2617918848991394
0.2720034420490265
0.2958797514438629
0.2773771584033966
0.2752472460269928
0.260553240776062
0.2776389420032501
0.28321462869644165
0.2505010664463043
0.2828488051891327
0.2752753496170044
0.24683326482772827
0.2785375714302063
0.29153454303741455
0.2851158380508423
0.2703184485435486
0.27986252307891846
0.2583116888999939
0.2732725739479065
0.2717108726501465
0.268929660320282
0.27061331272125244
0.2732658386230469
0.2697790563106537
0.2761269211769104
0.2683042883872986
0.2723904252052307
0.2494971603155136
0.2637718915939331
0.26077374815940857
0.28220072388648987
0.264349102973938
0.2633837163448334
0.27322134375572205
0.268329918384552
0.2651929557323456
0.25277647376060486
0.28480032086372375
0.27832868695259094
0.2802990674972534
0.26947128772735596
0.26821908354759216
0.28203296661376953
0.2802082300186157
0.2705828547477722
0.27497854828834534
0.2694457471370697
0.2545546293258667
0.27497848868370056
0.2665586769580841
0.27362754940986633
0.27882951498031616
0.2563888430595398
0.28398996591567993
0.26687008142471313
0.25626200437545776
0.2789989113807678
0.27492383122444153
0.2752891182899475
0.2697697579860687
0.26379120349884033
0.2891889810562134
0.26733899116516113
0.26200103759765625
0.25535905361175537
0.2784362733364105
0.26414358615875244
0.27231207489967346
0.28198352456092834
0.24846825003623962
0.27027392387390137
0.26870667934417725
0.2648974359035492
0.27296996116638184
0.2710171043872833
0.2551953196525574
0.27341657876968384
0.27647361159324646
0.2694874405860901
0.2552638649940491
0.25407183170318604
0.24702991545200348
0.262935608625412
0.29173702001571655
0.2626155614852905
0.2754633128643036
0.2670317590236664
0.2599765360355377
0.2735750079154968
0.27785617113113403
0.2858446538448334
0.2716323137283325
0.26983749866485596
0.26295381784439087
0.26452091336250305
0.2837141156196594
0.25478148460388184
0.27081307768821716
0.26726728677749634
0.27744001150131226
0.2766694724559784
0.25603529810905457
0.2743721306324005
0.2581641674041748
0.2519199252128601
0.27106407284736633
0.24932169914245605
0.26568785309791565
0.2900297939777374
0.28389638662338257
0.2691847085952759
0.25441524386405945
0.25521713495254517
0.2838597893714905
0.2554759085178375
0.2605724334716797
0.2805134356021881
0.27754369378089905
0.26831698417663574
0.264099657535553
0.2755400240421295
0.2598038613796234
0.29471567273139954
0.2696974575519562
0.2639285624027252
0.2583654820919037
0.2609198987483978
0.28405076265335083
0.2774196267127991
0.27764350175857544
0.2669662833213806
0.24177350103855133
0.2894657552242279
0.25096070766448975
0.2688969671726227
0.2748577296733856
0.2980652153491974
0.24518845975399017
0.26493993401527405
0.24515026807785034
0.26745814085006714
0.25194475054740906
0.26794499158859253
0.2642204463481903
0.225993350148201
0.25945982336997986
0.25927734375
0.26668137311935425
0.245110884308815
0.25592631101608276
0.25594818592071533
0.2674069404602051
0.27687665820121765
0.25615909695625305
0.2752031087875366
0.28130894899368286
0.2589273750782013
0.2725338339805603
0.2768511474132538
0.25544294714927673
0.27734583616256714
0.2783927321434021
0.2632487714290619
0.2653619945049286
0.24815519154071808
0.2564588189125061
0.24980875849723816
0.24907764792442322
0.2603183090686798
0.27022403478622437
0.2497657686471939
0.26760101318359375
0.2714540362358093
0.25126275420188904
0.2650924026966095
0.2712527811527252
0.2670189142227173
0.28389695286750793
0.2929694354534149
0.25174903869628906
0.2481551170349121
0.2541683614253998
0.25654536485671997
0.26297521591186523
0.2635725140571594
0.25922447443008423
0.254838228225708
0.2594575881958008
0.2697124183177948
0.2477409392595291
0.2635250985622406
0.24811866879463196
0.251287579536438
0.2760035991668701
0.2645857036113739
0.2681761384010315
0.2718730568885803
0.2587466537952423
0.27081096172332764
0.2859469950199127
0.2507424056529999
0.26849615573883057
0.2883470356464386
0.27075284719467163
0.26433515548706055
0.25708475708961487
0.27024388313293457
0.2602112889289856
0.2621704936027527
0.27465879917144775
0.2624055743217468
0.27169644832611084
0.2747638523578644
0.2549687325954437
0.2721511423587799
0.27348604798316956
0.2733480930328369
0.25783011317253113
0.2690889835357666
0.26965489983558655
0.24945123493671417
0.2641501724720001
0.26213306188583374
0.2683844268321991
0.26309365034103394
0.2637963891029358
0.2826763093471527
0.25246500968933105
0.2670484483242035
0.2667323052883148
0.2729145288467407
0.27874431014060974
0.26340344548225403
0.27198949456214905
0.2560228705406189
0.2586764395236969
0.27046433091163635
0.25735917687416077
0.2522783577442169
0.264973908662796
0.2675689458847046
0.25715720653533936
0.25806277990341187
0.26491427421569824
0.25683578848838806
0.27413904666900635
0.26943331956863403
0.2626041769981384
0.269859254360199
0.25217151641845703
0.26530709862709045
0.2538473308086395
0.26346227526664734
0.2636685371398926
0.25336313247680664
0.275923490524292
0.25730064511299133
0.2614426910877228
0.2763538658618927
0.2566030025482178
0.2515203654766083
0.26789507269859314
0.27051013708114624
0.24092483520507812
0.26448243856430054
0.25725889205932617
0.2634699046611786
0.26891979575157166
0.25551408529281616
0.27106890082359314
0.2392035871744156
0.2513406276702881
0.26717516779899597
0.2660016715526581
0.25993335247039795
0.2523867189884186
0.2746037244796753
0.26316121220588684
0.27390268445014954
0.2551192343235016
0.2603697180747986
0.255260169506073
0.2552180886268616
0.2591705918312073
0.2693300247192383
0.24508033692836761
0.2662864029407501
0.252483993768692
0.26150164008140564
0.2641947567462921
0.26855355501174927
0.25207459926605225
0.24947765469551086
0.25589868426322937
0.24894683063030243
0.2534436285495758
0.273152619600296
0.27533701062202454
0.2624165713787079
0.2626272737979889
0.2681390047073364
0.24383527040481567
0.2790195941925049
0.2551937699317932
0.2554660737514496
0.25241437554359436
0.2502923011779785
0.269167959690094
0.2564755976200104
0.25604215264320374
0.26988014578819275
0.2699338495731354
0.26078715920448303
0.24740047752857208
0.2619655132293701
0.25813454389572144
0.2723008096218109
0.2659904360771179
0.2738805413246155
0.25791850686073303
0.25744011998176575
0.25825035572052
0.25872284173965454
0.2634635269641876
0.252064049243927
0.2709720730781555
0.26502740383148193
0.25136396288871765
0.26412373781204224
0.2532333731651306
0.2508583068847656
0.2821718454360962
0.27165448665618896
0.2655541002750397
0.25895941257476807
0.27033621072769165
0.2627086639404297
0.2672789394855499
0.25460734963417053
0.2693105936050415
0.22577914595603943
0.25202110409736633
0.2675802707672119
0.26451995968818665
0.26588645577430725
0.256538987159729
0.2544310390949249
0.2608523368835449
0.2614545524120331
0.26269033551216125
0.2568294107913971
0.25451382994651794
0.25492241978645325
0.26417356729507446
0.26415425539016724
0.2504465878009796
0.25961610674858093
0.25318723917007446
0.2589073181152344
0.2646324336528778
0.28991666436195374
0.24749337136745453
0.25909364223480225
0.24528968334197998
0.2511954605579376
0.26881739497184753
0.2490103840827942
0.25289788842201233
0.2549682855606079
0.23956644535064697
0.27282431721687317
0.25381189584732056
0.23916013538837433
0.2691309154033661
0.24464713037014008
0.26050323247909546
0.27450862526893616
0.2665494978427887
0.2564181089401245
0.26080718636512756
0.25000983476638794
0.26386818289756775
0.26929017901420593
0.24911917746067047
0.2650615870952606
0.2608944773674011
0.2510305941104889
0.2551775574684143
0.25899627804756165
0.26487088203430176
0.2643073499202728
0.25755220651626587
0.2673068344593048
0.2679339647293091
0.2648175060749054
0.26303228735923767
0.2484769970178604
0.2510291635990143
0.28097936511039734
0.2550639808177948
0.24355493485927582
0.2612830102443695
0.2725052535533905
0.25763726234436035
0.2743815779685974
0.2719075679779053
0.24876299500465393
0.24859456717967987
0.2670968472957611
0.2708785831928253
0.23260706663131714
0.2791745960712433
0.25628918409347534
0.26391202211380005
0.260708212852478
