0.8081669807434082
0.7301562428474426
0.721419632434845
0.7017621397972107
0.6985350251197815
0.6909124255180359
0.686531662940979
0.6843388080596924
0.679654061794281
0.6791471242904663
0.6784038543701172
0.6765112280845642
0.6729593276977539
0.6707337498664856
0.670852541923523
0.6699158549308777
0.6670827865600586
0.6652824282646179
0.6631898880004883
0.6601913571357727
0.651312530040741
0.648948073387146
0.6434816122055054
0.633141040802002
0.6254604458808899
0.6129634976387024
0.6171361804008484
0.599144697189331
0.5992817282676697
0.5867544412612915
0.5965600609779358
0.5991760492324829
0.5694008469581604
0.5807294845581055
0.5651168823242188
0.5577695965766907
0.5590395927429199
0.5595633387565613
0.5250310301780701
0.5309996604919434
0.544605016708374
0.5147016048431396
0.5055680274963379
0.5163630247116089
0.5011393427848816
0.5034081935882568
0.50626140832901
0.480172723531723
0.4853399097919464
0.4711993634700775
0.4634082615375519
0.4799482524394989
0.45961180329322815
0.45855918526649475
0.4625963270664215
0.43007010221481323
0.4389064908027649
0.43003082275390625
0.42727068066596985
0.3943123519420624
0.41648784279823303
0.44648611545562744
0.4223357141017914
0.4101618826389313
0.4277263581752777
0.39737600088119507
0.41353753209114075
0.39330267906188965
0.40720927715301514
0.39745503664016724
0.3857867121696472
0.3824886381626129
0.389253169298172
0.37319663166999817
0.3853664994239807
0.37666234374046326
0.3636063039302826
0.37982040643692017
0.37483999133110046
0.374575674533844
0.3561107814311981
0.3706122040748596
0.367626428604126
0.3474160134792328
0.3483649492263794
0.36630260944366455
0.38143837451934814
0.341082364320755
0.3426097631454468
0.3571304380893707
0.36484044790267944
0.32481837272644043
0.3558340072631836
0.3400166630744934
0.3131709098815918
0.3484450578689575
0.3425885736942291
0.3435039818286896
0.3593176007270813
0.33941179513931274
0.33545011281967163
0.3293760120868683
0.3596440553665161
0.35045480728149414
0.3219982087612152
0.3373922109603882
0.3262890577316284
0.32511600852012634
0.3300808072090149
0.3206275403499603
0.3395841121673584
0.3237399756908417
0.3150752782821655
0.3190811574459076
0.335520476102829
0.33173781633377075
0.3320601284503937
0.32880058884620667
0.3206245005130768
0.3356735408306122
0.333649218082428
0.328183650970459
0.3006032109260559
0.31479495763778687
0.3043306767940521
0.2975969910621643
0.30655497312545776
0.30894172191619873
0.3106902837753296
0.31229132413864136
0.3130185008049011
0.31383684277534485
0.3047671318054199
0.29311442375183105
0.2923247814178467
0.29956260323524475
0.31379032135009766
0.30700892210006714
0.3096027672290802
0.29438522458076477
0.28849083185195923
0.2905087471008301
0.2938413918018341
0.30498987436294556
0.31537365913391113
0.29213201999664307
0.2987890839576721
0.3052155375480652
0.2780342102050781
0.2838841676712036
0.2746404707431793
0.28943660855293274
0.2807435095310211
0.27730390429496765
0.28988558053970337
0.279019296169281
0.3003552258014679
0.2949484586715698
0.2879197597503662
0.2868673503398895
0.27843669056892395
0.26749128103256226
0.2737622857093811
0.31289806962013245
0.282260537147522
0.28135740756988525
0.27528101205825806
0.2527327835559845
0.2760257422924042
0.2701934576034546
0.28791025280952454
0.2993333339691162
0.29134446382522583
0.27925193309783936
0.27005401253700256
0.26267310976982117
0.25909262895584106
0.282820463180542
0.253807932138443
0.26312869787216187
0.2758632302284241
0.27954837679862976
0.29023081064224243
0.2737065553665161
0.2887900173664093
0.25839531421661377
0.2984226644039154
0.2767280638217926
0.2754458487033844
0.25953051447868347
0.2758654057979584
0.2713664770126343
0.25281253457069397
0.2655482590198517
0.259468674659729
0.26430636644363403
0.28223857283592224
0.2687614858150482
0.2645849883556366
0.2738999128341675
0.26701977849006653
0.27481746673583984
0.2655450403690338
0.27661123871803284
0.269387423992157
0.26113706827163696
0.27886417508125305
0.26876577734947205
0.260143905878067
0.2517661452293396
0.26204994320869446
0.25185340642929077
0.24990762770175934
0.26375123858451843
0.2528344392776489
0.2730526328086853
0.2612469792366028
0.2646116316318512
0.23993003368377686
0.26725226640701294
0.2596423327922821
0.2507734000682831
0.2553374767303467
0.2683720886707306
0.2489001452922821
0.2671097218990326
0.25713637471199036
0.2543087899684906
0.2576937973499298
0.26120689511299133
0.25759831070899963
0.24029263854026794
0.2851034998893738
0.2547588050365448
0.24791936576366425
0.26018622517585754
0.23602454364299774
0.26946189999580383
0.2602229416370392
0.25781476497650146
0.2557460069656372
0.24712669849395752
0.25313353538513184
0.24735011160373688
0.25494739413261414
0.25624963641166687
0.26902052760124207
0.2627393305301666
0.2547111213207245
0.26068902015686035
0.25294893980026245
0.2513118088245392
0.24172843992710114
0.25824400782585144
0.2454906702041626
0.23950807750225067
0.25348180532455444
0.2570066750049591
0.2681392431259155
0.25582757592201233
0.24292804300785065
0.24746404588222504
0.24138085544109344
0.23673473298549652
0.22773303091526031
0.24413827061653137
0.2475505769252777
0.2640640437602997
0.26213157176971436
0.24109779298305511
0.25233903527259827
0.2479526251554489
0.24647855758666992
0.2447299063205719
0.24882067739963531
0.23879662156105042
0.25695618987083435
0.2511764466762543
0.2482614815235138
0.2410597801208496
0.25316551327705383
0.2535611391067505
0.2574498653411865
0.24784059822559357
0.24282781779766083
0.25085991621017456
0.2490057647228241
0.23584982752799988
0.24741362035274506
0.24793817102909088
0.26449036598205566
0.23466016352176666
0.2632712125778198
0.2522670328617096
0.2473304718732834
0.2414221167564392
0.24850258231163025
0.25255286693573
0.25003528594970703
0.2639583647251129
0.24197834730148315
0.255184531211853
0.25202733278274536
0.23477910459041595
0.2569388449192047
0.23552392423152924
0.23859256505966187
0.23459604382514954
0.21888752281665802
0.2498771995306015
0.24289992451667786
0.2705593705177307
0.2606810927391052
0.24948379397392273
0.2518850862979889
0.2440737783908844
0.2532258927822113
0.21874138712882996
0.22823740541934967
0.2427908331155777
0.2563203275203705
0.24007470905780792
0.24955043196678162
0.24588942527770996
0.2506659924983978
0.25269070267677307
0.247770294547081
0.23790934681892395
0.2291249930858612
0.24669428169727325
0.2436373233795166
0.2387363612651825
0.23586031794548035
0.23807857930660248
0.25769415497779846
0.24333682656288147
0.239305779337883
0.22625985741615295
0.2527974843978882
0.23176045715808868
0.23965442180633545
0.2248307466506958
0.2728729546070099
0.23376181721687317
0.2390305995941162
0.23815086483955383
0.22854003310203552
0.2406410127878189
0.23170316219329834
0.22947365045547485
0.23732753098011017
0.23236744105815887
0.2438928782939911
0.24026818573474884
0.22827018797397614
0.23796769976615906
0.24534191191196442
0.21776776015758514
0.2394789457321167
0.23793761432170868
0.22334757447242737
0.253450483083725
0.24836283922195435
0.22692696750164032
0.24359609186649323
0.2463110089302063
0.22638730704784393
0.22154517471790314
0.23338447511196136
0.2509303092956543
0.23873646557331085
0.22867117822170258
0.24133549630641937
0.23953428864479065
0.23607556521892548
0.24590802192687988
0.240000918507576
0.23308613896369934
0.24025052785873413
0.24304629862308502
0.25008490681648254
0.24610982835292816
0.22619542479515076
0.2487451136112213
0.25748997926712036
0.23471598327159882
0.23757053911685944
0.21672746539115906
0.2521013021469116
0.24781113862991333
0.2276625633239746
0.23243214190006256
0.23462656140327454
0.23046119511127472
0.2396634966135025
0.23696599900722504
0.2376934289932251
0.23358288407325745
0.23363253474235535
0.25108134746551514
0.23913921415805817
0.24299311637878418
0.2259063869714737
0.221618190407753
0.246854767203331
0.23863250017166138
0.22283309698104858
0.23278848826885223
0.2261580526828766
0.24297304451465607
0.2414059340953827
0.23688998818397522
0.21398475766181946
0.2234431803226471
0.23381228744983673
0.24261321127414703
0.25372254848480225
0.24105532467365265
0.24875999987125397
0.2332731932401657
0.2431243509054184
0.2466771900653839
0.24958597123622894
0.27723228931427
0.2382008582353592
0.23694303631782532
0.21923865377902985
0.24333930015563965
0.24494200944900513
0.22767308354377747
0.24287021160125732
0.24515987932682037
0.25047966837882996
0.22934745252132416
0.24148716032505035
0.22621552646160126
0.22924523055553436
0.21986891329288483
0.24074865877628326
0.23355799913406372
0.24503159523010254
0.24428533017635345
0.25037458539009094
0.23952129483222961
0.226628378033638
0.23683522641658783
0.2192028909921646
0.23364830017089844
0.22891618311405182
0.23256729543209076
0.2448086142539978
0.23506510257720947
0.22390615940093994
0.2419409602880478
0.234524667263031
0.23579339683055878
0.23173213005065918
0.24396492540836334
0.2392287403345108
0.23244096338748932
0.22946462035179138
0.2284095734357834
0.23561716079711914
0.24642375111579895
0.23343685269355774
0.2272968590259552
0.2341819405555725
0.21821856498718262
0.23306402564048767
0.233064204454422
0.23419806361198425
0.22416475415229797
0.21667972207069397
0.2434350550174713
0.22229954600334167
0.21598653495311737
0.22626185417175293
0.2467399686574936
0.2323242574930191
0.2390616536140442
0.23879490792751312
0.22046928107738495
0.23696140944957733
0.22876060009002686
0.22678638994693756
0.2271466851234436
0.22280851006507874
0.23538057506084442
0.2437783181667328
0.23125550150871277
0.23546172678470612
0.24028059840202332
0.23304975032806396
0.23801623284816742
0.21655918657779694
0.23241092264652252
0.2435096949338913
0.23120461404323578
0.23118826746940613
0.21631385385990143
0.2409885823726654
0.23268558084964752
0.23365235328674316
0.23407474160194397
0.22882179915905
0.24309052526950836
0.21510982513427734
0.24050937592983246
0.21917563676834106
0.2286212295293808
0.2306397259235382
0.2342088371515274
0.21724659204483032
0.24656851589679718
0.2296827882528305
0.23063695430755615
0.22759786248207092
0.23219704627990723
0.23843562602996826
0.23219825327396393
0.23640495538711548
0.2301325649023056
0.24272769689559937
0.23194868862628937
0.23667368292808533
0.24228516221046448
0.23029591143131256
0.24970607459545135
0.23214519023895264
0.2410033941268921
0.2446763962507248
0.2169174700975418
0.2479718029499054
0.22609540820121765
0.23014351725578308
0.23019054532051086
0.23695167899131775
0.2139410674571991
0.234678715467453
0.22783653438091278
0.23873168230056763
0.24093466997146606
0.23424839973449707
0.23803094029426575
0.23846963047981262
0.24712088704109192
0.23133663833141327
0.2302820235490799
0.2226938158273697
0.21836969256401062
0.24157212674617767
0.2486882358789444
0.2223464697599411
0.21767108142375946
0.22197243571281433
0.23844799399375916
0.2369004338979721
0.2504914700984955
0.2104334533214569
0.2388339787721634
0.21920256316661835
0.23129847645759583
0.22288069128990173
0.2401857078075409
0.22418898344039917
0.22646509110927582
0.24531087279319763
0.2272581160068512
0.232965350151062
0.21147187054157257
0.23843006789684296
0.23607705533504486
0.22798867523670197
0.2327127754688263
0.24159562587738037
0.23811177909374237
0.22180230915546417
0.22922322154045105
0.22758014500141144
0.22570732235908508
0.23370227217674255
0.23258495330810547
0.24409867823123932
0.21673525869846344
0.22465117275714874
0.23530976474285126
0.2324162870645523
0.22408676147460938
0.22717294096946716
0.2314622849225998
0.23513834178447723
0.22648735344409943
0.23151597380638123
0.2330562323331833
0.25284650921821594
0.2350093275308609
0.22839465737342834
0.21881812810897827
0.23873844742774963
0.23544953763484955
0.22667665779590607
0.21059741079807281
0.23806755244731903
0.2345467358827591
0.24192018806934357
0.23574112355709076
0.24619172513484955
0.22592982649803162
