0.6954318284988403
0.5825068354606628
0.5641273260116577
0.5116581320762634
0.4892520010471344
0.4631888270378113
0.42993515729904175
0.4128943085670471
0.4085460305213928
0.3904125392436981
0.38081905245780945
0.37588536739349365
0.3598380386829376
0.35033735632896423
0.3477892577648163
0.33536121249198914
0.3437494933605194
0.32559606432914734
0.3276619613170624
0.33803218603134155
0.3174617886543274
0.30819597840309143
0.3077201247215271
0.2811123728752136
0.3018300235271454
0.29714372754096985
0.28367164731025696
0.2832965850830078
0.28456929326057434
0.2873741090297699
0.27170509099960327
0.2773369550704956
0.2680051624774933
0.27033865451812744
0.277025043964386
0.26284223794937134
0.2576662003993988
0.26061588525772095
0.24982227385044098
0.2519318461418152
0.24338595569133759
0.2419377565383911
0.23734167218208313
0.2405841052532196
0.24236062169075012
0.22742992639541626
0.23225602507591248
0.2381889969110489
0.23013028502464294
0.23395515978336334
0.22410272061824799
0.23001055419445038
0.22549040615558624
0.21768034994602203
0.21664105355739594
0.22466662526130676
0.22597521543502808
0.22159691154956818
0.2103625386953354
0.21420298516750336
0.20318442583084106
0.21567192673683167
0.2167992740869522
0.20686392486095428
0.19851677119731903
0.2060728222131729
0.1960265338420868
0.20044656097888947
0.1997169703245163
0.18878024816513062
0.1900588572025299
0.18228118121623993
0.18818943202495575
0.1832486391067505
0.18364404141902924
0.18618294596672058
0.18490347266197205
0.1791253238916397
0.18799568712711334
0.17996160686016083
0.18712161481380463
0.16846643388271332
0.16774356365203857
0.17702485620975494
0.18766531348228455
0.17431306838989258
0.17173945903778076
0.17691907286643982
0.1830286979675293
0.17184913158416748
0.18130610883235931
0.16503974795341492
0.1643313318490982
0.1577286273241043
0.16612809896469116
0.16972683370113373
0.15780821442604065
0.161372572183609
0.157857745885849
0.17330841720104218
0.14911268651485443
0.15050290524959564
0.1556096076965332
0.1573428362607956
0.15339462459087372
0.15025277435779572
0.13938413560390472
0.14591071009635925
0.13851577043533325
0.14521290361881256
0.14595186710357666
0.14118632674217224
0.1568460315465927
0.13478416204452515
0.1401340663433075
0.13380295038223267
0.14015458524227142
0.13364528119564056
0.1370595246553421
0.13603244721889496
0.130184605717659
0.13638490438461304
0.1339583694934845
0.13983818888664246
0.1354583203792572
0.1321210265159607
0.13289445638656616
0.13292285799980164
0.13229231536388397
0.1305796205997467
0.13476914167404175
0.14827460050582886
0.12913711369037628
0.1273685097694397
0.12456154823303223
0.12881071865558624
0.12380541115999222
0.13694293797016144
0.1273559331893921
0.1254284679889679
0.1134590357542038
0.11201681196689606
0.10968145728111267
0.11564720422029495
0.11224962025880814
0.11238376796245575
0.11423800885677338
0.10841073095798492
0.10920926183462143
0.11963992565870285
0.11441804468631744
0.09942042827606201
0.10193956643342972
0.10778512060642242
0.1011166051030159
0.11641626805067062
0.11001770943403244
0.11872120946645737
0.1105336993932724
0.10393725335597992
0.11489298939704895
0.11380907893180847
0.10055070370435715
0.09966358542442322
0.09717196226119995
0.10130459815263748
0.10388471186161041
0.10864918678998947
0.1028013825416565
0.10007995367050171
0.10448763519525528
0.10181998461484909
0.10584056377410889
0.09150828421115875
0.10037445276975632
0.0987236425280571
0.10077029466629028
0.09362143278121948
0.09914977848529816
0.09727855771780014
0.09687335044145584
0.08866270631551743
0.10209618508815765
0.09219606220722198
0.10001819580793381
0.10383257269859314
0.10197186470031738
0.10192948579788208
0.09576471894979477
0.09505035728216171
0.08800280094146729
0.08657844364643097
0.0939682200551033
0.09755082428455353
0.09684737026691437
0.08222489058971405
0.09843036532402039
0.09008608013391495
0.0828363299369812
0.09920838475227356
0.08581975847482681
0.09609626233577728
0.09799610078334808
0.08664335310459137
0.09170623868703842
0.0847063735127449
0.08701589703559875
0.08855446428060532
0.09782823920249939
0.09150510281324387
0.08775749802589417
0.0885041281580925
0.07892149686813354
0.0919419452548027
0.09161367267370224
0.0813755989074707
0.09150808304548264
0.0855039432644844
0.09067472815513611
0.08618883043527603
0.07959705591201782
0.08870662748813629
0.07989721745252609
0.0893772542476654
0.084538534283638
0.08638381958007812
0.08209487795829773
0.07682986557483673
0.08628447353839874
0.095290906727314
0.08743886649608612
0.08270444720983505
0.08655113726854324
0.0791088119149208
0.08163665980100632
0.07945317029953003
0.08507955074310303
0.07058799266815186
0.07773952931165695
0.08794520795345306
0.07638463377952576
0.08587221801280975
0.08016741275787354
0.07879181951284409
0.072725310921669
0.08093447983264923
0.07007487863302231
0.08121124655008316
0.07151855528354645
0.07464864104986191
0.07692746073007584
0.07523824274539948
0.07822096347808838
0.06298152357339859
0.07499413192272186
0.07248591631650925
0.07316211611032486
0.07232997566461563
0.07519832998514175
0.0711931511759758
0.07741919159889221
0.09076502174139023
0.07445570826530457
0.065328449010849
0.06644725799560547
0.07381201535463333
0.07322114706039429
0.0744364783167839
0.0810709297657013
0.0700559988617897
0.07676523923873901
0.06309080868959427
0.07110463827848434
0.06488551199436188
0.08134374767541885
0.0808756873011589
0.07303821295499802
0.07446404546499252
0.07590927183628082
0.06618452817201614
0.06318474560976028
0.07726464420557022
0.07443132251501083
0.07736604660749435
0.07575485110282898
0.0666097030043602
0.06643927097320557
0.07014979422092438
0.07211089879274368
0.0749734491109848
0.06678697466850281
0.06644383072853088
0.07658267021179199
0.08044308423995972
0.08339999616146088
0.07660210877656937
0.06680630892515182
0.07690601050853729
0.06650955975055695
0.07081902027130127
0.0764966607093811
0.07340169697999954
0.06414961814880371
0.06508547812700272
0.0690932646393776
0.07402677834033966
0.06995927542448044
0.06922265887260437
0.07094992697238922
0.06540364772081375
0.0656079351902008
0.06942643225193024
0.07182203233242035
0.060991719365119934
0.07312527298927307
0.06319732964038849
0.06484480947256088
0.06721246987581253
0.0688285231590271
0.07118045538663864
0.07057637721300125
0.07028056681156158
0.06745640188455582
0.06966128945350647
0.0641375407576561
0.060337476432323456
0.06927331537008286
0.0684700757265091
0.06210336461663246
0.06728889048099518
0.06012820452451706
0.06386436522006989
0.056772999465465546
0.07490062713623047
0.07857536524534225
0.064498171210289
0.06344549357891083
0.07842490077018738
0.07232601940631866
0.06803474575281143
0.06379488110542297
0.05712614580988884
0.05573634058237076
0.06786497682332993
0.06567860394716263
0.05644519627094269
0.057481780648231506
0.061593882739543915
0.06596972048282623
0.06403659284114838
0.06282553821802139
0.06776422262191772
0.053499262779951096
0.062291331589221954
0.05866696313023567
0.05506260320544243
0.05860115960240364
0.06360486894845963
0.05547633767127991
0.05143946781754494
0.05374794453382492
0.060818105936050415
0.0572962760925293
0.05779299512505531
0.06332376599311829
0.06123623251914978
0.06031139940023422
0.05577097833156586
0.06468799710273743
0.06763418763875961
0.06103019416332245
0.061614591628313065
0.05473567917943001
0.06053806468844414
0.06505292654037476
0.05773548781871796
0.06508003175258636
0.05833695828914642
0.06634565442800522
0.05936801806092262
0.05940648168325424
0.05752541497349739
0.06343179196119308
0.05448385328054428
0.06987429410219193
0.05438254773616791
0.05273266136646271
0.05529308691620827
0.05592185631394386
0.05349037051200867
0.06618539988994598
0.04862923175096512
0.061709556728601456
0.05923457071185112
0.057009365409612656
0.05660781264305115
0.06808298826217651
0.051228467375040054
0.06499546021223068
0.07314597815275192
0.06242367625236511
0.06056782975792885
0.06419256329536438
0.05607607215642929
0.05902259424328804
0.05738324299454689
0.05329161509871483
0.06634195148944855
0.05294494330883026
0.05970187112689018
0.05720806121826172
0.05300096049904823
0.06455683708190918
0.058798644691705704
0.05701605603098869
0.055696189403533936
0.057681288570165634
0.052739255130290985
0.06594184041023254
0.05686770752072334
0.04689223691821098
0.06488563865423203
0.05517801269888878
0.058065369725227356
0.06371095031499863
0.06743775308132172
0.056352488696575165
0.0622078962624073
0.061300601810216904
0.06356415152549744
0.054347701370716095
0.05939284712076187
0.05719396844506264
0.05959290638566017
0.04768199846148491
0.052909184247255325
0.052191123366355896
0.06328807771205902
0.06549529731273651
0.06531441956758499
0.054560739547014236
0.062401559203863144
0.05746692046523094
0.056198496371507645
0.0582706443965435
0.051133714616298676
0.05228211358189583
0.05462834611535072
0.06101721525192261
0.05880650505423546
0.06525295227766037
0.05849888548254967
0.05491967499256134
0.053296156227588654
0.059189390391111374
0.05940329656004906
0.060842473059892654
0.056606922298669815
0.0581091083586216
0.061830706894397736
0.04989992454648018
0.04806392639875412
0.05275430530309677
0.061766982078552246
0.05388646945357323
0.05931724235415459
0.058577075600624084
0.0520220547914505
0.058964285999536514
0.06134362518787384
0.06079843267798424
0.07077174633741379
0.06104837357997894
0.05804441496729851
0.05844442918896675
0.04531167447566986
0.06272292882204056
0.05028573423624039
0.061581581830978394
0.05258273333311081
0.05332811549305916
0.053218621760606766
0.05906121805310249
0.05421321094036102
0.05949553847312927
0.05311914533376694
0.06208934262394905
0.05603613704442978
0.057197876274585724
0.04850669205188751
0.05581085383892059
0.052562177181243896
0.05607731267809868
0.05550040304660797
0.057305920869112015
0.06001065671443939
0.05227217078208923
0.0560024231672287
0.04679647460579872
0.053417738527059555
0.06071209907531738
0.0435328334569931
0.054546892642974854
0.04259180277585983
0.055256400257349014
0.05075041577219963
0.05380391702055931
0.049465328454971313
0.04688555747270584
0.059503380209207535
0.05925801768898964
0.057357173413038254
0.05907931923866272
0.0545881986618042
0.05644287168979645
0.05191459506750107
0.05330813303589821
0.05894669145345688
0.04872274398803711
0.0565236359834671
0.0512549951672554
0.04771855100989342
0.04655897244811058
0.05214037001132965
0.05856233090162277
0.04867546632885933
0.05448514223098755
0.04977036267518997
0.04802905395627022
0.06260862946510315
0.049697596579790115
0.05344517529010773
0.052189115434885025
0.0487469919025898
0.04778748005628586
0.061628375202417374
0.06202534958720207
0.054238211363554
0.0666256994009018
0.05854644253849983
0.055782243609428406
0.056639205664396286
0.05983131006360054
0.054960478097200394
0.05312829092144966
0.05499214306473732
0.05478491634130478
0.05005434900522232
0.05888348072767258
0.045416731387376785
0.0561513714492321
0.05318931117653847
0.05378735065460205
0.06042679026722908
0.05814329534769058
0.05852150171995163
0.059245217591524124
0.06394610553979874
0.051229335367679596
0.059137143194675446
0.06624138355255127
0.06141340732574463
0.0627446323633194
0.05182567983865738
0.050173383206129074
0.05377785116434097
0.05147363990545273
0.05349354445934296
0.05295797809958458
0.056457437574863434
0.05742558091878891
0.048126403242349625
0.05407601594924927
0.05405320227146149
0.04831862077116966
0.05272500216960907
0.04305778816342354
0.050810955464839935
0.05203178524971008
0.054544590413570404
0.048236649483442307
0.050075218081474304
0.06264296919107437
0.05197989568114281
0.054311711341142654
0.06340368837118149
0.05450751632452011
0.061867959797382355
0.04568667337298393
0.05181257054209709
0.05540161952376366
0.04766368493437767
0.04920182749629021
0.06242944672703743
0.0513262040913105
0.053788088262081146
0.05392763763666153
0.052775658667087555
0.060068320482969284
0.04865577816963196
0.05076819285750389
