0.8177554607391357
0.6476112008094788
0.5656499266624451
0.5240950584411621
0.4949798882007599
0.46062424778938293
0.4411710202693939
0.42517542839050293
0.4071725904941559
0.3891544044017792
0.38161638379096985
0.3842877149581909
0.36010637879371643
0.360370934009552
0.34705570340156555
0.34614819288253784
0.3366154134273529
0.32919517159461975
0.3360947072505951
0.3324960768222809
0.3224080204963684
0.314790278673172
0.3126142621040344
0.3041782081127167
0.305469274520874
0.3027915954589844
0.2787764370441437
0.2930797338485718
0.28656598925590515
0.2829081416130066
0.2969088554382324
0.2849455177783966
0.27685192227363586
0.2909078896045685
0.28045254945755005
0.27271130681037903
0.27166247367858887
0.2539404332637787
0.2709755599498749
0.2643051743507385
0.24989759922027588
0.2544822692871094
0.2473331093788147
0.26335853338241577
0.24935686588287354
0.25469282269477844
0.254845529794693
0.24569472670555115
0.24611952900886536
0.23952102661132812
0.24066516757011414
0.24589627981185913
0.2428988665342331
0.23787136375904083
0.2422565072774887
0.23977144062519073
0.23265986144542694
0.238810732960701
0.23871438205242157
0.2239285707473755
0.24249182641506195
0.2174169272184372
0.22509975731372833
0.22651416063308716
0.23163986206054688
0.22725826501846313
0.2196807861328125
0.2167927771806717
0.20498502254486084
0.21452859044075012
0.22366636991500854
0.2037249207496643
0.20837976038455963
0.20160642266273499
0.2183619886636734
0.207008957862854
0.20375008881092072
0.214702770113945
0.20636695623397827
0.19210724532604218
0.20400477945804596
0.20573605597019196
0.1999821662902832
0.20028486847877502
0.19065918028354645
0.20379887521266937
0.1888038069009781
0.19654414057731628
0.1825602799654007
0.19247153401374817
0.18437713384628296
0.20192711055278778
0.18504846096038818
0.1836405247449875
0.1882220059633255
0.19267360866069794
0.19359828531742096
0.17828188836574554
0.17270690202713013
0.1857202798128128
0.1833885759115219
0.18450568616390228
0.18154367804527283
0.1914561241865158
0.18438880145549774
0.18803764879703522
0.1821015477180481
0.18026654422283173
0.15899671614170074
0.1685064435005188
0.18349449336528778
0.17423643171787262
0.17109619081020355
0.16266439855098724
0.16576030850410461
0.1815721094608307
0.15671060979366302
0.17026837170124054
0.17172779142856598
0.15945354104042053
0.16515783965587616
0.15602359175682068
0.17741866409778595
0.1647571474313736
0.16304591298103333
0.15017113089561462
0.16793173551559448
0.15799792110919952
0.16079744696617126
0.16484877467155457
0.16433343291282654
0.14217112958431244
0.1545587033033371
0.15039515495300293
0.1618983894586563
0.14678449928760529
0.15249121189117432
0.1398688703775406
0.14448218047618866
0.13545112311840057
0.14152148365974426
0.14219246804714203
0.1451944261789322
0.14292408525943756
0.14634957909584045
0.13454188406467438
0.13877138495445251
0.1461232453584671
0.13423645496368408
0.13970015943050385
0.13831962645053864
0.1359102576971054
0.14496490359306335
0.13573262095451355
0.13159871101379395
0.13939695060253143
0.1261073499917984
0.13717465102672577
0.12889473140239716
0.1349429339170456
0.13033631443977356
0.131027951836586
0.13891462981700897
0.13889749348163605
0.13617043197155
0.12984851002693176
0.1314503699541092
0.1250769942998886
0.13305962085723877
0.13258835673332214
0.13041695952415466
0.13507141172885895
0.1456097513437271
0.12798301875591278
0.1379137635231018
0.13707749545574188
0.13390539586544037
0.1475675255060196
0.13303698599338531
0.1260652095079422
0.13403436541557312
0.12876515090465546
0.12933361530303955
0.12479761242866516
0.1322195678949356
0.13000893592834473
0.1291058212518692
0.11858653277158737
0.1255205273628235
0.120993472635746
0.12211324274539948
0.12578009068965912
0.1275263875722885
0.11353430151939392
0.12669871747493744
0.12606586515903473
0.13277608156204224
0.11188255995512009
0.12049324065446854
0.11710175126791
0.12319764494895935
0.12538941204547882
0.12933821976184845
0.12099757790565491
0.12066347897052765
0.12138812243938446
0.11456586420536041
0.11581232398748398
0.11399137228727341
0.12020348757505417
0.1169205754995346
0.11885011941194534
0.11185111105442047
0.11849947273731232
0.11756631731987
0.1181134283542633
0.11723470687866211
0.10854802280664444
0.10745156556367874
0.10152273625135422
0.11187046021223068
0.11406811326742172
0.10846642404794693
0.10383372753858566
0.12686042487621307
0.11270511150360107
0.11730451881885529
0.11487248539924622
0.10652516037225723
0.11688701063394547
0.10080406069755554
0.11514177173376083
0.1093323826789856
0.1141253113746643
0.11563752591609955
0.10544122010469437
0.10849345475435257
0.11353626847267151
0.10614816099405289
0.11300371587276459
0.09795155376195908
0.10778087377548218
0.11775882542133331
0.10448163747787476
0.10318321734666824
0.09928999841213226
0.09300874173641205
0.11602231115102768
0.10810884088277817
0.1159483790397644
0.09918426722288132
0.10762963443994522
0.1073131188750267
0.10108145326375961
0.1061038225889206
0.10562478750944138
0.10817037522792816
0.1075713112950325
0.10139031708240509
0.10595608502626419
0.09186951071023941
0.10518680512905121
0.11124104261398315
0.10705149173736572
0.10501544177532196
0.11019742488861084
0.09399724751710892
0.09638505429029465
0.10503748059272766
0.10076189041137695
0.09733104705810547
0.10488949716091156
0.09951481223106384
0.10545448958873749
0.108108289539814
0.10432442277669907
0.10308026522397995
0.10576892644166946
0.0978289470076561
0.0973878726363182
0.09044212847948074
0.08793807029724121
0.09985038638114929
0.10996557772159576
0.10261692851781845
0.1023237332701683
0.09105835855007172
0.09700755029916763
0.09337243437767029
0.09520559757947922
0.09631586819887161
0.09506537020206451
0.08837537467479706
0.10524105280637741
0.09252403676509857
0.09710019081830978
0.10194108635187149
0.09355473518371582
0.09236776828765869
0.10277539491653442
0.10328973829746246
0.10307279229164124
0.10190697759389877
0.08714651316404343
0.09591129422187805
0.08914189040660858
0.09490866214036942
0.10573375970125198
0.10715804994106293
0.09418156743049622
0.09450650960206985
0.08887499570846558
0.09406949579715729
0.09313933551311493
0.08635345101356506
0.09267833083868027
0.09420536458492279
0.10148792713880539
0.07978956401348114
0.09168104082345963
0.10332029312849045
0.09534554928541183
0.08344107121229172
0.0900128036737442
0.1044532060623169
0.09198269993066788
0.09864968806505203
0.09343542158603668
0.093772292137146
0.10286884754896164
0.0906260684132576
0.09782257676124573
0.09278364479541779
0.09122708439826965
0.08991147577762604
0.10037197917699814
0.09893136471509933
0.08808016777038574
0.10768399387598038
0.08752122521400452
0.084182508289814
0.08328232169151306
0.08997594565153122
0.09738785028457642
0.09922955185174942
0.10710740089416504
0.09676710516214371
0.09188101440668106
0.09385021030902863
0.09672782570123672
0.08406564593315125
0.09642914682626724
0.09892553836107254
0.09344097226858139
0.08749295026063919
0.08573958277702332
0.10191645473241806
0.08818597346544266
0.08573096245527267
0.08439022302627563
0.08627976477146149
0.09066077321767807
0.0857427716255188
0.08176802843809128
0.10455495864152908
0.08573450893163681
0.08810365945100784
0.08504781126976013
0.08483189344406128
0.09015470743179321
0.10435084253549576
0.09233852475881577
0.08761732280254364
0.09028226137161255
0.08710692822933197
0.09340142458677292
0.0885586217045784
0.09999807924032211
0.07815124094486237
0.09400894492864609
0.078953318297863
0.09790197014808655
0.08720950037240982
0.08871891349554062
0.08389364182949066
0.08379387855529785
0.08967529982328415
0.08739098161458969
0.09272102266550064
0.08861494064331055
0.09509430080652237
0.09753260016441345
0.08734974265098572
0.09666969627141953
0.09914755821228027
0.0902513712644577
0.09186531603336334
0.08658145368099213
0.0813334509730339
0.08832265436649323
0.09682673215866089
0.08606640249490738
0.09340403974056244
0.08270446956157684
0.08770184963941574
0.0812762975692749
0.08520200848579407
0.09130404144525528
0.07811501622200012
0.08929311484098434
0.09418725222349167
0.0897768884897232
0.09128711372613907
0.08993060141801834
0.09275122731924057
0.08257981389760971
0.09988906979560852
0.09114894270896912
0.09427367895841599
0.08335179835557938
0.08803389966487885
0.08165166527032852
0.08743549883365631
0.08983661234378815
0.08331278711557388
0.07789009064435959
0.08665575087070465
0.09350971132516861
0.08052312582731247
0.08221924304962158
0.08965666592121124
0.09929631650447845
0.07919134944677353
0.07694976031780243
0.09667018055915833
0.08723228424787521
0.07303875684738159
0.0872071385383606
0.0859350934624672
0.08119465410709381
0.08634570240974426
0.10347118973731995
0.08800412714481354
0.08961594849824905
0.082078717648983
0.08805327862501144
0.0942639485001564
0.08185237646102905
0.0771077573299408
0.07527107000350952
0.08778384327888489
0.07995089143514633
0.08629851043224335
0.0773727297782898
0.0867360383272171
0.09406334906816483
0.09009280055761337
0.09121435880661011
0.07471779733896255
0.08873796463012695
0.08574283123016357
0.08674368262290955
0.06637546420097351
0.093966044485569
0.0870947316288948
0.08455608785152435
0.08181747794151306
0.07439378648996353
0.08874668180942535
0.08075139671564102
0.09276920557022095
0.08482810109853745
0.07158319652080536
0.0893675908446312
0.08733495324850082
0.08557732403278351
0.08598979562520981
0.08143310248851776
0.08777067810297012
0.0748017281293869
0.08724464476108551
0.0755649209022522
0.08337591588497162
0.07699088007211685
0.0870828703045845
0.09935008734464645
0.0793389156460762
0.09773219376802444
0.09868334233760834
0.08588558435440063
0.08021312952041626
0.07794249057769775
0.09245111793279648
0.08432646840810776
0.08328624814748764
0.08214718103408813
0.07662372291088104
0.07841771095991135
0.09101276099681854
0.07992368936538696
0.09234781563282013
0.07932125777006149
0.07232365757226944
0.09742774814367294
0.08153713494539261
0.08100486546754837
0.07027152925729752
0.08010463416576385
0.08162788301706314
0.08464638143777847
0.08057346194982529
0.08169866353273392
0.0879664197564125
0.07316923141479492
0.07666374742984772
0.07300208508968353
0.07953180372714996
0.08170432597398758
0.07959557324647903
0.0821249932050705
0.09142331033945084
0.0759037509560585
0.07827246934175491
0.08247635513544083
0.07618033140897751
0.08382533490657806
0.08233429491519928
0.08144032955169678
0.0788697600364685
0.07909324020147324
0.09584520757198334
0.08331717550754547
0.08117646723985672
0.0738118439912796
0.07979294657707214
0.08296828716993332
0.07718860357999802
0.07325317710638046
0.07977952063083649
0.07783666253089905
0.08157052844762802
0.09853054583072662
0.07808250933885574
0.09378653019666672
0.09588760137557983
0.08087708801031113
0.0796450823545456
0.07599592208862305
0.09147368371486664
0.07346805930137634
0.08825869858264923
0.07666647434234619
0.07826551795005798
0.08604583889245987
0.08624289929866791
0.07150714099407196
0.07685192674398422
0.09526261687278748
0.0662510022521019
0.08002186566591263
0.07865727692842484
0.0795818492770195
0.07740060240030289
0.08421545475721359
0.0801943838596344
0.0879208967089653
0.07574218511581421
0.07413362711668015
0.08344347029924393
0.07623936235904694
0.08192992955446243
0.07421458512544632
0.07610408961772919
0.08575297892093658
0.08799384534358978
0.07851403206586838
0.07589824497699738
0.08281023800373077
0.08698637038469315
0.08290231227874756
0.0867144763469696
0.07495807111263275
0.0783785805106163
0.08164068311452866
0.07341110706329346
0.06974899768829346
0.07558144629001617
0.08256202936172485
0.10215084999799728
0.09283025562763214
0.07276083528995514
0.08052647113800049
0.0818256288766861
0.09193636476993561
0.08253608644008636
0.06779101490974426
0.08189952373504639
0.07788868248462677
0.0827995091676712
0.07235117256641388
0.07547967880964279
0.07877285033464432
0.07466023415327072
