0.7351794838905334
0.6297950148582458
0.5809669494628906
0.5382087826728821
0.48777830600738525
0.4768349826335907
0.45384207367897034
0.43115246295928955
0.4143486022949219
0.3949786126613617
0.3950082063674927
0.3493807017803192
0.3802216649055481
0.36079123616218567
0.33273762464523315
0.3397558033466339
0.3225093483924866
0.3324527144432068
0.3279684782028198
0.33579444885253906
0.3174964189529419
0.2921081483364105
0.2969028353691101
0.3016412854194641
0.2912573516368866
0.2831079959869385
0.2692829370498657
0.2762521505355835
0.26568466424942017
0.2716193199157715
0.2907603681087494
0.2642458975315094
0.25855714082717896
0.26697418093681335
0.2617588937282562
0.2505814731121063
0.2439826875925064
0.2529965043067932
0.23488463461399078
0.2501594126224518
0.24416986107826233
0.23888027667999268
0.2205885499715805
0.22844937443733215
0.21979978680610657
0.23082073032855988
0.23451991379261017
0.2284216582775116
0.2380370944738388
0.21700452268123627
0.207569882273674
0.1948089748620987
0.2093714475631714
0.20763497054576874
0.20710785686969757
0.21126221120357513
0.2100050002336502
0.21394595503807068
0.1893647462129593
0.20075106620788574
0.1839112639427185
0.1990993320941925
0.1688499003648758
0.1899854838848114
0.1961870789527893
0.18247784674167633
0.1958388388156891
0.17435616254806519
0.17952555418014526
0.18035158514976501
0.1845015436410904
0.17443439364433289
0.17243118584156036
0.1696365475654602
0.16907557845115662
0.15846414864063263
0.1549377292394638
0.18966805934906006
0.16949163377285004
0.16153928637504578
0.15623317658901215
0.16457907855510712
0.1480715423822403
0.14558175206184387
0.1626550257205963
0.15352009236812592
0.13946136832237244
0.17137430608272552
0.15003566443920135
0.1458543986082077
0.1517001837491989
0.15880964696407318
0.15219803154468536
0.13503587245941162
0.13156715035438538
0.13998089730739594
0.14408059418201447
0.12570764124393463
0.13829867541790009
0.12539470195770264
0.14071382582187653
0.13787640631198883
0.13962429761886597
0.1398688405752182
0.1374262124300003
0.12527477741241455
0.14175105094909668
0.1308407187461853
0.12511877715587616
0.13503196835517883
0.13304437696933746
0.13663117587566376
0.12895624339580536
0.13251395523548126
0.1240147203207016
0.1332472562789917
0.10757534950971603
0.11860710382461548
0.11785879731178284
0.10323566198348999
0.108985535800457
0.09719354659318924
0.10429918766021729
0.1041644737124443
0.12416224926710129
0.10916004329919815
0.11626904457807541
0.11308842152357101
0.11426005512475967
0.10306388884782791
0.10399794578552246
0.0963015928864479
0.09659768640995026
0.08868689835071564
0.0922524631023407
0.12012970447540283
0.1045750305056572
0.1018875241279602
0.12009265273809433
0.11474958807229996
0.11646989732980728
0.11098315566778183
0.1025179997086525
0.11454877257347107
0.09963646531105042
0.11305607110261917
0.10334998369216919
0.10963748395442963
0.09458530694246292
0.1078391894698143
0.08659637719392776
0.0995524451136589
0.11166282743215561
0.093765027821064
0.112470343708992
0.09145350754261017
0.09470758587121964
0.08906181901693344
0.08823523670434952
0.09157450497150421
0.09238285571336746
0.09236275404691696
0.09834795445203781
0.09824982285499573
0.100773386657238
0.08782113343477249
0.09243104606866837
0.09451652318239212
0.08028660714626312
0.08608659356832504
0.06764237582683563
0.08818181604146957
0.08097559213638306
0.08497098088264465
0.07712402194738388
0.08125640451908112
0.09429701417684555
0.08056601136922836
0.08088290691375732
0.07900898158550262
0.08395195007324219
0.08836539089679718
0.09562015533447266
0.08918804675340652
0.07107315212488174
0.09935343265533447
0.08093393594026566
0.07462448626756668
0.09300799667835236
0.09208843111991882
0.0981033593416214
0.07604623585939407
0.07388274371623993
0.08893485367298126
0.07701615244150162
0.09458650648593903
0.08382611721754074
0.0797424241900444
0.0830586850643158
0.08487273007631302
0.07775744050741196
0.07241802662611008
0.08197776228189468
0.0855100080370903
0.08553773164749146
0.06820778548717499
0.08384839445352554
0.07410670071840286
0.0776568204164505
0.07609286159276962
0.07773514837026596
0.07619985938072205
0.0683736801147461
0.08925560116767883
0.07231682538986206
0.07499431818723679
0.07643721997737885
0.06604437530040741
0.06754499673843384
0.06140809506177902
0.08236761391162872
0.07161868363618851
0.07642760872840881
0.06588997691869736
0.07708258181810379
0.06289494782686234
0.07791295647621155
0.07422676682472229
0.08371148258447647
0.061931218951940536
0.07039498537778854
0.05878492444753647
0.06618858873844147
0.06637098640203476
0.059012193232774734
0.07244810461997986
0.06592409312725067
0.06655916571617126
0.07028784602880478
0.06782431900501251
0.05957375466823578
0.06522433459758759
0.06235547736287117
0.06986331939697266
0.08373697847127914
0.06625930219888687
0.06385509669780731
0.07247995585203171
0.06478778272867203
0.0748138502240181
0.06325318664312363
0.06988566368818283
0.05584804713726044
0.07370596379041672
0.07436265796422958
0.062302108854055405
0.05450768023729324
0.06005103886127472
0.07814816385507584
0.06513319909572601
0.06231860816478729
0.060144998133182526
0.07464144378900528
0.06208688020706177
0.06294228136539459
0.04780099540948868
0.05373695120215416
0.06492544710636139
0.07306453585624695
0.07247249782085419
0.0675918385386467
0.06297872215509415
0.07078953832387924
0.06514658778905869
0.06329657882452011
0.07374446094036102
0.06117746978998184
0.05248752236366272
0.04941903427243233
0.0752360001206398
0.06007792055606842
0.05193718895316124
0.06425244361162186
0.060762371867895126
0.06521262228488922
0.06069213151931763
0.07879530638456345
0.07993636280298233
0.05199021100997925
0.08061795681715012
0.06598411500453949
0.06849747896194458
0.07655144482851028
0.055652178823947906
0.059909116476774216
0.059119515120983124
0.05325116962194443
0.058673422783613205
0.04623300954699516
0.0557827353477478
0.06302229315042496
0.05268874391913414
0.060881566256284714
0.07759121060371399
0.05028275400400162
0.06281797587871552
0.057915426790714264
0.05567862093448639
0.05808986350893974
0.054763227701187134
0.050790488719940186
0.049435198307037354
0.042947810143232346
0.05256691202521324
0.07322707772254944
0.05649036169052124
0.03950835391879082
0.05950247868895531
0.05710052698850632
0.042893532663583755
0.05145768076181412
0.04994967207312584
0.06573490053415298
0.07074655592441559
0.054195936769247055
0.04844788461923599
0.05585584044456482
0.05606767162680626
0.05559428036212921
0.047985296696424484
0.07774357497692108
0.05354134738445282
0.06325721740722656
0.05263097211718559
0.05783892422914505
0.06400822848081589
0.06567911803722382
0.05568115785717964
0.06121065467596054
0.06602609902620316
0.05226792022585869
0.058852311223745346
0.05067788064479828
0.05011555552482605
0.05616319552063942
0.04171289876103401
0.05309707298874855
0.052026111632585526
0.042724717408418655
0.07056249678134918
0.04853422939777374
0.06126031652092934
0.04799593985080719
0.05203859508037567
0.046242013573646545
0.049032967537641525
0.05520128458738327
0.048856642097234726
0.0543866790831089
0.049788035452365875
0.04263587296009064
0.06506338715553284
0.06204817816615105
0.03814513608813286
0.057706739753484726
0.05553948134183884
0.05935618281364441
0.05230660364031792
0.06939037144184113
0.06755797564983368
0.042661089450120926
0.056949105113744736
0.05730021744966507
0.04729071259498596
0.04524402320384979
0.04350434988737106
0.04811309278011322
0.06619992107152939
0.052240435034036636
0.061622243374586105
0.04516118764877319
0.04848814755678177
0.05000734329223633
0.04464318975806236
0.043944068253040314
0.050802309066057205
0.055493924766778946
0.05567522719502449
0.03767229989171028
0.04724174737930298
0.04887892305850983
0.06852250546216965
0.059433478862047195
0.058713268488645554
0.04780474677681923
0.07096605747938156
0.05193024128675461
0.04439200460910797
0.06117401272058487
0.04695999249815941
0.050487492233514786
0.054933980107307434
0.05046628788113594
0.04841656982898712
0.03812936693429947
0.04510057345032692
0.041485730558633804
0.0442562997341156
0.049158163368701935
0.05595807358622551
0.05781741812825203
0.05121244862675667
0.06220286712050438
0.05048953369259834
0.0502757765352726
0.05787178501486778
0.04018831625580788
0.04518551751971245
0.04674902185797691
0.040435176342725754
0.055971287190914154
0.04467497766017914
0.03576304018497467
0.05926300585269928
0.0398501493036747
0.04167712852358818
0.04546455666422844
0.05751494690775871
0.04383052513003349
0.048609934747219086
0.046527452766895294
0.04571721702814102
0.04319554194808006
0.047853369265794754
0.05744873359799385
0.06351213157176971
0.04307353496551514
0.061897944658994675
0.04453662037849426
0.04467290639877319
0.04801180958747864
0.053381286561489105
0.050861600786447525
0.06414134055376053
0.05022261664271355
0.03777844086289406
0.04856410250067711
0.04856960475444794
0.046036794781684875
0.0647239089012146
0.04509325325489044
0.03908783569931984
0.050612468272447586
0.0408988781273365
0.05915820598602295
0.04038282111287117
0.05715876445174217
0.049044594168663025
0.051910389214754105
0.036579057574272156
0.050238750874996185
0.05332855507731438
0.05499768257141113
0.049862682819366455
0.05187482759356499
0.04981079325079918
0.04332428425550461
0.04589654877781868
0.06906173378229141
0.04401256889104843
0.04162212088704109
0.04193440452218056
0.054514214396476746
0.04641610383987427
0.054647333920001984
0.04215673357248306
0.045892614871263504
0.035660915076732635
0.054326701909303665
0.04795362427830696
0.04653220623731613
0.05478200316429138
0.05272892490029335
0.04502206668257713
0.04313361644744873
0.04938354715704918
0.05926574394106865
0.0489208959043026
0.04791666939854622
0.044705357402563095
0.04843365401029587
0.04518642649054527
0.03824148699641228
0.04739457368850708
0.038566526025533676
0.03551644831895828
0.055067334324121475
0.06739737093448639
0.04865855723619461
0.03738057240843773
0.05378202348947525
0.03731313720345497
0.03535638749599457
0.03465176746249199
0.041610006242990494
0.05039575323462486
0.049122974276542664
0.0552830845117569
0.04470410943031311
0.0494249053299427
0.04955648258328438
0.05476713925600052
0.041569266468286514
0.05087748169898987
0.044982876628637314
0.039456140249967575
0.04712710157036781
0.042629312723875046
0.044952936470508575
0.05453142523765564
0.05648481100797653
0.04974253103137016
0.05195862054824829
0.05039668828248978
0.04761619493365288
0.04374763369560242
0.04310028627514839
0.03739550709724426
0.03852282837033272
0.039828523993492126
0.042122963815927505
0.045684900134801865
0.054763924330472946
0.04177967458963394
0.05503469333052635
0.037394873797893524
0.046036191284656525
0.03775281086564064
0.04382094368338585
0.050175249576568604
0.0579509399831295
0.03802289068698883
0.04439666122198105
0.04934418946504593
0.041146863251924515
0.04692792147397995
0.07340527325868607
0.044103823602199554
0.0456966869533062
0.04701762646436691
0.043587420135736465
0.03982571139931679
0.037026289850473404
0.0446547195315361
0.04959636554121971
0.03460824117064476
0.0481078214943409
0.04013306275010109
0.0460139736533165
0.04598603397607803
0.03298122435808182
0.03351519629359245
0.044151462614536285
0.0495801605284214
0.04488611966371536
0.047335390001535416
0.03810993582010269
0.05225073918700218
0.05054479092359543
0.05518227815628052
0.04163085296750069
0.04130849242210388
0.04253677651286125
0.03894553333520889
0.05724240466952324
0.045896463096141815
0.04252235218882561
0.05550810694694519
0.04341898486018181
0.0387941375374794
0.04745582863688469
0.040859296917915344
0.04323667660355568
0.03752885386347771
0.03840935602784157
0.049403782933950424
0.03846188634634018
0.044992126524448395
0.03516446799039841
0.06055276095867157
0.041601620614528656
0.04397914186120033
0.035645075142383575
0.047346968203783035
0.03938981890678406
0.03550354018807411
0.03364599496126175
0.04067754000425339
0.036519605666399
0.043523576110601425
0.044878795742988586
0.05115459859371185
0.039788879454135895
