0.7987489700317383
0.7321230173110962
0.6986128091812134
0.6890023946762085
0.6621153950691223
0.6670225858688354
0.6335312724113464
0.6317571401596069
0.6299721598625183
0.6128953099250793
0.5912964344024658
0.6004769802093506
0.5883240103721619
0.5756301283836365
0.5535065531730652
0.5650596618652344
0.5466945767402649
0.5475441813468933
0.5293281078338623
0.5329853892326355
0.5050743818283081
0.5077797174453735
0.5017613768577576
0.49002179503440857
0.4825434684753418
0.4722820520401001
0.47408998012542725
0.46634283661842346
0.45871466398239136
0.43406012654304504
0.4424709975719452
0.44122666120529175
0.4313157796859741
0.45388907194137573
0.42605581879615784
0.4300287365913391
0.40935876965522766
0.4165852665901184
0.417545348405838
0.39291706681251526
0.3925267457962036
0.4180064797401428
0.40199989080429077
0.395676851272583
0.38908320665359497
0.38547685742378235
0.37232300639152527
0.40668168663978577
0.4066554605960846
0.3845580220222473
0.3962550163269043
0.38049712777137756
0.39691096544265747
0.37054643034935
0.35914140939712524
0.37859639525413513
0.3826026916503906
0.36749282479286194
0.37009570002555847
0.3691038489341736
0.36545121669769287
0.3796510100364685
0.3672739863395691
0.36197352409362793
0.3658117353916168
0.3633354902267456
0.3716099262237549
0.3635534346103668
0.3528859615325928
0.34975746273994446
0.3737810254096985
0.3580028712749481
0.3625340759754181
0.3296731114387512
0.3702062666416168
0.3181513249874115
0.3196050524711609
0.3407919406890869
0.3288351595401764
0.3484634459018707
0.35851770639419556
0.345687597990036
0.31897076964378357
0.3376978635787964
0.3532491624355316
0.35072124004364014
0.3355909585952759
0.32203444838523865
0.3448626697063446
0.32340356707572937
0.33883944153785706
0.3292536437511444
0.32535311579704285
0.3354087173938751
0.33198249340057373
0.33246684074401855
0.3141956627368927
0.31790339946746826
0.32896146178245544
0.3158004581928253
0.3068329393863678
0.30868953466415405
0.3272741436958313
0.32638394832611084
0.31129342317581177
0.2931453287601471
0.3131368160247803
0.32806622982025146
0.3401562571525574
0.31717339158058167
0.3247847855091095
0.32252493500709534
0.30551132559776306
0.31927382946014404
0.3266562223434448
0.3152279853820801
0.30283597111701965
0.3160324990749359
0.2943150997161865
0.29296982288360596
0.2990270256996155
0.3181726336479187
0.3097637891769409
0.30450472235679626
0.2977401316165924
0.30050790309906006
0.2929462194442749
0.30403706431388855
0.30018821358680725
0.2979681193828583
0.31461209058761597
0.2977214753627777
0.28926047682762146
0.29899683594703674
0.3025149405002594
0.28977230191230774
0.29530057311058044
0.2931407690048218
0.2915090024471283
0.2884100079536438
0.28954583406448364
0.29759377241134644
0.2934713661670685
0.27448028326034546
0.2971346378326416
0.28272560238838196
0.2774122953414917
0.30299249291419983
0.2738322913646698
0.27382490038871765
0.2850284278392792
0.2749526798725128
0.29139989614486694
0.27572381496429443
0.28781619668006897
0.26668915152549744
0.27806225419044495
0.287325382232666
0.27309727668762207
0.2736971080303192
0.2814429998397827
0.2714536786079407
0.29236647486686707
0.28988003730773926
0.27393144369125366
0.26991191506385803
0.2846732437610626
0.2768247723579407
0.2668333053588867
0.2753996253013611
0.2689778208732605
0.26549622416496277
0.24995718896389008
0.26607251167297363
0.25973275303840637
0.2698943018913269
0.2598503530025482
0.2742774486541748
0.2631450295448303
0.27596136927604675
0.2609202265739441
0.2769376039505005
0.2807861566543579
0.2648586928844452
0.25924065709114075
0.24505890905857086
0.2537584900856018
0.26156488060951233
0.2549387514591217
0.26291000843048096
0.2620788514614105
0.25800368189811707
0.25867918133735657
0.27762722969055176
0.26158371567726135
0.25803524255752563
0.2578887939453125
0.25241217017173767
0.2515787184238434
0.26166144013404846
0.2577837407588959
0.24121655523777008
0.22474604845046997
0.2301800549030304
0.26953428983688354
0.2587038278579712
0.2565540373325348
0.24311529099941254
0.2386750727891922
0.24468906223773956
0.2532564699649811
0.25254493951797485
0.22426457703113556
0.248964324593544
0.243805393576622
0.24400873482227325
0.2621605396270752
0.251823365688324
0.24851521849632263
0.24208848178386688
0.267711877822876
0.2520900368690491
0.24295741319656372
0.24733738601207733
0.2399313747882843
0.25259947776794434
0.247909814119339
0.2416618913412094
0.26089486479759216
0.2621139883995056
0.21994031965732574
0.25325119495391846
0.24366743862628937
0.2525728642940521
0.24335496127605438
0.2211141139268875
0.2408348023891449
0.2462334930896759
0.2480262964963913
0.2321813851594925
0.2446952909231186
0.22821377217769623
0.22774136066436768
0.22612711787223816
0.24318063259124756
0.22192516922950745
0.25217029452323914
0.2380482256412506
0.23710964620113373
0.23652218282222748
0.23245467245578766
0.25602713227272034
0.2167261391878128
0.23029302060604095
0.2400609701871872
0.23969152569770813
0.24233703315258026
0.23381967842578888
0.22182869911193848
0.24581585824489594
0.2178652584552765
0.22180777788162231
0.23430956900119781
0.22701117396354675
0.23935317993164062
0.2503364682197571
0.23261284828186035
0.24728117883205414
0.2255047857761383
0.22904393076896667
0.23110464215278625
0.22350381314754486
0.2251034528017044
0.23933276534080505
0.24031603336334229
0.2469509392976761
0.22137756645679474
0.25067463517189026
0.22212140262126923
0.22765091061592102
0.21942174434661865
0.2233993411064148
0.22261399030685425
0.22824856638908386
0.23661550879478455
0.23143982887268066
0.21848620474338531
0.22499682009220123
0.21882575750350952
0.23413097858428955
0.23330488801002502
0.2154567688703537
0.2142113745212555
0.2170153260231018
0.223316952586174
0.2153966873884201
0.22529762983322144
0.22766612470149994
0.20661765336990356
0.21312031149864197
0.213315948843956
0.21322783827781677
0.2157035619020462
0.1992354840040207
0.23675991594791412
0.22778618335723877
0.19001463055610657
0.20901010930538177
0.20634415745735168
0.22116713225841522
0.21666941046714783
0.22136029601097107
0.21279902756214142
0.2158997505903244
0.20985010266304016
0.21268314123153687
0.2198188751935959
0.21148154139518738
0.22387151420116425
0.21556977927684784
0.20236587524414062
0.20114314556121826
0.2042549103498459
0.19789470732212067
0.22042465209960938
0.2182806134223938
0.23628467321395874
0.2268190085887909
0.22826243937015533
0.20409011840820312
0.20507608354091644
0.2163240909576416
0.2147994190454483
0.22474798560142517
0.21781571209430695
0.21748024225234985
0.2172776758670807
0.22640232741832733
0.23412704467773438
0.2200613021850586
0.2215721756219864
0.19300968945026398
0.21837690472602844
0.21902021765708923
0.21525982022285461
0.22495092451572418
0.2262985110282898
0.19974778592586517
0.2107733190059662
0.22266194224357605
0.1991480588912964
0.22506557404994965
0.21216213703155518
0.22585339844226837
0.21077577769756317
0.2136935591697693
0.21377073228359222
0.20156432688236237
0.21732528507709503
0.20388107001781464
0.20250782370567322
0.21992819011211395
0.21269361674785614
0.21619780361652374
0.20923544466495514
0.20266412198543549
0.20927105844020844
0.22028234601020813
0.20492708683013916
0.20064876973628998
0.19772614538669586
0.18742820620536804
0.2219521552324295
0.2341889888048172
0.20662547647953033
0.20864097774028778
0.2086281031370163
0.22394707798957825
0.20732174813747406
0.21150116622447968
0.20222108066082
0.2043655812740326
0.20406512916088104
0.20198029279708862
0.2058423012495041
0.19046039879322052
0.2193794697523117
0.19099566340446472
0.1971079707145691
0.20994862914085388
0.21219474077224731
0.20977051556110382
0.20644499361515045
0.22337010502815247
0.21211253106594086
0.21649879217147827
0.19931098818778992
0.22877062857151031
0.19999189674854279
0.20956376194953918
0.19813726842403412
0.2073100358247757
0.22576329112052917
0.196558877825737
0.19694426655769348
0.21146400272846222
0.1904524266719818
0.23437343537807465
0.21334891021251678
0.19809699058532715
0.19343599677085876
0.20949475467205048
0.21382223069667816
0.21137264370918274
0.19799502193927765
0.217983216047287
0.2110217660665512
0.2158733457326889
0.19642262160778046
0.2215721309185028
0.20875665545463562
0.21301890909671783
0.21597826480865479
0.1983625888824463
0.20008906722068787
0.19006165862083435
0.21714812517166138
0.20724675059318542
0.19482794404029846
0.21395757794380188
0.18895792961120605
0.20627647638320923
0.20193573832511902
0.20241542160511017
0.20732909440994263
0.20696702599525452
0.20602062344551086
0.20851127803325653
0.21201635897159576
0.22421815991401672
0.20316432416439056
0.20058389008045197
0.21567855775356293
0.21104013919830322
0.20045578479766846
0.20726965367794037
0.20333795249462128
0.18607646226882935
0.2163984179496765
0.2241034358739853
0.19475287199020386
0.1866685003042221
0.20204976201057434
0.20810921490192413
0.2114759236574173
0.1923644095659256
0.22216510772705078
0.21105049550533295
0.18523059785366058
0.20995613932609558
0.1863001435995102
0.20373345911502838
0.20271198451519012
0.21862371265888214
0.1837199479341507
0.22029025852680206
0.1989171802997589
0.1879158467054367
0.20124663412570953
0.19273030757904053
0.20136919617652893
0.1941126435995102
0.19685672223567963
0.19282062351703644
0.19288097321987152
0.20136596262454987
0.1937931776046753
0.19104991853237152
0.1807742863893509
0.20024187862873077
0.20280754566192627
0.2060042768716812
0.2126772552728653
0.19381342828273773
0.2121250331401825
0.2113870233297348
0.20027826726436615
0.20331668853759766
0.19867242872714996
0.17461423575878143
0.19809062778949738
0.20141616463661194
0.2086246907711029
0.20413890480995178
0.2045632302761078
0.19590052962303162
0.18744845688343048
0.1854735165834427
0.1828625202178955
0.1882694512605667
0.18085791170597076
0.19944031536579132
0.20442873239517212
0.17911195755004883
0.18577446043491364
0.22090239822864532
0.1866188794374466
0.20754101872444153
0.206765279173851
0.19320833683013916
0.21019476652145386
0.19960077106952667
0.1859375685453415
0.20759782195091248
0.1979011744260788
0.20660680532455444
0.20503267645835876
0.1966867595911026
0.21286557614803314
0.20513880252838135
0.19798211753368378
0.1891617625951767
0.19998885691165924
0.22137753665447235
0.18394382297992706
0.19730643928050995
0.2174036204814911
0.19855879247188568
0.18982887268066406
0.20080311596393585
0.1931140124797821
0.21015100181102753
0.16819950938224792
0.19131074845790863
0.18680259585380554
0.18629127740859985
0.20076097548007965
0.20149388909339905
0.2085830569267273
0.1884886920452118
0.17451024055480957
0.18934623897075653
0.20017218589782715
0.18462587893009186
0.20214499533176422
0.18879704177379608
0.20134761929512024
0.21403859555721283
0.19597996771335602
0.20583921670913696
0.19064463675022125
0.1847657710313797
0.1863805651664734
0.18509477376937866
0.1835528314113617
0.19199581444263458
0.20122621953487396
0.1828988492488861
0.21224695444107056
0.20115059614181519
0.20073463022708893
0.17126697301864624
0.20665229856967926
0.19893956184387207
0.18293477594852448
0.19650638103485107
0.2039671391248703
0.1999915987253189
0.20400461554527283
0.18664804100990295
0.19316644966602325
0.189682275056839
0.1863735467195511
0.1964970827102661
0.17659609019756317
0.19275321066379547
0.1996607780456543
0.1888130009174347
0.202077716588974
0.1954936981201172
0.19944964349269867
0.19413834810256958
0.19681856036186218
0.1961238533258438
0.20015980303287506
0.18792606890201569
0.20127283036708832
0.19415561854839325
0.20894664525985718
0.2074051946401596
0.204801544547081
0.19280675053596497
0.20293791592121124
0.1853329986333847
0.23512838780879974
0.19115273654460907
0.2094668596982956
0.17501582205295563
0.2079010307788849
0.19697926938533783
0.1984025537967682
0.18916305899620056
0.18074002861976624
0.1867474615573883
0.18222838640213013
0.20297400653362274
0.2102259397506714
0.18857315182685852
0.19182084500789642
0.18971842527389526
0.2007589340209961
0.19738411903381348
0.19136853516101837
0.19179201126098633
0.20695318281650543
0.18721121549606323
0.2210286408662796
0.20096993446350098
0.1899036169052124
0.2136877030134201
0.20049633085727692
0.20814132690429688
0.18315474689006805
0.18271003663539886
0.1782277673482895
0.17777131497859955
0.1922723650932312
0.19457216560840607
0.210612490773201
0.2063361555337906
0.20285461843013763
