0.8428830504417419
0.690440833568573
0.6591113209724426
0.6237452626228333
0.6290819048881531
0.5979934334754944
0.5827071666717529
0.5600864887237549
0.53150874376297
0.5183823704719543
0.4942503273487091
0.5000585913658142
0.4724666476249695
0.47141602635383606
0.4927977919578552
0.44094836711883545
0.4484928548336029
0.4374675154685974
0.44100815057754517
0.4414578378200531
0.41753003001213074
0.43256527185440063
0.41553395986557007
0.41202059388160706
0.39905261993408203
0.38959231972694397
0.3936307430267334
0.4017467200756073
0.37131619453430176
0.3804647922515869
0.3963810205459595
0.38367944955825806
0.3730648159980774
0.3662377893924713
0.35941049456596375
0.3744262158870697
0.36131227016448975
0.35278192162513733
0.36646977066993713
0.34022602438926697
0.3518768548965454
0.34024518728256226
0.361636221408844
0.3465571105480194
0.3321188986301422
0.355322927236557
0.339572936296463
0.35644567012786865
0.33842015266418457
0.34071001410484314
0.3302941620349884
0.3237394392490387
0.33185067772865295
0.3230777084827423
0.32887932658195496
0.3221511244773865
0.3112764358520508
0.3037933111190796
0.31373336911201477
0.30586928129196167
0.3109789490699768
0.3053148686885834
0.2922329604625702
0.30543914437294006
0.29155322909355164
0.2948280870914459
0.2850645184516907
0.3027876019477844
0.2985001504421234
0.28163281083106995
0.2938210666179657
0.2877550721168518
0.2721904218196869
0.285469651222229
0.2785639464855194
0.28475451469421387
0.26486068964004517
0.27691927552223206
0.2764797806739807
0.28094303607940674
0.26609542965888977
0.26355665922164917
0.2575165927410126
0.26837578415870667
0.27292609214782715
0.271597683429718
0.27182796597480774
0.27384626865386963
0.2628108263015747
0.2699960470199585
0.2670922577381134
0.24938392639160156
0.25569942593574524
0.26390063762664795
0.2402959018945694
0.2637920379638672
0.24397844076156616
0.24498242139816284
0.2325643002986908
0.22811095416545868
0.2560427784919739
0.24757198989391327
0.23010942339897156
0.23878201842308044
0.24294792115688324
0.23749732971191406
0.25293391942977905
0.23338763415813446
0.24966280162334442
0.24498075246810913
0.24223241209983826
0.22622929513454437
0.2312433123588562
0.2396937608718872
0.23183371126651764
0.22619110345840454
0.2236747145652771
0.2346627414226532
0.21880045533180237
0.2209600806236267
0.21648474037647247
0.21456384658813477
0.230918288230896
0.21579983830451965
0.2549821436405182
0.22010482847690582
0.22297857701778412
0.22344718873500824
0.21324770152568817
0.23149681091308594
0.22431209683418274
0.22529655694961548
0.21966125071048737
0.2274269163608551
0.19796691834926605
0.22738920152187347
0.21056385338306427
0.20924410223960876
0.20108366012573242
0.21981731057167053
0.20053532719612122
0.21097904443740845
0.20051704347133636
0.20742207765579224
0.1964036524295807
0.20418743789196014
0.21151836216449738
0.20152738690376282
0.21085883677005768
0.2162938416004181
0.20895183086395264
0.20610152184963226
0.20611964166164398
0.19853214919567108
0.2061963975429535
0.19570192694664001
0.20641973614692688
0.2184133380651474
0.2038448005914688
0.19106556475162506
0.2000603824853897
0.20264562964439392
0.19723652303218842
0.18688994646072388
0.19818128645420074
0.19450286030769348
0.19765689969062805
0.21112799644470215
0.21329116821289062
0.18563996255397797
0.20641697943210602
0.1879442036151886
0.19523398578166962
0.20393681526184082
0.18698450922966003
0.193960502743721
0.18950295448303223
0.18247470259666443
0.18826434016227722
0.19974738359451294
0.17711642384529114
0.1989467591047287
0.18791720271110535
0.18351222574710846
0.17302614450454712
0.18692924082279205
0.1803826540708542
0.19454701244831085
0.1870546042919159
0.1829906702041626
0.18826322257518768
0.19978506863117218
0.1932080090045929
0.17588762938976288
0.1880485713481903
0.1873532235622406
0.17900466918945312
0.17428195476531982
0.1815609633922577
0.19899770617485046
0.19058245420455933
0.19168362021446228
0.1851954609155655
0.18254686892032623
0.18800222873687744
0.19267766177654266
0.18536816537380219
0.1759476214647293
0.16944755613803864
0.19083817303180695
0.19206903874874115
0.19241218268871307
0.18390941619873047
0.19514000415802002
0.19385743141174316
0.18673919141292572
0.16843324899673462
0.1876811534166336
0.1784508228302002
0.17219367623329163
0.1716565638780594
0.17125949263572693
0.19411344826221466
0.18642190098762512
0.18065401911735535
0.1785898506641388
0.17413751780986786
0.1840870976448059
0.1829301118850708
0.17799754440784454
0.18936586380004883
0.17797276377677917
0.1825937032699585
0.16753612458705902
0.17464059591293335
0.1753530204296112
0.17265506088733673
0.19159406423568726
0.18621531128883362
0.181135356426239
0.1745099425315857
0.17727938294410706
0.18858987092971802
0.177699476480484
0.1688127964735031
0.16640543937683105
0.17099341750144958
0.19483736157417297
0.16471849381923676
0.18717116117477417
0.17500482499599457
0.18546058237552643
0.1641611009836197
0.1862819492816925
0.16761663556098938
0.1852155327796936
0.1880989819765091
0.16179011762142181
0.1620364487171173
0.17395910620689392
0.16644828021526337
0.1644095480442047
0.1676281988620758
0.15922406315803528
0.17171363532543182
0.1669614166021347
0.1724603921175003
0.16304713487625122
0.16629181802272797
0.17023903131484985
0.19100680947303772
0.15572868287563324
0.1685228943824768
0.15809236466884613
0.15132224559783936
0.158874973654747
0.16227151453495026
0.1714363694190979
0.1543646603822708
0.169485405087471
0.1740085482597351
0.16758400201797485
0.16371183097362518
0.15761646628379822
0.16440491378307343
0.17443431913852692
0.1713453084230423
0.17192663252353668
0.17743906378746033
0.16663813591003418
0.180038720369339
0.17159536480903625
0.1630915105342865
0.169746533036232
0.1800956130027771
0.16227254271507263
0.17471115291118622
0.15701055526733398
0.16184501349925995
0.1701483130455017
0.1635282337665558
0.17161017656326294
0.17870742082595825
0.16074727475643158
0.17155881226062775
0.16606764495372772
0.16391976177692413
0.1765228807926178
0.1538674682378769
0.163721963763237
0.15150043368339539
0.17852436006069183
0.16760264337062836
0.17672090232372284
0.17917385697364807
0.16318486630916595
0.15683726966381073
0.16192255914211273
0.1657792180776596
0.1710221767425537
0.16588188707828522
0.16820578277111053
0.15312141180038452
0.16002461314201355
0.17306166887283325
0.17151133716106415
0.16879968345165253
0.16197137534618378
0.17240867018699646
0.16574066877365112
0.17362244427204132
0.15991592407226562
0.1536577194929123
0.15941068530082703
0.18285419046878815
0.1503453254699707
0.15616871416568756
0.15363918244838715
0.17331048846244812
0.1660919189453125
0.17414410412311554
0.152229443192482
0.1594068557024002
0.1712569147348404
0.1641383022069931
0.16807739436626434
0.15090292692184448
0.16329459846019745
0.16480661928653717
0.16990794241428375
0.17559018731117249
0.16208209097385406
0.16924123466014862
0.15239572525024414
0.1568482369184494
0.15669910609722137
0.1675400286912918
0.15128806233406067
0.160275399684906
0.15159693360328674
0.16691571474075317
0.17084868252277374
0.15639188885688782
0.1554441899061203
0.1539248526096344
0.14847242832183838
0.15280915796756744
0.1435764878988266
0.19037778675556183
0.15062201023101807
0.15837600827217102
0.16423602402210236
0.1626605987548828
0.16604109108448029
0.14907397329807281
0.15919408202171326
0.15017636120319366
0.15737685561180115
0.14364995062351227
0.16053546965122223
0.15509936213493347
0.16322548687458038
0.15684004127979279
0.16433340311050415
0.15580131113529205
0.16992729902267456
0.16835390031337738
0.14845241606235504
0.15814396739006042
0.1496964395046234
0.1630505621433258
0.15031088888645172
0.17377640306949615
0.1543121635913849
0.15494775772094727
0.16695791482925415
0.16705496609210968
0.14789611101150513
0.17726469039916992
0.1503501683473587
0.16028162837028503
0.16596300899982452
0.15789565443992615
0.17085489630699158
0.1534518003463745
0.1516239196062088
0.14659518003463745
0.16488231718540192
0.16593576967716217
0.16636165976524353
0.1632905900478363
0.16531246900558472
0.15371331572532654
0.14608265459537506
0.1656179279088974
0.1514626443386078
0.1531929224729538
0.15829771757125854
0.15110205113887787
0.1616477370262146
0.1508786529302597
0.16727712750434875
0.1616521179676056
0.16107730567455292
0.17003163695335388
0.16645538806915283
0.15762178599834442
0.15501615405082703
0.16559381783008575
0.14661388099193573
0.1556728333234787
0.1630367934703827
0.15252038836479187
0.16955849528312683
0.15199057757854462
0.151581808924675
0.13815432786941528
0.14794327318668365
0.15294817090034485
0.16782239079475403
0.1610841006040573
0.15420450270175934
0.16119933128356934
0.16617842018604279
0.16255444288253784
0.1584518849849701
0.16243527829647064
0.1544920951128006
0.16771088540554047
0.14867755770683289
0.15395542979240417
0.14963959157466888
0.16702403128147125
0.16085052490234375
0.16461259126663208
0.14891907572746277
0.16150625050067902
0.16124264895915985
0.1597595065832138
0.16395412385463715
0.17595608532428741
0.15614667534828186
0.15011699497699738
0.16013263165950775
0.15614064037799835
0.1482560932636261
0.16699400544166565
0.16342221200466156
0.14621420204639435
0.1689479500055313
0.14524826407432556
0.16549116373062134
0.15744373202323914
0.16112381219863892
0.14508002996444702
0.1587485820055008
0.15557432174682617
0.15682408213615417
0.15484127402305603
0.14784546196460724
0.15801481902599335
0.16222074627876282
0.15069617331027985
0.15491117537021637
0.16591989994049072
0.17337548732757568
0.16089335083961487
0.14659079909324646
0.15691059827804565
0.1376945525407791
0.16464199125766754
0.17643983662128448
0.15663211047649384
0.1374509036540985
0.16349387168884277
0.15105672180652618
0.15949532389640808
0.14708761870861053
0.15692786872386932
0.14262399077415466
0.15155649185180664
0.1494665890932083
0.16252464056015015
0.1654471606016159
0.1558692455291748
0.15872973203659058
0.14424066245555878
0.14650025963783264
0.15096737444400787
0.14109894633293152
0.1656349152326584
0.13336500525474548
0.15308581292629242
0.1864442676305771
0.1521417498588562
0.15444056689739227
0.16560228168964386
0.14948411285877228
0.1605677306652069
0.15509139001369476
0.1476527601480484
0.1437680572271347
0.15683521330356598
0.15581846237182617
0.15901419520378113
0.1568993628025055
0.17363415658473969
0.15381856262683868
0.14574487507343292
0.15466095507144928
0.15052124857902527
0.15866000950336456
0.145801842212677
0.15478891134262085
0.1509290337562561
0.1565578132867813
0.16348376870155334
0.14796264469623566
0.16118893027305603
0.15383446216583252
0.14907638728618622
0.15742461383342743
0.1581537127494812
0.16115862131118774
0.1625133603811264
0.15023288130760193
0.16864775121212006
0.1361224204301834
0.14640657603740692
0.15539434552192688
0.16282270848751068
0.15607215464115143
0.15924054384231567
0.15326449275016785
0.16411617398262024
0.14219431579113007
0.1573542058467865
0.1530793011188507
0.15391403436660767
0.1567148119211197
0.1479717195034027
0.15834935009479523
0.14766168594360352
0.15552356839179993
0.15449126064777374
0.1462700366973877
0.16839568316936493
0.14889638125896454
0.16101425886154175
0.15747886896133423
0.144835963845253
0.15692441165447235
0.16292381286621094
0.16874994337558746
0.17548471689224243
0.15223169326782227
0.15937522053718567
0.16154728829860687
0.15810300409793854
0.1396607905626297
0.14995291829109192
0.15836971998214722
0.14733417332172394
0.15235309302806854
0.16220104694366455
0.1503266543149948
0.151613250374794
0.155134916305542
0.1479760855436325
0.15652500092983246
0.154184490442276
0.14292806386947632
0.16030824184417725
0.15804946422576904
0.1799035221338272
0.16540314257144928
0.14900197088718414
0.14582650363445282
0.1435074508190155
0.1669646054506302
0.1370915025472641
0.1478566974401474
0.16857877373695374
0.1591077297925949
0.16093750298023224
0.15812043845653534
0.15581412613391876
0.14207269251346588
