0.5961904525756836
0.630476176738739
0.6438094973564148
0.6390476226806641
0.6342856884002686
0.6504762172698975
0.654285728931427
0.6485714316368103
0.6523809432983398
0.6523809432983398
0.6628571152687073
0.6657142639160156
0.6600000262260437
0.6609523892402649
0.6780952215194702
0.6647619009017944
0.6704761981964111
0.6733333468437195
0.677142858505249
0.6752380728721619
0.6752380728721619
0.6657142639160156
0.6885714530944824
0.6809523701667786
0.6952381134033203
0.6904761791229248
0.6980952620506287
0.6790476441383362
0.7104762196540833
0.7038094997406006
0.700952410697937
0.7019047737121582
0.6952381134033203
0.7057142853736877
0.700952410697937
0.7085714340209961
0.7161904573440552
0.723809540271759
0.7333333492279053
0.738095223903656
0.7133333086967468
0.7457143068313599
0.7409523725509644
0.7371428608894348
0.7438095211982727
0.753333330154419
0.7561904788017273
0.7361904978752136
0.7495238184928894
0.7599999904632568
0.7485714554786682
0.7495238184928894
0.7599999904632568
0.7809523940086365
0.7676190733909607
0.7723809480667114
0.7752380967140198
0.7885714173316956
0.7771428823471069
0.7828571200370789
0.7933333516120911
0.7904762029647827
0.8047618865966797
0.7866666913032532
0.8057143092155457
0.8152381181716919
0.8047618865966797
0.8161904811859131
0.8190476298332214
0.8247619271278381
0.8161904811859131
0.8142856955528259
0.8323809504508972
0.8304761648178101
0.831428587436676
0.8209523558616638
0.8123809695243835
0.8399999737739563
0.8447619080543518
0.845714271068573
0.8399999737739563
0.8380952477455139
0.845714271068573
0.8352380990982056
0.8438095450401306
0.8199999928474426
0.8428571224212646
0.8428571224212646
0.8361904621124268
0.8676190376281738
0.8399999737739563
0.8380952477455139
0.846666693687439
0.8485714197158813
0.8514285683631897
0.8428571224212646
0.845714271068573
0.8485714197158813
0.8571428656578064
0.8428571224212646
0.8523809313774109
0.8552380800247192
0.8323809504508972
0.8438095450401306
0.8590475916862488
0.8609523773193359
0.8571428656578064
0.8580952286720276
0.8523809313774109
0.8514285683631897
0.8561905026435852
0.8438095450401306
0.8571428656578064
0.854285717010498
0.854285717010498
0.8600000143051147
0.8590475916862488
0.8619047403335571
0.8638095259666443
0.8600000143051147
0.8723809719085693
0.8619047403335571
0.8580952286720276
0.8552380800247192
0.8619047403335571
0.8628571629524231
0.8676190376281738
0.845714271068573
0.8704761862754822
0.8552380800247192
0.8590475916862488
0.8619047403335571
0.8628571629524231
0.8485714197158813
0.8485714197158813
0.8523809313774109
0.8733333349227905
0.8714285492897034
0.8580952286720276
0.8752381205558777
0.8609523773193359
0.8619047403335571
0.8723809719085693
0.8638095259666443
0.8733333349227905
0.8752381205558777
0.8628571629524231
0.869523823261261
0.8590475916862488
0.8676190376281738
0.8647618889808655
0.8761904835700989
0.8590475916862488
0.8704761862754822
0.8771428465843201
0.8771428465843201
0.8647618889808655
0.8733333349227905
0.8714285492897034
0.868571400642395
0.8780952095985413
0.8714285492897034
0.8752381205558777
0.8819047808647156
0.8619047403335571
0.8790476322174072
0.8761904835700989
0.8790476322174072
0.8733333349227905
0.8876190185546875
0.8733333349227905
0.8809523582458496
0.8819047808647156
0.8780952095985413
0.8742856979370117
0.8714285492897034
0.8666666746139526
0.8780952095985413
0.883809506893158
0.8790476322174072
0.8847619295120239
0.8790476322174072
0.8828571438789368
0.8619047403335571
0.8771428465843201
0.8799999952316284
0.8866666555404663
0.8780952095985413
0.8771428465843201
0.8638095259666443
0.8666666746139526
0.8914285898208618
0.8761904835700989
0.8742856979370117
0.8704761862754822
0.8819047808647156
0.8752381205558777
0.8752381205558777
0.8780952095985413
0.8742856979370117
0.8742856979370117
0.8847619295120239
0.8723809719085693
0.8799999952316284
0.8819047808647156
0.892380952835083
0.883809506893158
0.8761904835700989
0.8676190376281738
0.8752381205558777
0.8885714411735535
0.8857142925262451
0.8895238041877747
0.8809523582458496
0.8742856979370117
0.892380952835083
0.8914285898208618
0.8828571438789368
0.8847619295120239
0.8771428465843201
0.8885714411735535
0.8866666555404663
0.883809506893158
0.8885714411735535
0.8704761862754822
0.883809506893158
0.8895238041877747
0.8952381014823914
0.8885714411735535
0.8847619295120239
0.8914285898208618
0.8866666555404663
0.8847619295120239
0.8904761672019958
0.8933333158493042
0.8799999952316284
0.8809523582458496
0.8999999761581421
0.8799999952316284
0.8809523582458496
0.8828571438789368
0.8904761672019958
0.8828571438789368
0.8933333158493042
0.8895238041877747
0.8847619295120239
0.9009523987770081
0.8809523582458496
0.8952381014823914
0.892380952835083
0.8895238041877747
0.8876190185546875
0.8809523582458496
0.8857142925262451
0.883809506893158
0.8828571438789368
0.8895238041877747
0.8904761672019958
0.8895238041877747
0.8799999952316284
0.8971428275108337
0.8828571438789368
0.8857142925262451
0.8809523582458496
0.8752381205558777
0.8895238041877747
0.892380952835083
0.8942857384681702
0.8952381014823914
0.8895238041877747
0.9038095474243164
0.8952381014823914
0.8819047808647156
0.9038095474243164
0.8914285898208618
0.8866666555404663
0.892380952835083
0.9028571248054504
0.9019047617912292
0.8914285898208618
0.892380952835083
0.8857142925262451
0.8895238041877747
0.883809506893158
0.8990476131439209
0.8866666555404663
0.8885714411735535
0.8895238041877747
0.8876190185546875
0.892380952835083
0.8876190185546875
0.8971428275108337
0.8914285898208618
0.8885714411735535
0.8942857384681702
0.8933333158493042
0.8990476131439209
0.8971428275108337
0.8904761672019958
0.892380952835083
0.8904761672019958
0.8742856979370117
0.883809506893158
0.8971428275108337
0.8990476131439209
0.8942857384681702
0.8990476131439209
0.8847619295120239
0.892380952835083
0.883809506893158
0.8942857384681702
0.883809506893158
0.8876190185546875
0.892380952835083
0.9019047617912292
0.8952381014823914
0.8971428275108337
0.8933333158493042
0.8904761672019958
0.8895238041877747
0.8999999761581421
0.8876190185546875
0.8933333158493042
0.883809506893158
0.8971428275108337
0.8876190185546875
0.8885714411735535
0.8952381014823914
0.8914285898208618
0.892380952835083
0.8914285898208618
0.8904761672019958
0.8980952501296997
0.8866666555404663
0.8933333158493042
0.8980952501296997
0.8904761672019958
0.892380952835083
0.9028571248054504
0.8971428275108337
0.892380952835083
0.8914285898208618
0.8904761672019958
0.8990476131439209
0.8914285898208618
0.8980952501296997
0.8942857384681702
0.8876190185546875
0.8942857384681702
0.8980952501296997
0.8971428275108337
0.8942857384681702
0.9085714221000671
0.8895238041877747
0.9019047617912292
0.8980952501296997
0.8990476131439209
0.892380952835083
0.8952381014823914
0.8990476131439209
0.8847619295120239
0.8914285898208618
0.8961904644966125
0.8885714411735535
0.8952381014823914
0.8952381014823914
0.8933333158493042
0.8904761672019958
0.8971428275108337
0.8847619295120239
0.8999999761581421
0.9009523987770081
0.8980952501296997
0.8990476131439209
0.8866666555404663
0.8961904644966125
0.9123809337615967
0.8904761672019958
0.8980952501296997
0.8999999761581421
0.8961904644966125
0.892380952835083
0.8904761672019958
0.8914285898208618
0.8971428275108337
0.8914285898208618
0.8961904644966125
0.8980952501296997
0.8990476131439209
0.9066666960716248
0.8952381014823914
0.8961904644966125
0.8933333158493042
0.9019047617912292
0.8990476131439209
0.8933333158493042
0.9066666960716248
0.8971428275108337
0.8933333158493042
0.9038095474243164
0.9019047617912292
0.8876190185546875
0.9028571248054504
0.8971428275108337
0.9028571248054504
0.9019047617912292
0.8980952501296997
0.9019047617912292
0.8895238041877747
0.9019047617912292
0.8904761672019958
0.8904761672019958
0.9047619104385376
0.8980952501296997
0.8933333158493042
0.9047619104385376
0.907619059085846
0.8961904644966125
0.9019047617912292
0.8971428275108337
0.9019047617912292
0.8990476131439209
0.9009523987770081
0.8961904644966125
0.9009523987770081
0.8980952501296997
0.8999999761581421
0.9047619104385376
0.8980952501296997
0.892380952835083
0.9085714221000671
0.8952381014823914
0.8866666555404663
0.8952381014823914
0.9019047617912292
0.9009523987770081
0.9019047617912292
0.8971428275108337
0.9171428680419922
0.8990476131439209
0.9009523987770081
0.9009523987770081
0.9085714221000671
0.9114285707473755
0.9123809337615967
0.8990476131439209
0.8961904644966125
0.907619059085846
0.8885714411735535
0.8971428275108337
0.8876190185546875
0.8999999761581421
0.9019047617912292
0.9047619104385376
0.892380952835083
0.9085714221000671
0.9057142734527588
0.9047619104385376
0.8952381014823914
0.9019047617912292
0.9095237851142883
0.9028571248054504
0.9066666960716248
0.8942857384681702
0.9095237851142883
0.9057142734527588
0.9038095474243164
0.8933333158493042
0.8971428275108337
0.8999999761581421
0.9114285707473755
0.8990476131439209
0.8971428275108337
0.9038095474243164
0.8961904644966125
0.9019047617912292
0.8876190185546875
0.9066666960716248
0.9028571248054504
0.9133333563804626
0.8990476131439209
0.9028571248054504
0.9095237851142883
0.9009523987770081
0.9019047617912292
0.9133333563804626
0.9038095474243164
0.8952381014823914
0.8961904644966125
0.8933333158493042
0.9047619104385376
0.9057142734527588
0.8980952501296997
0.9019047617912292
0.9019047617912292
0.907619059085846
0.8990476131439209
0.9057142734527588
0.8971428275108337
0.9047619104385376
0.8999999761581421
0.8990476131439209
0.9123809337615967
0.8990476131439209
0.8971428275108337
0.907619059085846
0.9057142734527588
0.9095237851142883
0.9057142734527588
0.8895238041877747
0.8933333158493042
0.9028571248054504
0.9009523987770081
0.9057142734527588
0.9095237851142883
0.8990476131439209
0.9019047617912292
0.8990476131439209
0.9095237851142883
0.9123809337615967
0.8980952501296997
0.9057142734527588
0.8999999761581421
0.9038095474243164
0.9123809337615967
0.8990476131439209
0.9019047617912292
0.9009523987770081
0.907619059085846
0.8933333158493042
0.9047619104385376
0.907619059085846
0.8952381014823914
0.9009523987770081
0.9114285707473755
0.9047619104385376
0.907619059085846
0.9019047617912292
0.9028571248054504
0.9019047617912292
0.9047619104385376
0.907619059085846
0.9047619104385376
0.907619059085846
0.8904761672019958
0.9019047617912292
0.9104762077331543
0.9009523987770081
0.9038095474243164
0.907619059085846
0.9019047617912292
0.8980952501296997
0.8914285898208618
0.9019047617912292
0.9066666960716248
0.907619059085846
0.915238082408905
0.9123809337615967
0.9066666960716248
0.9028571248054504
0.9038095474243164
0.8942857384681702
0.8999999761581421
0.8980952501296997
0.8980952501296997
0.8952381014823914
0.8971428275108337
0.9047619104385376
0.8961904644966125
0.8961904644966125
0.8999999761581421
0.8980952501296997
0.9066666960716248
0.9085714221000671
0.9028571248054504
0.8999999761581421
0.907619059085846
0.9085714221000671
0.9057142734527588
0.9066666960716248
0.9047619104385376
0.9104762077331543
0.9038095474243164
0.8933333158493042
0.9009523987770081
0.8990476131439209
0.9057142734527588
0.9019047617912292
0.9066666960716248
0.9009523987770081
0.9028571248054504
0.9085714221000671
0.9028571248054504
0.907619059085846
0.9009523987770081
0.9057142734527588
0.9009523987770081
0.8980952501296997
0.8980952501296997
0.8961904644966125
0.9123809337615967
0.907619059085846
0.9038095474243164
0.9114285707473755
0.907619059085846
0.9104762077331543
0.9047619104385376
0.9066666960716248
0.9047619104385376
0.9057142734527588
0.892380952835083
0.9057142734527588
0.9085714221000671
0.9028571248054504
0.9038095474243164
0.9038095474243164
0.8971428275108337
0.8999999761581421
0.9028571248054504
0.9047619104385376
0.907619059085846
0.9057142734527588
0.9114285707473755
0.8990476131439209
0.915238082408905
0.9057142734527588
0.8990476131439209
0.8971428275108337
0.907619059085846
0.8980952501296997
0.9038095474243164
0.8990476131439209
0.9085714221000671
0.9047619104385376
0.9114285707473755
0.9038095474243164
0.8971428275108337
0.9047619104385376
0.9104762077331543
0.8971428275108337
0.9028571248054504
0.9038095474243164
0.9066666960716248
0.9066666960716248
0.9028571248054504
0.8971428275108337
0.9104762077331543
0.9114285707473755
0.8999999761581421
0.9057142734527588
0.916190505027771
0.8914285898208618
0.8999999761581421
0.9019047617912292
0.8999999761581421
0.9066666960716248
0.907619059085846
0.8999999761581421
0.9009523987770081
0.9066666960716248
0.9047619104385376
0.9104762077331543
0.907619059085846
0.9009523987770081
0.916190505027771
0.9133333563804626
0.9085714221000671
0.9009523987770081
0.916190505027771
0.9085714221000671
0.8990476131439209
0.907619059085846
0.9085714221000671
0.9085714221000671
0.892380952835083
0.9104762077331543
0.8990476131439209
0.892380952835083
0.9047619104385376
0.9019047617912292
0.9095237851142883
0.907619059085846
0.9066666960716248
0.8999999761581421
0.8961904644966125
0.8961904644966125
0.9114285707473755
0.907619059085846
0.9019047617912292
0.916190505027771
0.9180952310562134
0.8990476131439209
0.8961904644966125
0.9038095474243164
0.907619059085846
0.907619059085846
0.9066666960716248
