0.9884725213050842
0.837134063243866
0.7565320730209351
0.7087900638580322
0.6980903744697571
0.6826062798500061
0.6891433596611023
0.6494526863098145
0.6424991488456726
0.6267503499984741
0.6270062923431396
0.6119930148124695
0.6030219197273254
0.5927804112434387
0.577193021774292
0.5770173668861389
0.54887455701828
0.5499221086502075
0.5473018884658813
0.5166211128234863
0.5152673125267029
0.5159762501716614
0.5126198530197144
0.4807526469230652
0.48319703340530396
0.4739600121974945
0.48909395933151245
0.46983012557029724
0.4539579153060913
0.44640952348709106
0.4323834776878357
0.44058167934417725
0.427702933549881
0.42767590284347534
0.41575780510902405
0.42440855503082275
0.40413373708724976
0.3989355266094208
0.409355491399765
0.4034867286682129
0.38331839442253113
0.4085192382335663
0.37789762020111084
0.3816401958465576
0.39599016308784485
0.37226665019989014
0.3747852146625519
0.37747007608413696
0.3700581192970276
0.3580411374568939
0.366844117641449
0.3546062409877777
0.36179155111312866
0.3445800840854645
0.35469257831573486
0.3526083827018738
0.37449803948402405
0.3466472327709198
0.34143713116645813
0.35259485244750977
0.3419855535030365
0.34336692094802856
0.3245631754398346
0.33602410554885864
0.34690991044044495
0.3401642143726349
0.33074185252189636
0.32721707224845886
0.34483858942985535
0.3319144546985626
0.33504751324653625
0.3360152542591095
0.3307989537715912
0.32695937156677246
0.31970977783203125
0.3206544816493988
0.3326500356197357
0.3301415741443634
0.3154013752937317
0.31499120593070984
0.3088497519493103
0.313814252614975
0.33196303248405457
0.3043077886104584
0.31474632024765015
0.31119006872177124
0.3080205023288727
0.31885966658592224
0.3168700635433197
0.3347172439098358
0.3167399764060974
0.29428631067276
0.31676778197288513
0.31382855772972107
0.29773080348968506
0.3075289726257324
0.31344500184059143
0.31134727597236633
0.30656978487968445
0.30200642347335815
0.29368042945861816
0.2885148227214813
0.2947268784046173
0.3030799627304077
0.3021596074104309
0.31084156036376953
0.28557536005973816
0.30232393741607666
0.3130779266357422
0.30525240302085876
0.2906138002872467
0.30327874422073364
0.29286110401153564
0.28856348991394043
0.2898627519607544
0.2860289216041565
0.3011402189731598
0.30301734805107117
0.2933092713356018
0.2957799434661865
0.29011449217796326
0.2749897539615631
0.3018340766429901
0.29238301515579224
0.28702566027641296
0.28817862272262573
0.2818426191806793
0.28104597330093384
0.28273457288742065
0.281808078289032
0.2716449201107025
0.2749168574810028
0.2750440239906311
0.26752716302871704
0.300876259803772
0.27228063344955444
0.277215838432312
0.2856064438819885
0.28375670313835144
0.3014364242553711
0.2732844054698944
0.27989086508750916
0.2830859124660492
0.2719658613204956
0.28799498081207275
0.265829473733902
0.28048059344291687
0.285805344581604
0.26583167910575867
0.2749932110309601
0.2771875262260437
0.2608661353588104
0.26587241888046265
0.2485252171754837
0.28546032309532166
0.27279502153396606
0.2650355100631714
0.27801454067230225
0.27977851033210754
0.2626543641090393
0.2791910469532013
0.26228275895118713
0.2646203339099884
0.27837854623794556
0.27082929015159607
0.2719791531562805
0.2648755609989166
0.2526406943798065
0.2583572566509247
0.2541532814502716
0.25337502360343933
0.26085662841796875
0.25785914063453674
0.2590848505496979
0.2724609076976776
0.2604500949382782
0.25870075821876526
0.25766491889953613
0.2582308053970337
0.2602057158946991
0.24106250703334808
0.25695911049842834
0.2642093300819397
0.26122623682022095
0.25028887391090393
0.2578832805156708
0.2584172785282135
0.26234352588653564
0.24349196255207062
0.2641257345676422
0.24940940737724304
0.25582194328308105
0.246321439743042
0.25027909874916077
0.2536074221134186
0.26531970500946045
0.266345351934433
0.2511284649372101
0.247383251786232
0.24238641560077667
0.24166148900985718
0.247110515832901
0.23867876827716827
0.2433200180530548
0.24211913347244263
0.24980652332305908
0.2441777139902115
0.24569500982761383
0.25048503279685974
0.2478458434343338
0.23854215443134308
0.2370469570159912
0.2374802678823471
0.2534565031528473
0.23814862966537476
0.24368521571159363
0.24354861676692963
0.23827968537807465
0.24952872097492218
0.249039888381958
0.2404325157403946
0.24445225298404694
0.24568112194538116
0.2420133501291275
0.23643063008785248
0.23020535707473755
0.23310084640979767
0.24220138788223267
0.2389427125453949
0.24188736081123352
0.2381283938884735
0.2517605423927307
0.23764795064926147
0.24287518858909607
0.22183914482593536
0.23159702122211456
0.23657134175300598
0.23544061183929443
0.2431175857782364
0.23143859207630157
0.2345017045736313
0.22767233848571777
0.23533323407173157
0.23102107644081116
0.22871659696102142
0.22951966524124146
0.23363739252090454
0.23283575475215912
0.2245200276374817
0.2397817075252533
0.21829642355442047
0.23865662515163422
0.22394205629825592
0.23566685616970062
0.25056150555610657
0.24883635342121124
0.22260983288288116
0.2224385142326355
0.21317040920257568
0.24291545152664185
0.22857044637203217
0.25189337134361267
0.22747832536697388
0.2315744161605835
0.24117007851600647
0.22927647829055786
0.24922700226306915
0.24179525673389435
0.23739083111286163
0.2451172173023224
0.2301018238067627
0.23433177173137665
0.233125239610672
0.21989354491233826
0.2566901445388794
0.22569428384304047
0.22634606063365936
0.23516657948493958
0.22394728660583496
0.23681913316249847
0.22562775015830994
0.23300273716449738
0.22799071669578552
0.23054954409599304
0.2327401340007782
0.2432972639799118
0.2186649888753891
0.23770146071910858
0.25267693400382996
0.2321915328502655
0.23306716978549957
0.22530411183834076
0.22858735918998718
0.22659234702587128
0.2299242913722992
0.2173123061656952
0.2248634397983551
0.22539909183979034
0.2321576327085495
0.2054518461227417
0.23791180551052094
0.22789017856121063
0.21848128736019135
0.22923643887043
0.22546054422855377
0.23623472452163696
0.22994431853294373
0.23426033556461334
0.23221197724342346
0.23013874888420105
0.21692997217178345
0.23600246012210846
0.22334282100200653
0.2267882078886032
0.2118474841117859
0.21632644534111023
0.21085621416568756
0.22616715729236603
0.22022461891174316
0.22249223291873932
0.2306816726922989
0.21070553362369537
0.21718132495880127
0.21356330811977386
0.22374656796455383
0.23740072548389435
0.2290763407945633
0.2285643070936203
0.2271236926317215
0.22381003201007843
0.22760887444019318
0.2112063616514206
0.21833930909633636
0.21785202622413635
0.21302321553230286
0.21543064713478088
0.23027662932872772
0.22697138786315918
0.2195805311203003
0.21082137525081635
0.2082938700914383
0.2039032131433487
0.2366286665201187
0.21979621052742004
0.21774360537528992
0.20603884756565094
0.2214510291814804
0.22102466225624084
0.22697263956069946
0.19952645897865295
0.2164069265127182
0.21240954101085663
0.20645345747470856
0.21384097635746002
0.2137192189693451
0.23014996945858002
0.20896218717098236
0.2251937985420227
0.23447951674461365
0.21767745912075043
0.21761630475521088
0.227446049451828
0.2050793170928955
0.21158196032047272
0.21502819657325745
0.2148609310388565
0.20857363939285278
0.22623223066329956
0.2410653531551361
0.2225673496723175
0.21425579488277435
0.23371508717536926
0.22057679295539856
0.21363653242588043
0.21663999557495117
0.2135736495256424
0.21620838344097137
0.2197340577840805
0.21805599331855774
0.22098222374916077
0.21685422956943512
0.20698153972625732
0.2292318195104599
0.21509435772895813
0.22907273471355438
0.22904452681541443
0.2196849286556244
0.21227683126926422
0.22277502715587616
0.20786340534687042
0.21115049719810486
0.22661834955215454
0.20819179713726044
0.20424026250839233
0.21191833913326263
0.2186899334192276
0.22674885392189026
0.23407424986362457
0.19628974795341492
0.22184830904006958
0.2088375985622406
0.20926004648208618
0.22155225276947021
0.21411842107772827
0.2132922261953354
0.2103288322687149
0.21981921792030334
0.22722366452217102
0.22523106634616852
0.21134495735168457
0.21861064434051514
0.21339425444602966
0.22365358471870422
0.2150174230337143
0.2317986637353897
0.20340770483016968
0.2286357283592224
0.22824662923812866
0.23097075521945953
0.20990131795406342
0.2111014872789383
0.22540289163589478
0.21790283918380737
0.22961732745170593
0.22572024166584015
0.22311539947986603
0.21613065898418427
0.21315015852451324
0.21420323848724365
0.2213466465473175
0.2094353884458542
0.22095534205436707
0.21015942096710205
0.20678113400936127
0.2163526564836502
0.20525701344013214
0.2067970335483551
0.19941473007202148
0.2113654762506485
0.22382506728172302
0.21796701848506927
0.21957197785377502
0.21892255544662476
0.2122783660888672
0.22118203341960907
0.211125910282135
0.1980343908071518
0.20837406814098358
0.21533726155757904
0.20976276695728302
0.20688366889953613
0.20421066880226135
0.22091607749462128
0.22911374270915985
0.21381808817386627
0.21407437324523926
0.21571685373783112
0.21039488911628723
0.20573779940605164
0.2178584486246109
0.20775455236434937
0.21784943342208862
0.1983918845653534
0.20246639847755432
0.20579661428928375
0.20495882630348206
0.21672946214675903
0.19855237007141113
0.21964195370674133
0.2089342623949051
0.21194887161254883
0.22762757539749146
0.20986048877239227
0.2148492932319641
0.20597021281719208
0.21402524411678314
0.2120772749185562
0.21778367459774017
0.20690110325813293
0.19926737248897552
0.20544952154159546
0.21803265810012817
0.2121976912021637
0.20972304046154022
0.19676940143108368
0.21815955638885498
0.21559429168701172
0.19991914927959442
0.21187859773635864
0.20404914021492004
0.2133636474609375
0.2105170041322708
0.2136910855770111
0.21828563511371613
0.20369356870651245
0.21750041842460632
0.20931470394134521
0.21396993100643158
0.2009633481502533
0.2190585434436798
0.21127112209796906
0.2021946758031845
0.2204580008983612
0.20473389327526093
0.22037333250045776
0.20759466290473938
0.22215034067630768
0.20996075868606567
0.2024744153022766
0.2057943046092987
0.2080954909324646
0.2119835764169693
0.22070184350013733
0.21209217607975006
0.191013365983963
0.20302368700504303
0.20996443927288055
0.22323265671730042
0.20631960034370422
0.2190108746290207
0.2180892676115036
0.22432304918766022
0.21688805520534515
0.21822234988212585
0.22024962306022644
0.20601846277713776
0.21108144521713257
0.23551267385482788
0.2241741418838501
0.22161442041397095
0.21541613340377808
0.21794818341732025
0.2156551033258438
0.20791304111480713
0.20946964621543884
0.20852163434028625
0.19335028529167175
0.21196019649505615
0.2177201360464096
0.2107607126235962
0.2105296105146408
0.2045227438211441
0.2084283083677292
0.20433828234672546
0.20018276572227478
0.20912018418312073
0.22971868515014648
0.20871612429618835
0.20657671988010406
0.21604330837726593
0.2038746178150177
0.21398979425430298
0.20541882514953613
0.21661251783370972
0.22127322852611542
0.20847025513648987
0.20806436240673065
0.20242151618003845
0.2108089029788971
0.19571366906166077
0.21055825054645538
0.21367865800857544
0.20300637185573578
0.22133594751358032
0.20902422070503235
0.21468208730220795
0.21650457382202148
0.20538975298404694
0.21253927052021027
0.2147170752286911
0.20488198101520538
0.22358804941177368
0.20810182392597198
0.2174903154373169
0.20928725600242615
0.20995937287807465
0.19463808834552765
0.2154131680727005
0.2042139768600464
0.21156491339206696
0.19973959028720856
0.215924471616745
0.22459453344345093
0.21054707467556
0.20832301676273346
0.23006193339824677
0.19567790627479553
0.2114601582288742
0.20014628767967224
0.19988077878952026
0.20794053375720978
0.2120237648487091
0.19614048302173615
0.2129949927330017
0.22618576884269714
0.21647155284881592
0.19842290878295898
0.21210460364818573
0.20088599622249603
0.22170951962471008
0.21033523976802826
0.21017241477966309
0.22072763741016388
0.2034812569618225
0.20636360347270966
0.2256096601486206
0.2074374407529831
0.20124605298042297
0.20585718750953674
0.20515857636928558
0.21894125640392303
0.2119680941104889
0.21106532216072083
0.2195432335138321
0.20429354906082153
0.21388645470142365
0.2183327078819275
0.2180701196193695
0.2171143889427185
0.21410298347473145
0.2097271978855133
0.20897331833839417
0.1999308168888092
0.1985814869403839
0.19749465584754944
0.21265418827533722
0.21370694041252136
0.2090376317501068
0.19625285267829895
0.21303465962409973
