0.7240147590637207
0.5906415581703186
0.5504283308982849
0.47691652178764343
0.47090327739715576
0.4402204751968384
0.4087260663509369
0.3970012366771698
0.39961159229278564
0.3869989216327667
0.38082391023635864
0.37578174471855164
0.3610847592353821
0.35226690769195557
0.3486291170120239
0.3467068076133728
0.3172219693660736
0.31737130880355835
0.33385977149009705
0.32336315512657166
0.325063556432724
0.2927793860435486
0.3016052842140198
0.3029785454273224
0.2874373197555542
0.2809992730617523
0.286607563495636
0.28130874037742615
0.27684083580970764
0.26031428575515747
0.25765401124954224
0.2672024667263031
0.25613757967948914
0.2794693112373352
0.24799008667469025
0.24998915195465088
0.2533596158027649
0.24624741077423096
0.24759262800216675
0.24116700887680054
0.24057596921920776
0.24128113687038422
0.23094969987869263
0.22759515047073364
0.22147634625434875
0.23701916635036469
0.21990005671977997
0.2228749394416809
0.20005962252616882
0.22365707159042358
0.19298797845840454
0.21847796440124512
0.19487394392490387
0.2075423151254654
0.18961426615715027
0.19623376429080963
0.19481630623340607
0.2061600685119629
0.17965227365493774
0.18196389079093933
0.1925165057182312
0.18869195878505707
0.2002493441104889
0.18511748313903809
0.18200787901878357
0.1940855234861374
0.17197783291339874
0.17924654483795166
0.16630929708480835
0.18173421919345856
0.1668754518032074
0.1586734652519226
0.1681642234325409
0.16495320200920105
0.1681165099143982
0.189413383603096
0.1712488830089569
0.18024274706840515
0.15283340215682983
0.1666615754365921
0.15312758088111877
0.14607498049736023
0.15882638096809387
0.15695935487747192
0.15853023529052734
0.14364539086818695
0.14790542423725128
0.14034204185009003
0.15046603977680206
0.15086834132671356
0.14624319970607758
0.1401192843914032
0.13514955341815948
0.13999035954475403
0.13240060210227966
0.13764575123786926
0.13639719784259796
0.1272696852684021
0.1447143852710724
0.13176396489143372
0.1276470571756363
0.13345247507095337
0.12880317866802216
0.1360442340373993
0.12657397985458374
0.12623749673366547
0.13343873620033264
0.14242538809776306
0.11221668124198914
0.1326720118522644
0.12263738363981247
0.11898986250162125
0.11136416345834732
0.1240181028842926
0.1198478564620018
0.10882386565208435
0.11707944422960281
0.1279931217432022
0.11010555922985077
0.12691882252693176
0.1029711365699768
0.09753187745809555
0.10883191972970963
0.11099753528833389
0.11122830212116241
0.10880762338638306
0.0987888053059578
0.09714525938034058
0.11472660303115845
0.10233330726623535
0.11824236810207367
0.09380058199167252
0.11605916172266006
0.0991656705737114
0.10074111819267273
0.0967525765299797
0.09265779703855515
0.09084317088127136
0.09903798997402191
0.09220456331968307
0.08609418570995331
0.09969180822372437
0.09655457735061646
0.09254928678274155
0.09016620367765427
0.09188582748174667
0.0937703549861908
0.07777240872383118
0.09405143558979034
0.09300514310598373
0.09666363894939423
0.0882875844836235
0.09924931079149246
0.08613763004541397
0.08239106833934784
0.07500911504030228
0.09090998768806458
0.09246779978275299
0.07451692223548889
0.07987930625677109
0.08839976787567139
0.08284925669431686
0.08225705474615097
0.09194156527519226
0.08170025050640106
0.09327452629804611
0.08439736068248749
0.09907859563827515
0.07758078724145889
0.08275347948074341
0.07744357734918594
0.08298420906066895
0.0848359763622284
0.09027217328548431
0.08457544445991516
0.08243672549724579
0.09406250715255737
0.09021691977977753
0.09201684594154358
0.07732462882995605
0.07560567557811737
0.07273488491773605
0.07486002147197723
0.08166168630123138
0.08342272788286209
0.06283800303936005
0.08072784543037415
0.08069498836994171
0.06380491703748703
0.08076521754264832
0.07924932986497879
0.06663479655981064
0.08403276652097702
0.07621627300977707
0.07687480002641678
0.07070282846689224
0.0736309140920639
0.08540236204862595
0.07351380586624146
0.06922509521245956
0.07637184113264084
0.07089550793170929
0.07733562588691711
0.06635980308055878
0.0688730776309967
0.06623297184705734
0.06022069230675697
0.08044618368148804
0.07152484357357025
0.07815595716238022
0.06483021378517151
0.067332923412323
0.09458176791667938
0.07007195055484772
0.07513178139925003
0.07812552899122238
0.07775561511516571
0.07543905824422836
0.07535621523857117
0.06843191385269165
0.06765705347061157
0.06832429021596909
0.05730416253209114
0.07653790712356567
0.060371868312358856
0.07468468695878983
0.05591032654047012
0.0739072933793068
0.057449065148830414
0.07124875485897064
0.06998135894536972
0.06378574669361115
0.06785275787115097
0.06191026791930199
0.06705370545387268
0.07408852130174637
0.06997289508581161
0.0665365532040596
0.061917129904031754
0.06820167601108551
0.061629392206668854
0.04593082144856453
0.06595852226018906
0.06670687347650528
0.067658931016922
0.06284868717193604
0.05261709541082382
0.06554211676120758
0.05761110037565231
0.06590431928634644
0.056204792112112045
0.06835709512233734
0.057173047214746475
0.06107976287603378
0.05940805748105049
0.05210703983902931
0.05819001793861389
0.055544376373291016
0.06915674358606339
0.05825348198413849
0.0519145168364048
0.05335107073187828
0.060779374092817307
0.062438905239105225
0.0641511008143425
0.050114721059799194
0.054326705634593964
0.056520093232393265
0.05520190671086311
0.06046736612915993
0.06391048431396484
0.06198563426733017
0.0683617889881134
0.07623840868473053
0.04334752634167671
0.06430236995220184
0.05468922480940819
0.0466434471309185
0.060318153351545334
0.06267934292554855
0.05451849848031998
0.06779608875513077
0.043888479471206665
0.06332321465015411
0.041684579104185104
0.06329793483018875
0.062445104122161865
0.0582951195538044
0.055725496262311935
0.04426765441894531
0.05574793741106987
0.04681002348661423
0.05116479843854904
0.0484168715775013
0.052377715706825256
0.05874241143465042
0.06745908409357071
0.06974157691001892
0.0636209100484848
0.04874523729085922
0.07205262780189514
0.05636757239699364
0.05859079957008362
0.07103632390499115
0.05366232618689537
0.05821298807859421
0.058021653443574905
0.04918544739484787
0.052059367299079895
0.04649702459573746
0.04965055733919144
0.04372040927410126
0.04530032351613045
0.05568067729473114
0.0568716935813427
0.048647020012140274
0.06204095110297203
0.04505018889904022
0.05779554694890976
0.0444733090698719
0.05134383216500282
0.043737731873989105
0.04949218034744263
0.05326443538069725
0.061063770204782486
0.05932808294892311
0.06920096278190613
0.05749990791082382
0.04729153588414192
0.04910401999950409
0.04874926060438156
0.05252685025334358
0.05216234177350998
0.048478756099939346
0.05687500163912773
0.04979603365063667
0.056493308395147324
0.04712846130132675
0.053830862045288086
0.057319387793540955
0.07139237970113754
0.05067649111151695
0.05328749120235443
0.04811108857393265
0.05086686089634895
0.0440879762172699
0.04863470047712326
0.0517813004553318
0.05181659385561943
0.055489372462034225
0.052411120384931564
0.04719703644514084
0.06063370034098625
0.03591416776180267
0.050531357526779175
0.05273725837469101
0.05349288135766983
0.04554853215813637
0.041701238602399826
0.04659469053149223
0.04947549104690552
0.047229330986738205
0.04407976567745209
0.05016397684812546
0.050336044281721115
0.04544728621840477
0.05770767480134964
0.03674367815256119
0.06501097232103348
0.06784359365701675
0.054694049060344696
0.05204053595662117
0.048954080790281296
0.060873840004205704
0.04728962853550911
0.042968589812517166
0.06185763329267502
0.0479661226272583
0.044964853674173355
0.05347684398293495
0.04766128584742546
0.042048413306474686
0.0532030425965786
0.04612547904253006
0.04255230352282524
0.0528329573571682
0.04218509420752525
0.042645569890737534
0.05830004811286926
0.05686640739440918
0.04430026188492775
0.055590733885765076
0.06112811714410782
0.04630320891737938
0.03957414999604225
0.044206999242305756
0.04285842552781105
0.051562290638685226
0.04628044739365578
0.032515209168195724
0.052509091794490814
0.04736394062638283
0.04265137389302254
0.04781666770577431
0.05272331088781357
0.04915819689631462
0.0495481863617897
0.050131700932979584
0.04643779993057251
0.04698439687490463
0.04411328211426735
0.03787548094987869
0.06582677364349365
0.04413534700870514
0.05050181597471237
0.05364824831485748
0.04140741005539894
0.05881005898118019
0.042654797434806824
0.05549997836351395
0.043950729072093964
0.05589214339852333
0.04018441215157509
0.06346757709980011
0.0450577475130558
0.03896831348538399
0.04297710210084915
0.045306552201509476
0.047106754034757614
0.04145476967096329
0.033656589686870575
0.04377436265349388
0.04912543296813965
0.04902733862400055
0.038412902504205704
0.05095935985445976
0.0398116409778595
0.03785615414381027
0.037491846829652786
0.03238985314965248
0.04463191330432892
0.05046405643224716
0.03706539794802666
0.055990882217884064
0.0488312728703022
0.04639193415641785
0.04067087918519974
0.04550667107105255
0.055858105421066284
0.04282139614224434
0.03660719096660614
0.045874983072280884
0.04502905160188675
0.04104848951101303
0.04517421871423721
0.041810132563114166
0.041619446128606796
0.038875762373209
0.037848345935344696
0.04889548569917679
0.04271203652024269
0.042894575744867325
0.052392300218343735
0.04096575826406479
0.04203912243247032
0.052523259073495865
0.05439980328083038
0.04217319190502167
0.0404423251748085
0.033551111817359924
0.04091465845704079
0.03770015761256218
0.052774395793676376
0.04265579953789711
0.041052721440792084
0.04172161966562271
0.04784010723233223
0.046646613627672195
0.04648391157388687
0.043306343257427216
0.03951335325837135
0.03463161364197731
0.04436066001653671
0.03628164157271385
0.04619467630982399
0.05250432342290878
0.03637923672795296
0.04914916679263115
0.04186522588133812
0.049458179622888565
0.05847456306219101
0.04479178786277771
0.038199566304683685
0.0441795252263546
0.05382101237773895
0.03878709301352501
0.04314131662249565
0.05884610489010811
0.03144671767950058
0.04091484099626541
0.03836747258901596
0.03939145803451538
0.031386151909828186
0.03699757903814316
0.040754977613687515
0.041267406195402145
0.04116033390164375
0.04891115054488182
0.04636406898498535
0.038760848343372345
0.045811980962753296
0.038961149752140045
0.05211967974901199
0.040347352623939514
0.05480857193470001
0.037894152104854584
0.042066000401973724
0.03812062740325928
0.02591346763074398
0.038361627608537674
0.03975642845034599
0.04250047728419304
0.04123181477189064
0.03714495524764061
0.0404549241065979
0.03565575182437897
0.0518750436604023
0.04479528218507767
0.03462568670511246
0.04271770641207695
0.04428574815392494
0.036569107323884964
0.044764552265405655
0.053929418325424194
0.03292378783226013
0.04000583663582802
0.04239148274064064
0.04283132776618004
0.04622089862823486
0.06336279958486557
0.048012349754571915
0.04112130030989647
0.03533172979950905
0.044189851731061935
0.04372372850775719
0.03665310889482498
0.035592641681432724
0.046599846333265305
0.03381764143705368
0.050205666571855545
0.06022605672478676
0.052352793514728546
0.04440154880285263
0.03297451511025429
0.05278842896223068
0.04185337945818901
0.045170143246650696
0.04042286053299904
0.04504259303212166
0.03673841059207916
0.04411961883306503
0.03728755936026573
0.050811924040317535
0.04586794599890709
0.039854735136032104
0.0350576750934124
0.03382963687181473
0.04019707441329956
0.050698187202215195
0.037092506885528564
0.03967497870326042
0.03789561986923218
0.04922929033637047
0.04218600317835808
0.04218854010105133
0.0410417802631855
0.043855879455804825
0.03800256550312042
0.057242296636104584
0.039657291024923325
0.036832742393016815
0.031114846467971802
0.03238590434193611
0.03937989100813866
0.039940059185028076
0.03066064789891243
0.0331747904419899
0.037589941173791885
0.04894121736288071
0.04372883960604668
0.053602784872055054
0.03445380553603172
0.04823996499180794
0.037984445691108704
0.034418053925037384
0.04591554403305054
0.045534417033195496
0.041034698486328125
0.05096476152539253
0.04143846407532692
0.04440319165587425
0.04199673980474472
0.03931478410959244
0.04129628464579582
0.026606036350131035
0.045857444405555725
