0.696718692779541
0.6928339600563049
0.68880695104599
0.68483567237854
0.6811394095420837
0.6741761565208435
0.6738473176956177
0.6675629615783691
0.6604370474815369
0.6635858416557312
0.6533512473106384
0.6512393951416016
0.6435969471931458
0.6396737098693848
0.6392444372177124
0.6329876780509949
0.6289817094802856
0.6201130747795105
0.6150668859481812
0.6199538707733154
0.607965350151062
0.6075565218925476
0.5957046151161194
0.5813416242599487
0.5752612352371216
0.576166033744812
0.5616514682769775
0.5607870221138
0.547745943069458
0.5368422865867615
0.5336900353431702
0.5126250386238098
0.5019356608390808
0.5056002736091614
0.48796236515045166
0.4917925298213959
0.4803362190723419
0.48086461424827576
0.47343188524246216
0.4658185839653015
0.4626544713973999
0.4514806866645813
0.4505167603492737
0.43616995215415955
0.46090495586395264
0.4364430606365204
0.44879502058029175
0.4475334882736206
0.43752944469451904
0.4329455494880676
0.43540915846824646
0.44706442952156067
0.43676531314849854
0.4173104465007782
0.4195133149623871
0.4182007312774658
0.4368021488189697
0.43512481451034546
0.419053852558136
0.4191587567329407
0.4108269214630127
0.43315815925598145
0.41751039028167725
0.41444966197013855
0.41561388969421387
0.43804997205734253
0.413714736700058
0.4134523570537567
0.4073082506656647
0.433958500623703
0.42884841561317444
0.41673189401626587
0.404542475938797
0.42371952533721924
0.4202585518360138
0.40273573994636536
0.41152244806289673
0.4205125868320465
0.41901466250419617
0.41761305928230286
0.40483519434928894
0.4127403497695923
0.40679696202278137
0.3935726284980774
0.42073777318000793
0.4111853837966919
0.40645670890808105
0.41686490178108215
0.42120108008384705
0.4258284270763397
0.415012925863266
0.41222143173217773
0.397480309009552
0.4111397862434387
0.3984776735305786
0.3926997482776642
0.3985733091831207
0.3959334194660187
0.39706483483314514
0.40423014760017395
0.41371214389801025
0.40536949038505554
0.39385515451431274
0.3810819983482361
0.40470269322395325
0.3996356129646301
0.3931368589401245
0.3852258026599884
0.40171173214912415
0.4008929431438446
0.40152037143707275
0.39577990770339966
0.38773059844970703
0.3927227556705475
0.39829713106155396
0.3802466094493866
0.3990010917186737
0.41530850529670715
0.39883705973625183
0.39922264218330383
0.3926086127758026
0.38640815019607544
0.3835255205631256
0.3894040286540985
0.38925445079803467
0.3813120722770691
0.4012143313884735
0.40426069498062134
0.39987754821777344
0.38379499316215515
0.4110439419746399
0.3947103023529053
0.38850700855255127
0.39275187253952026
0.3979986310005188
0.395529180765152
0.38719671964645386
0.41115251183509827
0.39288389682769775
0.38804715871810913
0.38994115591049194
0.39609235525131226
0.4145548939704895
0.41728469729423523
0.41404616832733154
0.41000476479530334
0.40395697951316833
0.3923618495464325
0.3719756603240967
0.3934151828289032
0.39481475949287415
0.3929322361946106
0.39337536692619324
0.3926832675933838
0.38810044527053833
0.38147789239883423
0.3870249092578888
0.37440767884254456
0.39481988549232483
0.39151301980018616
0.39882367849349976
0.38471290469169617
0.40081140398979187
0.40167713165283203
0.3834225833415985
0.39909908175468445
0.39927366375923157
0.3975420296192169
0.3970305919647217
0.4043096601963043
0.3939390480518341
0.3990532457828522
0.38147464394569397
0.4065793454647064
0.41028299927711487
0.3750418424606323
0.39887741208076477
0.4041614830493927
0.384053498506546
0.3772512674331665
0.38866859674453735
0.415330171585083
0.3937910795211792
0.39831534028053284
0.39326077699661255
0.38935956358909607
0.39898303151130676
0.37953421473503113
0.3960418403148651
0.4050832986831665
0.3915296792984009
0.3877544403076172
0.38731858134269714
0.38921651244163513
0.4012046754360199
0.40984907746315
0.39610928297042847
0.39648228883743286
0.38065168261528015
0.4021265506744385
0.3826169967651367
0.38421961665153503
0.38939985632896423
0.4060348570346832
0.39945077896118164
0.39585256576538086
0.4041556119918823
0.38396090269088745
0.3812372088432312
0.3942836821079254
0.39410626888275146
0.39959654211997986
0.39906057715415955
0.3891039192676544
0.3943120241165161
0.40172213315963745
0.4077257513999939
0.3924294412136078
0.3855910897254944
0.3921070396900177
0.3825715482234955
0.36496809124946594
0.39287853240966797
0.39406418800354004
0.391943097114563
0.3709280490875244
0.39222124218940735
0.38736531138420105
0.387832909822464
0.387999951839447
0.3854595422744751
0.3910970985889435
0.37580516934394836
0.4031725823879242
0.40222233533859253
0.394665002822876
0.38426893949508667
0.3987366259098053
0.38929226994514465
0.37679168581962585
0.391056627035141
0.39843133091926575
0.36871835589408875
0.3861413896083832
0.3998495042324066
0.39296385645866394
0.3978528678417206
0.40772029757499695
0.4016345739364624
0.3848420977592468
0.38505229353904724
0.3867466151714325
0.4062955975532532
0.3826357424259186
0.3956446051597595
0.3941616117954254
0.39044949412345886
0.37470299005508423
0.3865147531032562
0.3782234787940979
0.377317875623703
0.3925137519836426
0.3939704895019531
0.39222609996795654
0.3866809606552124
0.3957616686820984
0.389232337474823
0.3972046375274658
0.3929953873157501
0.3940601050853729
0.37801629304885864
0.39358946681022644
0.39201417565345764
0.39000359177589417
0.37826186418533325
0.3900805115699768
0.38511794805526733
0.3845568895339966
0.3772090673446655
0.3971594572067261
0.37596315145492554
0.3975118100643158
0.3781002461910248
0.3907232880592346
0.3838232159614563
0.37907037138938904
0.39675068855285645
0.3916083574295044
0.39093518257141113
0.38454097509384155
0.3996771574020386
0.38672611117362976
0.386718213558197
0.38104310631752014
0.3885382115840912
0.3827943205833435
0.3812972903251648
0.3845069706439972
0.3864390254020691
0.3835715651512146
0.3802207112312317
0.38983476161956787
0.39508119225502014
0.3912855088710785
0.37348097562789917
0.3941260576248169
0.39241403341293335
0.38232773542404175
0.3885914385318756
0.38038256764411926
0.389889121055603
0.372107595205307
0.39089882373809814
0.38890692591667175
0.38517460227012634
0.37959256768226624
0.38028058409690857
0.38465121388435364
0.38167449831962585
0.3821246922016144
0.38400134444236755
0.3766465485095978
0.38091394305229187
0.3933700919151306
0.3802015483379364
0.38424959778785706
0.37844955921173096
0.38328272104263306
0.37781280279159546
0.3848068416118622
0.3922586441040039
0.37771469354629517
0.39575254917144775
0.3799503743648529
0.37863922119140625
0.4032488763332367
0.3855868875980377
0.39244768023490906
0.3796124756336212
0.39698678255081177
0.38626158237457275
0.3760077953338623
0.3866911828517914
0.38236165046691895
0.3829069435596466
0.40657684206962585
0.39740094542503357
0.393466591835022
0.38874688744544983
0.39743584394454956
0.38835301995277405
0.3926731050014496
0.3804926872253418
0.3845923840999603
0.39832738041877747
0.38475656509399414
0.3887753188610077
0.3787034749984741
0.3782772719860077
0.3637341856956482
0.3746089041233063
0.385093629360199
0.37771278619766235
0.38199788331985474
0.36938101053237915
0.39364010095596313
0.37789589166641235
0.4037318825721741
0.39445653557777405
0.3729401230812073
0.3813950717449188
0.3824901878833771
0.38481470942497253
0.374666690826416
0.3944794833660126
0.39705702662467957
0.3684178292751312
0.37069225311279297
0.38636669516563416
0.3886737525463104
0.387505441904068
0.3921310305595398
0.3908926248550415
0.39575904607772827
0.3937913477420807
0.38225024938583374
0.36349424719810486
0.3862662613391876
0.3870764672756195
0.38111740350723267
0.38500866293907166
0.3947812616825104
0.37696725130081177
0.39859843254089355
0.3859511911869049
0.3801972270011902
0.37923669815063477
0.37514734268188477
0.3852532207965851
0.37279653549194336
0.3927527666091919
0.3894532024860382
0.3857230842113495
0.38718971610069275
0.3763379752635956
0.36873945593833923
0.3735581040382385
0.3898388743400574
0.38844209909439087
0.38621798157691956
0.36993443965911865
0.3740188181400299
0.3652397394180298
0.3792819380760193
0.3952682316303253
0.3901461064815521
0.39124298095703125
0.40152913331985474
0.38910141587257385
0.3974972367286682
0.3879958689212799
0.3769368827342987
0.38622206449508667
0.39266085624694824
0.39679837226867676
0.37707263231277466
0.38294389843940735
0.3892192542552948
0.3802671730518341
0.37840449810028076
0.39163628220558167
0.37357914447784424
0.38628730177879333
0.39092957973480225
0.3898472785949707
0.38646090030670166
0.389467716217041
0.39033451676368713
0.39515793323516846
0.3778502345085144
0.3853330612182617
0.39018628001213074
0.3787669241428375
0.38790422677993774
0.3741154968738556
0.3878941833972931
0.4020344614982605
0.38163554668426514
0.3920341730117798
0.37587252259254456
0.3835729956626892
0.3888710141181946
0.37572041153907776
0.37192049622535706
0.3833940923213959
0.3803691565990448
0.38005268573760986
0.3852079510688782
0.37994733452796936
0.3882353603839874
0.3719549775123596
0.38600391149520874
0.3704800605773926
0.3770851790904999
0.38537871837615967
0.38701727986335754
0.3855462968349457
0.3810977339744568
0.3832581639289856
0.3805066645145416
0.37903085350990295
0.387255996465683
0.38124141097068787
0.3992503881454468
0.38397061824798584
0.3894645571708679
0.3870154321193695
0.3983899652957916
0.38353660702705383
0.3857245147228241
0.3788996636867523
0.3773716688156128
0.37077996134757996
0.38643786311149597
0.394541472196579
0.3861169219017029
0.3816264867782593
0.3836190104484558
0.38462358713150024
0.3649526834487915
0.3758379817008972
0.3807432949542999
0.38403046131134033
0.383442223072052
0.39232832193374634
0.3910144567489624
0.38422107696533203
0.37897399067878723
0.3948979079723358
0.3819843530654907
0.3884682059288025
0.3982202410697937
0.3788892924785614
0.3837636113166809
0.3842772841453552
0.37130486965179443
0.3914070129394531
0.38894420862197876
0.37253624200820923
0.3784773647785187
0.3817318081855774
0.3728625774383545
0.38697919249534607
0.3930567502975464
0.3991597294807434
0.3822283446788788
0.38881537318229675
0.3860125243663788
0.38069140911102295
0.3954811692237854
0.37807512283325195
0.3826991617679596
0.39561641216278076
0.38894122838974
0.3865039050579071
0.39489689469337463
0.3642021715641022
0.37110239267349243
0.3813263773918152
0.38238203525543213
0.3906261920928955
0.39391204714775085
0.3828388452529907
0.38580095767974854
0.3792557716369629
0.38572707772254944
0.3888121247291565
0.3895631432533264
0.37906256318092346
0.36848634481430054
0.37210485339164734
0.37967202067375183
0.3858067989349365
0.3842788636684418
0.38555601239204407
0.39626768231391907
0.37654244899749756
0.37813448905944824
0.3825138211250305
0.37706416845321655
0.3816075325012207
0.3814254701137543
0.3945247232913971
0.3888438940048218
0.3888185918331146
0.38771235942840576
0.3826857805252075
0.39008715748786926
0.3836991786956787
0.377411425113678
0.37318068742752075
0.384505957365036
0.375507116317749
0.37350213527679443
0.3751426041126251
0.3696703016757965
0.37025031447410583
0.39125993847846985
0.38633468747138977
0.3760826587677002
0.37741655111312866
0.3795711398124695
0.3809135854244232
0.40202847123146057
0.38784486055374146
0.37977349758148193
0.3852616846561432
0.38135436177253723
0.3885342478752136
0.37445324659347534
0.3953196406364441
0.3949912488460541
0.3780629336833954
0.37368881702423096
0.36969393491744995
0.3795740008354187
0.3793610632419586
0.3838820159435272
0.3876784145832062
0.3677242398262024
0.36579206585884094
0.3626912236213684
0.39363938570022583
0.3621707260608673
0.3805333971977234
0.3768545389175415
0.37672317028045654
0.3665248155593872
0.3815515637397766
0.3627506494522095
0.3970644176006317
0.39201119542121887
0.37534430623054504
0.39302435517311096
0.37244728207588196
0.4040488004684448
0.3863912522792816
0.39629828929901123
0.38800135254859924
0.3734113276004791
0.3737812638282776
0.3857279121875763
0.38949495553970337
0.38045933842658997
0.37697482109069824
0.38612261414527893
0.3871501386165619
0.3692091703414917
0.3793390095233917
0.3909755349159241
0.3759923577308655
0.3792436122894287
0.37522584199905396
0.3868047297000885
0.36648136377334595
0.37999019026756287
0.37837162613868713
0.3894905745983124
0.38337042927742004
0.3830181658267975
0.3841860294342041
0.3789057433605194
0.3860502243041992
0.36991429328918457
0.3886047601699829
0.39541903138160706
0.36718377470970154
0.4053882360458374
0.3730124235153198
0.3936253488063812
0.3926166296005249
0.3876931369304657
0.37502211332321167
0.3818107545375824
0.40272361040115356
0.3902885317802429
0.38460609316825867
0.383416086435318
0.36686229705810547
0.3966345489025116
0.3858030438423157
0.3841930031776428
0.3594951927661896
0.37954509258270264
0.3750365972518921
0.3838951885700226
0.37515607476234436
0.38048768043518066
0.3761783838272095
0.3735765218734741
0.38840898871421814
0.3883408308029175
0.372616708278656
0.38184255361557007
0.39641937613487244
0.37919554114341736
0.360975444316864
0.3966313898563385
0.3622690737247467
0.3821609616279602
0.3878706395626068
0.3879804015159607
0.3726951777935028
0.3758239448070526
0.40469151735305786
0.38483837246894836
0.3751894533634186
0.38253095746040344
0.40152910351753235
0.39241957664489746
0.37915679812431335
0.3766319751739502
0.4008042812347412
0.367045134305954
0.3814562261104584
0.3902778625488281
0.37349292635917664
0.37202513217926025
0.3784431517124176
0.38235247135162354
0.3786996006965637
0.3920378088951111
0.37474924325942993
0.36989304423332214
0.3783876299858093
0.39015355706214905
0.3811204433441162
0.3801063001155853
0.38096821308135986
0.37898698449134827
0.3916737139225006
0.38036102056503296
0.3716891407966614
0.3758707642555237
0.38628482818603516
0.38155823945999146
0.35136353969573975
0.38603106141090393
0.3736626207828522
0.3767530918121338
0.3811659514904022
0.38650208711624146
0.3917102515697479
0.3733374774456024
0.38495174050331116
0.38309746980667114
0.39104053378105164
0.3724740445613861
0.3825063109397888
0.3865208923816681
0.36096030473709106
0.3789146840572357
0.3811461925506592
0.3844520151615143
0.39836570620536804
0.3647659420967102
0.38764694333076477
0.3709665536880493
0.38082486391067505
0.3809516727924347
0.39226841926574707
0.386174738407135
0.3886565566062927
0.37240737676620483
0.3839161992073059
0.3848184049129486
0.39736104011535645
0.3817816376686096
0.3699881136417389
0.3765951991081238
0.39233189821243286
0.37116050720214844
0.3814266622066498
0.37939053773880005
0.3729637563228607
0.37383517622947693
0.38800764083862305
0.37979596853256226
0.37169790267944336
0.37745895981788635
0.38580596446990967
0.37372589111328125
0.3805134892463684
0.3760535717010498
0.3540714979171753
0.36364924907684326
0.385663777589798
0.36390751600265503
0.38532233238220215
0.3842880129814148
0.38499701023101807
0.3856833279132843
0.38215872645378113
0.3836248815059662
0.3725588917732239
0.3930620849132538
0.3730928301811218
0.37958627939224243
0.3725045919418335
0.37878862023353577
0.3754009008407593
0.3785245418548584
0.38523074984550476
0.3972857594490051
0.3876720368862152
0.37838464975357056
0.37002021074295044
0.3838649392127991
0.3828130066394806
0.40201202034950256
0.36730214953422546
0.38794881105422974
0.38588789105415344
0.3986160159111023
0.3844102919101715
0.37166890501976013
0.3819866478443146
0.3917018175125122
0.3790293335914612
0.36918216943740845
0.37821683287620544
0.3886948227882385
0.38746145367622375
0.37778839468955994
0.39227646589279175
0.4037725627422333
0.3789327144622803
0.382240355014801
0.37685686349868774
0.38320761919021606
0.38476356863975525
0.3658619523048401
0.3798814117908478
0.37534046173095703
0.3593551218509674
0.38444265723228455
0.3870158791542053
0.36963391304016113
0.3846171796321869
0.37641599774360657
0.38445672392845154
0.3752201199531555
0.38811466097831726
0.37564796209335327
0.3830677568912506
0.3738825023174286
0.37227946519851685
0.367190420627594
0.39163705706596375
0.40157949924468994
0.3774130344390869
0.370709627866745
0.4018876552581787
0.3782244324684143
0.3926827013492584
0.36099088191986084
0.37321025133132935
0.38625842332839966
0.38673314452171326
0.4008435904979706
0.37283793091773987
0.3852907419204712
0.38385748863220215
0.3843987286090851
0.3824217617511749
0.4038236141204834
0.37694981694221497
0.38129228353500366
0.38283082842826843
0.37218227982521057
0.3880384862422943
0.38382595777511597
0.36552128195762634
0.3870013654232025
0.37497061491012573
0.38325566053390503
0.3853399455547333
0.39159664511680603
0.37816348671913147
0.38206416368484497
0.3731139004230499
0.402352511882782
0.38759174942970276
0.37002813816070557
0.3894459903240204
0.36828234791755676
0.389417439699173
0.39139607548713684
0.37707623839378357
0.38437291979789734
0.3870883285999298
0.3822670876979828
0.3887757658958435
0.3707023561000824
0.37672075629234314
0.39359617233276367
0.3669869601726532
0.3948463201522827
0.37911105155944824
0.3830753564834595
0.38476380705833435
0.39210766553878784
0.38358035683631897
0.38232874870300293
0.373665988445282
0.38245314359664917
0.3796185553073883
0.38695240020751953
0.3788906931877136
0.3667905628681183
0.38363951444625854
0.3773775100708008
0.37956342101097107
0.3858712613582611
0.38266831636428833
0.3771357238292694
0.37565672397613525
0.3776657283306122
0.37701478600502014
0.3829496502876282
0.38988640904426575
0.397432804107666
0.3793404698371887
0.3798855245113373
0.37340354919433594
0.3832203149795532
0.389705091714859
0.3768445551395416
0.3691546320915222
0.37601035833358765
0.3723236918449402
0.3931424915790558
0.38949525356292725
0.3746722638607025
0.3753066658973694
0.37687256932258606
0.3662991225719452
0.3722722828388214
0.38246971368789673
0.3847881853580475
0.3885406255722046
0.38616207242012024
0.3844315707683563
0.3744642436504364
0.37528231739997864
0.38033151626586914
0.39414435625076294
0.39525556564331055
0.3837048411369324
0.3866809904575348
0.39251551032066345
0.3767670691013336
0.3739696145057678
0.3809441030025482
0.3821253776550293
0.3705556392669678
0.3779098093509674
0.3817310333251953
0.37549057602882385
0.3911786675453186
0.38946136832237244
0.3925791382789612
0.3643621802330017
0.3750244081020355
0.36497312784194946
0.38753238320350647
0.38014861941337585
0.38810276985168457
0.37181758880615234
0.3894122540950775
0.38460251688957214
0.3804562985897064
0.3893336057662964
0.3875850439071655
0.38849157094955444
0.39174503087997437
0.37009790539741516
0.3743077516555786
0.3945821225643158
0.40001609921455383
0.3703015446662903
0.37158092856407166
0.39382433891296387
0.377826988697052
0.3893967568874359
0.3899586498737335
0.3866812586784363
0.3805373013019562
0.365726113319397
0.3922830820083618
0.37876030802726746
0.3824423849582672
0.3838048279285431
0.3950898051261902
0.38527512550354004
