0.6926628947257996
0.6893853545188904
0.6869102120399475
0.684640645980835
0.6830548644065857
0.6803833842277527
0.676579475402832
0.6755176782608032
0.6747536063194275
0.672921895980835
0.669197142124176
0.6658498048782349
0.6634055972099304
0.6612347960472107
0.6589479446411133
0.6602959036827087
0.6502733826637268
0.6488508582115173
0.6410871148109436
0.6404095888137817
0.6335768699645996
0.6248158812522888
0.6260527968406677
0.626797616481781
0.6060490608215332
0.6094081401824951
0.5986728668212891
0.5907998085021973
0.5926613211631775
0.5852128267288208
0.5841236114501953
0.5779819488525391
0.5767669081687927
0.5695263147354126
0.5432192087173462
0.5611370205879211
0.5521976947784424
0.556850790977478
0.541597843170166
0.5315656661987305
0.5392554998397827
0.5402171015739441
0.5209014415740967
0.5234818458557129
0.5340538024902344
0.5072716474533081
0.5140225291252136
0.5141258835792542
0.5030922293663025
0.4961937367916107
0.4815155267715454
0.4913969039916992
0.48470476269721985
0.4870062470436096
0.4854346811771393
0.4780844748020172
0.4676940143108368
0.4730388820171356
0.4912184476852417
0.4721691310405731
0.4681118130683899
0.4759763479232788
0.4700717628002167
0.46775054931640625
0.45469510555267334
0.4418233335018158
0.4695684611797333
0.4444877803325653
0.4736383259296417
0.4586547315120697
0.4521728456020355
0.45447126030921936
0.45649975538253784
0.47514665126800537
0.4626776874065399
0.4428277313709259
0.4596249461174011
0.4542135000228882
0.4342189431190491
0.44783663749694824
0.4507092237472534
0.4494304358959198
0.4526402950286865
0.46002843976020813
0.4356565475463867
0.43706974387168884
0.448135644197464
0.43128836154937744
0.4453176259994507
0.4333535432815552
0.4469545781612396
0.4375213086605072
0.442468523979187
0.45331069827079773
0.43688616156578064
0.42439740896224976
0.442041277885437
0.4348038136959076
0.44292327761650085
0.42698734998703003
0.43859395384788513
0.43416744470596313
0.4255533516407013
0.45075860619544983
0.419092059135437
0.4311591684818268
0.4376751184463501
0.443942129611969
0.42670315504074097
0.43441712856292725
0.4214774966239929
0.43031370639801025
0.43475639820098877
0.430055171251297
0.412833034992218
0.4187128245830536
0.43898823857307434
0.4368242621421814
0.427447110414505
0.4313167333602905
0.43298929929733276
0.42921528220176697
0.4322318732738495
0.43177810311317444
0.4346734285354614
0.43149352073669434
0.4093494415283203
0.41979241371154785
0.4210570752620697
0.4285966157913208
0.4175252318382263
0.4284965693950653
0.43785783648490906
0.4202577769756317
0.417627215385437
0.42508256435394287
0.40869903564453125
0.40133020281791687
0.4361415505409241
0.4120878279209137
0.41303056478500366
0.43841591477394104
0.42783689498901367
0.4270970821380615
0.4258945882320404
0.41192689538002014
0.4351932108402252
0.4204687476158142
0.4262104332447052
0.41470038890838623
0.41987335681915283
0.40931445360183716
0.4136480689048767
0.40872615575790405
0.41173437237739563
0.41146472096443176
0.40428969264030457
0.4063030183315277
0.42390885949134827
0.40231066942214966
0.421042263507843
0.4152604639530182
0.41530317068099976
0.42621201276779175
0.41272827982902527
0.42066746950149536
0.40968286991119385
0.3967144191265106
0.41890743374824524
0.41569018363952637
0.4218651354312897
0.4151194989681244
0.41231295466423035
0.41024503111839294
0.4256558120250702
0.42679303884506226
0.42340725660324097
0.3909890055656433
0.40120506286621094
0.422953724861145
0.42910826206207275
0.42325207591056824
0.4252870976924896
0.3933887183666229
0.42578545212745667
0.41609007120132446
0.3951105773448944
0.41420814394950867
0.4177456796169281
0.40784430503845215
0.41572874784469604
0.42416995763778687
0.40724650025367737
0.4283747971057892
0.4186481833457947
0.40811339020729065
0.414125919342041
0.4230222702026367
0.4198808968067169
0.3963027894496918
0.40408605337142944
0.40866708755493164
0.41939714550971985
0.4145474135875702
0.4110298454761505
0.41563090682029724
0.40665000677108765
0.42151618003845215
0.424835741519928
0.4230627417564392
0.40503543615341187
0.42047998309135437
0.42176035046577454
0.4057777523994446
0.40163710713386536
0.40721455216407776
0.42673155665397644
0.4000486135482788
0.39856550097465515
0.41128242015838623
0.42376476526260376
0.40542662143707275
0.39653801918029785
0.41276443004608154
0.3855198621749878
0.4142540395259857
0.40934228897094727
0.4239932894706726
0.4050421416759491
0.4257771968841553
0.40126317739486694
0.43452855944633484
0.41206490993499756
0.4211820363998413
0.42330971360206604
0.43444639444351196
0.4066421091556549
0.4227105677127838
0.4137885868549347
0.4047924280166626
0.4137422442436218
0.4050401449203491
0.4143255054950714
0.4111865758895874
0.4200819432735443
0.3981650769710541
0.42310830950737
0.4216214716434479
0.40992721915245056
0.4064432680606842
0.40981343388557434
0.4023467004299164
0.41941484808921814
0.41380855441093445
0.4087006151676178
0.4083232879638672
0.404081255197525
0.41909259557724
0.425175279378891
0.4235170781612396
0.4011213481426239
0.4065511226654053
0.4284544587135315
0.3969021141529083
0.4021238088607788
0.4131084084510803
0.4211854040622711
0.40973740816116333
0.38907623291015625
0.41279199719429016
0.401957631111145
0.4147353768348694
0.41669318079948425
0.3977177143096924
0.3919046223163605
0.39979371428489685
0.4163207709789276
0.4120125472545624
0.4193893074989319
0.39325329661369324
0.4069577157497406
0.4273868799209595
0.4174843430519104
0.40883737802505493
0.40228545665740967
0.40847069025039673
0.39655813574790955
0.4054618179798126
0.4062648117542267
0.40428847074508667
0.42088258266448975
0.40660473704338074
0.41241389513015747
0.4076402187347412
0.40392833948135376
0.4137220084667206
0.38848987221717834
0.41940248012542725
0.4125366806983948
0.4066511392593384
0.4206663966178894
0.4227016866207123
0.40863245725631714
0.4003993272781372
0.4264719486236572
0.41497305035591125
0.40745365619659424
0.41674351692199707
0.39637312293052673
0.39859896898269653
0.4111514687538147
0.4190169870853424
0.41556647419929504
0.38900917768478394
0.41291317343711853
0.40897274017333984
0.396868497133255
0.3979569673538208
0.419852614402771
0.40503400564193726
0.4018748998641968
0.398440420627594
0.3950868248939514
0.40505653619766235
0.42090967297554016
0.39244353771209717
0.3933987319469452
0.39611613750457764
0.39470428228378296
0.40959370136260986
0.39193692803382874
0.3980831801891327
0.3942413330078125
0.3985992968082428
0.4141125977039337
0.4128015637397766
0.40055546164512634
0.39154931902885437
0.4124196767807007
0.4114108085632324
0.4303372800350189
0.3739112615585327
0.39376938343048096
0.3870938718318939
0.3952871561050415
0.40058356523513794
0.3992842137813568
0.40159279108047485
0.4057050943374634
0.38865992426872253
0.4134509563446045
0.4044395685195923
0.40177977085113525
0.4129194915294647
0.4049547016620636
0.40479955077171326
0.40799400210380554
0.39889365434646606
0.38830316066741943
0.3873307406902313
0.4031606912612915
0.39936837553977966
0.39402875304222107
0.40042829513549805
0.40091174840927124
0.4012235403060913
0.3945775032043457
0.41340720653533936
0.4088875353336334
0.4032663404941559
0.3879372477531433
0.394020676612854
0.4156712293624878
0.40991243720054626
0.4031672775745392
0.40700089931488037
0.3953653872013092
0.4133123457431793
0.40501970052719116
0.4130876660346985
0.3962870240211487
0.4139883816242218
0.39899536967277527
0.3852068781852722
0.3929092288017273
0.40645831823349
0.39858144521713257
0.40770959854125977
0.41134053468704224
0.39698511362075806
0.4036138653755188
0.41271764039993286
0.3942478597164154
0.4007891118526459
0.40227293968200684
0.41180434823036194
0.4017300307750702
0.405720978975296
0.4046471118927002
0.38577932119369507
0.4122578799724579
0.4146745204925537
0.39453646540641785
0.40808552503585815
0.39128708839416504
0.39982566237449646
0.39864709973335266
0.411205530166626
0.3758193254470825
0.4031328558921814
0.39098381996154785
0.39741480350494385
0.3990941047668457
0.38849973678588867
0.3979802131652832
0.3853984773159027
0.41786709427833557
0.40420451760292053
0.43109720945358276
0.4109649956226349
0.405996710062027
0.41464149951934814
0.4030003845691681
0.3967180848121643
0.4028392434120178
0.3865656554698944
0.4127911925315857
0.4152054488658905
0.3990754783153534
0.3992065191268921
0.38938644528388977
0.3931647837162018
0.41731080412864685
0.41335126757621765
0.40182530879974365
0.3901636302471161
0.4007151126861572
0.40867096185684204
0.38926103711128235
0.4103263020515442
0.3952125012874603
0.4108046293258667
0.4090879261493683
0.39238858222961426
0.39701294898986816
0.39913874864578247
0.38717830181121826
0.39592552185058594
0.3999757170677185
0.4047222435474396
0.3945043087005615
0.41693833470344543
0.40138691663742065
0.39718034863471985
0.3996565639972687
0.4049396514892578
0.3944234251976013
0.40037262439727783
0.3944911062717438
0.4016205370426178
0.4082871675491333
0.40118667483329773
0.4104815423488617
0.40045303106307983
0.39698129892349243
0.3971124291419983
0.3968103229999542
0.3993179500102997
0.39278388023376465
0.413582444190979
0.3973982632160187
0.3966262936592102
0.40372130274772644
0.4072079658508301
0.4008358418941498
0.4150972366333008
0.41662105917930603
0.40116724371910095
0.4067128598690033
0.3922196924686432
0.40565788745880127
0.38641518354415894
0.3925134241580963
0.3988605737686157
0.4034261703491211
0.40533682703971863
0.3951725661754608
0.3884752690792084
0.38552942872047424
0.38678470253944397
0.3976996839046478
0.4134327173233032
0.40426450967788696
0.4112551212310791
0.41469910740852356
0.4106368124485016
0.3936834931373596
0.40255483984947205
0.382109135389328
0.41076576709747314
0.4116343855857849
0.414893239736557
0.4077701270580292
0.4048228859901428
0.39343199133872986
0.3957044780254364
0.38991668820381165
0.4146161675453186
0.3933144807815552
0.39272308349609375
0.3932819962501526
0.4248543381690979
0.40262970328330994
0.39836034178733826
0.3899107277393341
0.4074297845363617
0.3915853202342987
0.3888419568538666
0.40844547748565674
0.41390901803970337
0.41587886214256287
0.38777297735214233
0.3991648256778717
0.40246516466140747
0.39590248465538025
0.39630642533302307
0.4116421341896057
0.394359290599823
0.3949719965457916
0.4013044536113739
0.3966951072216034
0.3885006904602051
0.3883305788040161
0.40350279211997986
0.4086781442165375
0.3996112048625946
0.40394458174705505
0.39616265892982483
0.3908582329750061
0.41192853450775146
0.40900588035583496
0.3987860679626465
0.39795222878456116
0.38770484924316406
0.39607053995132446
0.39047178626060486
0.39323318004608154
0.41672903299331665
0.4114706218242645
0.40460383892059326
0.3891654908657074
0.40225347876548767
0.38117682933807373
0.3834112882614136
0.4138012230396271
0.38967421650886536
0.4079654812812805
0.40826377272605896
0.3872310221195221
0.40406084060668945
0.4100840985774994
0.3914840519428253
0.4100325405597687
0.37661734223365784
0.39659518003463745
0.40203365683555603
0.38550087809562683
0.3950141966342926
0.4003477990627289
0.3984168767929077
0.4140738546848297
0.38968294858932495
0.39411550760269165
0.41093710064888
0.39808279275894165
0.39053189754486084
0.40592384338378906
0.393810898065567
0.39679065346717834
0.40296393632888794
0.40663376450538635
0.39611950516700745
0.37634384632110596
0.40313833951950073
0.3871791660785675
0.4119666814804077
0.39034125208854675
0.3949697017669678
0.3919796049594879
0.403913676738739
0.40772151947021484
0.38749244809150696
0.3964379131793976
0.4101901352405548
0.3811507225036621
0.4187026917934418
0.4160572588443756
0.4039085805416107
0.40494775772094727
0.4218689799308777
0.40161359310150146
0.40005868673324585
0.41853299736976624
0.39980894327163696
0.4141685664653778
0.4190994203090668
0.39771828055381775
0.4003850519657135
0.39698082208633423
0.3945022523403168
0.40536943078041077
0.40488752722740173
0.4025491178035736
0.3951558470726013
0.4124881625175476
0.39325499534606934
0.3985733687877655
0.4039068818092346
0.38892263174057007
0.40676984190940857
0.4063235819339752
0.4238279163837433
0.39359018206596375
0.4073631167411804
0.4070318043231964
0.3954456150531769
0.37889552116394043
0.37490591406822205
0.39622944593429565
0.4173777103424072
0.38085538148880005
0.3953499495983124
0.3971615433692932
0.3963155448436737
0.39419683814048767
0.3985297977924347
0.39136549830436707
0.3911455571651459
0.4157196283340454
0.39680546522140503
0.40778619050979614
0.3902437686920166
0.3986225128173828
0.39760658144950867
0.3897266089916229
0.3958528935909271
0.40755024552345276
0.3992522060871124
0.41010379791259766
0.39958468079566956
0.39064905047416687
0.40202370285987854
0.3884997069835663
0.4107702076435089
0.3836440443992615
0.392317533493042
0.39133763313293457
0.3882393538951874
0.39324256777763367
0.40621232986450195
0.4156814515590668
0.4006226062774658
0.3938419818878174
0.40635743737220764
0.40167564153671265
0.4016910791397095
0.3864864706993103
0.40426069498062134
0.39982354640960693
0.40235435962677
0.4052796959877014
0.40112629532814026
0.4172954559326172
0.4000014662742615
0.3882887363433838
0.40968799591064453
0.3973753750324249
0.4016583561897278
0.38421955704689026
0.39544302225112915
0.40713995695114136
0.3970305919647217
0.3991698622703552
0.4003218412399292
0.38211825489997864
0.4215492904186249
0.3958810269832611
0.41202056407928467
0.3865218460559845
0.3903745114803314
0.40803906321525574
0.4189981520175934
0.38332846760749817
0.4260503649711609
0.40539366006851196
0.4001102149486542
0.3877559006214142
0.4097267985343933
0.39083367586135864
0.38202571868896484
0.38481268286705017
0.38656580448150635
0.4029173254966736
0.40033063292503357
0.40496957302093506
0.41548770666122437
0.3936178684234619
0.40092742443084717
0.4042505919933319
0.4015570878982544
0.39384981989860535
0.39650610089302063
0.3959636092185974
0.4063969552516937
0.40728238224983215
0.3931126892566681
0.37044432759284973
0.39397910237312317
0.38992366194725037
0.3901931941509247
0.3979194760322571
0.38242682814598083
0.3985233008861542
0.3800555467605591
0.3966964781284332
0.40497422218322754
0.3928402364253998
0.39028090238571167
0.3805622160434723
0.39198988676071167
0.40370678901672363
0.40611645579338074
0.40415114164352417
0.4000330865383148
0.3939339220523834
0.4070020914077759
0.39540791511535645
0.3993966281414032
0.3869279623031616
0.3988034427165985
0.39788490533828735
0.3950420618057251
0.3960830271244049
0.3886129856109619
0.3823610246181488
0.4019514322280884
0.4150916039943695
0.39467179775238037
0.4010103642940521
0.39794623851776123
0.4061310589313507
0.40691834688186646
0.397059828042984
0.4130936563014984
0.39187562465667725
0.410575270652771
0.40367650985717773
0.3923170864582062
0.40636709332466125
0.3821627199649811
0.3897020220756531
0.39305078983306885
0.3978533446788788
0.39225509762763977
0.3984415531158447
0.41194358468055725
