0.7374172210693359
0.6692631244659424
0.6293548941612244
0.6097679734230042
0.596417248249054
0.5663944482803345
0.5499337911605835
0.5278001427650452
0.5141395330429077
0.5078027248382568
0.46553170680999756
0.47815901041030884
0.47682300209999084
0.45373040437698364
0.4275195896625519
0.425968736410141
0.43832454085350037
0.4282490015029907
0.41231903433799744
0.4106014370918274
0.3856062889099121
0.39704394340515137
0.39252108335494995
0.3890519440174103
0.3779325485229492
0.3757879436016083
0.35004252195358276
0.3578655421733856
0.3639931380748749
0.353777140378952
0.36522597074508667
0.3568696081638336
0.34039562940597534
0.3425768315792084
0.34609442949295044
0.32999861240386963
0.336044043302536
0.33892178535461426
0.3312762975692749
0.3342113792896271
0.3225632607936859
0.3252110481262207
0.3233100175857544
0.31878116726875305
0.3208853602409363
0.31462362408638
0.30867457389831543
0.3182094693183899
0.3118804097175598
0.30912765860557556
0.30846503376960754
0.3175371587276459
0.2993260324001312
0.30677762627601624
0.3183645009994507
0.3103664219379425
0.2924393117427826
0.30356550216674805
0.30250227451324463
0.29123687744140625
0.29180607199668884
0.28924816846847534
0.2885842025279999
0.29431551694869995
0.29675906896591187
0.2907046675682068
0.2839541733264923
0.28289365768432617
0.29398632049560547
0.28920674324035645
0.2904694974422455
0.28270047903060913
0.27825576066970825
0.28064021468162537
0.2793094217777252
0.2837654948234558
0.27145493030548096
0.27096524834632874
0.26955243945121765
0.2660957872867584
0.27109840512275696
0.26443517208099365
0.2771388292312622
0.2696024477481842
0.2619069516658783
0.26914724707603455
0.2700513005256653
0.26371854543685913
0.26902148127555847
0.2724582850933075
0.26110002398490906
0.26325422525405884
0.2558605372905731
0.2534478008747101
0.2550215423107147
0.26193273067474365
0.2546146810054779
0.24364228546619415
0.2592489421367645
0.2513026297092438
0.25929930806159973
0.2549644410610199
0.2677372694015503
0.26077356934547424
0.25097978115081787
0.25157982110977173
0.25123921036720276
0.2625850737094879
0.24794384837150574
0.2635234594345093
0.25845059752464294
0.23910202085971832
0.23843370378017426
0.24908801913261414
0.2503039240837097
0.2494712620973587
0.23979276418685913
0.2506961226463318
0.24482642114162445
0.23888278007507324
0.2460249811410904
0.25079938769340515
0.2454409897327423
0.23495768010616302
0.24637828767299652
0.24421723186969757
0.23865675926208496
0.24878700077533722
0.24100153148174286
0.24612022936344147
0.23532287776470184
0.2278827279806137
0.23252807557582855
0.24268026649951935
0.23719151318073273
0.23617403209209442
0.2459203004837036
0.2514461278915405
0.23831191658973694
0.22824285924434662
0.23469945788383484
0.24524256587028503
0.24357451498508453
0.23488754034042358
0.236467182636261
0.2300664782524109
0.23575817048549652
0.23186606168746948
0.2426246553659439
0.2270229011774063
0.24108466506004333
0.23332180082798004
0.23548859357833862
0.22684717178344727
0.22183257341384888
0.24464908242225647
0.2316666692495346
0.22994565963745117
0.22810789942741394
0.2329730987548828
0.2196529358625412
0.23342926800251007
0.21752145886421204
0.222579225897789
0.24223944544792175
0.21666395664215088
0.21765390038490295
0.21776016056537628
0.21982327103614807
0.22421103715896606
0.2285892516374588
0.22582970559597015
0.22138069570064545
0.23177076876163483
0.24028310179710388
0.2315811961889267
0.2233467847108841
0.22511087357997894
0.23686926066875458
0.21659444272518158
0.22325164079666138
0.2132144272327423
0.21114589273929596
0.22423477470874786
0.20483824610710144
0.21676696836948395
0.20764964818954468
0.22886578738689423
0.20629143714904785
0.20633184909820557
0.22920195758342743
0.20997433364391327
0.21528148651123047
0.2030206322669983
0.220195472240448
0.21459908783435822
0.20605917274951935
0.23146456480026245
0.21013106405735016
0.21479767560958862
0.22642840445041656
0.20649613440036774
0.2309354990720749
0.20722420513629913
0.21318106353282928
0.21111296117305756
0.2110256403684616
0.2075178176164627
0.22086921334266663
0.20369450747966766
0.204271137714386
0.21817362308502197
0.20846766233444214
0.2051851749420166
0.20240066945552826
0.20333705842494965
0.21721230447292328
0.20843014121055603
0.2272409349679947
0.21566250920295715
0.21738801896572113
0.20641785860061646
0.22046595811843872
0.22173906862735748
0.2021844983100891
0.20653872191905975
0.19881963729858398
0.20751655101776123
0.20444104075431824
0.21015481650829315
0.20691582560539246
0.20429277420043945
0.21585510671138763
0.21226619184017181
0.21358270943164825
0.2079269140958786
0.21228550374507904
0.20512224733829498
0.2045886218547821
0.20520997047424316
0.21498151123523712
0.2039678394794464
0.20583823323249817
0.20972786843776703
0.21423090994358063
0.20177069306373596
0.21559226512908936
0.21494950354099274
0.21843069791793823
0.21398644149303436
0.20619241893291473
0.20426009595394135
0.21278077363967896
0.19759999215602875
0.20606516301631927
0.20354852080345154
0.20788978040218353
0.21243935823440552
0.2046973556280136
0.21121016144752502
0.20588849484920502
0.21587343513965607
0.21345917880535126
0.21428586542606354
0.2075158804655075
0.2094501107931137
0.20994681119918823
0.21811522543430328
0.18853554129600525
0.2030421942472458
0.20738749206066132
0.19878743588924408
0.19948242604732513
0.2088807225227356
0.20329947769641876
0.2003081887960434
0.20512983202934265
0.20651672780513763
0.20230187475681305
0.20618441700935364
0.1944047063589096
0.2068919688463211
0.19819021224975586
0.19493164122104645
0.20563213527202606
0.21152235567569733
0.19689948856830597
0.2051238715648651
0.19914022088050842
0.20140476524829865
0.19483010470867157
0.2046131193637848
0.195827454328537
0.2071007639169693
0.195829838514328
0.19960232079029083
0.19570739567279816
0.20207446813583374
0.20128880441188812
0.19095078110694885
0.20151841640472412
0.196745365858078
0.19126862287521362
0.19773535430431366
0.19407053291797638
0.20311251282691956
0.20083174109458923
0.191669762134552
0.2005406767129898
0.20169810950756073
0.20633140206336975
0.19286543130874634
0.19793546199798584
0.2043011337518692
0.19781072437763214
0.18869194388389587
0.19800227880477905
0.2138891965150833
0.19878020882606506
0.18094708025455475
0.1941870152950287
0.20119594037532806
0.2033543586730957
0.1942513883113861
0.19465792179107666
0.193722665309906
0.19208380579948425
0.18916718661785126
0.2021157443523407
0.20255933701992035
0.18833331763744354
0.19245314598083496
0.2162863165140152
0.19821038842201233
0.19806507229804993
0.19227075576782227
0.20648562908172607
0.19198159873485565
0.1954152137041092
0.19194412231445312
0.18696805834770203
0.20211732387542725
0.1855679452419281
0.1829199641942978
0.18866850435733795
0.1946021020412445
0.19345363974571228
0.20135147869586945
0.1991787850856781
0.19854263961315155
0.19645120203495026
0.18067844212055206
0.1987857073545456
0.20798175036907196
0.19380240142345428
0.17947416007518768
0.1889200359582901
0.20346927642822266
0.19696493446826935
0.2042100876569748
0.20259441435337067
0.18908341228961945
0.20408159494400024
0.19876788556575775
0.20106512308120728
0.19411316514015198
0.19011597335338593
0.18296411633491516
0.18184183537960052
0.19805996119976044
0.1910090148448944
0.20505137741565704
0.18576939404010773
0.20094117522239685
0.1853354275226593
0.19591458141803741
0.20293965935707092
0.18942490220069885
0.19152702391147614
0.19979819655418396
0.20179757475852966
0.18860240280628204
0.20630775392055511
0.1937350332736969
0.18163540959358215
0.19398678839206696
0.18946832418441772
0.19100630283355713
0.19064009189605713
0.18963691592216492
0.19140198826789856
0.19186019897460938
0.19227001070976257
0.19295093417167664
0.18189609050750732
0.18629728257656097
0.18409009277820587
0.17409060895442963
0.20182552933692932
0.18075989186763763
0.20310468971729279
0.19612902402877808
0.18724355101585388
0.18762198090553284
0.18787029385566711
0.18408726155757904
0.19494952261447906
0.19131186604499817
0.1903575211763382
0.1952502429485321
0.18379992246627808
0.1990307867527008
0.1891460120677948
0.1797482967376709
0.19190163910388947
0.18844766914844513
0.18631210923194885
0.196084663271904
0.19164396822452545
0.17299380898475647
0.1918106973171234
0.19109487533569336
0.19089697301387787
0.18868215382099152
0.20095545053482056
0.18934215605258942
0.19480912387371063
0.1954861432313919
0.19846288859844208
0.1896013617515564
0.1873529702425003
0.17935854196548462
0.18251654505729675
0.1758105307817459
0.17975565791130066
0.18371905386447906
0.19011639058589935
0.19272130727767944
0.18444739282131195
0.19295799732208252
0.18778547644615173
0.19960984587669373
0.1937786191701889
0.1878436803817749
0.1905035823583603
0.18430617451667786
0.18797272443771362
0.19812358915805817
0.19383925199508667
0.19688814878463745
0.18178565800189972
0.20108363032341003
0.20217284560203552
0.19730046391487122
0.19578388333320618
0.19919195771217346
0.19406886398792267
0.1902497410774231
0.18757756054401398
0.1851831078529358
0.1852741688489914
0.18516841530799866
0.17909424006938934
0.1875997632741928
0.19628968834877014
0.18850339949131012
0.17719456553459167
0.1932096928358078
0.1860281080007553
0.19102534651756287
0.19642414152622223
0.19019758701324463
0.19358378648757935
0.1960289031267166
0.17404742538928986
0.19398322701454163
0.18479745090007782
0.1767464429140091
0.18894900381565094
0.17865514755249023
0.18492890894412994
0.18443584442138672
0.1820467859506607
0.18095776438713074
0.18779203295707703
0.184846892952919
0.17213484644889832
0.17484696209430695
0.19599467515945435
0.1978623867034912
0.18170735239982605
0.19246546924114227
0.18753717839717865
0.16945309937000275
0.18998615443706512
0.18341165781021118
0.18823480606079102
0.1985444873571396
0.18554826080799103
0.18588829040527344
0.1925455778837204
0.19012606143951416
0.18484781682491302
0.19497540593147278
0.19187939167022705
0.18482089042663574
0.18061532080173492
0.19511516392230988
0.1921301782131195
0.17932012677192688
0.1936357617378235
0.18128351867198944
0.1841948926448822
0.18461085855960846
0.17416343092918396
0.18110711872577667
0.19102273881435394
0.18669277429580688
0.1819629669189453
0.19204454123973846
0.1936444640159607
0.1939806044101715
0.18881478905677795
0.1784014105796814
0.19002069532871246
0.17489254474639893
0.18108853697776794
0.18420015275478363
0.1911555677652359
0.18010836839675903
0.1906585395336151
0.1707589477300644
0.17409175634384155
0.18728265166282654
0.18210932612419128
0.17890168726444244
0.18061962723731995
0.1970641314983368
0.17462512850761414
0.1849796175956726
0.19228771328926086
0.19144858419895172
0.2035631537437439
0.19163452088832855
0.18219751119613647
0.18383455276489258
0.18890897929668427
0.19361314177513123
0.19996817409992218
0.19134370982646942
0.19448266923427582
0.18999606370925903
0.18557369709014893
0.1794787347316742
0.1851898729801178
0.1870061457157135
0.1920248121023178
0.1969994753599167
0.18844980001449585
0.19303388893604279
0.17623759806156158
0.18907050788402557
0.18817800283432007
0.19178512692451477
0.17860718071460724
0.1860838234424591
0.17911146581172943
0.18945884704589844
0.1954580694437027
0.17854726314544678
0.1875552237033844
0.19606837630271912
0.18545442819595337
0.1876274049282074
0.18991485238075256
0.1897905468940735
0.1893984079360962
0.19924168288707733
0.17503249645233154
0.18283049762248993
0.18813149631023407
0.18394048511981964
0.1771317720413208
0.18883422017097473
0.17346175014972687
0.17407970130443573
0.18450680375099182
0.18430949747562408
0.1929500252008438
0.19343005120754242
0.18481671810150146
0.17747682332992554
0.1839713752269745
0.1989200860261917
0.18275725841522217
0.18159537017345428
0.19000433385372162
0.1760285645723343
0.18437592685222626
0.19052015244960785
0.18600133061408997
0.19956974685192108
0.18463662266731262
0.18135710060596466
0.1827966272830963
