0.5447618961334229
0.5590476393699646
0.5714285969734192
0.5752381086349487
0.5914285778999329
0.6066666841506958
0.6180952191352844
0.6066666841506958
0.6247618794441223
0.6276190280914307
0.6371428370475769
0.6390476226806641
0.6552380919456482
0.6657142639160156
0.6638095378875732
0.6742857098579407
0.6857143044471741
0.6971428394317627
0.6952381134033203
0.7190476059913635
0.6990476250648499
0.7180952429771423
0.7352380752563477
0.7457143068313599
0.753333330154419
0.7523809671401978
0.7438095211982727
0.7876190543174744
0.7876190543174744
0.7790476083755493
0.7742857336997986
0.7952380776405334
0.8028571605682373
0.8095238208770752
0.8180952668190002
0.8133333325386047
0.8257142901420593
0.8180952668190002
0.8276190757751465
0.8323809504508972
0.8352380990982056
0.8266666531562805
0.8361904621124268
0.8304761648178101
0.8276190757751465
0.8447619080543518
0.8342857360839844
0.8419047594070435
0.8523809313774109
0.8571428656578064
0.8428571224212646
0.8514285683631897
0.846666693687439
0.8514285683631897
0.8514285683631897
0.845714271068573
0.8504762053489685
0.8590475916862488
0.8571428656578064
0.8504762053489685
0.845714271068573
0.8580952286720276
0.8533333539962769
0.8552380800247192
0.8485714197158813
0.8590475916862488
0.8666666746139526
0.8609523773193359
0.8533333539962769
0.8628571629524231
0.8590475916862488
0.8742856979370117
0.868571400642395
0.8742856979370117
0.8619047403335571
0.8619047403335571
0.8704761862754822
0.869523823261261
0.8809523582458496
0.8704761862754822
0.8790476322174072
0.868571400642395
0.8819047808647156
0.8771428465843201
0.8742856979370117
0.8790476322174072
0.8780952095985413
0.8790476322174072
0.8704761862754822
0.8828571438789368
0.8876190185546875
0.8876190185546875
0.8799999952316284
0.8761904835700989
0.8771428465843201
0.8876190185546875
0.8885714411735535
0.8895238041877747
0.8876190185546875
0.8761904835700989
0.883809506893158
0.8828571438789368
0.8857142925262451
0.8828571438789368
0.8828571438789368
0.8971428275108337
0.8904761672019958
0.8876190185546875
0.8895238041877747
0.8952381014823914
0.8904761672019958
0.8895238041877747
0.8885714411735535
0.8990476131439209
0.892380952835083
0.8933333158493042
0.8961904644966125
0.8980952501296997
0.8980952501296997
0.8971428275108337
0.892380952835083
0.8904761672019958
0.8933333158493042
0.8999999761581421
0.9066666960716248
0.8980952501296997
0.8895238041877747
0.8980952501296997
0.9038095474243164
0.8990476131439209
0.9028571248054504
0.8990476131439209
0.907619059085846
0.907619059085846
0.9142857193946838
0.9009523987770081
0.8980952501296997
0.9028571248054504
0.907619059085846
0.8990476131439209
0.8999999761581421
0.9114285707473755
0.8999999761581421
0.8980952501296997
0.9104762077331543
0.9028571248054504
0.9114285707473755
0.9114285707473755
0.9133333563804626
0.9123809337615967
0.9066666960716248
0.9085714221000671
0.9095237851142883
0.9009523987770081
0.9009523987770081
0.907619059085846
0.915238082408905
0.9047619104385376
0.9057142734527588
0.9114285707473755
0.9066666960716248
0.9123809337615967
0.9180952310562134
0.9019047617912292
0.9085714221000671
0.915238082408905
0.9171428680419922
0.9066666960716248
0.9066666960716248
0.915238082408905
0.9228571653366089
0.916190505027771
0.907619059085846
0.9114285707473755
0.9085714221000671
0.9171428680419922
0.9085714221000671
0.907619059085846
0.9095237851142883
0.9142857193946838
0.9190475940704346
0.9228571653366089
0.9095237851142883
0.9190475940704346
0.9142857193946838
0.9142857193946838
0.9085714221000671
0.9209523797035217
0.9104762077331543
0.9142857193946838
0.916190505027771
0.9247618913650513
0.9247618913650513
0.9190475940704346
0.9219047427177429
0.9238095283508301
0.9200000166893005
0.9200000166893005
0.9209523797035217
0.9219047427177429
0.915238082408905
0.9247618913650513
0.9209523797035217
0.9200000166893005
0.9247618913650513
0.9171428680419922
0.9104762077331543
0.9323809742927551
0.915238082408905
0.9209523797035217
0.916190505027771
0.9247618913650513
0.9228571653366089
0.9219047427177429
0.9257143139839172
0.9238095283508301
0.9209523797035217
0.9209523797035217
0.9295238256454468
0.9238095283508301
0.9266666769981384
0.9238095283508301
0.9190475940704346
0.9257143139839172
0.9123809337615967
0.9200000166893005
0.9200000166893005
0.9219047427177429
0.9238095283508301
0.9266666769981384
0.9171428680419922
0.9238095283508301
0.9190475940704346
0.9285714030265808
0.9200000166893005
0.9295238256454468
0.9257143139839172
0.9180952310562134
0.9200000166893005
0.9285714030265808
0.9257143139839172
0.9228571653366089
0.9190475940704346
0.9209523797035217
0.9276190400123596
0.9228571653366089
0.9238095283508301
0.9238095283508301
0.9285714030265808
0.9238095283508301
0.9209523797035217
0.9200000166893005
0.9247618913650513
0.9247618913650513
0.9276190400123596
0.9180952310562134
0.9180952310562134
0.9285714030265808
0.9257143139839172
0.9361904859542847
0.9200000166893005
0.9257143139839172
0.9323809742927551
0.9266666769981384
0.9209523797035217
0.9200000166893005
0.9200000166893005
0.9219047427177429
0.9219047427177429
0.9257143139839172
0.9266666769981384
0.9285714030265808
0.9266666769981384
0.9228571653366089
0.9285714030265808
0.9257143139839172
0.930476188659668
0.9247618913650513
0.9276190400123596
0.930476188659668
0.9228571653366089
0.9276190400123596
0.9247618913650513
0.9266666769981384
0.9285714030265808
0.9257143139839172
0.9190475940704346
0.9247618913650513
0.9266666769981384
0.9342857003211975
0.9323809742927551
0.9238095283508301
0.9171428680419922
0.9247618913650513
0.9228571653366089
0.9314285516738892
0.9266666769981384
0.916190505027771
0.9285714030265808
0.930476188659668
0.930476188659668
0.9257143139839172
0.9228571653366089
0.9247618913650513
0.9266666769981384
0.9285714030265808
0.930476188659668
0.9352381229400635
0.9247618913650513
0.9257143139839172
0.9295238256454468
0.9219047427177429
0.9266666769981384
0.9257143139839172
0.9257143139839172
0.9285714030265808
0.9276190400123596
0.9266666769981384
0.9257143139839172
0.9342857003211975
0.9247618913650513
0.9314285516738892
0.9314285516738892
0.9266666769981384
0.9266666769981384
0.9323809742927551
0.9314285516738892
0.9219047427177429
0.9285714030265808
0.9257143139839172
0.9276190400123596
0.9314285516738892
0.9247618913650513
0.9228571653366089
0.9171428680419922
0.9285714030265808
0.9295238256454468
0.9200000166893005
0.9323809742927551
0.9238095283508301
0.9228571653366089
0.9333333373069763
0.9323809742927551
0.930476188659668
0.9219047427177429
0.939047634601593
0.9314285516738892
0.915238082408905
0.9323809742927551
0.9238095283508301
0.9276190400123596
0.9247618913650513
0.9266666769981384
0.9314285516738892
0.9295238256454468
0.9257143139839172
0.9266666769981384
0.9266666769981384
0.9352381229400635
0.9314285516738892
0.9200000166893005
0.9323809742927551
0.9276190400123596
0.9295238256454468
0.9257143139839172
0.916190505027771
0.930476188659668
0.9228571653366089
0.9323809742927551
0.9314285516738892
0.9295238256454468
0.9238095283508301
0.9285714030265808
0.9257143139839172
0.9314285516738892
0.930476188659668
0.9333333373069763
0.938095211982727
0.9342857003211975
0.9333333373069763
0.9238095283508301
0.9276190400123596
0.9295238256454468
0.9276190400123596
0.9238095283508301
0.9333333373069763
0.9266666769981384
0.9257143139839172
0.9352381229400635
0.9295238256454468
0.9314285516738892
0.9219047427177429
0.9295238256454468
0.9190475940704346
0.9314285516738892
0.9295238256454468
0.9333333373069763
0.9285714030265808
0.9361904859542847
0.9314285516738892
0.9333333373069763
0.9314285516738892
0.9323809742927551
0.9342857003211975
0.9361904859542847
0.9247618913650513
0.9333333373069763
0.9323809742927551
0.9238095283508301
0.9266666769981384
0.9247618913650513
0.9257143139839172
0.9295238256454468
0.9285714030265808
0.9323809742927551
0.930476188659668
0.9276190400123596
0.9247618913650513
0.9323809742927551
0.9257143139839172
0.930476188659668
0.9247618913650513
0.9285714030265808
0.9247618913650513
0.9276190400123596
0.9295238256454468
0.9276190400123596
0.9295238256454468
0.9247618913650513
0.9209523797035217
0.9266666769981384
0.9295238256454468
0.930476188659668
0.9342857003211975
0.9333333373069763
0.9323809742927551
0.9371428489685059
0.9295238256454468
0.9285714030265808
0.9257143139839172
0.930476188659668
0.9314285516738892
0.9276190400123596
0.9276190400123596
0.9285714030265808
0.9247618913650513
0.9276190400123596
0.9314285516738892
0.9314285516738892
0.9295238256454468
0.9219047427177429
0.9247618913650513
0.9238095283508301
0.9371428489685059
0.9361904859542847
0.9276190400123596
0.9266666769981384
0.9257143139839172
0.9295238256454468
0.9342857003211975
0.9333333373069763
0.939047634601593
0.9371428489685059
0.9314285516738892
0.9276190400123596
0.9247618913650513
0.9361904859542847
0.9342857003211975
0.9323809742927551
0.9342857003211975
0.9323809742927551
0.9238095283508301
0.930476188659668
0.9266666769981384
0.9361904859542847
0.930476188659668
0.9285714030265808
0.9257143139839172
0.9323809742927551
0.9276190400123596
0.930476188659668
0.9361904859542847
0.9295238256454468
0.9333333373069763
0.9314285516738892
0.9285714030265808
0.9276190400123596
0.930476188659668
0.9361904859542847
0.9295238256454468
0.9361904859542847
0.9276190400123596
0.9295238256454468
0.9342857003211975
0.9333333373069763
0.938095211982727
0.9257143139839172
0.9285714030265808
0.9276190400123596
0.9276190400123596
0.9361904859542847
0.9295238256454468
0.9276190400123596
0.9314285516738892
0.9266666769981384
0.930476188659668
0.938095211982727
0.9266666769981384
0.9361904859542847
0.9219047427177429
0.9323809742927551
0.9247618913650513
0.9333333373069763
0.930476188659668
0.9276190400123596
0.9276190400123596
0.9352381229400635
0.9276190400123596
0.938095211982727
0.9276190400123596
0.9247618913650513
0.9266666769981384
0.930476188659668
0.9371428489685059
0.9276190400123596
0.9238095283508301
0.9295238256454468
0.9295238256454468
0.9342857003211975
0.9323809742927551
0.9266666769981384
0.9333333373069763
0.9333333373069763
0.9238095283508301
0.9285714030265808
0.930476188659668
0.9314285516738892
0.9419047832489014
0.9285714030265808
0.9285714030265808
0.9323809742927551
0.9342857003211975
0.930476188659668
0.9314285516738892
0.938095211982727
0.9238095283508301
0.9247618913650513
0.9352381229400635
0.9247618913650513
0.9285714030265808
0.9333333373069763
0.9399999976158142
0.9314285516738892
0.9314285516738892
0.9333333373069763
0.9333333373069763
0.9257143139839172
0.9228571653366089
0.9285714030265808
0.9333333373069763
0.9285714030265808
0.9209523797035217
0.9371428489685059
0.9342857003211975
0.930476188659668
0.9285714030265808
0.9314285516738892
0.930476188659668
0.9228571653366089
0.9314285516738892
0.9276190400123596
0.9352381229400635
0.9352381229400635
0.9238095283508301
0.9323809742927551
0.9285714030265808
0.9333333373069763
0.9409523606300354
0.9247618913650513
0.9257143139839172
0.9276190400123596
0.9209523797035217
0.9285714030265808
0.930476188659668
0.9361904859542847
0.9295238256454468
0.9399999976158142
0.9219047427177429
0.9371428489685059
0.939047634601593
0.9314285516738892
0.9333333373069763
0.9285714030265808
0.9361904859542847
0.9285714030265808
0.9266666769981384
0.9342857003211975
0.9352381229400635
0.9257143139839172
0.9276190400123596
0.930476188659668
0.9314285516738892
0.9323809742927551
0.9238095283508301
0.9323809742927551
0.9314285516738892
0.9285714030265808
0.9333333373069763
0.9276190400123596
0.9314285516738892
0.9285714030265808
0.9314285516738892
0.9276190400123596
