0.7050291299819946
0.6057518124580383
0.5515018105506897
0.49888676404953003
0.4830606281757355
0.46222686767578125
0.44964489340782166
0.42052194476127625
0.42124271392822266
0.3850443959236145
0.39225852489471436
0.3621688485145569
0.374016672372818
0.3637031614780426
0.36326736211776733
0.3520319163799286
0.3340166509151459
0.3375004231929779
0.31334495544433594
0.3177695572376251
0.32768112421035767
0.31023168563842773
0.2990257740020752
0.3036196529865265
0.29451560974121094
0.29992762207984924
0.28124141693115234
0.2918154299259186
0.27464497089385986
0.27632659673690796
0.26224276423454285
0.2683272063732147
0.2603796720504761
0.2667158246040344
0.26457080245018005
0.2677333950996399
0.25646713376045227
0.24957388639450073
0.24139273166656494
0.2422114461660385
0.23945756256580353
0.24172474443912506
0.2478877454996109
0.23742754757404327
0.22590479254722595
0.23063603043556213
0.23620052635669708
0.21783769130706787
0.22441492974758148
0.21634364128112793
0.229098379611969
0.2088637501001358
0.2160651534795761
0.22026410698890686
0.20712116360664368
0.23075462877750397
0.20770856738090515
0.2033105194568634
0.1983148157596588
0.19349893927574158
0.2131534367799759
0.21538929641246796
0.20172671973705292
0.20307868719100952
0.1875472217798233
0.19775453209877014
0.19805128872394562
0.19313721358776093
0.19993232190608978
0.19284017384052277
0.17886504530906677
0.18298406898975372
0.18056312203407288
0.1757185161113739
0.19608187675476074
0.17749185860157013
0.16641545295715332
0.16642940044403076
0.17612768709659576
0.17993700504302979
0.17451782524585724
0.18167869746685028
0.17855580151081085
0.16379594802856445
0.1678287386894226
0.17320197820663452
0.16883569955825806
0.16605067253112793
0.15660639107227325
0.16167905926704407
0.1527755856513977
0.14832793176174164
0.1593700349330902
0.16150543093681335
0.14536148309707642
0.1616065502166748
0.15357191860675812
0.13711337745189667
0.14138929545879364
0.1468239426612854
0.14948420226573944
0.1534239798784256
0.144138902425766
0.15412411093711853
0.14858478307724
0.14207053184509277
0.1432199329137802
0.1271238625049591
0.151045024394989
0.13389642536640167
0.12619702517986298
0.14602598547935486
0.14500300586223602
0.12591859698295593
0.1333920806646347
0.12900321185588837
0.12880462408065796
0.13171657919883728
0.149933859705925
0.12673844397068024
0.13232164084911346
0.12877418100833893
0.13024522364139557
0.13147398829460144
0.13631799817085266
0.13745346665382385
0.11800064146518707
0.13819776475429535
0.13268545269966125
0.11787170171737671
0.11712902784347534
0.11391887813806534
0.11590701341629028
0.10843408852815628
0.11483031511306763
0.1109505146741867
0.10872691869735718
0.09419213980436325
0.12084080278873444
0.10014647990465164
0.1287912130355835
0.09624288231134415
0.11017435789108276
0.10933678597211838
0.11255685240030289
0.1025751605629921
0.09912417829036713
0.11348190158605576
0.11827389895915985
0.11147516220808029
0.09481474757194519
0.10643766820430756
0.11969488114118576
0.10241881757974625
0.11213323473930359
0.1067703366279602
0.10093570500612259
0.1177527979016304
0.09242822974920273
0.11553972214460373
0.1082300916314125
0.10250075161457062
0.10242398083209991
0.09384540468454361
0.09153833985328674
0.10059330612421036
0.08730653673410416
0.10357803106307983
0.095466248691082
0.09823623299598694
0.08195443451404572
0.08779634535312653
0.10602732002735138
0.09820030629634857
0.08921285718679428
0.09955037385225296
0.1037769764661789
0.09881580621004105
0.10070956498384476
0.09493076801300049
0.1071864664554596
0.11029092222452164
0.0975833460688591
0.10943625122308731
0.09400095045566559
0.08676698058843613
0.09955879300832748
0.09200199693441391
0.09813257306814194
0.1022501066327095
0.10873880982398987
0.10014362633228302
0.09018772095441818
0.07523003965616226
0.10288136452436447
0.08790387958288193
0.07979940623044968
0.09580255299806595
0.07810046523809433
0.07997022569179535
0.09587973356246948
0.09775698184967041
0.10851875692605972
0.08236955851316452
0.0938161239027977
0.08612294495105743
0.0862853154540062
0.0931728333234787
0.10390766710042953
0.08855725079774857
0.09085995703935623
0.08639581501483917
0.08967193961143494
0.08437801897525787
0.08565836399793625
0.09623497724533081
0.0761200487613678
0.07614064961671829
0.08312521129846573
0.09377937763929367
0.0860358476638794
0.0707818791270256
0.0973970964550972
0.08789461851119995
0.07992929965257645
0.08084835857152939
0.08126738667488098
0.08073128014802933
0.0755123421549797
0.07926654070615768
0.08112692087888718
0.06843496859073639
0.08240675181150436
0.08794593065977097
0.08628788590431213
0.08081096410751343
0.08786582946777344
0.09321720153093338
0.06968087702989578
0.07614339888095856
0.06198156997561455
0.08165572583675385
0.07331447303295135
0.07023037225008011
0.07331229746341705
0.07327184826135635
0.06633929163217545
0.09113334864377975
0.07888594269752502
0.08486950397491455
0.07377699017524719
0.06845607608556747
0.07351871579885483
0.07530878484249115
0.07114274799823761
0.0785755142569542
0.0702645480632782
0.06227528303861618
0.08132359385490417
0.06989426165819168
0.06464087218046188
0.05970506742596626
0.07745257765054703
0.07548418641090393
0.05917387455701828
0.06479837745428085
0.07811209559440613
0.07211336493492126
0.07342353463172913
0.06758128851652145
0.06683946400880814
0.05579414963722229
0.06707832962274551
0.07046634703874588
0.06403389573097229
0.0948743149638176
0.06831219047307968
0.06750600039958954
0.06037400662899017
0.06880335509777069
0.06131937727332115
0.0796225443482399
0.06256584823131561
0.08130383491516113
0.06891985237598419
0.07380107790231705
0.07321067899465561
0.05450661852955818
0.06519826501607895
0.05992276594042778
0.06961089372634888
0.06483182311058044
0.06736525893211365
0.06241612881422043
0.07709112763404846
0.061527498066425323
0.07058047503232956
0.06701455265283585
0.07814604789018631
0.054133929312229156
0.06757994741201401
0.08219258487224579
0.07738602161407471
0.07688041031360626
0.05691954493522644
0.07162152975797653
0.059869434684515
0.06979439407587051
0.05711373686790466
0.07465487718582153
0.05658184736967087
0.07205759733915329
0.08918266743421555
0.07146959006786346
0.07833928614854813
0.06966976821422577
0.05829722434282303
0.060423921793699265
0.05532494932413101
0.0583392009139061
0.056041985750198364
0.0637548565864563
0.06772546470165253
0.06415002793073654
0.060059309005737305
0.06393200159072876
0.06262090057134628
0.06610502302646637
0.06753788888454437
0.06951828300952911
0.048692215234041214
0.07300069183111191
0.06361591070890427
0.05901985988020897
0.07214698195457458
0.06051686406135559
0.062216099351644516
0.07039659470319748
0.049451109021902084
0.05170440673828125
0.07442237436771393
0.07160089164972305
0.05586588755249977
0.05857161805033684
0.057391636073589325
0.05986771732568741
0.05441156029701233
0.07234407216310501
0.06343835592269897
0.07080305367708206
0.05332104116678238
0.062260858714580536
0.054193150252103806
0.059485435485839844
0.07259173691272736
0.06458963453769684
0.0609155111014843
0.061130132526159286
0.07140738517045975
0.053093764930963516
0.06543091684579849
0.06178804114460945
0.0724397748708725
0.06634467840194702
0.047919489443302155
0.05927306413650513
0.05632714927196503
0.07533536106348038
0.0573471374809742
0.06322610378265381
0.07048884779214859
0.07360523194074631
0.06442523002624512
0.058034177869558334
0.06390921771526337
0.06719780713319778
0.05092905834317207
0.05427151918411255
0.0573272667825222
0.06077092885971069
0.05112559720873833
0.05455860495567322
0.0604127012193203
0.0780930295586586
0.07791202515363693
0.06813802570104599
0.06957817822694778
0.067606620490551
0.062399886548519135
0.05524815246462822
0.06253095716238022
0.05606899410486221
0.06414914131164551
0.06262339651584625
0.045115262269973755
0.059428635984659195
0.049730561673641205
0.05517716705799103
0.05413724109530449
0.0666024461388588
0.039360422641038895
0.054216500371694565
0.050751060247421265
0.0536494106054306
0.04124858230352402
0.06386134028434753
0.05892714858055115
0.0532589927315712
0.06139160320162773
0.05440657585859299
0.06501844525337219
0.056311823427677155
0.05858153849840164
0.07560695707798004
0.0391862653195858
0.06881585717201233
0.052166230976581573
0.07793625444173813
0.06283384561538696
0.059835344552993774
0.057654935866594315
0.05985740199685097
0.06712987273931503
0.042073365300893784
0.059068113565444946
0.05548800900578499
0.058059778064489365
0.048306047916412354
0.05344235152006149
0.047874387353658676
0.06227130815386772
0.0523700974881649
0.05368420481681824
0.05260273069143295
0.046919144690036774
0.04667978733778
0.0546204149723053
0.051610153168439865
0.06353989988565445
0.05584826320409775
0.0532442070543766
0.05949686840176582
0.06083677336573601
0.04636815935373306
0.05434894561767578
0.04718885198235512
0.048306405544281006
0.06524816155433655
0.043472468852996826
0.060971569269895554
0.056589819490909576
0.054046738892793655
0.054210007190704346
0.0482867993414402
0.050504714250564575
0.059771325439214706
0.05981525778770447
0.055816225707530975
0.05242367833852768
0.045180659741163254
0.05757898464798927
0.060028452426195145
0.04493409022688866
0.0510714016854763
0.0600254163146019
0.08178958296775818
0.05614931508898735
0.047252338379621506
0.07303166389465332
0.056085992604494095
0.047275360673666
0.052501849830150604
0.057993318885564804
0.050747089087963104
0.049468811601400375
0.06127779930830002
0.049643754959106445
0.056672073900699615
0.04957813397049904
0.061019085347652435
0.06252424418926239
0.053583331406116486
0.05217426270246506
0.06458915024995804
0.04938630759716034
0.05430300533771515
0.06050894781947136
0.07111751288175583
0.04477217048406601
0.07166153937578201
0.0646359995007515
0.07483529299497604
0.056203413754701614
0.05479058623313904
0.05254887416958809
0.056655798107385635
0.06006193906068802
0.04853271320462227
0.06131904199719429
0.050667162984609604
0.057071611285209656
0.0560939759016037
0.05530157312750816
0.0643039122223854
0.059994444251060486
0.05189891532063484
0.04785352200269699
0.044809672981500626
0.05915520340204239
0.05694061145186424
0.047115541994571686
0.04443175718188286
0.05929240956902504
0.04412039369344711
0.05194713920354843
0.057725097984075546
0.04945942386984825
0.04347680136561394
0.05189303681254387
0.058389149606227875
0.054331645369529724
0.05539810657501221
0.061356689780950546
0.048941824585199356
0.045073363929986954
0.0529584065079689
0.049194227904081345
0.06369750201702118
0.06013644486665726
0.050906140357255936
0.05923224985599518
0.047482844442129135
0.05632805451750755
0.05267585441470146
0.05029832944273949
0.05471907556056976
0.05008275806903839
0.059337541460990906
0.061268150806427
0.04826323688030243
0.05305405333638191
0.05369170010089874
0.050738293677568436
0.04060180485248566
0.05328158661723137
0.05900886654853821
0.053778186440467834
0.0479867123067379
0.056975167244672775
0.048168428242206573
0.06793596595525742
0.04924479499459267
0.04467799887061119
0.06378300487995148
0.05659469589591026
0.06485435366630554
0.05126103013753891
0.05579832196235657
0.06406872719526291
0.05119753256440163
0.04311133176088333
0.05154635012149811
0.04565426707267761
0.040838468819856644
0.05871107056736946
0.06081821769475937
0.054469477385282516
0.052147798240184784
0.049873802810907364
0.040061045438051224
0.05030613765120506
0.04227186739444733
0.04991356283426285
0.05547749251127243
0.04177350550889969
0.04072030633687973
0.05876796320080757
0.054758939892053604
0.056623660027980804
0.04788479581475258
0.0454157255589962
0.05881127342581749
0.051824040710926056
0.057446617633104324
0.04426288604736328
0.04921476170420647
0.05511165037751198
0.05306795611977577
0.04746943339705467
0.0521215982735157
0.05234581232070923
0.05009501427412033
0.062479544430971146
0.04425648972392082
0.05701065436005592
0.044185277074575424
0.06365495920181274
0.05262313410639763
0.04675641283392906
0.0456409826874733
0.06197955086827278
0.04526710510253906
