0.6737579703330994
0.6614906191825867
0.6593506336212158
0.6466425657272339
0.6412876844406128
0.6366177201271057
0.6246992945671082
0.6161110997200012
0.6173282265663147
0.6132091283798218
0.5929851531982422
0.5953654646873474
0.5895500183105469
0.5916436314582825
0.5850838422775269
0.571837306022644
0.5649295449256897
0.5621876120567322
0.5571510791778564
0.54990553855896
0.5234211683273315
0.5349628329277039
0.5143356919288635
0.5231557488441467
0.5173226594924927
0.4969331622123718
0.5111615061759949
0.48528116941452026
0.4947528839111328
0.4929211437702179
0.4785688519477844
0.4870632588863373
0.47637102007865906
0.46996191143989563
0.4712924659252167
0.4669792056083679
0.4588055908679962
0.47482985258102417
0.46233898401260376
0.4517204761505127
0.4359833300113678
0.43050894141197205
0.4528081715106964
0.44695061445236206
0.4358992874622345
0.4447220265865326
0.4405793249607086
0.4209541380405426
0.43281540274620056
0.42570215463638306
0.4307361841201782
0.42861074209213257
0.4207841157913208
0.4277816712856293
0.43091002106666565
0.4172772169113159
0.42292818427085876
0.44234487414360046
0.43506157398223877
0.4031592607498169
0.41038185358047485
0.41294607520103455
0.4105988144874573
0.4340783655643463
0.42230719327926636
0.40448108315467834
0.39934414625167847
0.4036675989627838
0.40230339765548706
0.4212544858455658
0.40902432799339294
0.4123533368110657
0.41371312737464905
0.38859060406684875
0.40302056074142456
0.40011143684387207
0.3923211395740509
0.3924855589866638
0.3899853527545929
0.3600333333015442
0.3999215066432953
0.38444191217422485
0.40122243762016296
0.4069720506668091
0.38323861360549927
0.39250361919403076
0.3835223913192749
0.3690699636936188
0.40588250756263733
0.39078623056411743
0.40260961651802063
0.37754544615745544
0.37682148814201355
0.40091758966445923
0.375693142414093
0.37178245186805725
0.4006197452545166
0.3664262592792511
0.38499656319618225
0.3839862048625946
0.38206568360328674
0.37141406536102295
0.3862617015838623
0.3818291425704956
0.3901323676109314
0.3733893632888794
0.3848079442977905
0.379899263381958
0.3858524560928345
0.3488481044769287
0.3834749758243561
0.4048781394958496
0.34881526231765747
0.3557267487049103
0.38138553500175476
0.38060927391052246
0.3903760313987732
0.3887685239315033
0.36973273754119873
0.3756299912929535
0.37188291549682617
0.3856686055660248
0.3727411925792694
0.36170893907546997
0.36598604917526245
0.36966195702552795
0.3663580119609833
0.3654756247997284
0.39477309584617615
0.36313194036483765
0.3874549865722656
0.3848685920238495
0.3815681040287018
0.3712667226791382
0.36346912384033203
0.37544986605644226
0.37957489490509033
0.39219585061073303
0.35613611340522766
0.3633785843849182
0.3702165186405182
0.37123292684555054
0.36319050192832947
0.36452624201774597
0.38729649782180786
0.3601427376270294
0.3570789694786072
0.38012030720710754
0.3604167401790619
0.3761242926120758
0.37183132767677307
0.3655093014240265
0.36686524748802185
0.3667796850204468
0.38035455346107483
0.37391746044158936
0.3705998361110687
0.36489978432655334
0.33875882625579834
0.37685689330101013
0.37051475048065186
0.3560003638267517
0.3619382977485657
0.3753790557384491
0.3621261417865753
0.36728164553642273
0.3785029649734497
0.36800384521484375
0.35606399178504944
0.3594210743904114
0.3679904639720917
0.38208815455436707
0.37213554978370667
0.3623453974723816
0.35535144805908203
0.3575400114059448
0.3827308118343353
0.3810303807258606
0.35908347368240356
0.3508918285369873
0.3653991222381592
0.3534049391746521
0.3392294943332672
0.3878239393234253
0.3693016767501831
0.3401402235031128
0.3653623163700104
0.374899685382843
0.3593345284461975
0.3697528839111328
0.35745444893836975
0.3490849435329437
0.35864463448524475
0.36027437448501587
0.3365785777568817
0.36075258255004883
0.36634257435798645
0.3347488343715668
0.35097557306289673
0.3684283196926117
0.3675907552242279
0.35214343667030334
0.34747380018234253
0.378564715385437
0.34376490116119385
0.3579547107219696
0.3703606426715851
0.3610727787017822
0.3612813353538513
0.35784903168678284
0.3564634621143341
0.3620661199092865
0.3604569137096405
0.36024942994117737
0.3585430979728699
0.354530394077301
0.37034982442855835
0.33338212966918945
0.3631282448768616
0.33504417538642883
0.3515363335609436
0.36240100860595703
0.34729936718940735
0.34920719265937805
0.35623177886009216
0.3311688005924225
0.3483564257621765
0.35017722845077515
0.3485410213470459
0.34231773018836975
0.3444197177886963
0.3467318117618561
0.3518335521221161
0.33043766021728516
0.3331829905509949
0.3608771860599518
0.3492909371852875
0.35513976216316223
0.34964147210121155
0.3592936396598816
0.3437676727771759
0.35071924328804016
0.3413544297218323
0.3425354063510895
0.3586600124835968
0.33571183681488037
0.3372710049152374
0.35271957516670227
0.33680763840675354
0.34899258613586426
0.3290535509586334
0.3456690311431885
0.3498363196849823
0.35494762659072876
0.3377905488014221
0.34520789980888367
0.35269731283187866
0.3505040109157562
0.3367689251899719
0.3498762249946594
0.34376636147499084
0.32861292362213135
0.3625890016555786
0.35663288831710815
0.3344252407550812
0.32518190145492554
0.34164223074913025
0.34900593757629395
0.312405526638031
0.33536234498023987
0.34837499260902405
0.3337009847164154
0.35871705412864685
0.33135509490966797
0.3200775980949402
0.3365517258644104
0.3465617299079895
0.3562508821487427
0.36426830291748047
0.33757349848747253
0.3306838274002075
0.3487219512462616
0.35244789719581604
0.3580075800418854
0.33252042531967163
0.3421788811683655
0.34672853350639343
0.32628390192985535
0.3365679979324341
0.34501028060913086
0.34610065817832947
0.3417696952819824
0.35405248403549194
0.34369009733200073
0.33834272623062134
0.3443135619163513
0.34149169921875
0.3522533178329468
0.33221617341041565
0.34776484966278076
0.33357179164886475
0.3438671827316284
0.33596980571746826
0.3425179719924927
0.3525107800960541
0.3403964936733246
0.3248589336872101
0.32285723090171814
0.3598368167877197
0.3202359676361084
0.33532074093818665
0.34256115555763245
0.339070200920105
0.3380886912345886
0.33489421010017395
0.34472399950027466
0.3295907974243164
0.3643763065338135
0.33066341280937195
0.35099777579307556
0.32038065791130066
0.3443230390548706
0.34350571036338806
0.31574276089668274
0.34811878204345703
0.3265504837036133
0.3324880599975586
0.33784371614456177
0.33243003487586975
0.33416226506233215
0.32330888509750366
0.331045001745224
0.3380649983882904
0.34877631068229675
0.34135371446609497
0.34304189682006836
0.33698898553848267
0.3520370125770569
0.33565935492515564
0.3374810516834259
0.32802483439445496
0.34716659784317017
0.33394497632980347
0.33943265676498413
0.331906795501709
0.3524421751499176
0.3437664806842804
0.34720510244369507
0.3404974639415741
0.3353622853755951
0.3452616035938263
0.3481508195400238
0.34595048427581787
0.3524360656738281
0.33268558979034424
0.3497227430343628
0.3422574996948242
0.33636969327926636
0.32126384973526
0.362638920545578
0.3390658497810364
0.361892431974411
0.347633421421051
0.3388199508190155
0.3433630168437958
0.34391969442367554
0.3210170865058899
0.33581259846687317
0.3432563543319702
0.34462398290634155
0.34096357226371765
0.3571411669254303
0.33623218536376953
0.3141888380050659
0.3310279846191406
0.3419877886772156
0.3349384367465973
0.34200990200042725
0.34565088152885437
0.3255307674407959
0.345772385597229
0.3358764052391052
0.32715827226638794
0.3576485812664032
0.321796178817749
0.3358108103275299
0.35005947947502136
0.34527847170829773
0.34090885519981384
0.30791404843330383
0.32991892099380493
0.33566901087760925
0.32415226101875305
0.35706061124801636
0.31614214181900024
0.3225058317184448
0.3254750072956085
0.3456569314002991
0.3374263644218445
0.33875536918640137
0.34742990136146545
0.32833170890808105
0.34461477398872375
0.34020963311195374
0.3415825068950653
0.3385121822357178
0.34126412868499756
0.33800050616264343
0.343189537525177
0.3278762698173523
0.3470597565174103
0.33155199885368347
0.3546520471572876
0.3161671757698059
0.33753854036331177
0.31675985455513
0.3361849784851074
0.335150808095932
0.34160658717155457
0.333336740732193
0.3432232141494751
0.32414036989212036
0.34203803539276123
0.34157508611679077
0.32296594977378845
0.34333133697509766
0.3217645287513733
0.3306308388710022
0.3198108375072479
0.34094899892807007
0.34752708673477173
0.31395623087882996
0.3357889652252197
0.3483167886734009
0.3279757797718048
0.36015284061431885
0.33346131443977356
0.35761481523513794
0.3652660548686981
0.34320929646492004
0.31192877888679504
0.3455924987792969
0.33669933676719666
0.35106542706489563
0.323109894990921
0.34334927797317505
0.32440680265426636
0.348100870847702
0.3354918956756592
0.33935341238975525
0.3403984010219574
0.3453584313392639
0.3308984041213989
0.3320460617542267
0.32709449529647827
0.32528358697891235
0.34354811906814575
0.33512935042381287
0.33377912640571594
0.3461095094680786
0.341665655374527
0.29959097504615784
0.3286089301109314
0.3262612521648407
0.325595885515213
0.33248037099838257
0.30982092022895813
0.32321009039878845
0.3410680592060089
0.34874463081359863
0.3698708713054657
0.34812942147254944
0.32697543501853943
0.3353186845779419
0.3311895728111267
0.31023547053337097
0.327575147151947
0.3506407141685486
0.32931745052337646
0.3233376443386078
0.33141887187957764
0.31244131922721863
0.3462979197502136
0.3365701138973236
0.3466795086860657
0.314405620098114
0.32972031831741333
0.33532047271728516
0.32553085684776306
0.35950809717178345
0.34175223112106323
0.3481791317462921
0.34126245975494385
0.32814472913742065
0.3238530158996582
0.3435555398464203
0.3555993437767029
0.32973942160606384
0.31797483563423157
0.35247310996055603
0.3203752040863037
0.33286136388778687
0.33360254764556885
0.3269466161727905
0.34853747487068176
0.3370431065559387
0.3270813524723053
0.31609225273132324
0.34787309169769287
0.3240358233451843
0.34152787923812866
0.3357381224632263
0.31212079524993896
0.3439657688140869
0.34610480070114136
0.35863086581230164
0.3320595324039459
0.32655391097068787
0.3214927911758423
0.31623515486717224
0.3200126588344574
0.32648900151252747
0.3216719925403595
0.3471536934375763
0.33171531558036804
0.3445354104042053
0.32757145166397095
0.3480977714061737
0.32105934619903564
0.3291408121585846
0.32796764373779297
0.326157808303833
0.33571580052375793
0.34078067541122437
0.3313722014427185
0.3199445903301239
0.3337690830230713
0.3307710587978363
0.3449241816997528
0.3527379035949707
0.33798947930336
0.34300634264945984
0.32521089911460876
0.31694909930229187
0.3327777683734894
0.3351939916610718
0.32060277462005615
0.3462875485420227
0.3356122672557831
0.33186373114585876
0.32676589488983154
0.33329132199287415
0.33557048439979553
0.32485535740852356
0.3282446563243866
0.3431124687194824
0.3209175765514374
0.33791473507881165
0.32685670256614685
0.33932510018348694
0.35796526074409485
0.34944477677345276
0.3236462473869324
0.3496492803096771
0.34622105956077576
0.33316871523857117
0.32288867235183716
0.3299298882484436
0.3449037969112396
0.3441077470779419
0.3480374813079834
0.31648024916648865
0.34295597672462463
0.3254442811012268
0.3362186551094055
0.33329513669013977
0.32423827052116394
0.32930439710617065
0.32038772106170654
0.3346646726131439
0.31435951590538025
0.33163824677467346
0.3283822238445282
0.3112677335739136
0.3369288146495819
0.3341367244720459
0.3289545178413391
0.34873807430267334
0.3232876658439636
0.3462086617946625
0.3466952443122864
0.3445200026035309
0.32828372716903687
0.3317197859287262
0.3252386152744293
0.32319024205207825
0.35063743591308594
0.32438182830810547
0.3265099823474884
0.3433327078819275
0.3482559323310852
0.3303641676902771
0.32738232612609863
0.33236628770828247
0.3502332866191864
0.3222697377204895
0.33898690342903137
0.32457590103149414
0.3319181799888611
0.3432246148586273
0.32423877716064453
0.3424373269081116
0.337559312582016
0.321094810962677
0.3292918801307678
0.3485618531703949
0.33110374212265015
0.34074023365974426
0.3574956953525543
0.35233384370803833
0.31068140268325806
0.3129494786262512
0.3014717102050781
0.33084216713905334
0.31743374466896057
0.31780803203582764
0.3022609353065491
0.3354893922805786
0.3376457095146179
0.3229137063026428
0.3174823522567749
0.3490073084831238
0.32691690325737
0.3289555013179779
0.3490840494632721
0.3345070779323578
0.3305304944515228
