0.953270435333252
0.7521807551383972
0.7380459904670715
0.6451541781425476
0.6417191624641418
0.6202350854873657
0.6198680996894836
0.597990095615387
0.581855297088623
0.5490201711654663
0.5674719214439392
0.5459141135215759
0.5605077743530273
0.544664740562439
0.5304757356643677
0.5609154105186462
0.5271735787391663
0.5507534146308899
0.537678062915802
0.5328637957572937
0.5213570594787598
0.5096681714057922
0.4808907210826874
0.49590399861335754
0.505323052406311
0.49051886796951294
0.4739851951599121
0.4922138452529907
0.4662827253341675
0.4631827771663666
0.46475547552108765
0.4912659227848053
0.47406795620918274
0.47003355622291565
0.45818883180618286
0.45644429326057434
0.47705358266830444
0.4668475389480591
0.4532454013824463
0.4312582015991211
0.4666709005832672
0.4352664053440094
0.4443005323410034
0.43653973937034607
0.4618157148361206
0.47536158561706543
0.44114819169044495
0.4518318176269531
0.4504564702510834
0.4564427137374878
0.45914486050605774
0.4462379515171051
0.4541138708591461
0.43511641025543213
0.4561581611633301
0.4518440365791321
0.45973333716392517
0.42884573340415955
0.4374416172504425
0.4378405511379242
0.4450311064720154
0.4286583662033081
0.4128459393978119
0.41156861186027527
0.4320358335971832
0.40107181668281555
0.4129366874694824
0.41223040223121643
0.42320317029953003
0.3923884928226471
0.42016923427581787
0.4295767843723297
0.3943161964416504
0.43255728483200073
0.41142967343330383
0.4094903767108917
0.3982197642326355
0.42468518018722534
0.40789681673049927
0.41912001371383667
0.41784578561782837
0.4205813407897949
0.4154850244522095
0.41262319684028625
0.4036595821380615
0.4030676484107971
0.42066502571105957
0.41485467553138733
0.3890247941017151
0.43364474177360535
0.40474507212638855
0.42516109347343445
0.3797982633113861
0.3803165853023529
0.4074009358882904
0.40123841166496277
0.3986787796020508
0.3850668668746948
0.40343520045280457
0.402066707611084
0.3785339891910553
0.38426026701927185
0.4130745232105255
0.36772942543029785
0.3903079926967621
0.39550092816352844
0.39758697152137756
0.37934610247612
0.42017799615859985
0.4127618968486786
0.3940688669681549
0.37570300698280334
0.3681313693523407
0.3788820803165436
0.39242592453956604
0.3770020008087158
0.37908226251602173
0.38409796357154846
0.3801202178001404
0.3920135796070099
0.39903977513313293
0.3781583309173584
0.37817859649658203
0.38031262159347534
0.39693742990493774
0.4039287269115448
0.3841404914855957
0.37660712003707886
0.38179337978363037
0.38967689871788025
0.3620375096797943
0.38716113567352295
0.36953362822532654
0.3557981848716736
0.3887875974178314
0.36534568667411804
0.3721739947795868
0.37525492906570435
0.3821771442890167
0.37791723012924194
0.38524383306503296
0.3773235082626343
0.3722976744174957
0.3678053021430969
0.38305118680000305
0.3842485249042511
0.38089844584465027
0.3795727789402008
0.3838302493095398
0.35528162121772766
0.3820754587650299
0.38290202617645264
0.39217570424079895
0.37723711133003235
0.3623912036418915
0.36795225739479065
0.3251447081565857
0.3465232849121094
0.3680908679962158
0.35861721634864807
0.35270214080810547
0.32814323902130127
0.3517149090766907
0.3467541038990021
0.34201285243034363
0.3482341170310974
0.33683180809020996
0.34507250785827637
0.3586882948875427
0.3372252881526947
0.3494320809841156
0.37421151995658875
0.3468341827392578
0.3497263789176941
0.3504341244697571
0.3588734269142151
0.36520910263061523
0.34561747312545776
0.333008348941803
0.358085960149765
0.33956378698349
0.35651519894599915
0.3662652373313904
0.35316118597984314
0.358924925327301
0.347682386636734
0.3379354774951935
0.3445519208908081
0.31900453567504883
0.3498140275478363
0.3563767075538635
0.3438768982887268
0.332651287317276
0.33607760071754456
0.3309559226036072
0.31726112961769104
0.3169381320476532
0.33076247572898865
0.3100709915161133
0.33222106099128723
0.34176042675971985
0.33929258584976196
0.3513262867927551
0.3207632899284363
0.34274768829345703
0.3308775722980499
0.3619941771030426
0.33309832215309143
0.3184049725532532
0.32808879017829895
0.3274693191051483
0.32144278287887573
0.31541934609413147
0.3214653432369232
0.34023937582969666
0.2996522784233093
0.3037855923175812
0.294811874628067
0.2967998683452606
0.3285619914531708
0.2932128608226776
0.30701979994773865
0.33421120047569275
0.3091886341571808
0.31252163648605347
0.3090282678604126
0.29376304149627686
0.3106577396392822
0.2941974103450775
0.3134233355522156
0.31798866391181946
0.3035389482975006
0.32044920325279236
0.31384605169296265
0.30764707922935486
0.29182323813438416
0.31040316820144653
0.3058810234069824
0.3166450560092926
0.2896808981895447
0.30365264415740967
0.2946966588497162
0.31068190932273865
0.2864048480987549
0.27926695346832275
0.28820332884788513
0.288426011800766
0.2896293103694916
0.2841806709766388
0.3077012598514557
0.2942548990249634
0.3046451508998871
0.275511234998703
0.2920152544975281
0.31808483600616455
0.29050469398498535
0.2916678488254547
0.3113875091075897
0.2883032262325287
0.31952711939811707
0.27669385075569153
0.2924844026565552
0.2793329060077667
0.2806868851184845
0.2912510335445404
0.2771887183189392
0.29860880970954895
0.2815060317516327
0.28315117955207825
0.2908058166503906
0.2793561518192291
0.3023220896720886
0.27176883816719055
0.28597453236579895
0.29470765590667725
0.2926546037197113
0.29401907324790955
0.3126031756401062
0.31342843174934387
0.2915824353694916
0.2957388758659363
0.30280449986457825
0.28488317131996155
0.2920888364315033
0.2724646329879761
0.30690500140190125
0.27894270420074463
0.2697906792163849
0.27349600195884705
0.25902900099754333
0.29109397530555725
0.2946554720401764
0.28557848930358887
0.3018001616001129
0.29159289598464966
0.2822872996330261
0.2827455401420593
0.27962562441825867
0.26764383912086487
0.29544439911842346
0.2916702628135681
0.2955480217933655
0.28485050797462463
0.28728187084198
0.27684924006462097
0.25410762429237366
0.25769028067588806
0.30054691433906555
0.30248400568962097
0.2583450376987457
0.2864151895046234
0.26422643661499023
0.274593710899353
0.2885715067386627
0.2748727798461914
0.2785361111164093
0.26139214634895325
0.27379220724105835
0.2767195403575897
0.2851983904838562
0.2786811888217926
0.2712630033493042
0.26288965344429016
0.27949580550193787
0.2990342974662781
0.26627519726753235
0.2813493311405182
0.2691141963005066
0.26334530115127563
0.2912304699420929
0.27164363861083984
0.27851343154907227
0.2816567122936249
0.2687646746635437
0.2764608860015869
0.2994800806045532
0.2639065682888031
0.25085145235061646
0.2526647448539734
0.27385184168815613
0.2660228908061981
0.28081294894218445
0.2896489202976227
0.25656944513320923
0.2413652390241623
0.25721436738967896
0.2612385153770447
0.2613522410392761
0.2501744329929352
0.2513234317302704
0.28915083408355713
0.2723689079284668
0.2592637538909912
0.2731548547744751
0.256721556186676
0.2746759355068207
0.26754650473594666
0.2454114705324173
0.2532624304294586
0.2562295198440552
0.2748304605484009
0.24535255134105682
0.26936206221580505
0.25602978467941284
0.25872698426246643
0.26960694789886475
0.28372880816459656
0.27636978030204773
0.2408481240272522
0.261051744222641
0.27184513211250305
0.2789115607738495
0.2564314007759094
0.2845999300479889
0.24531151354312897
0.24706807732582092
0.24865689873695374
0.256244957447052
0.26101362705230713
0.23970407247543335
0.26265019178390503
0.25114279985427856
0.2384287714958191
0.2594361901283264
0.2618184983730316
0.2739545702934265
0.26165086030960083
0.25071537494659424
0.2661077678203583
0.25869834423065186
0.25212571024894714
0.2593676447868347
0.25547361373901367
0.2509008049964905
0.23935499787330627
0.24628672003746033
0.2538038194179535
0.2679230570793152
0.24934841692447662
0.24579095840454102
0.26966148614883423
0.24295540153980255
0.24867060780525208
0.23884259164333344
0.25780391693115234
0.24767211079597473
0.24345514178276062
0.2601098418235779
0.2545830011367798
0.26284632086753845
0.2682521939277649
0.24661687016487122
0.25543516874313354
0.253804087638855
0.2417534738779068
0.2671038508415222
0.24381683766841888
0.24825195968151093
0.2670133113861084
0.2528403699398041
0.23725883662700653
0.24544301629066467
0.2747548818588257
0.26170191168785095
0.2536863088607788
0.2419811189174652
0.2500115633010864
0.24273517727851868
0.26821795105934143
0.25053703784942627
0.2511137127876282
0.2510654628276825
0.24936017394065857
0.24145551025867462
0.2419031262397766
0.24125440418720245
0.23568382859230042
0.25056296586990356
0.20876623690128326
0.2468668818473816
0.25205206871032715
0.24364647269248962
0.2353491187095642
0.24576544761657715
0.25102362036705017
0.23715345561504364
0.26699990034103394
0.24963371455669403
0.23897960782051086
0.23881103098392487
0.23609432578086853
0.25297054648399353
0.2160392552614212
0.24088677763938904
0.2242303341627121
0.24267850816249847
0.24841584265232086
0.23717206716537476
0.25884881615638733
0.2562655806541443
0.25813028216362
0.2369137853384018
0.23838426172733307
0.27529680728912354
0.24183505773544312
0.2444123774766922
0.23791763186454773
0.244574174284935
0.23560471832752228
0.24807806313037872
0.2593421936035156
0.24571454524993896
0.2539302408695221
0.26875340938568115
0.24020853638648987
0.23341146111488342
0.25355327129364014
0.2407902330160141
0.25535422563552856
0.2422821968793869
0.2597478926181793
0.24590624868869781
0.27304309606552124
0.24680373072624207
0.2619212865829468
0.2526116967201233
0.2501327097415924
0.25365933775901794
0.22496555745601654
0.24764372408390045
0.24563410878181458
0.2396700084209442
0.24719421565532684
0.24195952713489532
0.24058204889297485
0.2193215936422348
0.2373034954071045
0.27579566836357117
0.24414782226085663
0.2576233148574829
0.25371596217155457
0.24486230313777924
0.2426784634590149
0.2536934018135071
0.23879866302013397
0.2514626085758209
0.2365627884864807
0.2404276728630066
0.2532350420951843
0.24718356132507324
0.24804644286632538
0.22440893948078156
0.23833045363426208
0.2626234292984009
0.23614928126335144
0.24290606379508972
0.25865307450294495
0.25458547472953796
0.22255191206932068
0.248032346367836
0.2385690063238144
0.24704645574092865
0.2563726603984833
0.23361408710479736
0.23436953127384186
0.24426613748073578
0.22718927264213562
0.2637062966823578
0.24129946529865265
0.24614311754703522
0.25004512071609497
0.21940301358699799
0.2685980200767517
0.24780258536338806
0.2570742070674896
0.24294599890708923
0.24612031877040863
0.23240265250205994
0.24114619195461273
0.23264381289482117
0.2328132838010788
0.23596103489398956
0.20892442762851715
0.2381156086921692
0.25850430130958557
0.25942081212997437
0.24761667847633362
0.22916017472743988
0.2393583208322525
0.25333890318870544
0.28464797139167786
0.2420535683631897
0.23626694083213806
0.24408531188964844
0.24455668032169342
0.2653069496154785
0.2547139823436737
0.2281772494316101
0.22766581177711487
0.24386832118034363
0.24069879949092865
0.25147420167922974
0.2599085867404938
0.2347620129585266
0.23039034008979797
0.24111898243427277
0.2511062026023865
0.22927488386631012
0.24328772723674774
0.23998288810253143
0.25098103284835815
0.23320497572422028
0.23448552191257477
0.22959379851818085
0.23301100730895996
0.24737907946109772
0.23039394617080688
0.224073126912117
0.25697049498558044
0.22009508311748505
0.23302128911018372
0.2553806006908417
0.22615909576416016
0.25723981857299805
0.23143744468688965
0.24458597600460052
0.24296824634075165
0.23370951414108276
0.2357388287782669
0.22664031386375427
0.24978908896446228
0.2591565251350403
0.24031734466552734
0.25936633348464966
0.22859306633472443
0.24038857221603394
0.23700858652591705
0.2231864035129547
0.23498718440532684
0.23017027974128723
0.22793890535831451
0.22854159772396088
0.23165854811668396
0.233979269862175
0.23750156164169312
0.2175404131412506
0.23597636818885803
0.23478208482265472
0.23341940343379974
0.2368297129869461
0.2591415345668793
0.2594006359577179
0.21459494531154633
0.2295324206352234
0.23542526364326477
0.2461569458246231
0.22805234789848328
0.24501827359199524
0.23708711564540863
0.2314794659614563
0.23580430448055267
0.23983724415302277
0.21851153671741486
0.2323763370513916
0.2333153635263443
0.26040634512901306
0.2468433529138565
0.21363595128059387
