0.6666666865348816
0.7647058963775635
0.7864923477172852
0.8169934749603271
0.8191720843315125
0.8257080316543579
0.8322439789772034
0.8409585952758789
0.8540304899215698
0.8736383318901062
0.8779956698417664
0.8758170008659363
0.8801742792129517
0.8823529481887817
0.8801742792129517
0.8867102265357971
0.8910675644874573
0.8910675644874573
0.8954248428344727
0.8976035118103027
0.9019607901573181
0.9063180685043335
0.899782121181488
0.9041394591331482
0.9063180685043335
0.9084967374801636
0.9084967374801636
0.9084967374801636
0.9084967374801636
0.915032684803009
0.9215686321258545
0.9215686321258545
0.9237473011016846
0.9281045794487
0.9346405267715454
0.93028324842453
0.93028324842453
0.9368191957473755
0.9411764740943909
0.93028324842453
0.9455337524414062
0.9477124214172363
0.943355143070221
0.943355143070221
0.9455337524414062
0.9498910903930664
0.9498910903930664
0.9477124214172363
0.9477124214172363
0.9542483687400818
0.9542483687400818
0.9564270377159119
0.9564270377159119
0.9520696997642517
0.9586056470870972
0.9629629850387573
0.9651415944099426
0.9607843160629272
0.9694989323616028
0.9694989323616028
0.9651415944099426
0.9760348796844482
0.9694989323616028
0.9651415944099426
0.9782134890556335
0.9782134890556335
0.9760348796844482
0.9760348796844482
0.9803921580314636
0.984749436378479
0.9869281053543091
0.9912853837013245
0.9869281053543091
0.9869281053543091
0.9891067743301392
0.9956427216529846
0.9934640526771545
0.9912853837013245
0.9934640526771545
0.9956427216529846
0.9978213310241699
0.9978213310241699
0.9956427216529846
0.9978213310241699
0.9934640526771545
0.9978213310241699
0.9978213310241699
0.9956427216529846
1.0
0.9978213310241699
0.9978213310241699
0.9978213310241699
0.9978213310241699
0.9978213310241699
0.9978213310241699
1.0
0.9978213310241699
1.0
0.9978213310241699
0.9978213310241699
1.0
0.9978213310241699
1.0
0.9978213310241699
1.0
1.0
1.0
1.0
1.0
1.0
0.9978213310241699
1.0
1.0
1.0
1.0
1.0
1.0
1.0
1.0
1.0
1.0
1.0
1.0
1.0
1.0
1.0
1.0
1.0
1.0
1.0
1.0
1.0
1.0
1.0
1.0
1.0
1.0
1.0
1.0
1.0
1.0
1.0
1.0
1.0
1.0
1.0
1.0
1.0
1.0
1.0
1.0
1.0
1.0
1.0
1.0
1.0
1.0
1.0
1.0
1.0
1.0
1.0
1.0
1.0
1.0
1.0
1.0
1.0
1.0
1.0
1.0
1.0
1.0
1.0
1.0
1.0
1.0
1.0
1.0
1.0
1.0
1.0
1.0
1.0
1.0
1.0
1.0
1.0
1.0
1.0
1.0
1.0
1.0
1.0
1.0
1.0
1.0
1.0
1.0
1.0
1.0
1.0
1.0
1.0
1.0
1.0
1.0
1.0
1.0
1.0
1.0
1.0
1.0
1.0
1.0
1.0
1.0
1.0
1.0
1.0
1.0
1.0
1.0
1.0
1.0
1.0
1.0
1.0
1.0
1.0
1.0
1.0
1.0
1.0
1.0
1.0
1.0
1.0
1.0
1.0
1.0
1.0
1.0
1.0
1.0
1.0
1.0
1.0
1.0
1.0
1.0
1.0
1.0
1.0
1.0
1.0
1.0
1.0
1.0
1.0
1.0
1.0
1.0
1.0
1.0
1.0
1.0
1.0
1.0
1.0
1.0
1.0
1.0
1.0
1.0
1.0
1.0
1.0
1.0
1.0
1.0
1.0
1.0
1.0
1.0
1.0
1.0
1.0
1.0
1.0
1.0
1.0
1.0
1.0
1.0
1.0
1.0
1.0
1.0
1.0
1.0
1.0
1.0
1.0
1.0
1.0
1.0
1.0
1.0
1.0
1.0
1.0
1.0
1.0
1.0
1.0
1.0
1.0
1.0
1.0
1.0
1.0
1.0
1.0
1.0
1.0
1.0
1.0
1.0
1.0
1.0
1.0
1.0
1.0
1.0
1.0
1.0
1.0
1.0
1.0
1.0
1.0
1.0
1.0
1.0
1.0
1.0
1.0
1.0
1.0
1.0
1.0
1.0
1.0
1.0
1.0
1.0
1.0
1.0
1.0
1.0
1.0
1.0
1.0
1.0
1.0
1.0
1.0
1.0
1.0
1.0
1.0
1.0
1.0
1.0
1.0
1.0
1.0
1.0
1.0
1.0
1.0
1.0
1.0
1.0
1.0
1.0
1.0
1.0
1.0
1.0
1.0
1.0
1.0
1.0
1.0
1.0
1.0
1.0
1.0
1.0
1.0
1.0
1.0
1.0
1.0
1.0
1.0
1.0
1.0
1.0
1.0
1.0
1.0
1.0
1.0
1.0
1.0
1.0
1.0
1.0
1.0
1.0
1.0
1.0
1.0
1.0
1.0
1.0
1.0
1.0
1.0
1.0
1.0
1.0
1.0
1.0
1.0
1.0
1.0
1.0
1.0
1.0
1.0
1.0
1.0
1.0
1.0
1.0
1.0
1.0
1.0
1.0
1.0
1.0
1.0
1.0
1.0
1.0
1.0
1.0
1.0
1.0
1.0
1.0
1.0
1.0
1.0
1.0
1.0
1.0
1.0
1.0
1.0
1.0
1.0
1.0
1.0
1.0
1.0
1.0
1.0
1.0
1.0
1.0
1.0
1.0
1.0
1.0
1.0
1.0
1.0
1.0
1.0
1.0
1.0
1.0
1.0
1.0
1.0
1.0
1.0
1.0
1.0
1.0
1.0
1.0
1.0
1.0
1.0
1.0
1.0
1.0
1.0
1.0
1.0
1.0
1.0
1.0
1.0
1.0
1.0
1.0
1.0
1.0
1.0
1.0
1.0
1.0
1.0
1.0
1.0
1.0
1.0
1.0
1.0
1.0
1.0
1.0
1.0
1.0
1.0
1.0
1.0
1.0
1.0
1.0
1.0
1.0
1.0
1.0
1.0
1.0
1.0
1.0
1.0
1.0
1.0
1.0
1.0
1.0
1.0
1.0
1.0
1.0
1.0
1.0
1.0
1.0
1.0
1.0
1.0
1.0
1.0
1.0
1.0
1.0
1.0
1.0
1.0
1.0
1.0
1.0
1.0
1.0
1.0
1.0
1.0
1.0
1.0
1.0
1.0
1.0
1.0
1.0
1.0
1.0
1.0
1.0
1.0
1.0
1.0
