0.96785134
0.5059336
0.41650966
0.39108118
0.3768136
0.3644063
0.35745618
0.3551114
0.36001176
0.34832704
0.34163168
0.34270582
0.33753994
0.3316553
0.33213764
0.33147788
0.3307622
0.32723618
0.32711828
0.33492506
0.3241801
0.33530134
0.34355775
0.32132062
0.32310796
0.32233474
0.32213065
0.32666266
0.3205292
0.31777024
0.3205502
0.3172814
0.31901175
0.32003784
0.3215514
0.31852615
0.32492363
0.31581223
0.32474443
0.31626162
0.31562227
0.3177574
0.32135752
0.31634977
0.31602368
0.31568393
0.313668
0.31297213
0.3142441
0.31156766
0.31220612
0.31459913
0.3134037
0.31243458
0.32273582
0.31185833
0.3141553
0.31270048
0.3099342
0.31588936
0.31634012
0.31972575
0.31169063
0.31607243
0.31160817
0.3139563
0.3164592
0.31156036
0.31326327
0.321784
0.31021497
0.31116393
0.30772296
0.32085404
0.31966978
0.32170787
0.31874776
0.30993903
0.30893108
0.31398186
0.3083373
0.32902098
0.32913724
0.31024268
0.32211334
0.31023562
0.30713272
0.32085264
0.3043291
0.33889514
0.3049895
0.3049557
0.30911967
0.30693913
0.30396637
0.30484623
0.3043898
0.3027502
0.30218413
0.30251628
0.3044126
0.30425695
0.3070117
0.30344468
0.3047505
0.30673426
0.32157177
0.3029114
0.3084573
0.30465385
0.30561844
0.30184838
0.30048606
0.30990055
0.31694242
0.3011368
0.30339456
0.30180958
0.303192
0.29836732
0.2988219
0.30195493
0.29878017
0.30135763
0.2995397
0.35182986
0.3751581
0.2990344
0.31045932
0.30785015
0.30650043
0.29875782
0.30121875
0.31298274
0.32160527
0.29772305
0.2965499
0.29728416
0.29629737
0.2982773
0.32094538
0.29789558
0.2995133
0.29827195
0.31168023
0.30577534
0.2944969
0.29531598
0.29532665
0.2958846
0.29499963
0.3116272
0.29551768
0.304167
0.29490677
0.30231148
0.29586807
0.2949571
0.29518595
0.296668
0.3435913
0.31454948
0.30859283
0.29356351
0.30179852
0.29192218
0.2929912
0.29299152
0.29447162
0.29320875
0.32360193
0.293181
0.29258877
0.29490453
0.29788104
0.29236555
0.2923249
0.29486793
0.28986368
0.29112607
0.2897355
0.29700375
0.29187483
0.29884943
0.2899973
0.30099663
0.29429257
0.28750896
0.28831062
0.29720873
0.29847243
0.28754845
0.29446873
0.2913251
0.2908533
0.29320484
0.2911529
0.28927743
0.29733953
0.29148847
0.2873405
0.29243985
0.28941128
0.28930607
0.28541875
0.2896891
0.29180586
0.29067013
0.29439113
0.28733465
0.286902
0.2877275
0.28911778
0.28877547
0.2854619
0.28827983
0.28870836
0.28581887
0.28660902
0.28487468
0.28691015
0.28599972
0.29536188
0.2934837
0.2873099
0.28867158
0.28605735
0.28406516
0.3261589
0.30760992
0.2823442
0.28646478
0.28305325
0.2840833
0.28301245
0.2834256
0.28618854
0.28593728
0.2892626
0.28609923
0.2913205
0.28301534
0.28281245
0.28557304
0.2876788
0.2833054
0.28339174
0.28570592
0.28161082
0.28885528
0.29556534
0.2867297
0.2827531
0.29427844
0.28908998
0.28607148
0.28593466
0.2829534
0.28272548
0.31540012
0.2887596
0.28707227
0.28048193
0.35563836
0.335499
0.28090203
0.3892694
0.29124692
0.28232044
0.28709447
0.28157863
0.2843419
0.28663918
0.28186002
0.28130475
0.40056816
0.28878218
0.2843495
0.286263
0.2799654
0.28934476
0.28240475
0.2795238
0.31366026
0.28079984
0.28152525
0.28241995
0.28157514
0.3000272
0.29322758
0.2904023
0.28012636
0.28162616
0.27968857
0.28559512
