0.868626594543457
0.4975578486919403
0.42724090814590454
0.388113796710968
0.36641767621040344
0.3398627042770386
0.32913872599601746
0.31255999207496643
0.29986029863357544
0.29345011711120605
0.28182870149612427
0.2677479386329651
0.2543265223503113
0.2532823383808136
0.24213555455207825
0.23605169355869293
0.2240723818540573
0.21969249844551086
0.21041153371334076
0.20596732199192047
0.20574381947517395
0.19767001271247864
0.1921478658914566
0.18891407549381256
0.177827849984169
0.17477290332317352
0.16290977597236633
0.1564701646566391
0.15341252088546753
0.15189604461193085
0.15637065470218658
0.1426648199558258
0.13493990898132324
0.1415303498506546
0.1268705576658249
0.13019292056560516
0.13378745317459106
0.12241389602422714
0.11930632591247559
0.11856496334075928
0.11035148799419403
0.10333709418773651
0.09300543367862701
0.09402288496494293
0.0898929163813591
0.09884466230869293
0.09748014062643051
0.0844859853386879
0.07899445295333862
0.0759485512971878
0.07704479247331619
0.07830964773893356
0.06690439581871033
0.06528029590845108
0.06905964016914368
0.06793991476297379
0.06863201409578323
0.06516838073730469
0.067897267639637
0.06851595640182495
0.055339086800813675
0.06055109202861786
0.05287434533238411
0.046542759984731674
0.053992681205272675
0.04356446489691734
0.04189380630850792
0.04105628281831741
0.04012690484523773
0.03679029643535614
0.03515768051147461
0.034186821430921555
0.03207896649837494
0.03453715890645981
0.03031512349843979
0.02991831861436367
0.02732856012880802
0.030540702864527702
0.029384184628725052
0.030833609402179718
0.02441323734819889
0.02728906087577343
0.03709125146269798
0.0451149083673954
0.03905629739165306
0.060837358236312866
0.07934897392988205
0.0773322805762291
0.06407323479652405
0.03738687187433243
0.028062373399734497
0.023059576749801636
0.020465724170207977
0.020246397703886032
0.0188266783952713
0.017529362812638283
0.016244733706116676
0.01685064472258091
0.015498052351176739
0.016047533601522446
0.015722520649433136
0.017555207014083862
0.016727013513445854
0.013632755726575851
0.01786368153989315
0.017897456884384155
0.01680172234773636
0.013813940808176994
0.013496801257133484
0.017387477681040764
0.01655018888413906
0.016471536830067635
0.014246429316699505
0.012145614251494408
0.010125195607542992
0.011618548072874546
0.009623427875339985
0.008693716488778591
0.008431792259216309
0.008907505311071873
0.008641102351248264
0.010676912032067776
0.011216402053833008
0.009462328627705574
0.008385678753256798
0.008389757946133614
0.007779204752296209
0.008289209567010403
0.007485241163522005
0.008010445162653923
0.007979193702340126
0.007641145493835211
0.007953835651278496
0.007719793822616339
0.008053746074438095
0.007456991355866194
0.007337812799960375
0.007128575816750526
0.009395395405590534
0.007496364414691925
0.007911982014775276
0.009157980792224407
0.00786361563950777
0.007924494333565235
0.006764485966414213
0.0065587544813752174
0.006290585733950138
0.00605766149237752
0.006769990082830191
0.009909423999488354
0.007164566777646542
0.007719248067587614
0.006028095725923777
0.005735019687563181
0.006652147509157658
0.005946418270468712
0.008842833340168
0.008039992302656174
0.0055830334313213825
0.007145305164158344
0.008190963417291641
0.008422313258051872
0.008987978100776672
0.0064134057611227036
0.006677156779915094
0.008005833253264427
0.005762705113738775
0.005608859937638044
0.008306100033223629
0.006502223666757345
0.005392743740230799
0.006234911736100912
0.005208263173699379
0.005216742400079966
0.004887477029114962
0.004597916267812252
0.004988504108041525
0.004864993970841169
0.005326861049979925
0.004777110647410154
0.004395127296447754
0.004568814300000668
0.0042801289819180965
0.0041435640305280685
0.005448549520224333
0.004620724823325872
0.005083730909973383
0.004671427886933088
0.005255110561847687
0.005020386539399624
0.004587738774716854
0.005486286245286465
0.003924090880900621
0.004462748765945435
0.005586025305092335
0.005157881882041693
0.004921069834381342
0.005178322084248066
0.005335954017937183
0.005098641850054264
0.008074220269918442
0.011453581042587757
0.005545756313949823
0.004217264708131552
0.008298120461404324
0.005675698630511761
0.005660909693688154
0.0078413812443614
0.004840748384594917
0.004414243157953024
0.003228433895856142
0.003486204892396927
0.004284452646970749
0.0031444625928997993
0.002953680930659175
0.0026635488029569387
0.003069518832489848
0.003268171101808548
0.003032978158444166
0.002796140732243657
0.0029018698260188103
0.002906333887949586
0.002655710093677044
0.0026762301567941904
0.0029204231686890125
0.003257180331274867
0.0033413434866815805
0.0028360201977193356
0.0028593980241566896
0.0032830294221639633
0.0025943953078240156
0.0026388615369796753
0.002727413084357977
0.0027045952156186104
0.003166130743920803
0.0037523231003433466
0.003848092630505562
0.0025820049922913313
0.002987275831401348
0.004286004230380058
0.0026687353383749723
0.0026873580645769835
0.005050342530012131
0.003546719439327717
0.0024450074415653944
0.0022954116575419903
0.0024651484563946724
0.002406531712040305
0.0031583569943904877
0.0026244663167744875
0.0032178794499486685
0.0026055260095745325
0.0027431168127804995
0.0023144916631281376
0.002243610331788659
0.0022426689974963665
0.00253041903488338
0.0020274906419217587
0.002614046214148402
0.0022467838134616613
0.001993645215407014
0.0020171315409243107
0.0023746825754642487
0.002540692687034607
0.0026459754444658756
0.0027543099131435156
0.002246132120490074
0.0025656602811068296
0.005368880927562714
0.0024860312696546316
0.0020851974841207266
0.002248915610834956
0.002210264792665839
0.0019945669919252396
0.0020293479319661856
0.001992070348933339
0.0018369160825386643
0.002021038206294179
0.0025222869589924812
0.0023570407647639513
0.0018985492642968893
0.002689783461391926
0.002886290894821286
0.0021848937030881643
0.0019615767523646355
0.0020806973334401846
0.0017975184600800276
0.0020541842095553875
0.0018394746584817767
0.0018240991048514843
0.0017894001211971045
0.00175997125916183
0.0017670592060312629
0.001998570980504155
0.0021889996714890003
0.0024367168080061674
0.0017140558920800686
0.0022514909505844116
0.0016331173246726394
0.0021623915527015924
0.001730739837512374
0.0017726065125316381
0.002053629606962204
0.0016134389443323016
0.004650227725505829
0.002431754255667329
0.0023339996114373207
0.002825974952429533
0.007321442477405071
0.0030612852424383163
0.0023872978053987026
0.0015105962520465255
0.0018913262756541371
0.0015729707665741444
0.001502531231380999
0.0015805474249646068
0.0017317967722192407
0.0015197846805676818
0.0014748453395441175
0.0014402213273569942
0.0014561850111931562
0.0015212041325867176
0.0017990098567679524
0.001609036116860807
0.0014465950662270188
0.001525098574347794
0.0022219351958483458
0.001453736680559814
0.001604986609891057
0.0013510362477973104
0.0013424580683931708
0.0014632940292358398
0.0013612763723358512
0.0013777919812127948
0.0013124203542247415
0.00127339456230402
0.0013001878978684545
0.0013014699798077345
0.0013473373837769032
0.0012680626241490245
0.0012970753014087677
0.0012961908942088485
0.0012927923817187548
0.0012810825137421489
0.0012496404815465212
0.0012432013172656298
0.0013023472856730223
0.001496093929745257
0.001203201012685895
0.0012545135105028749
0.0013187596341595054
0.0013167655561119318
0.001203177380375564
0.0012992533156648278
0.0012295893393456936
0.0013501571957021952
0.001209671376273036
0.0012316068168729544
0.0012829086044803262
0.0010811735410243273
0.0013226186856627464
0.0012943340698257089
0.0014673402765765786
0.0011938712559640408
0.0011107255704700947
0.0010646895971149206
0.0011636137496680021
0.0011538893450051546
0.0010872194543480873
0.0011150205973535776
0.001053618616424501
0.0012649701675400138
0.0011390263680368662
0.0011027648579329252
0.0010450034169480205
0.0014343486400321126
0.0010478035546839237
0.0011273855343461037
0.001204355270601809
0.0011241864413022995
0.0013560211518779397
0.0010268086334690452
0.0012304972624406219
0.001078834175132215
0.0011191006051376462
0.001081436756066978
0.0010482824873179197
0.0010792900575324893
0.0011085153091698885
0.0010905780363827944
0.0012016318505629897
0.001079498790204525
0.0014990270137786865
0.0017141648568212986
0.001383620547130704
0.0012820556294173002
0.0012657108018174767
0.0012450914364308119
0.0010120103834196925
0.0010147078428417444
0.001118747517466545
0.0009395544766448438
0.0009981370531022549
0.0012140292674303055
0.0008768276893533766
0.0015626875683665276
0.001408406882546842
0.0010611723409965634
0.0010748007334768772
0.0008924907306209207
0.0009194441372528672
0.0009828938636928797
0.0008780226926319301
0.000896607933100313
0.0008472441113553941
0.0008358971099369228
0.0008346262620761991
0.0008816387853585184
0.0008420881349593401
0.0008655677083879709
0.0008613241952843964
0.0008693329291418195
0.0008273176499642432
0.0008343743975274265
0.0008524562581442297
0.000827688432764262
0.0008101958665065467
0.0008005771669559181
0.0008094655931927264
0.000841381202917546
0.0007959060603752732
0.0008238378213718534
0.0008845096454024315
0.0008371767471544445
0.0008451385074295104
0.000816317624412477
0.0007852927083149552
0.0008467186125926673
0.0008205679478123784
0.0008066321606747806
0.0008267731755040586
0.0007807093788869679
0.0007682316354475915
0.0008186838240362704
0.0007994025945663452
0.0007706183241680264
0.0008161116275005043
0.0008495686342939734
0.000992422690615058
0.0007325496408157051
0.0008295197039842606
0.0007718302076682448
0.0007883330690674484
0.0008272583363577724
0.0007613407215103507
0.0008608755888417363
0.0007155170314945281
0.0007883590878918767
0.0007742421585135162
0.0008267179946415126
0.0007425682269968092
0.0007753692334517837
0.0007552069146186113
0.0007641086704097688
0.000748649297747761
0.0008481424883939326
0.00074633804615587
0.000736289715860039
0.0009802242275327444
0.0007139225490391254
0.0008108927868306637
0.0007147218566387892
0.0007357213762588799
0.0007692989893257618
0.0007979097426868975
0.0007228081813082099
0.000724730605725199
0.0006943534244783223
0.0007046148530207574
0.0006887833005748689
0.0007001360063441098
0.0007430122350342572
0.0007148929289542139
0.0006859510904178023
0.0007030439446680248
0.0007168302545323968
0.0007017208263278008
0.000703643134329468
0.0006947284564375877
0.0007277989061549306
0.0007532978779636323
0.0007568680448457599
0.0006511117098852992
0.0006507695652544498
0.0008370780269615352
0.0007140461821109056
0.0006756343063898385
0.0006536943255923688
0.0007153999176807702
0.0006465299520641565
0.0007092223968356848
0.0007510886644013226
0.0009503885521553457
0.0006379654514603317
0.0006492889951914549
0.0006449251668527722
0.0006151134148240089
0.0006758337840437889
0.0007215100922621787
0.0006049126386642456
0.0006336347432807088
0.0007482240907847881
0.0010200506076216698
0.0006411306094378233
0.0006725304992869496
0.0006720597157254815
0.0006129835965111852
0.0005954261869192123
0.0005864914273843169
0.0005843839608132839
0.0005816073971800506
0.0006021066219545901
0.0005869418382644653
0.0005857503856532276
0.0006085929344408214
0.0006020126747898757
0.0006008961936458945
0.0005905593861825764
0.000580989639274776
0.0005700021283701062
0.0005690970574505627
0.0005965786403976381
0.0005837786593474448
0.0005897236987948418
0.0005705368239432573
0.0005745068774558604
0.0005619815201498568
0.0006066921050660312
0.0005627887439914048
0.0005605379701592028
0.0005535695236176252
0.0005522991414181888
0.0005691805272363126
0.000580171006731689
0.0005762547953054309
0.00056909752311185
0.0006696091732010245
0.0006565556977875531
0.0005552957882173359
0.0005784393288195133
0.0006152832647785544
0.0005936383968219161
0.0005417001666501164
0.0005692965933121741
0.0005418562795966864
0.0005443984409794211
0.0005450333701446652
0.0005550727364607155
0.000536164385266602
0.0005456143990159035
0.0005259310128167272
0.0005447643343359232
0.0005209790542721748
0.0005479115643538535
0.0005317770410329103
0.0005240884493105114
0.0005314258742146194
0.0005309387343004346
0.0005476557416841388
0.000528397096786648
0.0005240995669737458
0.000531310448423028
0.000569015450309962
0.0005283745704218745
0.0005251227994449437
0.0005197100108489394
0.0005392017774283886
0.0005065823788754642
0.0005200160085223615
0.0005321835051290691
0.0005529822665266693
0.0005224955966696143
0.0005122353904880583
0.0004935739561915398
0.0005096979439258575
0.0004999057273380458
0.0005086814635433257
0.00051121722208336
0.0005096028908155859
0.000527930969838053
0.0004853891732636839
0.0005073453648947179
0.0005155302351340652
0.0004972697934135795
0.0004902773653157055
0.0005025772843509912
0.000493650499265641
0.0005988040356896818
0.0005022027180530131
0.0005192154785618186
0.0004751398810185492
0.0004743133613374084
0.00047693290980532765
0.00044839573092758656
