0.6620575785636902
0.5793108344078064
0.5345233678817749
0.5003058314323425
0.46895402669906616
0.4385775029659271
0.41179436445236206
0.3910312354564667
0.37293410301208496
0.36010244488716125
0.3476744294166565
0.3388936519622803
0.32881301641464233
0.3277556300163269
0.3168327212333679
0.3098294138908386
0.30272871255874634
0.2985168695449829
0.2943503260612488
0.28835010528564453
0.28559747338294983
0.2778816223144531
0.27226004004478455
0.27058225870132446
0.26391327381134033
0.2608485221862793
0.25845572352409363
0.253397136926651
0.2517852485179901
0.24765461683273315
0.2425408512353897
0.2437742054462433
0.23934851586818695
0.23548120260238647
0.2336023598909378
0.22887463867664337
0.225899800658226
0.22485892474651337
0.2255970984697342
0.21768051385879517
0.21719211339950562
0.21413764357566833
0.21058954298496246
0.2092367261648178
0.20480872690677643
0.2041633576154709
0.20006738603115082
0.2015271931886673
0.19999684393405914
0.1931806206703186
0.19386392831802368
0.19058841466903687
0.19479529559612274
0.18807938694953918
0.18564394116401672
0.18424779176712036
0.18128298223018646
0.17819350957870483
0.1809258908033371
0.1743270456790924
0.17844004929065704
0.17336376011371613
0.17102250456809998
0.16728965938091278
0.16587790846824646
0.16519251465797424
0.164263054728508
0.1636294722557068
0.16333763301372528
0.16089744865894318
0.15819545090198517
0.15493500232696533
0.1534961462020874
0.15773195028305054
0.1539117842912674
0.1512574702501297
0.15151795744895935
0.14972521364688873
0.1469358503818512
0.1474916636943817
0.14347457885742188
0.14706723392009735
0.14609135687351227
0.1505393087863922
0.1434880793094635
0.14339622855186462
0.1374804526567459
0.13732659816741943
0.13563238084316254
0.13576047122478485
0.13291360437870026
0.13280870020389557
0.13215218484401703
0.12756502628326416
0.12973375618457794
0.12877020239830017
0.1323954164981842
0.1258183866739273
0.12505045533180237
0.12372612208127975
0.11992110311985016
0.12281619012355804
0.11948263645172119
0.1163056418299675
0.1164029911160469
0.11703576892614365
0.1151851937174797
0.11431650072336197
0.11335638910531998
0.11750995367765427
0.10925202071666718
0.10910514742136002
0.11149578541517258
0.10801495611667633
0.10771407186985016
0.10668229311704636
0.10288891941308975
0.10358182340860367
0.10613929480314255
0.10707583278417587
0.10518617182970047
0.10067254304885864
0.09799307584762573
0.09929780662059784
0.10263897478580475
0.0986141711473465
0.09733860939741135
0.09646093100309372
0.09296990931034088
0.09080708771944046
0.08915071189403534
0.0894465297460556
0.08698473870754242
0.08814411610364914
0.08549484610557556
0.08491416275501251
0.08496344089508057
0.08481208235025406
0.08434882014989853
0.08505196869373322
0.08207999914884567
0.08274676650762558
0.08266297727823257
0.08105472475290298
0.08401767164468765
0.08392509073019028
0.08340173214673996
0.08405109494924545
0.08085320889949799
0.08049138635396957
0.0795111209154129
0.07836908847093582
0.07793735712766647
0.0772664025425911
0.07746811211109161
0.07688037306070328
0.07627321779727936
0.07706742733716965
0.07704313099384308
0.07480450719594955
0.07702703028917313
0.07598713785409927
0.07526448369026184
0.07435932755470276
0.07445787638425827
0.07484998553991318
0.07432755082845688
0.07381965965032578
0.0719420462846756
0.07138307392597198
0.07117287069559097
0.07142972946166992
0.07185599207878113
0.07206519693136215
0.07141619175672531
0.06960256397724152
0.07056907564401627
0.06816825270652771
0.06952627003192902
0.06803028285503387
0.06668996065855026
0.06754929572343826
0.06726961582899094
0.06637388467788696
0.06709296256303787
0.066868856549263
0.06511480361223221
0.06488034129142761
0.06484071165323257
0.06452951580286026
0.06391175836324692
0.06343955546617508
0.0649862140417099
0.06553736329078674
0.06330827623605728
0.06538785248994827
0.061908211559057236
0.06068049743771553
0.06152857467532158
0.05977818742394447
0.06092618405818939
0.06150399520993233
0.06087304279208183
0.05891347676515579
0.05946137383580208
0.060955267399549484
0.059560343623161316
0.059095241129398346
0.058043334633111954
0.05848266929388046
0.05732112005352974
0.057484447956085205
0.05827629193663597
0.056304994970560074
0.057887494564056396
0.05866263434290886
0.05698632821440697
0.056037865579128265
0.05527164414525032
0.05420508235692978
0.05422953888773918
0.0531255342066288
0.05305444449186325
0.05250197649002075
0.052292659878730774
0.05370054394006729
0.05250786989927292
0.051369521766901016
0.05153701826930046
0.0496363490819931
0.04993414506316185
0.050136908888816833
0.04888145253062248
0.048965662717819214
0.04944483935832977
0.048375971615314484
0.048685960471630096
0.048858825117349625
0.04842846468091011
0.04833850637078285
0.04802723228931427
0.04783293977379799
0.04794499650597572
0.04743120074272156
0.047843124717473984
0.0471651554107666
0.04702296853065491
0.04688730463385582
0.047080833464860916
0.04648755118250847
0.04636573791503906
0.04655060917139053
0.045912519097328186
0.04600745067000389
0.04576706513762474
0.04580235108733177
0.045668285340070724
0.0458962619304657
0.045812271535396576
0.045110221952199936
0.04514450207352638
0.04453262686729431
0.044700589030981064
0.04486769437789917
0.04477393254637718
0.044767141342163086
0.044017571955919266
0.04454626888036728
0.04415079578757286
0.044161420315504074
0.04426180198788643
0.04459236189723015
0.044060323387384415
0.04396817833185196
0.04356224462389946
0.043153874576091766
0.043276336044073105
0.043016981333494186
0.04235972836613655
0.043167054653167725
0.04324032738804817
0.043513547629117966
0.04273660480976105
0.042352646589279175
0.04201168939471245
0.04127774387598038
0.04163585230708122
0.04200209304690361
0.041521985083818436
0.04086478427052498
0.040498822927474976
0.04115868732333183
0.04127638414502144
0.04056943207979202
0.040171414613723755
0.04022296890616417
0.040637433528900146
0.04006698727607727
0.039599914103746414
0.03966192156076431
0.03936825692653656
0.039640266448259354
0.03899039700627327
0.039079658687114716
0.03912850469350815
0.03869777172803879
0.03880956023931503
0.039058953523635864
0.03911222517490387
0.038788389414548874
0.038609299808740616
0.03836282715201378
0.03759245574474335
0.0379616841673851
0.037820953875780106
0.0371754989027977
0.037802040576934814
0.03724219650030136
0.03727218508720398
0.038053300231695175
0.03774503618478775
0.037230417132377625
0.03673373907804489
0.03718709200620651
0.03633911907672882
0.03685387596487999
0.03625641018152237
0.036340370774269104
0.03662962466478348
0.035368189215660095
0.03506409749388695
0.035002339631319046
0.03488137945532799
0.03492647036910057
0.034785106778144836
0.034674908965826035
0.034843362867832184
0.03513490781188011
0.03477080911397934
0.034535184502601624
0.03460709750652313
0.034506116062402725
0.03466438874602318
0.03417971730232239
0.03433037921786308
0.034137990325689316
0.034185685217380524
0.034349460154771805
0.03404412791132927
0.03393752872943878
0.03388039395213127
0.03407926857471466
0.03371719643473625
0.03372278809547424
0.033683717250823975
0.03369895741343498
0.033434923738241196
0.03377155214548111
0.033677104860544205
0.033479757606983185
0.03326874226331711
0.03323284164071083
0.033241696655750275
0.03376137837767601
0.034661393612623215
0.03322944790124893
0.03296685963869095
0.03307357802987099
0.03307819738984108
0.03281101956963539
0.03308071196079254
0.032685667276382446
0.03270932659506798
0.032813966274261475
0.03272620216012001
0.032588884234428406
0.0323275662958622
0.03220203518867493
0.032609350979328156
0.03217930346727371
0.03211033716797829
0.03209216520190239
0.03217089921236038
0.03219184651970863
0.03208852931857109
0.03202488273382187
0.031779695302248
0.03203493729233742
0.03170207515358925
0.0317174568772316
0.03180452808737755
0.03135578706860542
0.031652022153139114
0.03143347054719925
0.0314648374915123
0.0314040333032608
0.03108140081167221
0.03132610768079758
0.031190617009997368
0.03124360926449299
0.031264528632164
0.030943715944886208
0.030825624242424965
0.030800821259617805
0.031216749921441078
0.031210603192448616
0.03096713125705719
0.030541475862264633
0.030770398676395416
0.03090810216963291
0.030702823773026466
0.030357148498296738
0.03084428980946541
0.030486471951007843
0.030522523447871208
0.030251316726207733
0.030832283198833466
0.03000490553677082
0.030010228976607323
0.02994510531425476
0.029911762103438377
0.029913222417235374
0.029899103567004204
0.029799900949001312
0.029804352670907974
0.02981608919799328
0.029779475182294846
0.02981884405016899
0.029759911820292473
0.02916286513209343
0.0292980894446373
0.029275914654135704
0.029144426807761192
0.029045721516013145
0.028968902304768562
0.028993315994739532
0.02905724011361599
0.02893965318799019
0.029124867171049118
0.02886880934238434
0.028958648443222046
0.029035476967692375
0.028904156759381294
0.02877121791243553
0.02883712388575077
0.028777658939361572
0.028715483844280243
0.02861029841005802
0.02867225930094719
0.028579624369740486
0.0285609383136034
0.028581857681274414
0.02854117751121521
0.028524041175842285
0.028483670204877853
0.028485005721449852
0.02838611789047718
0.02851846069097519
0.028473136946558952
0.028373295441269875
0.028345098719000816
0.02824152447283268
0.028323588892817497
0.028488172218203545
0.02889133244752884
0.028279738500714302
0.02828967198729515
0.02816387452185154
0.02808789350092411
0.0281152855604887
0.028069011867046356
0.02803613245487213
0.028093703091144562
0.028084011748433113
0.027878424152731895
0.02789558842778206
0.027913065627217293
0.027908438816666603
0.027772707864642143
0.02789902687072754
0.027751874178647995
0.027780065312981606
0.027792708948254585
0.027621349319815636
0.027722103521227837
0.027780039235949516
0.027596935629844666
0.02774864248931408
0.027604002505540848
0.027555260807275772
0.027504734694957733
0.027491973713040352
0.027434907853603363
0.027637289837002754
0.027536636218428612
0.02734045684337616
0.02752307988703251
0.027253150939941406
0.027258621528744698
0.027248365804553032
0.02734980545938015
0.02732011117041111
0.02725740149617195
0.02731953375041485
0.0271842572838068
0.027052657678723335
0.027216028422117233
0.027008796110749245
0.027168869972229004
0.026985688135027885
0.027022959664463997
0.027161475270986557
0.02689739130437374
0.026899486780166626
0.026852566748857498
0.026819687336683273
0.026818454265594482
0.026806991547346115
0.0269175972789526
0.026870405301451683
0.026798227801918983
0.02699207328259945
0.026649214327335358
0.026660507544875145
0.026592262089252472
0.026709455996751785
0.026654522866010666
0.026490814983844757
0.026438750326633453
0.026434700936079025
0.026334965601563454
0.026289811357855797
0.026281893253326416
0.026237161830067635
0.02634045109152794
0.026230687275528908
0.026207081973552704
0.026227187365293503
0.02619653195142746
0.026207076385617256
0.026177609339356422
0.026184991002082825
0.026132814586162567
0.026111479848623276
0.026172814890742302
0.026099370792508125
0.026091858744621277
0.026095736771821976
0.026116255670785904
0.026055272668600082
0.026012219488620758
0.026021534577012062
0.026024075224995613
0.025989672169089317
0.02597544714808464
0.02598804049193859
0.025960832834243774
0.025988101959228516
0.02590087428689003
0.025998519733548164
0.025882797315716743
0.025892134755849838
0.025827620178461075
0.02587702125310898
0.025846367701888084
0.02581772953271866
0.025806866586208344
0.025777921080589294
0.025790365412831306
0.025792598724365234
0.02574172243475914
0.025790845975279808
0.025734800845384598
0.02588001638650894
0.02572062611579895
0.025686949491500854
0.025723189115524292
0.025668244808912277
0.02567109651863575
0.02571769431233406
0.02559901960194111
0.025618944317102432
0.02555440552532673
0.025599977001547813
0.025548458099365234
0.02564293146133423
0.025558527559041977
0.02554924599826336
0.025552453473210335
0.025531720370054245
0.02549191378057003
0.025502337142825127
0.025452448055148125
0.025456910952925682
0.025443164631724358
0.025426315143704414
0.02546284720301628
0.025385698303580284
0.025492558255791664
0.025351252406835556
0.025406356900930405
0.02545854263007641
0.02536008507013321
0.025402668863534927
