0.6426180005073547
0.5297845005989075
0.47579360008239746
0.4352535903453827
0.40838193893432617
0.38762956857681274
0.3716568648815155
0.3603070378303528
0.3472827672958374
0.33499467372894287
0.3249143064022064
0.31509947776794434
0.3056626617908478
0.29730838537216187
0.2866534888744354
0.2838517427444458
0.27653583884239197
0.2659688889980316
0.2584702670574188
0.2540894150733948
0.245645672082901
0.23958057165145874
0.23242951929569244
0.2268972396850586
0.22570103406906128
0.219063401222229
0.21037088334560394
0.21067942678928375
0.20587091147899628
0.1999223232269287
0.19215545058250427
0.18952316045761108
0.18436822295188904
0.18026967346668243
0.17924606800079346
0.17619387805461884
0.1740313023328781
0.16722935438156128
0.1720988005399704
0.1620498150587082
0.15886808931827545
0.15614022314548492
0.15487919747829437
0.1475064605474472
0.14406226575374603
0.14163336157798767
0.14033135771751404
0.13675686717033386
0.13683392107486725
0.13504475355148315
0.13137930631637573
0.12608003616333008
0.12360415607690811
0.12459664791822433
0.11738675832748413
0.11650868505239487
0.11077394336462021
0.11181538552045822
0.1197282150387764
0.11318723857402802
0.10728069394826889
0.10801548510789871
0.1062152311205864
0.09857846051454544
0.09795842319726944
0.0985097885131836
0.0952623188495636
0.09386119991540909
0.08875247836112976
0.0879896879196167
0.08451490849256516
0.08039594441652298
0.07733004540205002
0.07498188316822052
0.07749181240797043
0.07329148799180984
0.0743061900138855
0.0691877007484436
0.0701020210981369
0.06864605844020844
0.06446625292301178
0.0767182856798172
0.07628506422042847
0.06653247773647308
0.06116468086838722
0.059717126190662384
0.05649346485733986
0.05838994309306145
0.05873430147767067
0.058992527425289154
0.05394269898533821
0.0544038824737072
0.05190195143222809
0.05215896666049957
0.05135008692741394
0.05199521407485008
0.04992930218577385
0.05266619101166725
0.050350312143564224
0.04329868406057358
0.04474951699376106
0.0433686338365078
0.04142366349697113
0.04126962274312973
0.040653083473443985
0.03825881704688072
0.03672695532441139
0.03769593685865402
0.03862208500504494
0.043206263333559036
0.04023691266775131
0.037071648985147476
0.0366729311645031
0.038914866745471954
0.03512798622250557
0.038803208619356155
0.03174237906932831
0.030320681631565094
0.028797823935747147
0.028450239449739456
0.028722435235977173
0.027740731835365295
0.027472516521811485
0.02730398252606392
0.027936631813645363
0.026724571362137794
0.027719072997570038
0.026607586070895195
0.02620863914489746
0.02550421841442585
0.02674774080514908
0.025792326778173447
0.02579319290816784
0.024791888892650604
0.02549833431839943
0.02431666851043701
0.02427714690566063
0.023910662159323692
0.023491688072681427
0.023340687155723572
0.02281228080391884
0.023141035810112953
0.022818315774202347
0.022414112463593483
0.022202834486961365
0.022483257576823235
0.021885070949792862
0.021670514717698097
0.022001972422003746
0.02272672951221466
0.020972728729248047
0.021152762696146965
0.020476678386330605
0.020005786791443825
0.020263971760869026
0.02102620154619217
0.02106546424329281
0.020609376952052116
0.02061527967453003
0.021139001473784447
0.020685570314526558
0.019782522693276405
0.019561538472771645
0.01876606047153473
0.018255917355418205
0.01873827539384365
0.017682794481515884
0.017454322427511215
0.017510978505015373
0.01715577021241188
0.017382653430104256
0.018927330151200294
0.01734854467213154
0.01676623709499836
0.016957128420472145
0.016749665141105652
0.0156872496008873
0.01588461361825466
0.01667775586247444
0.01658848486840725
0.016455918550491333
0.015193164348602295
0.014529380016028881
0.014697739854454994
0.014320725575089455
0.014171982184052467
0.014651059173047543
0.014109630137681961
0.014988066628575325
0.014811350964009762
0.014764807187020779
0.01395067572593689
0.014688017778098583
0.013328862376511097
0.012901801615953445
0.01357515063136816
0.012678338214755058
0.012773209251463413
0.013237404637038708
0.012595382519066334
0.012374186888337135
0.01225363276898861
0.012134941294789314
0.011883108876645565
0.012132558040320873
0.012321734800934792
0.013251890428364277
0.021009573712944984
0.018990593031048775
0.013737909495830536
0.01450464315712452
0.013617697171866894
0.011967124417424202
0.012140484526753426
0.011448662728071213
0.012041480280458927
0.011334515176713467
0.009918415918946266
0.009725000709295273
0.009662956930696964
0.00951194204390049
0.009574436582624912
0.009444061666727066
0.00946157705038786
0.0091205183416605
0.009514197707176208
0.009414317086338997
0.00933118723332882
0.00923270732164383
0.00885338056832552
0.008960533887147903
0.008907701820135117
0.009063348174095154
0.00885915756225586
0.00874339696019888
0.00870751217007637
0.00878793653100729
0.00865640677511692
0.008804811164736748
0.008555141277611256
0.008553221821784973
0.008632956072688103
0.00883548241108656
0.00848209485411644
0.008773686364293098
0.008412615396082401
0.008086134679615498
0.008137268014252186
0.008086666464805603
0.00847820844501257
0.008055880665779114
0.008089250884950161
0.007864437997341156
0.007837332785129547
0.008043684996664524
0.007869486697018147
0.0077988323755562305
0.007622672710567713
0.007826242595911026
0.007840863429009914
0.007493901997804642
0.00756382942199707
0.007667876780033112
0.007336081005632877
0.007435188628733158
0.007344457320868969
0.007388314697891474
0.007288235239684582
0.007411955390125513
0.0074971639551222324
0.007116988766938448
0.0073252273723483086
0.006987590808421373
0.006985237821936607
0.007062232121825218
0.007047809194773436
0.007171169854700565
0.006879990454763174
0.006760763004422188
0.006834362633526325
0.006899107713252306
0.007409514859318733
0.007095554377883673
0.006829911842942238
0.006707160267978907
0.006686264183372259
0.006482889875769615
0.006261874921619892
0.006633447483181953
0.006346201058477163
0.006497847847640514
0.006104444619268179
0.006387044209986925
0.006222354248166084
0.005918657407164574
0.006127288565039635
0.006109350360929966
0.005908559542149305
0.006090223789215088
0.005785292014479637
0.005974126979708672
0.005969048943370581
0.005939272698014975
0.005847135093063116
0.005628027953207493
0.005619989242404699
0.005488869268447161
0.005672309547662735
0.005498835816979408
0.005700609181076288
0.005455998703837395
0.00527415843680501
0.005490716081112623
0.005145230330526829
0.005335212219506502
0.005174929276108742
0.005109456367790699
0.004910746123641729
0.004914429038763046
0.004892239812761545
0.004863831214606762
0.0049202400259673595
0.004772795829921961
0.004884804133325815
0.00473766541108489
0.004763899836689234
0.004740431904792786
0.004650887101888657
0.0046989209949970245
0.004751727916300297
0.0046385214664042
0.004689408931881189
0.004692487884312868
0.004698850680142641
0.004520341753959656
0.004623322747647762
0.00458916649222374
0.004657959099858999
0.004479833412915468
0.004598722327500582
0.004493052139878273
0.004635720048099756
0.004534502513706684
0.004512314219027758
0.004477599170058966
0.004429973196238279
0.004440951626747847
0.004340849816799164
0.004647913854569197
0.004329917021095753
0.004280583932995796
0.004311784636229277
0.004359666723757982
0.004309032578021288
0.004217017907649279
0.004155560862272978
0.004314853809773922
0.00430121086537838
0.004203637130558491
0.0042603760957717896
0.004338530823588371
0.004477587062865496
0.004136636387556791
0.004178596660494804
0.004144144710153341
0.003987083211541176
0.004002614878118038
0.003996772691607475
0.003977572545409203
0.004102965351194143
0.004134560003876686
0.003965756390243769
0.004017767030745745
0.003979355562478304
0.0038596231024712324
0.003918192815035582
0.003908948507159948
0.004013527650386095
0.0038243653252720833
0.003886445891112089
0.0038092336617410183
0.0038521629758179188
0.0037579913623631
0.0038005984388291836
0.0037308414466679096
0.0036967287305742502
0.003675159066915512
0.0036270192358642817
0.003709726268425584
0.0037032952532172203
0.003590778447687626
0.003651639213785529
0.003531163092702627
0.003858900163322687
0.003822991391643882
0.003552692476660013
0.0035209311172366142
0.0035776200238615274
0.0035622373688966036
0.0035646744072437286
0.003452888922765851
0.003479928243905306
0.003402539063245058
0.0036121357697993517
0.0036431557964533567
0.003450443036854267
0.003400068497285247
0.0033168508671224117
0.0034375344403088093
0.0033637466840445995
0.0034879164304584265
0.0033561645541340113
0.003239269135519862
0.0032210955396294594
0.0032692288514226675
0.0033118261490017176
0.0031159601639956236
0.0031561581417918205
0.0031753007788211107
0.0030968482606112957
0.003082450944930315
0.0031288161408156157
0.0030552668031305075
0.003079972229897976
0.0030381716787815094
0.0031260803807526827
0.0030572160612791777
0.003108982928097248
0.003046457888558507
0.003077941481024027
0.0030222467612475157
0.003047161502763629
0.0029979257378727198
0.0029948041774332523
0.0029896008782088757
0.0029920386150479317
0.0029695904813706875
0.002958235563710332
0.002994752023369074
0.0029269293881952763
0.0029494180344045162
0.0029747539665549994
0.0029821419157087803
0.002972698537632823
0.0029371888376772404
0.0029132994823157787
0.002920177299529314
0.0029171265196055174
0.0028976171743124723
0.0028889034874737263
0.002933486131951213
0.002863195724785328
0.0028856024146080017
0.002857637358829379
0.0028783276211470366
0.0028760291170328856
0.0028566361870616674
0.0028670572210103273
0.0028856543358415365
0.0028571796137839556
0.002816078020259738
0.002879951847717166
0.0028737203683704138
0.0027739231009036303
0.0028148298151791096
0.0027643705252557993
0.0027292249724268913
0.0027897991240024567
0.0028045892249792814
0.0028548291884362698
0.002802675822749734
0.002740254858508706
0.002734110690653324
0.0027206584345549345
0.0027585981879383326
0.0027104795444756746
0.0026719155721366405
0.0027089989744126797
0.0027002799324691296
0.0027109310030937195
0.002788441488519311
0.002622346393764019
0.0026916824281215668
0.002693497110158205
0.00263133249245584
0.0026483810506761074
0.0026225876063108444
0.002599484985694289
0.0026311716064810753
0.0026039748918265104
0.002594989025965333
0.0025908092502504587
0.0025997767224907875
0.0025729010812938213
0.002567973919212818
0.0025753923691809177
0.0025379194412380457
0.002564766677096486
0.002541664754971862
0.0025805451441556215
0.002516805427148938
0.0025399087462574244
0.00251421588473022
0.002505313837900758
0.002506434451788664
0.0024756407365202904
0.0024876079987734556
0.0024826631415635347
0.002483674790710211
0.002500643488019705
0.0024559178855270147
0.0024609367828816175
0.0024678867775946856
0.0024807010777294636
0.0024607216473668814
0.0024723748210817575
0.0024237502366304398
0.002399988239631057
0.0023930470924824476
0.0023917758371680975
0.0023888947907835245
0.00236326502636075
0.00237196939997375
0.0023664748296141624
0.002371662063524127
0.0023848856799304485
0.002351759234443307
0.0023780029732733965
0.002368008252233267
0.00238045584410429
0.0023493440821766853
0.0023384629748761654
0.002337582176551223
0.0023418283089995384
0.002327950904145837
0.002308889525011182
0.002320636762306094
0.00233130413107574
0.0023620736319571733
0.0023223399184644222
0.0023298475425690413
0.0023686117492616177
0.0023306745570153
0.002303845016285777
0.0022980759385973215
0.002284018788486719
0.002278805710375309
0.0022905750665813684
0.002292784396559
0.002289149910211563
0.00229475274682045
0.002268656389787793
0.0022656514775007963
0.00225269072689116
0.002274057362228632
0.0022584160324186087
0.0022597769275307655
0.002251368947327137
0.0022632828913629055
0.0022486529778689146
0.0022563408128917217
0.0022362591698765755
0.0022603310644626617
0.002264547161757946
0.0022330034989863634
0.0022175449412316084
0.002246228279545903
0.0022281603887677193
0.0022365543991327286
0.0021991103421896696
0.0021964823827147484
0.002224772935733199
0.0021986463107168674
0.0021941023878753185
0.00221386831253767
0.0022083630319684744
0.002202168572694063
0.002188481856137514
0.002174342516809702
0.0021734428592026234
0.0021841793786734343
0.0021723411045968533
0.0021878418046981096
0.00216078688390553
0.0021635955199599266
0.002138547832146287
0.0021621794439852238
0.0021637617610394955
0.0022107562981545925
0.0021946977358311415
0.002162725431844592
0.002201138297095895
0.0021397944074124098
0.002133128698915243
0.002130466280505061
0.002128168009221554
0.00211711716838181
0.002108272397890687
0.002133357571437955
0.0021154116839170456
0.0021181132178753614
0.002106888685375452
