0.64491868019104
0.5309731960296631
0.45513901114463806
0.3904415965080261
0.3535631000995636
0.32560575008392334
0.301701158285141
0.2861590087413788
0.26717811822891235
0.25952664017677307
0.2470216304063797
0.24615487456321716
0.22772641479969025
0.22417543828487396
0.21100425720214844
0.20168620347976685
0.19429849088191986
0.19198302924633026
0.1806105077266693
0.1732548624277115
0.17413555085659027
0.1624889224767685
0.16346582770347595
0.15453626215457916
0.14832887053489685
0.1470632553100586
0.13469325006008148
0.13075286149978638
0.12424184381961823
0.12183399498462677
0.11567363888025284
0.11224829405546188
0.10348965227603912
0.09659668058156967
0.09421931207180023
0.09786263108253479
0.0956532210111618
0.09121106564998627
0.08600877970457077
0.08787551522254944
0.08590865880250931
0.06792625784873962
0.06304731220006943
0.06460852175951004
0.06278134137392044
0.06980731338262558
0.06626421213150024
0.06519757211208344
0.050160959362983704
0.054148778319358826
0.05253713205456734
0.04794386029243469
0.04470308870077133
0.042587313801050186
0.03710009902715683
0.03903806209564209
0.04016418382525444
0.03451121598482132
0.033387649804353714
0.035153910517692566
0.029013430699706078
0.028907418251037598
0.03242289274930954
0.0284073818475008
0.0368841215968132
0.04329034313559532
0.04079117998480797
0.039104122668504715
0.0261513851583004
0.04147572070360184
0.03366762772202492
0.03382454067468643
0.029400110244750977
0.032787129282951355
0.03640228882431984
0.032908666878938675
0.026107585057616234
0.0206651221960783
0.023438993841409683
0.01959151402115822
0.016190404072403908
0.023662956431508064
0.029156124219298363
0.039685480296611786
0.05839434638619423
0.059599000960588455
0.03574386239051819
0.028358809649944305
0.01719604805111885
0.018978599458932877
0.01734398677945137
0.01597878895699978
0.011463889852166176
0.013039108365774155
0.010845165699720383
0.01539533119648695
0.014700734056532383
0.01367869321256876
0.016822295263409615
0.02161567285656929
0.015576382167637348
0.03493792936205864
0.03190884366631508
0.012385404668748379
0.013398461043834686
0.009750382974743843
0.011202986352145672
0.008742719888687134
0.006792179308831692
0.008534868247807026
0.00625582505017519
0.006373746320605278
0.006279896944761276
0.0075279464945197105
0.0062758768908679485
0.007702901028096676
0.005802556872367859
0.005380784161388874
0.005813127849251032
0.005779966711997986
0.005454421043395996
0.005610632244497538
0.005316411145031452
0.008543627336621284
0.006516082677990198
0.005377979017794132
0.005585569888353348
0.0047756037674844265
0.005572580732405186
0.005091506987810135
0.00459947669878602
0.004295718856155872
0.004481231793761253
0.005408282391726971
0.007507611997425556
0.004591304808855057
0.006083047948777676
0.0049803657457232475
0.00500459922477603
0.0042723966762423515
0.004962732084095478
0.004816751461476088
0.005222007632255554
0.005246996413916349
0.0038125314749777317
0.005424342583864927
0.005928447470068932
0.004565299954265356
0.004350253846496344
0.004735116381198168
0.005323454737663269
0.006714330054819584
0.006502075120806694
0.00912025012075901
0.004567157011479139
0.0034596039913594723
0.007143188267946243
0.004664288833737373
0.003140717511996627
0.005689335521310568
0.00372432847507298
0.0035691303201019764
0.004284285940229893
0.003663957817479968
0.005455194506794214
0.004283225163817406
0.007190378848463297
0.005595837254077196
0.008859093300998211
0.05526621267199516
0.12267482280731201
0.033134497702121735
0.01343577541410923
0.008358430117368698
0.005018454045057297
0.00452581187710166
0.0047741238959133625
0.004099408630281687
0.003695549676194787
0.003593183821067214
0.003279397962614894
0.0032235155813395977
0.0034114348236471415
0.0030993798281997442
0.00304071931168437
0.00311518763191998
0.003316843183711171
0.0028457120060920715
0.003087592776864767
0.0061267064884305
0.004293693695217371
0.0035103680565953255
0.0034926303196698427
0.003207280533388257
0.0035108260344713926
0.002836365718394518
0.00230345013551414
0.0026591583155095577
0.0032845311798155308
0.005206881556659937
0.003475257894024253
0.0025269282050430775
0.0023184847086668015
0.0022739660926163197
0.002203651936724782
0.002601651009172201
0.0024532307870686054
0.0023452253080904484
0.002692579524591565
0.0031533516012132168
0.0018803148996084929
0.0018571506952866912
0.001784942694939673
0.0018859445117413998
0.0018266368424519897
0.0017876897472888231
0.0017580146668478847
0.0017982759745791554
0.0018162663327530026
0.0016553554451093078
0.001690682489424944
0.0017958309035748243
0.0016691370401531458
0.0015827787574380636
0.0015883496962487698
0.0016097702318802476
0.0015799762913957238
0.0016064485535025597
0.0016001058975234628
0.00160215946380049
0.0016379173612222075
0.001595158944837749
0.0015034987591207027
0.0017139129340648651
0.0017293351702392101
0.0015978439478203654
0.0015376482624560595
0.0015385155566036701
0.001486319350078702
0.001507156528532505
0.001413114252500236
0.0015066416235640645
0.0013778050197288394
0.001657712971791625
0.0014553972287103534
0.0013703405857086182
0.0016683373833075166
0.002941600978374481
0.001805097097530961
0.0015123671619221568
0.0014291333500295877
0.0014573594089597464
0.001563172903843224
0.0013626761501654983
0.001388177857734263
0.001426279079169035
0.0013504612725228071
0.001403552247211337
0.0014049157034605742
0.0013624058337882161
0.0013846294023096561
0.0015181628987193108
0.0012591913109645247
0.0012464207829907537
0.0013325900072231889
0.0012754637282341719
0.00157218670938164
0.001441980479285121
0.0011106841266155243
0.001105086412280798
0.0013213831698521972
0.0011760371271520853
0.0013226369628682733
0.0013263459550216794
0.0014047528384253383
0.001306182355619967
0.0011358615010976791
0.0011816772166639566
0.0012086877832189202
0.0012242861557751894
0.0013400849420577288
0.0037495275028049946
0.001212608302012086
0.002943764440715313
0.001223953440785408
0.0011411015875637531
0.001117559615522623
0.0010991079034283757
0.0010564971016719937
0.0010032436111941934
0.0010491767898201942
0.0010375208221375942
0.0010643383720889688
0.001177279744297266
0.0009960131719708443
0.0009071059175767004
0.0009547296212986112
0.001116349478252232
0.0008074905490502715
0.0011683475458994508
0.0010860520415008068
0.0009091117535717785
0.0019419033778831363
0.0012799963587895036
0.0010307957418262959
0.0009648030390962958
0.0008934828802011907
0.0009402001742273569
0.0008661863976158202
0.0008285283111035824
0.0007939616916701198
0.0008061742992140353
0.0007806169451214373
0.0007978464127518237
0.0007814234122633934
0.0007805052446201444
0.0007519806968048215
0.0008034742204472423
0.0007507870905101299
0.0008118424448184669
0.0008049705647863448
0.0010476416209712625
0.0007440141052938998
0.0007746507180854678
0.0008112590294331312
0.0007471957942470908
0.0007629455649293959
0.0007346414495259523
0.0007502700900658965
0.0007401518523693085
0.0007463337969966233
0.0006841596914455295
0.0007618837989866734
0.0007331185624934733
0.0007053219596855342
0.0006867745541967452
0.0006755830254405737
0.0006673276657238603
0.0007052156142890453
0.0007715618121437728
0.0006538909510709345
0.0007722850423306227
0.0006548227975144982
0.0006663220119662583
0.0007048926781862974
0.0007179389358498156
0.0007013367139734328
0.0007035494199953973
0.0006335214129649103
0.0006477470742538571
0.0006653965101577342
0.0006288683507591486
0.0006664079264737666
0.0006602501380257308
0.0006380195263773203
0.0006670383736491203
0.0006530942628160119
0.0006076580029912293
0.0007666986202821136
0.0009723681723698974
0.0007279590936377645
0.0006165438680909574
0.0006566073279827833
0.0006350246840156615
0.0006459611468017101
0.0013018607860431075
0.0009508449584245682
0.0006787428865209222
0.0008293509017676115
0.000596823520027101
0.0005836003110744059
0.0006357216625474393
0.0005663104820996523
0.0005601976881735027
0.0005948076141066849
0.0005595710827037692
0.0005120518617331982
0.000567861192394048
0.0005690555553883314
0.000610464543569833
0.0005510798073373735
0.0005124486633576453
0.000593703705817461
0.0006595596205443144
0.0005139966960996389
0.0005225062486715615
0.000488458841573447
0.00047894034651108086
0.0005409818841144443
0.0004889252595603466
0.0004930789000354707
0.0004935298929922283
0.0005460958927869797
0.0005275335861369967
0.0005410898593254387
0.0005112927756272256
0.0004894346348010004
0.0005401098169386387
0.0006976119475439191
0.000578271399717778
0.0005552064394578338
0.0006840065470896661
0.00043327297316864133
0.0004988190485164523
0.00042873984784819186
0.00043372498475946486
0.000543367350474
0.0004044612869620323
0.0004123660910408944
0.0004778423171956092
0.00038866110844537616
0.0004221876442898065
0.0004036833706777543
0.0004254543746355921
0.0004011171986348927
0.0003951690159738064
0.0003951828693971038
0.0003959948953706771
0.00040353843360207975
0.0003862431913148612
0.0003962765622418374
0.00039328032289631665
0.00040002091554924846
0.0003999161417596042
0.0003902894677594304
0.00038568914169445634
0.00040035528945736587
0.0003803279250860214
0.00039840704994276166
0.00038500604568980634
0.0004086551780346781
0.0004059193015564233
0.0004299134889151901
0.0003670689766295254
0.00043132997234351933
0.00048492333735339344
0.00038151201442815363
0.00037702423287555575
0.00036812611506320536
0.0004144670092500746
0.00036168095539323986
0.00037969808909110725
0.000362918246537447
0.0003863653400912881
0.00036788141005672514
0.0003587190294638276
0.0003866091137751937
0.00035062863025814295
0.00037868425715714693
0.00040631621959619224
0.0003566003288142383
0.000366455118637532
0.00038059576763771474
0.0004114617477171123
0.00035261400626040995
0.0003488316142465919
0.0003615511814132333
0.0003494064148981124
0.0003623791562858969
0.0003335222718305886
0.0003641404036898166
0.00034447459620423615
0.0003531783586367965
0.0003490192466415465
0.00040984712541103363
0.0003433325618971139
0.0003536788863129914
0.0004140131641179323
0.0003308989107608795
0.0003447530616540462
0.0003373238432686776
0.00031602554372511804
0.0003291541070211679
0.0003243994142394513
0.0003253622562624514
0.0003581258642952889
0.0003269338340032846
0.00033513971720822155
0.00034126860555261374
0.0003178418264724314
0.00032414033194072545
0.00032296436256729066
0.0003161932691000402
0.0003292193287052214
0.00031617472996003926
0.0002944192383438349
0.0003666263946797699
0.00040988370892591774
0.0003400540444999933
0.00046042585745453835
0.00031510242843069136
0.0003086503711529076
0.00030105715268291533
0.00029827840626239777
0.0003062464820686728
0.00030171399703249335
0.00028974987799301744
0.0002910529437940568
0.00031427532667294145
0.0002785725228022784
0.0003168816037941724
0.00029400025960057974
0.00028859745361842215
0.00029353020363487303
0.00028773563099093735
0.00029215740505605936
0.0002822081441991031
0.0003003468445967883
0.0002858974621631205
0.00030750909354537725
0.0002828327124007046
0.0002756320754997432
0.00026901811361312866
0.00027820488321594894
0.0002767917758319527
0.0002649352827575058
0.00026511563919484615
0.00027406690060161054
0.0002756372559815645
0.00027636042796075344
0.0002666120417416096
0.00028944603400304914
0.0003161428030580282
0.00028556931647472084
0.0002633475523907691
0.0002690431720111519
0.0002594430698081851
0.00026479436201043427
0.00025825525517575443
0.0002598296559881419
0.0002728413965087384
0.00024658162146806717
0.0002702627389226109
0.00027642727945931256
0.0002624629996716976
0.00023294956190511584
0.00027400089311413467
0.00027109149959869683
0.0002517763350624591
0.0002612515236251056
0.00025617770734243095
0.00025800883304327726
0.0002625045890454203
0.00025184531114064157
0.00025268495664931834
0.00025333158555440605
0.00026141450507566333
0.0002458100498188287
0.00024413429491687566
0.00024624107754789293
0.00024315643531735986
0.00024490372743457556
0.000250910350587219
0.0002519473200663924
0.0002484052092768252
0.0002496750093996525
0.00024369487073272467
0.00024958225549198687
0.0002631599782034755
0.00026146828895434737
0.0002488221216481179
0.00023812084691599011
0.00025020312750712037
0.0002378297649556771
0.00024994692648760974
0.00023961663828231394
0.0002332727744942531
0.0002333435113541782
0.00025616062339395285
0.00023710077221039683
0.00023822160437703133
0.000233182028750889
0.00023494689958170056
0.00023069072631187737
0.00023758916358929127
0.0002313096192665398
0.00022671827173326164
0.00023531416081823409
0.00024085439508780837
0.00022845575585961342
0.0002543932932894677
0.00023850941215641797
0.00023164426966104656
0.0002252593549201265
0.00022601382806897163
0.00022501772036775947
0.0002212130930274725
0.00022706767776980996
0.00022766197798773646
0.00021725427359342575
0.00022464861103799194
0.0002181502350140363
0.0002345625835005194
0.00021818776440341026
0.00023241461894940585
0.00023391155991703272
0.0002205277414759621
0.00024236227909568697
0.00022533988521900028
0.00021160492906346917
0.00022175807680469006
0.00021384746651165187
0.00021287225536070764
0.00020814970775973052
0.0002105374587699771
0.00021166077931411564
0.00020856795890722424
0.00021165725775063038
0.00020693890110123903
