0.7654215097427368
0.6759709119796753
0.6319040656089783
0.5815145373344421
0.5379647612571716
0.5024181604385376
0.4629359543323517
0.43565016984939575
0.41235169768333435
0.39444270730018616
0.3804907500743866
0.36818137764930725
0.3550119400024414
0.3467053472995758
0.3406400978565216
0.33312538266181946
0.3213645815849304
0.3178878128528595
0.313247412443161
0.30467504262924194
0.29891204833984375
0.29555585980415344
0.29115068912506104
0.2869741916656494
0.28496497869491577
0.2829039394855499
0.2746078670024872
0.2770111560821533
0.2681220471858978
0.2650202214717865
0.2632438540458679
0.2582301199436188
0.25577813386917114
0.2538790702819824
0.24993079900741577
0.2484137862920761
0.2544403076171875
0.24600867927074432
0.24079664051532745
0.24035333096981049
0.23369301855564117
0.23047198355197906
0.22906237840652466
0.22910264134407043
0.22588668763637543
0.22356872260570526
0.22030457854270935
0.21776655316352844
0.2156444936990738
0.21245242655277252
0.2124096155166626
0.21194566786289215
0.20997852087020874
0.20735222101211548
0.2092183381319046
0.2023146152496338
0.19894154369831085
0.1976528912782669
0.19778037071228027
0.19466343522071838
0.19241298735141754
0.19249285757541656
0.19321388006210327
0.19690588116645813
0.1945834755897522
0.18494129180908203
0.17973482608795166
0.18312381207942963
0.17754429578781128
0.17970290780067444
0.18428097665309906
0.1803310215473175
0.17326471209526062
0.17422302067279816
0.1729983389377594
0.1680004596710205
0.16741125285625458
0.16745418310165405
0.16381040215492249
0.16181758046150208
0.16356682777404785
0.16034890711307526
0.1597542017698288
0.16047805547714233
0.154735267162323
0.15373067557811737
0.15516841411590576
0.15529048442840576
0.15094836056232452
0.15122805535793304
0.1504908800125122
0.15295402705669403
0.1445857137441635
0.14324846863746643
0.1463840901851654
0.1452217698097229
0.1421905755996704
0.14224053919315338
0.14090333878993988
0.13599316775798798
0.13178923726081848
0.1325833946466446
0.13225439190864563
0.13062112033367157
0.12929260730743408
0.1282035857439041
0.13147218525409698
0.1255079060792923
0.12455913424491882
0.1294819712638855
0.12738832831382751
0.1181991919875145
0.11976505070924759
0.11543664336204529
0.12007217854261398
0.11555445939302444
0.11236275732517242
0.11448229104280472
0.11154159903526306
0.11411374062299728
0.11140289902687073
0.10378749668598175
0.1063656359910965
0.1043734923005104
0.11030718684196472
0.10327698290348053
0.10822280496358871
0.0983128547668457
0.10034247487783432
0.09612154960632324
0.09499330818653107
0.09305696934461594
0.09333357214927673
0.09178012609481812
0.09169936180114746
0.09175632894039154
0.08997862040996552
0.09070592373609543
0.09059429913759232
0.0917731449007988
0.09003105759620667
0.08974024653434753
0.08874743431806564
0.08806562423706055
0.0869707316160202
0.08867378532886505
0.0871853232383728
0.08765354007482529
0.08432701975107193
0.08376616984605789
0.0841028019785881
0.08636024594306946
0.08261620253324509
0.08315704762935638
0.0822581946849823
0.08174369484186172
0.082342229783535
0.08135824650526047
0.07981327921152115
0.0799432173371315
0.0792776495218277
0.07956264168024063
0.07901179045438766
0.08094736933708191
0.08004626631736755
0.07764849811792374
0.07763230800628662
0.07953100651502609
0.07820194214582443
0.07680265605449677
0.07784807682037354
0.07645579427480698
0.07540661841630936
0.07409720122814178
0.07536481320858002
0.07565497606992722
0.07361909002065659
0.072687067091465
0.0774284228682518
0.07413360476493835
0.07446877658367157
0.0715651735663414
0.07136710733175278
0.0700351893901825
0.07090875506401062
0.06995826959609985
0.07063822448253632
0.06884001195430756
0.07188039273023605
0.06910356134176254
0.06914982944726944
0.07013332843780518
0.06900306046009064
0.07298443466424942
0.06772036850452423
0.06788138300180435
0.06607386469841003
0.06563908606767654
0.06574410945177078
0.0641908347606659
0.06441043317317963
0.06396865099668503
0.06303314119577408
0.0633123517036438
0.06316700577735901
0.06177348643541336
0.06187009438872337
0.06250534951686859
0.062061913311481476
0.06116798147559166
0.06197342649102211
0.06305383145809174
0.0618954673409462
0.061361417174339294
0.05963017791509628
0.05947783961892128
0.06197361648082733
0.06024942547082901
0.06008561700582504
0.05821758881211281
0.05874115228652954
0.06011413037776947
0.06322260200977325
0.060717906802892685
0.057462695986032486
0.05593031644821167
0.05489632114768028
0.05540475621819496
0.054178621619939804
0.053553421050310135
0.05249199643731117
0.05286814272403717
0.05281771719455719
0.05274002254009247
0.05245673656463623
0.05215410143136978
0.0518936850130558
0.052145879715681076
0.05151894688606262
0.05103733018040657
0.051429979503154755
0.051222171634435654
0.05105815827846527
0.05141514912247658
0.050454866141080856
0.05034683644771576
0.051977697759866714
0.05032854154706001
0.05012558773159981
0.05005539208650589
0.04993032291531563
0.04957768693566322
0.050001006573438644
0.050392504781484604
0.0496104396879673
0.04983434081077576
0.05011100322008133
0.04885360598564148
0.04877648875117302
0.04821434244513512
0.048276204615831375
0.048393718898296356
0.04818934574723244
0.048033710569143295
0.04766862094402313
0.047852326184511185
0.047170333564281464
0.04711518436670303
0.04695739597082138
0.04695890098810196
0.047120969742536545
0.046995822340250015
0.04646950587630272
0.046698033809661865
0.04720110446214676
0.046731822192668915
0.04635802283883095
0.0454852357506752
0.04581863060593605
0.045944273471832275
0.04559798538684845
0.04537355154752731
0.045369792729616165
0.04551514983177185
0.04648631438612938
0.045167140662670135
0.044114090502262115
0.04408085718750954
0.04414628818631172
0.04371693357825279
0.044690828770399094
0.043859418481588364
0.04465021565556526
0.043958164751529694
0.04382103309035301
0.043063461780548096
0.043302617967128754
0.043320659548044205
0.043635062873363495
0.04288993775844574
0.04268540441989899
0.042610350996255875
0.042276252061128616
0.04244149103760719
0.043566640466451645
0.04085240885615349
0.041571978479623795
0.041606444865465164
0.04177428409457207
0.04170311242341995
0.04042796790599823
0.04029446840286255
0.040589459240436554
0.03990679234266281
0.040664102882146835
0.04090052470564842
0.0422787219285965
0.03929929435253143
0.039856571704149246
0.040124211460351944
0.0392775796353817
0.03983060270547867
0.038669995963573456
0.03928832337260246
0.038627851754426956
0.03818541392683983
0.03867493197321892
0.037705495953559875
0.03853188827633858
0.0373503677546978
0.03710117191076279
0.036952149122953415
0.03696681931614876
0.03647572174668312
0.03652070462703705
0.03638863191008568
0.03640057519078255
0.03617021068930626
0.036171119660139084
0.036304473876953125
0.035895656794309616
0.03618878871202469
0.03585640713572502
0.03587697073817253
0.035598061978816986
0.03551868349313736
0.03542783856391907
0.035765040665864944
0.03544902801513672
0.035035405308008194
0.034938082098960876
0.035171862691640854
0.03467492759227753
0.034917961806058884
0.03465084731578827
0.03479522094130516
0.03457320109009743
0.03435104340314865
0.03480224311351776
0.034341976046562195
0.034058935940265656
0.03403972089290619
0.03400525078177452
0.03420573100447655
0.0338384285569191
0.033829472959041595
0.033924397081136703
0.03410852327942848
0.033322773873806
0.033480435609817505
0.033539772033691406
0.033210381865501404
0.03316297009587288
0.03303445130586624
0.03289930149912834
0.03296497091650963
0.032804716378450394
0.03269362449645996
0.033001355826854706
0.032437436282634735
0.03264250233769417
0.032217349857091904
0.032245490700006485
0.0320461131632328
0.03230153024196625
0.032145775854587555
0.03217799589037895
0.03183383122086525
0.03191753476858139
0.031852416694164276
0.031702298671007156
0.031774699687957764
0.03132255747914314
0.0313183031976223
0.031322840601205826
0.031070981174707413
0.031093299388885498
0.03139464929699898
0.031126786023378372
0.030767016112804413
0.030784904956817627
0.03082866035401821
0.030703866854310036
0.030695844441652298
0.03091447800397873
0.03079592064023018
0.030442185699939728
0.03047286905348301
0.030338764190673828
0.030661948025226593
0.030246451497077942
0.02996889129281044
0.030156772583723068
0.030474402010440826
0.029966576024889946
0.02972741797566414
0.029710441827774048
0.029401255771517754
0.02946038357913494
0.02937457337975502
0.02945903316140175
0.029497725889086723
0.02956697903573513
0.029078898951411247
0.029185660183429718
0.02882060408592224
0.02895301952958107
0.029833834618330002
0.029280295595526695
0.028433021157979965
0.028552984818816185
0.028302976861596107
0.028456060215830803
0.028186190873384476
0.028333375230431557
0.02822950854897499
0.028059503063559532
0.028380289673805237
0.028213568031787872
0.028118111193180084
0.02788703888654709
0.0280227642506361
0.027871811762452126
0.027899296954274178
0.027858024463057518
0.027869975194334984
0.027680831030011177
0.02772723324596882
0.028093984350562096
0.027817009016871452
0.027636898681521416
0.027558201923966408
0.02755754068493843
0.027491332963109016
0.027604276314377785
0.02745882049202919
0.027461810037493706
0.02757139876484871
0.02734527550637722
0.027212955057621002
0.02727045863866806
0.027261823415756226
0.027107074856758118
0.027031617239117622
0.02707466296851635
0.02719196118414402
0.027064964175224304
0.027397243306040764
0.02714633382856846
0.026842188090085983
0.02684519812464714
0.027191048488020897
0.026755183935165405
0.02680250070989132
0.02672634646296501
0.02672099508345127
0.02658751979470253
0.026664026081562042
0.02661009505391121
0.026627030223608017
0.02659608982503414
0.026433218270540237
0.02641981653869152
0.026402495801448822
0.026307284832000732
0.0263533852994442
0.026384245604276657
0.026882007718086243
0.026406152173876762
0.0262750294059515
0.02618199773132801
0.026121674105525017
0.026070863008499146
0.02610909380018711
0.026085397228598595
0.026035886257886887
0.02603013627231121
0.02580130845308304
0.025967076420783997
0.025787735357880592
0.025811374187469482
0.02577301114797592
0.025944579392671585
0.025805240496993065
0.025691254064440727
0.02568400464951992
0.025647152215242386
0.025843169540166855
0.025537336245179176
0.02548178844153881
0.025486504659056664
0.02544979937374592
0.02549879439175129
0.0253375843167305
0.02540838159620762
0.025298096239566803
0.025333547964692116
0.025201626121997833
0.025321079418063164
0.025378860533237457
0.025072379037737846
0.0249943807721138
0.025044137611985207
0.025088222697377205
0.025267861783504486
0.024998798966407776
0.024918198585510254
0.02505720779299736
0.02496231719851494
0.02471049875020981
0.024722307920455933
0.024623671546578407
0.024640601128339767
0.024635780602693558
0.024629028514027596
0.02457611821591854
0.02471870183944702
0.024653291329741478
0.024588240310549736
0.02450796402990818
0.02449304796755314
0.02456970140337944
0.024499163031578064
0.02450341172516346
0.024414902552962303
0.024466028437018394
0.024446872994303703
0.02438374236226082
0.02439158409833908
0.02436463162302971
0.024369806051254272
0.024341780692338943
0.024303624406456947
0.024343617260456085
0.024243324995040894
0.02430655062198639
0.02422141097486019
0.024205036461353302
0.024176284670829773
0.024331601336598396
0.024235621094703674
0.02415439859032631
0.024149173870682716
0.02419472113251686
0.0240851491689682
0.024109933525323868
0.02405974641442299
0.024088766425848007
0.023989621549844742
0.024027422070503235
0.02398972027003765
0.023992501199245453
0.023947754874825478
0.02395794913172722
0.023923015221953392
0.023932483047246933
0.024011768400669098
0.02385489083826542
0.023871339857578278
0.023901794105768204
0.02386789582669735
0.02386624924838543
0.02384340576827526
0.023821242153644562
0.02379157952964306
0.02378927543759346
0.023756153881549835
0.023731287568807602
0.02383408695459366
0.023703526705503464
0.02368207648396492
0.02367662824690342
0.0236382856965065
0.023788679391145706
0.02367624267935753
0.023624347522854805
0.023612964898347855
0.02353304997086525
0.023577364161610603
0.023615919053554535
0.02372160740196705
