0.6308861970901489
0.5707816481590271
0.534902036190033
0.5140472054481506
0.4939347803592682
0.47637563943862915
0.4627254009246826
0.4504157602787018
0.43669643998146057
0.42620787024497986
0.41514283418655396
0.40686899423599243
0.3978809118270874
0.38829460740089417
0.3831138014793396
0.3773152232170105
0.37041887640953064
0.364157110452652
0.35465192794799805
0.34659290313720703
0.34307196736335754
0.336013525724411
0.32928571105003357
0.3222384452819824
0.31749802827835083
0.3130929470062256
0.30466681718826294
0.2998347878456116
0.29586419463157654
0.289224237203598
0.2853642702102661
0.28276413679122925
0.27822911739349365
0.2745336890220642
0.2696985900402069
0.27076029777526855
0.272219717502594
0.26474326848983765
0.261593222618103
0.2583557069301605
0.2536470293998718
0.24948866665363312
0.24825997650623322
0.24564607441425323
0.24353277683258057
0.24359294772148132
0.23858247697353363
0.2432970404624939
0.23233994841575623
0.23380742967128754
0.23186707496643066
0.22990849614143372
0.22501949965953827
0.22351929545402527
0.22220714390277863
0.21819908916950226
0.22249998152256012
0.22124068439006805
0.2122369408607483
0.21140044927597046
0.20747731626033783
0.20661377906799316
0.20800374448299408
0.20308497548103333
0.19972781836986542
0.2005646675825119
0.19748757779598236
0.1960594654083252
0.19393958151340485
0.19818595051765442
0.20169195532798767
0.19900161027908325
0.19014142453670502
0.1852460652589798
0.18205033242702484
0.18018881976604462
0.17675526440143585
0.1752321720123291
0.17267748713493347
0.17120906710624695
0.1735382229089737
0.17233318090438843
0.1734990030527115
0.16715168952941895
0.1745702177286148
0.1694725751876831
0.163835346698761
0.16065697371959686
0.16077101230621338
0.15536700189113617
0.15708646178245544
0.15574659407138824
0.1541011780500412
0.15377411246299744
0.15040916204452515
0.15253899991512299
0.14960899949073792
0.14363175630569458
0.14858295023441315
0.14481694996356964
0.1446576565504074
0.141498863697052
0.1396293342113495
0.1368274986743927
0.13731683790683746
0.13684503734111786
0.13080333173274994
0.13619479537010193
0.1394205391407013
0.1325121819972992
0.130594402551651
0.12751643359661102
0.12362068146467209
0.12927938997745514
0.12732051312923431
0.12267769873142242
0.11858338117599487
0.1181376725435257
0.11709855496883392
0.11569806188344955
0.11840014904737473
0.11330606043338776
0.11467817425727844
0.11907956004142761
0.11272498965263367
0.11008795350790024
0.10803553462028503
0.1079464852809906
0.10768388956785202
0.11039181053638458
0.10785771161317825
0.11653146147727966
0.10563584417104721
0.10980600863695145
0.10240302979946136
0.10438033938407898
0.11180533468723297
0.10145319998264313
0.10193154960870743
0.09943351149559021
0.102538101375103
0.09576962143182755
0.10062628239393234
0.09565816819667816
0.09775320440530777
0.10272261500358582
0.09637361019849777
0.09480085223913193
0.09234072268009186
0.0938357412815094
0.0939621552824974
0.09361676871776581
0.09362608939409256
0.09856025874614716
0.09130135178565979
0.09022907167673111
0.09136131405830383
0.09049482643604279
0.0919257327914238
0.08612421900033951
0.08809947967529297
0.08981459587812424
0.09095703810453415
0.08052005618810654
0.07816513627767563
0.07667168974876404
0.07606911659240723
0.07592285424470901
0.07486981153488159
0.07544635236263275
0.07464110106229782
0.07449426501989365
0.07508866488933563
0.074680857360363
0.07351904362440109
0.07319080084562302
0.0765603706240654
0.07490289211273193
0.07217040657997131
0.07150869071483612
0.07127106934785843
0.07120135426521301
0.07263415306806564
0.07212483882904053
0.07074560970067978
0.06993377953767776
0.06881403177976608
0.06867556273937225
0.06836628913879395
0.06909563392400742
0.06803610175848007
0.06933566927909851
0.06708784401416779
0.06706363707780838
0.06838838756084442
0.06680511683225632
0.06610165536403656
0.06872392445802689
0.06644257158041
0.06624249368906021
0.06495258957147598
0.06412197649478912
0.06384031474590302
0.06354216486215591
0.06418928503990173
0.06321614980697632
0.06539710611104965
0.06383449584245682
0.06334897130727768
0.06553473323583603
0.06421813368797302
0.06371033191680908
0.0630367323756218
0.06124000996351242
0.06178409233689308
0.06300713866949081
0.06061112508177757
0.061774589121341705
0.06228910759091377
0.061947036534547806
0.06130381301045418
0.06004929170012474
0.05875059962272644
0.05854017287492752
0.05948060005903244
0.05876746028661728
0.058799002319574356
0.05913519114255905
0.05787191540002823
0.0575542189180851
0.05897233262658119
0.05984723940491676
0.05891483277082443
0.0587616004049778
0.06097589433193207
0.05778936296701431
0.05779758468270302
0.05643060430884361
0.05504565313458443
0.05562871694564819
0.05514621362090111
0.05656000226736069
0.05548912659287453
0.058734893798828125
0.05520842969417572
0.05382928624749184
0.0553288459777832
0.05912955477833748
0.05430275574326515
0.053965676575899124
0.05365843325853348
0.05562151223421097
0.05282790586352348
0.05448298901319504
0.05244899168610573
0.05307014286518097
0.052149057388305664
0.05302855744957924
0.052467674016952515
0.05314885452389717
0.051543381065130234
0.05214162915945053
0.053428683429956436
0.05035773664712906
0.050006620585918427
0.04962805286049843
0.04982559010386467
0.049366701394319534
0.049306005239486694
0.04923063516616821
0.0497550405561924
0.04929885268211365
0.0488722026348114
0.049256715923547745
0.04869881644845009
0.04927542060613632
0.04882129654288292
0.04868297278881073
0.04880009964108467
0.048328500241041183
0.04821404442191124
0.04902108013629913
0.04896736145019531
0.04880785942077637
0.0485733225941658
0.04841000214219093
0.04793531447649002
0.048782750964164734
0.04742719233036041
0.047299738973379135
0.04871782287955284
0.047428619116544724
0.04694627597928047
0.04683306813240051
0.0467967689037323
0.04693286120891571
0.04722175374627113
0.04632086306810379
0.046288926154375076
0.046270135790109634
0.04641827940940857
0.046128347516059875
0.04612864553928375
0.0461285375058651
0.04606512561440468
0.04585740342736244
0.04583271965384483
0.04632175341248512
0.04539880529046059
0.04549263045191765
0.04574505612254143
0.04560013487935066
0.045200563967227936
0.045356228947639465
0.0456937700510025
0.04470282047986984
0.044748324900865555
0.04546481370925903
0.04521602764725685
0.044944122433662415
0.04465416073799133
0.0451958104968071
0.044869422912597656
0.044093210250139236
0.04395539313554764
0.04460573196411133
0.04460511729121208
0.0439140684902668
0.04379092901945114
0.04351259022951126
0.04388071969151497
0.04352057725191116
0.043595802038908005
0.04344778135418892
0.04366053268313408
0.04318280145525932
0.04260747507214546
0.04335467889904976
0.044324420392513275
0.04307997599244118
0.042763907462358475
0.04277108609676361
0.04305720329284668
0.04293377324938774
0.04284214600920677
0.042561307549476624
0.04182836413383484
0.04226704314351082
0.04184858128428459
0.041190482676029205
0.04106666147708893
0.04109882563352585
0.040993593633174896
0.04061948508024216
0.04141645133495331
0.04253549128770828
0.0409383662045002
0.04032989591360092
0.04036816582083702
0.039956625550985336
0.04004158824682236
0.03990119695663452
0.0395890474319458
0.039402130991220474
0.039356715977191925
0.03925953432917595
0.038839686661958694
0.03874906897544861
0.03869301825761795
0.039264749735593796
0.039364028722047806
0.03908030316233635
0.03896315395832062
0.038572896271944046
0.03856232017278671
0.03858083859086037
0.03888331353664398
0.038451530039310455
0.03844747692346573
0.03858539089560509
0.03832075744867325
0.03818618506193161
0.03815951570868492
0.03842811658978462
0.03807428479194641
0.038252994418144226
0.03809881955385208
0.038146428763866425
0.037987057119607925
0.03797368332743645
0.03780338168144226
0.03788452968001366
0.03803318366408348
0.0377359576523304
0.03792750835418701
0.038072116672992706
0.03773476555943489
0.03768322244286537
0.03774420544505119
0.03787552937865257
0.037531111389398575
0.03753938898444176
0.03757365047931671
0.038392771035432816
0.03753683716058731
0.0372893400490284
0.03717084228992462
0.03732435405254364
0.03709865361452103
0.037195295095443726
0.037017565220594406
0.036980755627155304
0.03701595962047577
0.036966290324926376
0.0375647209584713
0.03707137703895569
0.036832187324762344
0.03686198219656944
0.036808717995882034
0.03661195561289787
0.037095893174409866
0.0366901233792305
0.03676217049360275
0.036709051579236984
0.03660769760608673
0.036382224410772324
0.03643161803483963
0.03638098016381264
0.03632652759552002
0.036626435816287994
0.03622758761048317
0.03627657890319824
0.03631268069148064
0.03608403727412224
0.036370716989040375
0.036243971437215805
0.0360427163541317
0.03676313906908035
0.036286965012550354
0.03607536107301712
0.036188166588544846
0.03610799089074135
0.0358368456363678
0.03570232540369034
0.035718128085136414
0.035610053688287735
0.03561907634139061
0.03567971661686897
0.03554951399564743
0.03569639474153519
0.03570806235074997
0.03532274439930916
0.035575900226831436
0.03594059497117996
0.03573642298579216
0.03535449132323265
0.03527847304940224
0.03534112870693207
0.03536548092961311
0.035391174256801605
0.03513749688863754
0.035043492913246155
0.03499649465084076
0.03487228974699974
0.03479568660259247
0.034751251339912415
0.03476663678884506
0.03485335782170296
0.034750424325466156
0.03468132019042969
0.034661535173654556
0.034600868821144104
0.034552402794361115
0.034614335745573044
0.034613508731126785
0.034725822508335114
0.03472566604614258
0.03456202894449234
0.03468718007206917
0.03452840447425842
0.034508831799030304
0.034439027309417725
0.03452995419502258
0.0344361886382103
0.034613046795129776
0.03428018093109131
0.03441062569618225
0.034465014934539795
0.03422363102436066
0.03434934467077255
0.03428391367197037
0.034215282648801804
0.03423073887825012
0.03420828655362129
0.0343654491007328
0.03438229486346245
0.034130267798900604
0.034118544310331345
0.03411158546805382
0.03408128395676613
0.03460349515080452
0.03431530296802521
0.03423081338405609
0.0341811440885067
0.03394552320241928
0.033913612365722656
0.03394072875380516
0.033955227583646774
0.03399128094315529
0.0341048464179039
0.033833589404821396
0.03393978253006935
0.034144531935453415
0.03388071432709694
0.03396877646446228
0.03379197418689728
0.03367622196674347
0.03371836990118027
0.03371598199009895
0.03370269387960434
0.03362032398581505
0.033728137612342834
0.03369814157485962
0.03361457958817482
0.03361757844686508
0.033570434898138046
0.03347787261009216
0.033534880727529526
0.03350076824426651
0.03347864747047424
0.03377899155020714
0.0334552600979805
0.03342035412788391
0.033497657626867294
0.03337137773633003
0.03342919424176216
0.033521220088005066
0.033377427607774734
0.033329252153635025
0.03332255408167839
0.03329598903656006
0.033363159745931625
0.03342575207352638
0.0332973375916481
0.03329930827021599
0.03321722149848938
0.03322722762823105
0.03323301672935486
0.03327751159667969
0.0330437608063221
0.03330560401082039
0.03309395909309387
0.033206455409526825
0.033036936074495316
0.0330641008913517
0.03312870115041733
0.033022020012140274
0.03298332914710045
0.033008623868227005
0.032969821244478226
0.03291870281100273
0.03295367583632469
0.032983966171741486
0.03279012814164162
0.03277924656867981
0.03276437520980835
0.032732412219047546
0.032695431262254715
0.03274781256914139
0.03278687596321106
0.0327690988779068
0.0327611118555069
0.032659903168678284
0.03269166871905327
0.03270218148827553
0.03268195316195488
0.03269701823592186
0.03266112878918648
0.03264593705534935
0.03266726806759834
0.032625917345285416
0.03265637531876564
0.03263299539685249
0.03257470205426216
0.03259943053126335
0.03258195519447327
0.032568201422691345
0.03261169046163559
0.03258935734629631
0.03251352533698082
0.03250320628285408
0.032523807138204575
0.03254951536655426
0.03259262815117836
0.03253934904932976
0.03251371532678604
0.03249988704919815
0.032545559108257294
0.032470304518938065
0.032456379383802414
0.03247066214680672
