0.689020037651062
0.6813081502914429
0.6722975969314575
0.6610478758811951
0.6456530094146729
0.621190071105957
0.5846619606018066
0.5351187586784363
0.4895385801792145
0.4625592529773712
0.4350460469722748
0.4216478168964386
0.4088985323905945
0.41040608286857605
0.3947797119617462
0.3856698274612427
0.3799021244049072
0.3719336986541748
0.37050512433052063
0.36924460530281067
0.36855658888816833
0.3629637062549591
0.3567354679107666
0.3569921851158142
0.3526231050491333
0.3484765589237213
0.3435623049736023
0.34695252776145935
0.341401606798172
0.3423170745372772
0.3411748707294464
0.34081366658210754
0.3362538814544678
0.33272814750671387
0.33016088604927063
0.33063051104545593
0.33028122782707214
0.32790786027908325
0.3296811580657959
0.3256346583366394
0.3245909512042999
0.3246588408946991
0.3225274980068207
0.3239491581916809
0.3206498920917511
0.31952887773513794
0.31973400712013245
0.3188696801662445
0.318045049905777
0.31834807991981506
0.31762605905532837
0.31427818536758423
0.314772367477417
0.3128078281879425
0.31401780247688293
0.31068935990333557
0.31402960419654846
0.3084329664707184
0.30720674991607666
0.30620792508125305
0.30471524596214294
0.30538979172706604
0.3063642382621765
0.30045706033706665
0.30358025431632996
0.29979267716407776
0.3009905517101288
0.2964332699775696
0.3063456118106842
0.3007313013076782
0.29579219222068787
0.2940133512020111
0.29169249534606934
0.2921619415283203
0.29228469729423523
0.2908061146736145
0.2881197929382324
0.2899709939956665
0.2899109423160553
0.2941950857639313
0.28711816668510437
0.2838467061519623
0.28470364212989807
0.2831057012081146
0.2869207262992859
0.28314095735549927
0.28074881434440613
0.28164544701576233
0.2851012647151947
0.280380517244339
0.2769412696361542
0.27618053555488586
0.2765147089958191
0.2740024924278259
0.2724195718765259
0.27496397495269775
0.2735976278781891
0.2718164324760437
0.2687072157859802
0.26785269379615784
0.2690544128417969
0.2694101929664612
0.2699076235294342
0.2682144343852997
0.26611921191215515
0.2695467472076416
0.2641265392303467
0.2633758783340454
0.26414400339126587
0.2627929449081421
0.2670173645019531
0.2583988308906555
0.26136133074760437
0.25988221168518066
0.26406797766685486
0.2651752531528473
0.2570679783821106
0.26038306951522827
0.2567571699619293
0.2550886273384094
0.25501638650894165
0.2560328543186188
0.2538995146751404
0.25409364700317383
0.25265365839004517
0.25166910886764526
0.25141578912734985
0.24892747402191162
0.2531226575374603
0.24887944757938385
0.24945086240768433
0.25061285495758057
0.247535839676857
0.24799898266792297
0.24624976515769958
0.2454603761434555
0.24445411562919617
0.2452581226825714
0.24484017491340637
0.2456909716129303
0.2426803708076477
0.24372923374176025
0.24500511586666107
0.2429627627134323
0.24459707736968994
0.23789434134960175
0.23998431861400604
0.23538324236869812
0.23915961384773254
0.23661737143993378
0.241836816072464
0.23737435042858124
0.23627997934818268
0.2394050508737564
0.23712681233882904
0.23535364866256714
0.2357042133808136
0.24180009961128235
0.24480067193508148
0.24369733035564423
0.2389790117740631
0.2334478795528412
0.237736314535141
0.23265567421913147
0.2312328815460205
0.22994954884052277
0.23041680455207825
0.23512627184391022
0.22995716333389282
0.2270878702402115
0.23021867871284485
0.23071636259555817
0.23779909312725067
0.2310672551393509
0.22810286283493042
0.23008953034877777
0.23469118773937225
0.22846196591854095
0.22679875791072845
0.23437237739562988
0.2320418655872345
0.22977714240550995
0.23054902255535126
0.23132453858852386
0.23202845454216003
0.22729192674160004
0.22531770169734955
0.22434058785438538
0.2287721037864685
0.2238490879535675
0.22293029725551605
0.2222876101732254
0.2252068817615509
0.2229297161102295
0.22921477258205414
0.22471171617507935
0.22709356248378754
0.22303305566310883
0.22171923518180847
0.2201554775238037
0.22318287193775177
0.22329097986221313
0.2237880378961563
0.21945109963417053
0.21920999884605408
0.21918155252933502
0.21615983545780182
0.21897993981838226
0.21928663551807404
0.21441234648227692
0.216777041554451
0.21643421053886414
0.2159828394651413
0.21654297411441803
0.21520699560642242
0.2152111679315567
0.2151009738445282
0.21268600225448608
0.21108341217041016
0.21372924745082855
0.21198295056819916
0.21781709790229797
0.21761608123779297
0.21728675067424774
0.21737806499004364
0.21114249527454376
0.21356609463691711
0.2109525501728058
0.20845049619674683
0.21139980852603912
0.2112257182598114
0.20783233642578125
0.21077966690063477
0.21602033078670502
0.2077637016773224
0.20614077150821686
0.207632377743721
0.2097352147102356
0.211494579911232
0.20789499580860138
0.20641209185123444
0.20654495060443878
0.20457513630390167
0.20595583319664001
0.2040495127439499
0.20262543857097626
0.20516175031661987
0.2073449343442917
0.2005709558725357
0.20408174395561218
0.20939205586910248
0.2051583081483841
0.20098574459552765
0.2019314169883728
0.20440331101417542
0.20255307853221893
0.20450349152088165
0.20459482073783875
0.20718103647232056
0.2077612280845642
0.21168015897274017
0.20113985240459442
0.20283712446689606
0.20385855436325073
0.2022988498210907
0.20036768913269043
0.19787967205047607
0.19947636127471924
0.20644855499267578
0.1960550993680954
0.1989055722951889
0.19635778665542603
0.20179004967212677
0.1977916955947876
0.1966022402048111
0.19509559869766235
0.19497165083885193
0.19678694009780884
0.19556653499603271
0.19736191630363464
0.1955234259366989
0.19310268759727478
0.2000131607055664
0.1974857896566391
0.19683940708637238
0.1968451291322708
0.19522356986999512
0.1933995932340622
0.1935502290725708
0.19720052182674408
0.19511522352695465
0.19718801975250244
0.20317442715168
0.19570083916187286
0.1960952877998352
0.19343438744544983
0.1963808834552765
0.1912071406841278
0.19532643258571625
0.1939929574728012
0.18976210057735443
0.19051793217658997
0.19801002740859985
0.19028529524803162
0.192997008562088
0.19745944440364838
0.18915025889873505
0.1916232854127884
0.18705013394355774
0.18852637708187103
0.19076041877269745
0.20074309408664703
0.1869492083787918
0.18953415751457214
0.1889924854040146
0.1853707879781723
0.18762782216072083
0.18627245724201202
0.18723517656326294
0.18732590973377228
0.18581221997737885
0.1861104518175125
0.18541239202022552
0.18698129057884216
0.1820736825466156
0.18858051300048828
0.19211377203464508
0.1887538731098175
0.18326407670974731
0.18462051451206207
0.1804373413324356
0.18630416691303253
0.1852635145187378
0.18728125095367432
0.1824304461479187
0.18359026312828064
0.1876685917377472
0.187595933675766
0.18224112689495087
0.18059475719928741
0.1922106146812439
0.17936179041862488
0.1824307143688202
0.18223418295383453
0.17846572399139404
0.18700118362903595
0.18061569333076477
0.18429234623908997
0.17918771505355835
0.1816549301147461
0.17801730334758759
0.17832040786743164
0.17890362441539764
0.1823645532131195
0.18069809675216675
0.18120980262756348
0.17953746020793915
0.17459380626678467
0.17868800461292267
0.17689412832260132
0.18290530145168304
0.18335497379302979
0.1911008507013321
0.18033191561698914
0.18473346531391144
0.18241426348686218
0.1894431710243225
0.1769748479127884
0.17829521000385284
0.17477533221244812
0.176904559135437
0.17421433329582214
0.1744443029165268
0.1746966540813446
0.1845601499080658
0.1802757829427719
0.17731957137584686
0.17836275696754456
0.1767137348651886
0.17824123799800873
0.17318221926689148
0.17508864402770996
0.17667299509048462
0.1807502955198288
0.17915107309818268
0.17526300251483917
0.17500197887420654
0.1770140379667282
0.1750490963459015
0.172946959733963
0.17470623552799225
0.17350316047668457
0.17171314358711243
0.17244598269462585
0.178741917014122
0.1722126454114914
0.18061500787734985
0.17544019222259521
0.19543235003948212
0.1786649078130722
0.1737716645002365
0.17197467386722565
0.17123627662658691
0.169501394033432
0.1723049134016037
0.179520845413208
0.17097347974777222
0.17064593732357025
0.1735064536333084
0.17268046736717224
0.17292429506778717
0.16982333362102509
0.16900373995304108
0.1687806248664856
0.17166419327259064
0.1696632355451584
0.1707146316766739
0.17332647740840912
0.17112192511558533
0.1722492128610611
0.1783897429704666
0.18007010221481323
0.17463602125644684
0.1690026819705963
0.170517697930336
0.1729259043931961
0.17550119757652283
0.17872734367847443
0.16725468635559082
0.16870220005512238
0.16600751876831055
0.166960209608078
0.17251241207122803
0.16979409754276276
0.1746176928281784
0.16669847071170807
0.17090195417404175
0.16713152825832367
0.17050370573997498
0.16941115260124207
0.16635333001613617
0.16961294412612915
0.1673954874277115
0.16552990674972534
0.16226699948310852
0.16740766167640686
0.1671118289232254
0.17797613143920898
0.17101645469665527
0.16500495374202728
0.165085107088089
0.16336284577846527
0.166176900267601
0.18785540759563446
0.17625635862350464
0.16849899291992188
0.16668696701526642
0.1647835522890091
0.1645202785730362
0.16623178124427795
0.16656653583049774
0.164883092045784
0.1665600836277008
0.16492243111133575
0.1651906967163086
0.16766655445098877
0.16734133660793304
0.16454684734344482
0.16316772997379303
0.16011692583560944
0.17129051685333252
0.16487044095993042
0.1657913476228714
0.16974426805973053
0.16245558857917786
0.16424086689949036
0.1605105996131897
0.1635565608739853
0.1611412614583969
0.15982669591903687
0.1592521071434021
0.1596543937921524
0.16182322800159454
0.16421768069267273
0.16606645286083221
0.16848918795585632
0.1717827171087265
0.16780774295330048
0.16279767453670502
0.16631628572940826
0.1745065450668335
0.17694316804409027
0.17613987624645233
0.16665972769260406
0.16619734466075897
0.16704832017421722
0.1626979261636734
0.15985532104969025
0.16118298470973969
0.16698582470417023
0.16310720145702362
0.1657171994447708
0.16700588166713715
0.1583378165960312
0.15995176136493683
0.15848752856254578
0.16115057468414307
0.16336148977279663
0.16423505544662476
0.16038784384727478
0.1575552076101303
0.15499843657016754
0.15868033468723297
0.15618962049484253
0.1551947146654129
0.16328749060630798
0.16617558896541595
0.159002423286438
0.16340826451778412
0.1570824384689331
0.1539287120103836
0.15777802467346191
0.1573813110589981
0.15937012434005737
0.16027146577835083
0.1566188484430313
0.15442444384098053
0.15469077229499817
0.1555686593055725
0.15775789320468903
0.1551915556192398
0.154853954911232
0.15271824598312378
0.1589631736278534
0.15768562257289886
0.15509408712387085
0.15597392618656158
0.15481676161289215
0.15289956331253052
0.15689748525619507
0.1553070992231369
0.15210357308387756
0.16173891723155975
0.16731330752372742
0.17173734307289124
0.15834453701972961
0.1679471880197525
0.1867581605911255
0.1709807962179184
0.16585013270378113
0.17063991725444794
0.15634685754776
0.15331880748271942
0.15531422197818756
0.15755783021450043
0.1507287174463272
0.14977554976940155
0.15076041221618652
0.1558113843202591
0.15478461980819702
0.15101107954978943
0.1550791710615158
0.1495846062898636
0.16176220774650574
0.15574155747890472
0.15110450983047485
0.1501813679933548
0.14669780433177948
0.15338002145290375
0.14780853688716888
0.1468230038881302
0.15058371424674988
0.15180402994155884
0.14810410141944885
0.15009959042072296
0.14687563478946686
0.14232933521270752
0.14311960339546204
0.1439833641052246
0.1425773948431015
0.14647354185581207
0.14893898367881775
0.15406252443790436
0.14670124650001526
0.1515890508890152
0.1492198407649994
0.14768904447555542
0.14499454200267792
0.14564068615436554
0.1435023844242096
0.15326906740665436
0.1490287482738495
0.14796501398086548
0.14236222207546234
0.14488095045089722
0.1426130086183548
0.1485099494457245
0.1434272825717926
0.1417822688817978
0.14453035593032837
0.14803732931613922
0.14263726770877838
0.14345119893550873
0.14139828085899353
0.14463330805301666
0.1423501819372177
0.14039285480976105
0.13945408165454865
0.1393180787563324
0.14139315485954285
0.14146563410758972
0.14241771399974823
0.15669943392276764
0.1495596468448639
0.14264266192913055
0.14510363340377808
0.1578257828950882
0.150188148021698
0.14955729246139526
0.14645259082317352
0.14650370180606842
0.1408984661102295
0.1412016600370407
0.14833635091781616
0.13924480974674225
0.1397102177143097
0.13738809525966644
0.14893102645874023
0.15184813737869263
0.14594513177871704
0.14405997097492218
0.14475268125534058
0.1389528065919876
0.15111637115478516
0.14698438346385956
0.1531192511320114
0.14207039773464203
0.14091913402080536
0.14727574586868286
0.1485825628042221
0.13793814182281494
0.141732856631279
0.1447552740573883
0.1425890326499939
0.13861240446567535
0.13955765962600708
0.14496751129627228
0.15349581837654114
0.15672136843204498
0.13649646937847137
0.13969047367572784
0.13901396095752716
0.137971431016922
0.14034658670425415
0.13790886104106903
0.14873327314853668
0.13980011641979218
0.14319001138210297
0.1455022394657135
0.14152279496192932
0.14840726554393768
0.14562419056892395
0.13369672000408173
0.13770850002765656
0.13981996476650238
0.1479928344488144
0.14068929851055145
0.1395818293094635
0.14084425568580627
0.13446752727031708
0.14335337281227112
0.1438998579978943
0.1446598470211029
0.13407039642333984
0.13461096584796906
0.13387294113636017
0.13553282618522644
0.1358458399772644
0.14067253470420837
0.13848824799060822
0.1330161690711975
0.14012865722179413
0.13619571924209595
0.13549035787582397
0.13219739496707916
0.13428431749343872
0.13193687796592712
0.1342858225107193
0.13532647490501404
0.13299553096294403
0.13949063420295715
0.13187122344970703
0.14264237880706787
0.1406770795583725
0.13815723359584808
0.13289426267147064
0.12913626432418823
0.13002319633960724
0.1451752483844757
0.14742763340473175
0.14099997282028198
0.13647225499153137
0.13615208864212036
0.13681785762310028
0.13441848754882812
0.13021285831928253
0.13476203382015228
0.144667848944664
0.1321137696504593
0.1369592696428299
0.1305372714996338
0.13200025260448456
0.13091665506362915
0.13547033071517944
0.13228988647460938
0.12839876115322113
0.1280127316713333
0.1342197060585022
0.1356053650379181
0.13051669299602509
0.13189563155174255
0.1279136836528778
0.1288173347711563
0.1270793229341507
0.13232463598251343
0.13192497193813324
0.13228239119052887
0.13604530692100525
0.12895560264587402
0.12999634444713593
0.13612517714500427
0.13687588274478912
0.1336372047662735
0.13047857582569122
0.13203884661197662
0.12415403872728348
0.1249224990606308
0.13028059899806976
0.1315108835697174
0.12467899918556213
0.13625462353229523
0.1340683102607727
0.1332366019487381
0.13256524503231049
0.12806236743927002
0.1288684457540512
0.1321999579668045
0.13884539902210236
0.12713637948036194
0.1256314218044281
0.1260158270597458
0.1244741678237915
0.12860488891601562
0.13211612403392792
0.12806092202663422
0.12468831241130829
0.1250857710838318
0.12801918387413025
0.12869927287101746
0.12394218891859055
0.12829823791980743
0.1319855898618698
0.1361992210149765
0.1254463493824005
0.13035473227500916
0.12894584238529205
0.12894822657108307
0.12066823244094849
0.1186591237783432
0.11845822632312775
0.12294795364141464
0.12746766209602356
0.14637261629104614
0.16854839026927948
0.15132443606853485
0.1343822330236435
0.12729676067829132
0.12227732688188553
0.12327370792627335
0.12493845820426941
0.13331134617328644
0.13082824647426605
0.12272567301988602
0.11924242228269577
0.12021191418170929
0.12717603147029877
0.12644602358341217
0.12486537545919418
0.12764063477516174
0.12754318118095398
0.14246051013469696
0.14689528942108154
0.1410091072320938
0.12811997532844543
0.12468688935041428
0.13594643771648407
0.1365024745464325
0.12868048250675201
0.12835486233234406
0.12184073030948639
0.1301221400499344
0.12381567060947418
0.12008179724216461
0.11965361982584
0.12151242047548294
0.16776160895824432
0.1506262868642807
0.13342520594596863
0.1296791285276413
0.12446516007184982
0.12486317753791809
0.12270268052816391
0.11857243627309799
0.12571704387664795
0.1256667673587799
0.123038649559021
0.12788096070289612
0.12982426583766937
0.1261599212884903
0.13170687854290009
0.12325529754161835
0.13121606409549713
0.11849287152290344
0.11789870262145996
0.12111704051494598
0.12090086191892624
0.11791382730007172
0.1164085641503334
0.12008635699748993
0.12106398493051529
0.12022228538990021
0.11885720491409302
0.12112642079591751
0.11531228572130203
0.11989755183458328
0.1288125216960907
0.12238714098930359
0.12152909487485886
0.1226956769824028
0.11844898015260696
0.11766696721315384
0.11897403001785278
0.11644916981458664
0.11834192276000977
0.11501765251159668
0.11592410504817963
0.12340018153190613
0.12326424568891525
0.12580490112304688
0.12366171926259995
0.11554926633834839
0.11715088039636612
0.11753012984991074
0.11877437680959702
0.12123562395572662
0.12361519783735275
0.12726454436779022
0.11686240136623383
0.11632729321718216
0.11659571528434753
0.11280977725982666
0.12545041739940643
0.1308630406856537
0.12227874994277954
0.11923027038574219
0.12230714410543442
0.11756379902362823
0.1180708259344101
0.11865147203207016
0.1181909367442131
0.11248955130577087
0.11775034666061401
0.11121822893619537
0.11661083996295929
0.1497591882944107
0.14945240318775177
0.15143819153308868
0.13246861100196838
0.13718202710151672
0.12391272932291031
0.11784908920526505
0.11650228500366211
0.13022480905056
0.12752969563007355
0.12089530378580093
0.12065108865499496
0.12040211260318756
0.11851175874471664
0.11986881494522095
0.1267838478088379
0.11922242492437363
0.1249932125210762
0.12531666457653046
0.1247677356004715
0.13105058670043945
0.1407487839460373
0.12753655016422272
0.12752021849155426
0.11956210434436798
0.11597805470228195
0.11242955923080444
0.11523352563381195
0.1182737648487091
0.11484929174184799
0.11462566256523132
0.1174832358956337
0.1183319240808487
0.11783595383167267
0.11105889827013016
0.11632779240608215
0.11139103025197983
0.1128811165690422
0.11044085770845413
0.11050664633512497
0.11060475558042526
0.11278977245092392
0.11597593128681183
0.1311235874891281
0.16065539419651031
0.1292264461517334
0.14534789323806763
0.12119785696268082
0.11328276246786118
0.1264161318540573
0.14671258628368378
0.12411472946405411
0.11946284770965576
0.11801718175411224
0.11526362597942352
0.11532935500144958
0.12053220719099045
0.11017770320177078
0.10840751230716705
0.11021323502063751
0.11014596372842789
0.11340045928955078
0.11704079806804657
0.11589457094669342
0.11015567928552628
0.11464431136846542
0.11709214746952057
0.14107707142829895
0.13845676183700562
0.13602417707443237
0.12381225824356079
0.11447601020336151
0.11114464700222015
0.10735196620225906
0.1133730411529541
0.11073824018239975
0.10940059274435043
0.10718981921672821
0.11381135880947113
0.10609287768602371
0.11479911208152771
0.11762778460979462
0.11860308051109314
0.12649419903755188
0.12661683559417725
0.14915449917316437
0.1229923814535141
0.1235608458518982
0.12327994406223297
0.11514774709939957
0.11238390952348709
0.11094292998313904
0.11210289597511292
0.12567171454429626
0.11179263889789581
0.10797525197267532
0.1122313141822815
0.11486917734146118
0.12969902157783508
0.11435750871896744
0.10877882689237595
0.10778140276670456
0.10608506947755814
0.105821393430233
0.10664664208889008
0.10582967847585678
0.1047893688082695
0.11056359112262726
0.12684056162834167
0.11315558105707169
0.10557792335748672
0.10686980932950974
0.1116555854678154
0.11481836438179016
0.11734211444854736
0.10819435864686966
0.12273728102445602
0.12187914550304413
0.11363188177347183
0.11428648978471756
0.11276563256978989
0.12443160265684128
0.11769231408834457
0.11696384102106094
0.11029297858476639
0.11829375475645065
