0.6916153430938721
0.687958300113678
0.6832758188247681
0.674726665019989
0.6614891886711121
0.642587423324585
0.6198840737342834
0.5949161052703857
0.5692059397697449
0.5440109968185425
0.5185765624046326
0.4928288459777832
0.4691762626171112
0.43920251727104187
0.4071660339832306
0.3797479271888733
0.36179444193840027
0.3498073220252991
0.34317150712013245
0.33943143486976624
0.3353775441646576
0.33885636925697327
0.33226558566093445
0.3285888433456421
0.33121541142463684
0.32314687967300415
0.32819896936416626
0.3211502432823181
0.32199594378471375
0.3206043243408203
0.31700843572616577
0.3150642216205597
0.3127964735031128
0.31140556931495667
0.30969396233558655
0.3098735809326172
0.3071557581424713
0.30544963479042053
0.30542460083961487
0.30523937940597534
0.3053605556488037
0.29977330565452576
0.29970207810401917
0.2959475815296173
0.2982509434223175
0.2942126989364624
0.2936524748802185
0.29576757550239563
0.2902086675167084
0.2911042869091034
0.2883424162864685
0.2850286364555359
0.2885687053203583
0.28285840153694153
0.28178977966308594
0.2805909514427185
0.2797505557537079
0.27859652042388916
0.27835896611213684
0.2777860760688782
0.27583134174346924
0.27881401777267456
0.2751232385635376
0.2744586765766144
0.2739352285861969
0.2718878984451294
0.27383190393447876
0.27265217900276184
0.26968279480934143
0.2699633538722992
0.267476886510849
0.26668888330459595
0.2664172351360321
0.26527613401412964
0.2663722038269043
0.2677134871482849
0.26803553104400635
0.2646925449371338
0.261385977268219
0.2619512677192688
0.26249298453330994
0.2602574825286865
0.25837478041648865
0.26129207015037537
0.26008665561676025
0.25519490242004395
0.2576199471950531
0.257263720035553
0.25717586278915405
0.2574889659881592
0.2543400228023529
0.25600019097328186
0.25869020819664
0.25466081500053406
0.25458523631095886
0.2530556917190552
0.25388479232788086
0.2510049045085907
0.2563565671443939
0.25381460785865784
0.25168025493621826
0.24942255020141602
0.24817903339862823
0.24718712270259857
0.24706900119781494
0.2464834749698639
0.2483336180448532
0.24735958874225616
0.24437761306762695
0.24615493416786194
0.2456575483083725
0.24550621211528778
0.24601472914218903
0.24484066665172577
0.24498552083969116
0.24037869274616241
0.24103224277496338
0.24126219749450684
0.2408922165632248
0.23810768127441406
0.23898695409297943
0.24042774736881256
0.23959806561470032
0.24194057285785675
0.2360788732767105
0.2350960075855255
0.23750193417072296
0.2372797131538391
0.23418687283992767
0.23700225353240967
0.23726941645145416
0.23349814116954803
0.2346602976322174
0.23224376142024994
0.23479346930980682
0.23222583532333374
0.23310725390911102
0.23291489481925964
0.23285987973213196
0.232261523604393
0.2353135347366333
0.22811877727508545
0.2296399474143982
0.23079299926757812
0.22693924605846405
0.2291647046804428
0.2265322059392929
0.22645783424377441
0.2306787371635437
0.224810391664505
0.22977082431316376
0.22494284808635712
0.22714273631572723
0.22483104467391968
0.2294677197933197
0.23012879490852356
0.23079875111579895
0.22261962294578552
0.22616134583950043
0.22310657799243927
0.22367525100708008
0.22318170964717865
0.22384770214557648
0.21908226609230042
0.21906879544258118
0.22131478786468506
0.21926887333393097
0.2182048112154007
0.21981847286224365
0.21977964043617249
0.21660476922988892
0.2177223116159439
0.21589480340480804
0.21532534062862396
0.2165009081363678
0.21686872839927673
0.2163192182779312
0.21411848068237305
0.21496698260307312
0.21789130568504333
0.21626998484134674
0.2156134694814682
0.21471887826919556
0.21515518426895142
0.21462547779083252
0.21302974224090576
0.21400517225265503
0.2130354642868042
0.2127048820257187
0.21370507776737213
0.2129993587732315
0.2118394821882248
0.21433556079864502
0.22145456075668335
0.21295331418514252
0.21342545747756958
0.2142544984817505
0.21446537971496582
0.21985189616680145
0.21268616616725922
0.21572527289390564
0.22719983756542206
0.21878108382225037
0.21340788900852203
0.21882519125938416
0.2092357873916626
0.2090516835451126
0.21110546588897705
0.20987503230571747
0.2088858187198639
0.2116665244102478
0.2080056220293045
0.21182046830654144
0.2145293653011322
0.20865800976753235
0.2135901004076004
0.2079789787530899
0.2075250893831253
0.20738482475280762
0.2105845957994461
0.21159595251083374
0.2233322560787201
0.21344323456287384
0.214127317070961
0.20660261809825897
0.21661517024040222
0.21376506984233856
0.21443066000938416
0.21276532113552094
0.21916407346725464
0.2086452841758728
0.20851664245128632
0.20799049735069275
0.21076469123363495
0.20796458423137665
0.20597654581069946
0.20526428520679474
0.20637528598308563
0.20646268129348755
0.20378370583057404
0.20640522241592407
0.21638387441635132
0.21130208671092987
0.2094765305519104
0.2052271068096161
0.2090897262096405
0.21544122695922852
0.20916692912578583
0.20793701708316803
0.20619963109493256
0.20293974876403809
0.20333050191402435
0.20657432079315186
0.20505152642726898
0.20399528741836548
0.20596089959144592
0.21068856120109558
0.2125629186630249
0.20973625779151917
0.20960389077663422
0.20657750964164734
0.20302943885326385
0.20536932349205017
0.21589556336402893
0.2013988494873047
0.21827948093414307
0.20936962962150574
0.20614410936832428
0.20949018001556396
0.2042037546634674
0.20425638556480408
0.20126231014728546
0.20064078271389008
0.20216286182403564
0.20327679812908173
0.20368555188179016
0.2048017829656601
0.2004479169845581
0.2010776847600937
0.20334893465042114
0.2025541216135025
0.21093977987766266
0.2037954330444336
0.21027421951293945
0.2013125717639923
0.20165222883224487
0.20418043434619904
0.20518295466899872
0.20251862704753876
0.20135380327701569
0.20038087666034698
0.2026175558567047
0.20029698312282562
0.20300811529159546
0.20968957245349884
0.2034783661365509
0.20050197839736938
0.199364572763443
0.20715759694576263
0.20488590002059937
0.20308314263820648
0.19956910610198975
0.19853506982326508
0.20027488470077515
0.20590555667877197
0.20302250981330872
0.20671549439430237
0.20222733914852142
0.20472125709056854
0.19813454151153564
0.1965026557445526
0.19745130836963654
0.20170184969902039
0.1979595124721527
0.1991567313671112
0.19718194007873535
0.19792449474334717
0.2043631672859192
0.19908910989761353
0.20199719071388245
0.2028360813856125
0.20978811383247375
0.21005867421627045
0.19836272299289703
0.19969941675662994
0.19579805433750153
0.20036815106868744
0.19905348122119904
0.20391619205474854
0.20105305314064026
0.19780901074409485
0.19631733000278473
0.1992788314819336
0.20121009647846222
0.20417873561382294
0.19988925755023956
0.1984637975692749
0.1962255835533142
0.19682452082633972
0.19484981894493103
0.19492413103580475
0.20043915510177612
0.19522273540496826
0.20176945626735687
0.20064406096935272
0.1944149136543274
0.20506474375724792
0.19991141557693481
0.19860360026359558
0.19670458137989044
0.20011723041534424
0.19955943524837494
0.2052970975637436
0.21405752003192902
0.20573808252811432
0.1999724805355072
0.1969531923532486
0.19433143734931946
0.19873425364494324
0.20292901992797852
0.19931553304195404
0.2013169527053833
0.19385269284248352
0.19512984156608582
0.19440633058547974
0.19530700147151947
0.19658632576465607
0.19451667368412018
0.19812922179698944
0.20021317899227142
0.1996515542268753
0.20697151124477386
0.19808638095855713
0.19699347019195557
0.19379682838916779
0.19400815665721893
0.19389565289020538
0.19351722300052643
0.19234612584114075
0.2038465142250061
0.19758152961730957
0.19884636998176575
0.19408372044563293
0.19499020278453827
0.1968291699886322
0.19619208574295044
0.19560466706752777
0.1957765519618988
0.195781871676445
0.19907359778881073
0.20000895857810974
0.19375430047512054
0.19440096616744995
0.2060825079679489
0.19924135506153107
0.1973486691713333
0.19453087449073792
0.19542446732521057
0.19501064717769623
0.19133709371089935
0.19827501475811005
0.2003912329673767
0.19214852154254913
0.1909124255180359
0.18960580229759216
0.19275256991386414
0.1928478181362152
0.19308532774448395
0.19129212200641632
0.19091501832008362
0.1900351494550705
0.19854263961315155
0.22518499195575714
0.20271329581737518
0.19420072436332703
0.19582124054431915
0.190870463848114
0.18978562951087952
0.20785419642925262
0.2037833034992218
0.19722911715507507
0.1978311389684677
0.2041175663471222
0.19577644765377045
0.1983005255460739
0.2044307440519333
0.20240037143230438
0.19862708449363708
0.19665665924549103
0.20694001019001007
0.2039167732000351
0.20083273947238922
0.1947391927242279
0.1912330985069275
0.19290511310100555
0.18973003327846527
0.1899130940437317
0.19057370722293854
0.1887805163860321
0.18773147463798523
0.19206170737743378
0.19209599494934082
0.18824101984500885
0.19357460737228394
0.19303598999977112
0.1989179253578186
0.1891726404428482
0.19077308475971222
0.19102539122104645
0.18796677887439728
0.18751993775367737
0.1922740787267685
0.18912528455257416
0.18844981491565704
0.18811175227165222
0.18898648023605347
0.1933133900165558
0.18847744166851044
0.18622136116027832
0.20164763927459717
0.1911952644586563
0.19930237531661987
0.20285797119140625
0.20357589423656464
0.20255136489868164
0.2067088931798935
0.1948375701904297
0.19250115752220154
0.19433780014514923
0.18926511704921722
0.18684546649456024
0.19130076467990875
0.19568867981433868
0.19590145349502563
0.19045385718345642
0.18696260452270508
0.18819987773895264
0.19089064002037048
0.1868291050195694
0.18862801790237427
0.19243021309375763
0.18485289812088013
0.19791120290756226
0.19507823884487152
0.1889764368534088
0.19186930358409882
0.20334605872631073
0.18962420523166656
0.18889056146144867
0.18821316957473755
0.19258961081504822
0.1862012892961502
0.18476514518260956
0.18547627329826355
0.19333826005458832
0.19102118909358978
0.18858864903450012
0.19112592935562134
0.18864916265010834
0.19854609668254852
0.1913527101278305
0.1905454844236374
0.2012205868959427
0.19089029729366302
0.18676917254924774
0.1864691972732544
0.18517336249351501
0.18478088080883026
0.1916094869375229
0.18835732340812683
0.19729596376419067
0.1879967749118805
0.18749657273292542
0.18615004420280457
0.18630115687847137
0.18505288660526276
0.18728649616241455
0.18453951179981232
0.18824753165245056
0.18769028782844543
0.1838855892419815
0.18583384156227112
0.18247894942760468
0.18883034586906433
0.18511240184307098
0.18332214653491974
0.18348725140094757
0.18346770107746124
0.18510892987251282
0.1852688193321228
0.18453292548656464
0.18665045499801636
0.18577007949352264
0.1851012259721756
0.18345436453819275
0.18657895922660828
0.19729796051979065
0.19353853166103363
0.2193315178155899
0.21919918060302734
0.19371655583381653
0.18730579316616058
0.1835230588912964
0.1834140121936798
0.18251898884773254
0.18561317026615143
0.1841564029455185
0.1839904636144638
0.18665924668312073
0.18481764197349548
0.1824367344379425
0.18297851085662842
0.18454883992671967
0.18511930108070374
0.18796637654304504
0.1933557242155075
0.1917833685874939
0.18214429914951324
0.18178753554821014
0.18620532751083374
0.19004939496517181
0.1821533888578415
0.18090640008449554
0.18803483247756958
0.18108265101909637
0.18439285457134247
0.1901436299085617
0.18727849423885345
0.17935265600681305
0.17987863719463348
0.18354135751724243
0.18369224667549133
0.18912626802921295
0.18309098482131958
0.18548887968063354
0.18233069777488708
0.18076002597808838
0.18425722420215607
0.1899310052394867
0.186702162027359
0.19413873553276062
0.1912042796611786
0.18708524107933044
0.19138340651988983
0.18566367030143738
0.18651872873306274
0.18123909831047058
0.18413488566875458
0.18124891817569733
0.17933593690395355
0.18252600729465485
0.1862369179725647
0.18501950800418854
0.17893150448799133
0.1778244972229004
0.17779269814491272
0.17734184861183167
0.17774605751037598
0.1783190220594406
0.17682678997516632
0.1803075522184372
0.17709392309188843
0.18168023228645325
0.18502625823020935
0.18331210315227509
0.18175677955150604
0.20362189412117004
0.19080261886119843
0.1925581842660904
0.19017472863197327
0.18365448713302612
0.18486467003822327
0.18628107011318207
0.18087442219257355
0.185845747590065
0.18149890005588531
0.1793823391199112
0.1753295660018921
0.18044471740722656
0.17753629386425018
0.17482981085777283
0.17773635685443878
0.1773761510848999
0.18062524497509003
0.1774488240480423
0.18141011893749237
0.183912456035614
0.17584212124347687
0.17540870606899261
0.17514578998088837
0.17435292899608612
0.17777769267559052
0.1762537807226181
0.1794634461402893
0.17486798763275146
0.17934444546699524
0.17332005500793457
0.17294220626354218
0.1869073063135147
0.18537840247154236
0.18058334290981293
0.17957322299480438
0.1769244372844696
0.17792870104312897
0.17693479359149933
0.17244233191013336
0.17508070170879364
0.18093033134937286
0.21173711121082306
0.20483095943927765
0.192579448223114
0.18497930467128754
0.1939338892698288
0.18883898854255676
0.17606130242347717
0.1771857887506485
0.17311082780361176
0.17489905655384064
0.17496445775032043
0.17465612292289734
0.17331135272979736
0.17424167692661285
0.177086740732193
0.1730380654335022
0.1721785068511963
0.18724587559700012
0.18237844109535217
0.1862049698829651
0.21435342729091644
0.19925902783870697
0.19613738358020782
0.19863161444664001
0.18943281471729279
0.18369725346565247
0.17747274041175842
0.17811544239521027
0.17446428537368774
0.18217429518699646
0.17395640909671783
0.17345109581947327
0.1751762181520462
0.18227000534534454
0.17998149991035461
0.17637117207050323
0.18557365238666534
0.1792379915714264
0.17400944232940674
0.17195510864257812
0.17910729348659515
0.17309215664863586
0.17374926805496216
0.1714012771844864
0.1692492663860321
0.16945496201515198
0.17163923382759094
0.17259538173675537
0.17060412466526031
0.17276756465435028
0.17301547527313232
0.17087937891483307
0.17133009433746338
0.17223724722862244
0.17139816284179688
0.16742442548274994
0.16825130581855774
0.16958720982074738
0.1713060885667801
0.17349138855934143
0.1687380075454712
0.1690104752779007
0.169887974858284
0.1725035160779953
0.17120544612407684
0.16744951903820038
0.1686566174030304
0.17244340479373932
0.17286986112594604
0.17772622406482697
0.17224271595478058
0.18799011409282684
0.19226007163524628
0.17908884584903717
0.17910532653331757
0.17715780436992645
0.17104002833366394
0.17013175785541534
0.17182570695877075
0.17297036945819855
0.17186178267002106
0.17256665229797363
0.16719360649585724
0.18010744452476501
0.20371165871620178
0.1931062638759613
0.18494705855846405
0.1809857189655304
0.1813201904296875
0.18488548696041107
0.1760561615228653
0.1732732355594635
0.18924972414970398
0.20486605167388916
0.18860015273094177
0.1727520376443863
0.17602740228176117
0.17774634063243866
0.16897611320018768
0.1706767976284027
0.16742007434368134
0.17185078561306
0.1732727736234665
0.16584300994873047
0.1668565273284912
0.16555571556091309
0.16479916870594025
0.16388633847236633
0.16563022136688232
0.166561096906662
0.17237824201583862
0.17070722579956055
0.16938160359859467
0.16765667498111725
0.16604074835777283
0.16393260657787323
0.16517247259616852
0.17076393961906433
0.1642407923936844
0.16761033236980438
0.1695471704006195
0.16400626301765442
0.16358913481235504
0.1663866937160492
0.16238933801651
0.16590596735477448
0.16497178375720978
0.16124434769153595
0.16546085476875305
0.16738159954547882
0.16324344277381897
0.16137874126434326
0.1631799191236496
0.1639765501022339
0.15922151505947113
0.16176865994930267
0.16153809428215027
0.17135976254940033
0.16640062630176544
0.20171336829662323
0.24108384549617767
0.19440293312072754
0.1994076520204544
0.1895194947719574
0.17704008519649506
0.172240749001503
0.1717759668827057
0.1743239015340805
0.17937253415584564
0.1805059015750885
0.16694959998130798
0.18119359016418457
0.17115813493728638
0.16691450774669647
0.16516231000423431
0.1652153730392456
0.1624944657087326
0.16527283191680908
0.1632513850927353
0.16589200496673584
0.1622079461812973
0.16134117543697357
0.1582639515399933
0.15799635648727417
0.15996046364307404
0.15815748274326324
0.15837940573692322
0.1578942835330963
0.16045673191547394
0.1617165505886078
0.171463280916214
0.21942739188671112
0.17263148725032806
0.1697404980659485
0.17946316301822662
0.16708342730998993
0.16160745918750763
0.16071762144565582
0.16031742095947266
0.1615016609430313
0.1580544412136078
0.1595778912305832
0.16751240193843842
0.18640027940273285
0.19386550784111023
0.21689534187316895
0.1784982979297638
0.1767643690109253
0.17028412222862244
0.16779004037380219
0.1631709486246109
0.16011106967926025
0.1586398482322693
0.16248904168605804
0.15934644639492035
0.1592755764722824
0.15645918250083923
0.1591041088104248
0.16160741448402405
0.15994219481945038
0.15969380736351013
0.15867194533348083
0.160215362906456
0.15616236627101898
0.16010315716266632
0.17462582886219025
0.1758681833744049
0.16179320216178894
0.16187810897827148
0.15842585265636444
0.16481469571590424
0.1705067902803421
0.1811462938785553
0.1642513871192932
0.16373726725578308
0.1618943065404892
0.17727144062519073
0.19943296909332275
0.16923962533473969
0.1645531952381134
0.15671147406101227
0.15920665860176086
0.15443849563598633
0.15741579234600067
0.15423791110515594
0.15622971951961517
0.16525200009346008
0.15706035494804382
0.15914838016033173
0.16985276341438293
0.16021408140659332
0.16821718215942383
0.173919677734375
0.23553554713726044
0.23613086342811584
0.18903963267803192
0.17198459804058075
0.1624259203672409
0.16344685852527618
0.1563863903284073
0.15777523815631866
0.16275271773338318
0.15573632717132568
0.15606535971164703
0.1541873663663864
0.15438193082809448
0.15726235508918762
0.15572161972522736
0.16898594796657562
0.16634880006313324
0.15727658569812775
0.15904644131660461
0.1564568728208542
0.1784491240978241
0.18208156526088715
0.16509491205215454
0.15978661179542542
0.1550590544939041
0.1550363004207611
0.15664659440517426
0.1567905843257904
0.15546736121177673
0.15490472316741943
0.15252655744552612
0.1526418775320053
0.15874658524990082
0.1574571579694748
0.15801429748535156
0.15942804515361786
0.16484898328781128
0.17498891055583954
0.1777377873659134
0.16377145051956177
0.18801535665988922
0.2008449286222458
0.20303432643413544
0.19011875987052917
0.16790954768657684
0.16243359446525574
0.1758023351430893
0.15917569398880005
0.15793001651763916
0.15501713752746582
0.1525125801563263
0.1529834270477295
0.15332365036010742
0.153731107711792
0.15261442959308624
0.15393784642219543
0.14803661406040192
0.1501452624797821
0.1490437239408493
0.1494205743074417
0.1708425134420395
0.1823122352361679
0.1585981547832489
0.15493808686733246
0.15835241973400116
0.17031186819076538
0.16031590104103088
0.15517088770866394
0.15038183331489563
0.15021571516990662
0.1524423062801361
0.1498367339372635
0.15002818405628204
0.149126335978508
0.15172980725765228
0.15117359161376953
0.15291915833950043
0.1600748598575592
0.1594008207321167
0.15567263960838318
0.1522543728351593
0.15488898754119873
0.17969857156276703
0.18960513174533844
0.17011012136936188
0.1585972160100937
0.18968699872493744
0.19252179563045502
0.2119923084974289
0.19382402300834656
0.17328153550624847
0.1635083705186844
0.15506583452224731
0.15432286262512207
0.1552397459745407
0.15071122348308563
0.14953282475471497
0.14869393408298492
0.1482253223657608
0.1479591429233551
0.15315759181976318
0.1548231989145279
0.15545019507408142
0.16888849437236786
0.15621978044509888
0.1522829234600067
0.15885192155838013
0.16069160401821136
0.1541975736618042
0.14884893596172333
0.1462439000606537
0.14636041224002838
0.14592762291431427
0.14527390897274017
0.14481881260871887
0.14660638570785522
0.1461806744337082
0.1470176875591278
0.14649219810962677
