0.6439759135246277
0.5166648626327515
0.45925095677375793
0.41291099786758423
0.37517139315605164
0.35209983587265015
0.3300231993198395
0.32287654280662537
0.29833030700683594
0.28728213906288147
0.279537558555603
0.2657175362110138
0.2581416070461273
0.24159462749958038
0.23799005150794983
0.22504347562789917
0.2233787178993225
0.20923291146755219
0.2006462812423706
0.2009579837322235
0.19700045883655548
0.18372847139835358
0.1869058758020401
0.18321941792964935
0.16947266459465027
0.16247068345546722
0.15623249113559723
0.14942562580108643
0.14532384276390076
0.15165680646896362
0.1376061886548996
0.1292826384305954
0.12261300534009933
0.12193339318037033
0.11485199630260468
0.11682496964931488
0.1156049519777298
0.1105513796210289
0.10466741025447845
0.10951387882232666
0.09152604639530182
0.09198945015668869
0.09752154350280762
0.09294583648443222
0.0861571803689003
0.08175720274448395
0.07772446423768997
0.07396107912063599
0.07133220136165619
0.0715986043214798
0.06343484669923782
0.07371613383293152
0.07414650171995163
0.0634567141532898
0.05896090716123581
0.05393056198954582
0.058003075420856476
0.05441197752952576
0.05389351025223732
0.04858771711587906
0.047615353018045425
0.04400607943534851
0.042722251266241074
0.0379166342318058
0.03859526291489601
0.03689827769994736
0.03770364075899124
0.03870835155248642
0.037933070212602615
0.041792720556259155
0.034603264182806015
0.0315486378967762
0.029727555811405182
0.029260674491524696
0.029421329498291016
0.026945004239678383
0.03685733675956726
0.03150148317217827
0.030753962695598602
0.023116614669561386
0.02412020042538643
0.02055852860212326
0.022203456610441208
0.021558834239840508
0.02314832992851734
0.020138567313551903
0.0223295409232378
0.022732947021722794
0.025699563324451447
0.022429414093494415
0.02449694275856018
0.028221873566508293
0.02838071808218956
0.029654378071427345
0.025096848607063293
0.02247653715312481
0.018369605764746666
0.015296073630452156
0.015416668727993965
0.01465423684567213
0.012985854409635067
0.014901324175298214
0.01723303645849228
0.01700114831328392
0.012334092520177364
0.012266312725841999
0.011300839483737946
0.010861273854970932
0.014397512190043926
0.01200214121490717
0.013425000011920929
0.010401195846498013
0.010179434902966022
0.010430770926177502
0.011551172472536564
0.01046098954975605
0.008746564388275146
0.008668683469295502
0.006743778940290213
0.00820736400783062
0.007582573685795069
0.005781851708889008
0.006289029028266668
0.0070520564913749695
0.010213596746325493
0.008219022303819656
0.006307005882263184
0.005483713466674089
0.004883753135800362
0.005013464484363794
0.005129323340952396
0.0050142742693424225
0.005089968908578157
0.00452297180891037
0.004763140808790922
0.004663450177758932
0.004593574907630682
0.0048783584497869015
0.005399907473474741
0.005075995810329914
0.00462359981611371
0.004615587182343006
0.005877337884157896
0.004621273837983608
0.005178170744329691
0.0048860348761081696
0.00473209610208869
0.004114552401006222
0.0038148353341966867
0.003560388693585992
0.0042790984734892845
0.004032433964312077
0.003798021702095866
0.003987279254943132
0.004201601725071669
0.0037990654818713665
0.0041674599051475525
0.004112993832677603
0.0048990314826369286
0.0035249439533799887
0.003680700436234474
0.004018796607851982
0.0036265035159885883
0.003592363791540265
0.004025842994451523
0.00749361515045166
0.0044252872467041016
0.004071916453540325
0.0034904619678854942
0.0035620094276964664
0.0034034813288599253
0.003544589737430215
0.003280036384239793
0.0029693981632590294
0.0026929164305329323
0.0029985150322318077
0.002982514211907983
0.0029795223381370306
0.0027472537476569414
0.004435861017554998
0.004809060599654913
0.0037597157061100006
0.003064935328438878
0.0026701209135353565
0.00276931538246572
0.0025977573823183775
0.0033571983221918344
0.0023012624587863684
0.0026684061158448458
0.0025262869894504547
0.005207409150898457
0.0034611006267368793
0.002797055756673217
0.003174044191837311
0.0034071465488523245
0.002147587714716792
0.0021640807390213013
0.0020335952285677195
0.0030044429004192352
0.006164612714201212
0.004250772297382355
0.004534681793302298
0.005593259818851948
0.011907216161489487
0.02661903016269207
0.044743385165929794
0.04168910160660744
0.017060693353414536
0.01578344777226448
0.008857432752847672
0.005854528397321701
0.0037050903774797916
0.0027781890239566565
0.0029443020466715097
0.0026893687900155783
0.0023774721194058657
0.0022630724124610424
0.0026505638379603624
0.0022583696991205215
0.0022753297816962004
0.0022001720499247313
0.0021226287353783846
0.002223010640591383
0.0020444870460778475
0.0020481606479734182
0.002075707772746682
0.002050956944003701
0.002174665918573737
0.0022532837465405464
0.0020336806774139404
0.0020002133678644896
0.0019508867990225554
0.0019753389060497284
0.001922750729136169
0.0020800349302589893
0.002749851206317544
0.0018079534638673067
0.001843681326135993
0.0018269976135343313
0.0018975762650370598
0.0018334705382585526
0.001813804847188294
0.0018772858893498778
0.0017310796538367867
0.0018388837343081832
0.0017366771353408694
0.0018646196695044637
0.0017015899065881968
0.0017448179423809052
0.001679032458923757
0.002165026729926467
0.0016743559390306473
0.0016120744403451681
0.001707178191281855
0.0017993220826610923
0.0018562531331554055
0.0016188271110877395
0.001684942631982267
0.0015659464988857508
0.0016332201194018126
0.0016381636960431933
0.0015973933041095734
0.0015041398582980037
0.0019621308892965317
0.0019716911483556032
0.001861440483480692
0.0017667810898274183
0.0015593606512993574
0.0017870268784463406
0.0015359512763097882
0.0015394026413559914
0.0014813931193202734
0.001469020382501185
0.0016166382702067494
0.0014154751552268863
0.0017859706422314048
0.0015222615329548717
0.0014150356873869896
0.0015355109935626388
0.001649161335080862
0.0014527614694088697
0.001507486216723919
0.0014867286663502455
0.0014154886594042182
0.0013053504517301917
0.0013306000037118793
0.001266059116460383
0.0012839667033404112
0.0013572964817285538
0.001302899094298482
0.0013062155339866877
0.00142271863296628
0.0016793310642242432
0.0015640067867934704
0.0016403556801378727
0.0012557478621602058
0.0014791586436331272
0.0019426550716161728
0.001447586459107697
0.0015349125023931265
0.0014382621739059687
0.0011853865580633283
0.0012208467815071344
0.0013710957719013095
0.001390546327456832
0.0011272362899035215
0.0014251021202653646
0.0013028946705162525
0.0015544458292424679
0.0017948189051821828
0.001167632290162146
0.0012834363151341677
0.0015161145711317658
0.0012554907007142901
0.0012375699589028955
0.001120241591706872
0.0012646266259253025
0.0015144292265176773
0.0010765237966552377
0.001265781233087182
0.0011669888626784086
0.0010838081361725926
0.0010287531185895205
0.0010106252739205956
0.0010546976700425148
0.0010317792184650898
0.0010026681702584028
0.001080767367966473
0.0010807765647768974
0.001019079820252955
0.0009893964743241668
0.001050092512741685
0.0010003774659708142
0.0009895064868032932
0.0009666015976108611
0.0010036737658083439
0.0009822807041928172
0.0009851898066699505
0.0009823818691074848
0.0010374722769483924
0.0010453052818775177
0.0009313193149864674
0.0009865935426205397
0.0009419179987162352
0.0009716607164591551
0.000985963735729456
0.000948420143686235
0.0009428460616618395
0.0009771636687219143
0.0009745772695168853
0.0009576887241564691
0.0009329688618890941
0.0009720908128656447
0.0009993246058002114
0.0012594684958457947
0.0007884652586653829
0.0016589773586019874
0.002449857071042061
0.001468118978664279
0.0010501268552616239
0.0008646153146401048
0.0008979323320090771
0.0008804780663922429
0.0009425569442100823
0.0008932242635637522
0.0008756882161833346
0.0008867444121278822
0.0008761196513660252
0.0009586925734765828
0.0008400491205975413
0.0008761606295593083
0.0008426999556832016
0.0008600811706855893
0.00086717534577474
0.0008412193274125457
0.0008639938314445317
0.000896735698916018
0.0008818927453830838
0.0008105462766252458
0.0008448719745501876
0.000819419976323843
0.0008485557627864182
0.0008346210815943778
0.0008061653352342546
0.000821168243419379
0.0008401150116696954
0.0007622500997968018
0.0008125407621264458
0.0008605779148638248
0.0007691328646615148
0.0008152372320182621
0.001091608079150319
0.0007631552289240062
0.000765878357924521
0.0007510603172704577
0.0007392304250970483
0.0007373665575869381
0.0007587526924908161
0.0007163596455939114
0.0007753785466775298
0.0008441454847343266
0.0007032009307295084
0.0007392170955426991
0.0007985623669810593
0.0007279384299181402
0.0007243935251608491
0.0007451400742866099
0.0007112896419130266
0.0007715713582001626
0.001323555945418775
0.0008446550345979631
0.0007692452054470778
0.0007115448242984712
0.0006702798418700695
0.0006858508568257093
0.0006979348254390061
0.000761378207243979
0.0006668620626442134
0.0007032725843600929
0.0006440967554226518
0.0006546521908603609
0.0006383379804901779
0.0006824766169302166
0.0006748263258486986
0.0006587220705114305
0.0006545193609781563
0.0006511036190204322
0.000648787769023329
0.0006358834798447788
0.000648902147077024
0.0006824271404184401
0.0006280424422584474
0.0006623365916311741
0.0006289920420385897
0.0006579564651474357
0.0006281022797338665
0.0006272615282796323
0.000619536847807467
0.0006251238519325852
0.0006432108930312097
0.0006507313228212297
0.00060516397934407
0.0006313738413155079
0.0006268034339882433
0.0006048479699529707
0.0006089449161663651
0.0006057112477719784
0.0006122739869169891
0.0006446742336265743
0.000600692699663341
0.000620962237007916
0.0006554423598572612
0.0006375372759066522
0.0008022991241887212
0.000710384629201144
0.0006250056903809309
0.0005869513261131942
0.0005840208032168448
0.0006037612911313772
0.0005865064449608326
0.0005659045418724418
0.0006301497342064977
0.0006069889641366899
0.0006009028293192387
0.0006030420772731304
0.0005946867167949677
0.000575600890442729
0.0005711567355319858
0.0005841358215548098
0.0005592501256614923
0.0006059359293431044
0.0006077222642488778
0.000578066217713058
0.0006141692283563316
0.0005670086247846484
0.0005526950699277222
0.0005849965964443982
0.0005464515998028219
0.0005393126048147678
0.0005716359592042863
0.0005386237753555179
0.0006604695809073746
0.0005552989314310253
0.0005275974981486797
0.0005484657012857497
0.0005326856626197696
0.0005383159150369465
0.0005229977541603148
0.0005405695992521942
0.0005238831508904696
0.00051604222971946
0.0005273215938359499
0.0005346648977138102
0.0005197214777581394
0.000543442030902952
0.0005214278353378177
0.0005163048626855016
0.0005227708606980741
0.0005254506249912083
0.0005117080872878432
0.0005297287716530263
0.0005184177425689995
0.0005285674706101418
0.0005040647811256349
0.0005288596148602664
0.0004988359869457781
0.0005267039523459971
0.0004905128153041005
0.0005374399479478598
0.0005185313639231026
0.0005148921045474708
0.0005790977156721056
0.0005658817826770246
0.0005956119857728481
0.0004969385336153209
0.0004751745145767927
0.00049161835340783
0.000510364247020334
0.0005038185627199709
0.00048429472371935844
0.00046661950182169676
0.0004695355019066483
0.000461561547126621
0.0004541410889942199
0.00045516545651480556
0.0004521471564657986
0.0004646706802304834
0.00045429638703353703
0.00045982777373865247
0.0004659934784285724
0.00045107491314411163
0.000449074839707464
0.00044513624743558466
0.00044879730558022857
0.0004446985258255154
0.0004599721578415483
0.0004487478290684521
0.00044568319572135806
0.00045172256068326533
0.0004708334163296968
0.00045809976290911436
0.0004355347191449255
0.00044431022251956165
0.0004443007055670023
0.00043877094867639244
0.00045838867663405836
0.00044849951518699527
0.0004456187889445573
0.00044216352398507297
0.00043234790791757405
0.00042661509360186756
0.00043418604764156044
0.0004286592302378267
0.0004395454889163375
0.0004242102731950581
0.0004373574338387698
0.00040076454752124846
0.0004717196279671043
0.00042565190233290195
0.0004221429117023945
0.00042191013926640153
0.00042479520197957754
0.0004324738692957908
0.0004314194666221738
0.00041649292688816786
0.00043349870247766376
0.0004155674541834742
0.00043182200170122087
0.00038961743121035397
0.00046120135812088847
0.00048041832633316517
0.0004376850847620517
0.00043234185432083905
0.0004083267122041434
0.0004225099692121148
0.00040881583117879927
0.0004050709248986095
0.00040605044341646135
0.0004018157778773457
0.00040412292582914233
0.0003980363835580647
0.00040846012416295707
0.0004069489077664912
0.0003981134796049446
0.00040655198972672224
0.00042073032818734646
0.00039738492341712117
0.0004060827777720988
0.00039694522274658084
0.000392721762182191
0.00039276009192690253
0.00039468007162213326
0.0003934031119570136
0.0004041248466819525
0.0003944843483623117
0.0003974137071054429
0.000397221912862733
0.0003941411850973964
0.00039559908327646554
0.0003939350717701018
0.000381477118935436
