1.131020426750183
0.9698325395584106
0.8490666747093201
0.7639560699462891
0.7297725677490234
0.7053552865982056
0.6896981596946716
0.6778244972229004
0.670123279094696
0.6627244353294373
0.6582704186439514
0.6545380353927612
0.6513498425483704
0.6472325921058655
0.645530104637146
0.6419078707695007
0.6396687030792236
0.6360469460487366
0.6333344578742981
0.6303706169128418
0.6275471448898315
0.625097393989563
0.6218347549438477
0.6189299821853638
0.6162953972816467
0.6130576729774475
0.6096886396408081
0.6063444018363953
0.6029224991798401
0.5997616648674011
0.5955524444580078
0.5910717248916626
0.5866733193397522
0.5829424262046814
0.5781365633010864
0.5741588473320007
0.5681744813919067
0.5639506578445435
0.5581637024879456
0.5533201098442078
0.546940267086029
0.541258692741394
0.5348866581916809
0.5289290547370911
0.521571934223175
0.5149577856063843
0.5074236392974854
0.49880144000053406
0.48999208211898804
0.4808690845966339
0.47172945737838745
0.46395647525787354
0.45584285259246826
0.4503726065158844
0.4425230622291565
0.4350612759590149
0.42878293991088867
0.4230464994907379
0.4182124435901642
0.41376835107803345
0.4091073274612427
0.4045356214046478
0.402192622423172
0.3983616232872009
0.3949713110923767
0.39241161942481995
0.38912275433540344
0.3872402310371399
0.38476526737213135
0.38291439414024353
0.38136646151542664
0.3800332248210907
0.37817519903182983
0.3777269423007965
0.37691888213157654
0.37485766410827637
0.3731551468372345
0.372389018535614
0.37135612964630127
0.3709271252155304
0.37019050121307373
0.3686019480228424
0.36851152777671814
0.36714881658554077
0.3668569326400757
0.36657994985580444
0.3681545555591583
0.3667928874492645
0.36476701498031616
0.3642289936542511
0.3641175627708435
0.3633113205432892
0.3630236089229584
0.36246392130851746
0.3620861768722534
0.3611205518245697
0.36079347133636475
0.3603799045085907
0.35959312319755554
0.35956817865371704
0.3602888882160187
0.35849741101264954
0.3576778769493103
0.357927531003952
0.3582358956336975
0.3565831780433655
0.3564649820327759
0.35546913743019104
0.35576146841049194
0.3559560179710388
0.35609814524650574
0.35499829053878784
0.35408660769462585
0.3540358543395996
0.35372278094291687
0.35357216000556946
0.3535514175891876
0.35257792472839355
0.35241034626960754
0.3526439666748047
0.35256773233413696
0.3519449830055237
0.3523901104927063
0.35186755657196045
0.3513357937335968
0.352335661649704
0.3517797589302063
0.35087305307388306
0.35105574131011963
0.352448970079422
0.3504573404788971
0.3508681356906891
0.34995126724243164
0.3498520255088806
0.349467396736145
0.3494989275932312
0.3494698107242584
0.35008519887924194
0.3530477285385132
0.3528868854045868
0.35015004873275757
0.35386478900909424
0.3498683273792267
0.3503795564174652
0.3494439423084259
0.34789425134658813
0.34808945655822754
0.3486047387123108
0.3482609689235687
0.3481323719024658
0.34817615151405334
0.34845802187919617
0.34774941205978394
0.34935012459754944
0.34682318568229675
0.347165048122406
0.34648287296295166
0.3469865322113037
0.34625858068466187
0.3468375504016876
0.3476443886756897
0.3456646203994751
0.34575220942497253
0.3453429639339447
0.3453530967235565
0.3465215861797333
0.3447798788547516
0.34473004937171936
0.3458484411239624
0.3442142903804779
0.3445780277252197
0.3448752760887146
0.3450632393360138
0.34384533762931824
0.3443755805492401
0.34387436509132385
0.3446786403656006
0.3443792462348938
0.3434106111526489
0.3440307676792145
0.3432124853134155
0.3427298069000244
0.3433336913585663
0.3453572690486908
0.3422408699989319
0.34287336468696594
0.342926025390625
0.342805951833725
0.34203338623046875
0.3421749770641327
0.34136489033699036
0.3412541449069977
0.3422841429710388
0.3419717848300934
0.34105589985847473
0.34056007862091064
0.3405580520629883
0.3406342566013336
0.3396729528903961
0.34018388390541077
0.34027230739593506
0.34074047207832336
0.3393321931362152
0.339260995388031
0.3391507863998413
0.34047144651412964
0.3397027552127838
0.338705450296402
0.3392730951309204
0.33832570910453796
0.3380360007286072
0.33790823817253113
0.3378947377204895
0.337515652179718
0.33759790658950806
0.3372752368450165
0.33802133798599243
0.3366544246673584
0.33828797936439514
0.3368937373161316
0.3366803824901581
0.3366564214229584
0.33706486225128174
0.3367309272289276
0.33834749460220337
0.3365829586982727
0.33983567357063293
0.3360351622104645
0.33594810962677
0.3346504867076874
0.33504974842071533
0.3341594338417053
0.3342849016189575
0.33478647470474243
0.3344670236110687
0.33430102467536926
0.3333272933959961
0.33430078625679016
0.33387497067451477
0.3334859013557434
0.3328695595264435
0.33266356587409973
0.3327021598815918
0.3323204815387726
0.3327085077762604
0.3317667841911316
0.33276787400245667
0.33120113611221313
0.331534743309021
0.3311785161495209
0.33232614398002625
0.33083611726760864
0.33113065361976624
0.3306110203266144
0.3309686481952667
0.3309752345085144
0.33015555143356323
0.33031684160232544
0.3298366665840149
0.33026373386383057
0.3295062482357025
0.32946330308914185
0.32919004559516907
0.33028146624565125
0.33032146096229553
0.32891663908958435
0.329059362411499
0.32895395159721375
0.32835742831230164
0.32917889952659607
0.32861417531967163
0.3290673494338989
0.32969075441360474
0.32884305715560913
0.3289148509502411
0.32933956384658813
0.3295574486255646
0.3285147547721863
0.3294984996318817
0.32849442958831787
0.3276936411857605
0.32844334840774536
0.32838696241378784
0.3277042806148529
0.32813507318496704
0.328352689743042
0.3309110403060913
0.328794926404953
0.3272705674171448
0.3275357782840729
0.3274560868740082
0.3272373676300049
0.32729366421699524
0.32812732458114624
0.326725572347641
0.32674744725227356
0.32680195569992065
0.3269830048084259
0.3278194069862366
0.32802480459213257
0.32610300183296204
0.3263970613479614
0.3269035816192627
0.32672759890556335
0.3275969326496124
0.32755520939826965
0.3262723684310913
0.3259873688220978
0.3260243237018585
0.32611778378486633
0.32583603262901306
0.32614052295684814
0.32605159282684326
0.32568055391311646
0.3259270191192627
0.32763516902923584
0.32578805088996887
0.3265441358089447
0.32531026005744934
0.3249382972717285
0.32573893666267395
0.32503682374954224
0.32472625374794006
0.3245031535625458
0.325092077255249
0.3250676095485687
0.3257150948047638
0.32536953687667847
0.32426509261131287
0.32521504163742065
0.32371586561203003
0.3250674605369568
0.3238857090473175
0.324336975812912
0.3238813281059265
0.3244633078575134
0.3258719742298126
0.32534828782081604
0.32342296838760376
0.32353049516677856
0.3236950933933258
0.3232668936252594
0.3228815495967865
0.32295989990234375
0.32281795144081116
0.3226969838142395
0.3224863111972809
0.3234473168849945
0.3226422667503357
0.32272496819496155
0.3249104917049408
0.32224494218826294
0.32294660806655884
0.3222163915634155
0.322559654712677
0.3225491940975189
0.3221602141857147
0.32172685861587524
0.3223661482334137
0.3220232129096985
0.32204940915107727
0.32153311371803284
0.3219723403453827
0.3234226405620575
0.32216379046440125
0.3213050961494446
0.3213736116886139
0.32173293828964233
0.3216606676578522
0.32109948992729187
0.3210422396659851
0.3214586675167084
0.323486864566803
0.3220268189907074
0.3225821554660797
0.32223889231681824
0.3211348056793213
0.3204503655433655
0.32144224643707275
0.3210042119026184
0.3208252489566803
0.3205994963645935
0.3203142583370209
0.3214426040649414
0.319998562335968
0.3217601776123047
0.32060059905052185
0.3202308714389801
0.32040345668792725
0.32016339898109436
0.3202144205570221
0.32006779313087463
0.3206403851509094
0.3200448453426361
0.32071003317832947
0.3198832869529724
0.3201671838760376
0.3202146291732788
0.3193424344062805
0.3194316029548645
0.3194158971309662
0.31944307684898376
0.31946954131126404
0.3193645179271698
0.31944939494132996
0.31941187381744385
0.3192812502384186
0.3192458152770996
0.31945228576660156
0.31951215863227844
0.3192395567893982
0.31903505325317383
0.31933334469795227
0.31942641735076904
0.3190115988254547
0.31922879815101624
0.31955957412719727
0.3189924359321594
0.3192859888076782
0.3190532326698303
0.32034364342689514
0.31918755173683167
0.3190731108188629
0.31900185346603394
0.3188174366950989
0.31895771622657776
0.31921371817588806
0.3188098669052124
0.3190574049949646
0.3195718824863434
0.31909671425819397
0.3188323378562927
0.31877005100250244
0.3187335133552551
0.3190336525440216
0.3196106255054474
0.31866633892059326
0.3187737762928009
0.3188057541847229
0.31876739859580994
0.31887489557266235
0.3188002407550812
0.3185977339744568
0.31933850049972534
0.3188726305961609
0.3189528286457062
0.3189662992954254
0.3190070688724518
0.3184635639190674
0.31850218772888184
0.3186291456222534
0.3187241852283478
0.318840354681015
0.31860604882240295
0.3185560405254364
0.31886816024780273
0.3183819353580475
0.3193681240081787
0.3199008107185364
0.31879428029060364
0.3186544179916382
0.31843265891075134
0.318381130695343
0.3184221684932709
0.31871557235717773
0.31849434971809387
0.31857338547706604
0.3184577226638794
0.31881311535835266
0.3180616796016693
0.31830647587776184
0.3183336853981018
0.3184664249420166
0.3182605803012848
0.31851503252983093
0.31814658641815186
0.31812310218811035
0.3179127275943756
0.31824883818626404
0.3180219233036041
0.3180449306964874
0.3181646466255188
0.3181524872779846
0.3182981014251709
0.3184281289577484
0.3184632360935211
0.3182786703109741
0.3181937634944916
0.31806349754333496
0.3185312747955322
0.3182896673679352
0.3179507553577423
0.31859859824180603
0.3179801404476166
0.3179134130477905
0.31799837946891785
0.31801116466522217
0.31769996881484985
0.31761646270751953
0.31767338514328003
0.3175258934497833
0.31753990054130554
0.3175370991230011
0.31769007444381714
0.3176085650920868
0.3177125155925751
0.3175787925720215
0.3177196681499481
0.3175358772277832
0.3174808919429779
0.31761205196380615
0.31776541471481323
0.3178052604198456
0.3175278306007385
0.317635178565979
0.31752052903175354
0.3174370229244232
0.31743860244750977
0.3174861669540405
0.3178114891052246
0.31759196519851685
0.31735843420028687
0.3174501657485962
0.3176114857196808
0.3177187740802765
0.31748777627944946
0.3173382580280304
0.3172926604747772
0.31742560863494873
0.3174479603767395
0.3174620270729065
0.3173425793647766
0.31754690408706665
0.31766605377197266
0.3172314763069153
0.3173089921474457
0.3176041543483734
0.3175131678581238
0.317468523979187
0.3172065317630768
0.31721848249435425
0.31729263067245483
0.3174337148666382
0.31735044717788696
0.317463219165802
0.31740638613700867
0.3173467516899109
0.31739604473114014
0.3172580599784851
0.3171437978744507
0.3170872926712036
0.3171798884868622
0.31716200709342957
0.3172236382961273
0.31703370809555054
0.3174668848514557
0.3170908987522125
0.317190557718277
0.3171986937522888
0.3173375725746155
0.31714364886283875
0.31708240509033203
0.3170565962791443
0.31708022952079773
0.31710168719291687
0.3170696496963501
0.3170422613620758
0.31703466176986694
0.316946417093277
0.31701910495758057
0.31688034534454346
0.31711331009864807
0.316928505897522
0.3169712722301483
0.31711605191230774
0.3171161413192749
0.3170979619026184
0.31694722175598145
0.3168884217739105
0.31690099835395813
0.31690505146980286
0.31690675020217896
0.3168469965457916
0.3171083927154541
0.31688734889030457
0.3169654607772827
0.3170340359210968
0.3168332874774933
0.31702500581741333
0.31675654649734497
0.3168436884880066
0.3167610764503479
0.31681522727012634
0.3168703615665436
0.31703028082847595
0.31675848364830017
0.3168904185295105
0.3167933523654938
0.31662777066230774
0.31665143370628357
0.3166244924068451
0.316640704870224
0.3166271448135376
0.3166327178478241
0.3166905641555786
0.31663915514945984
0.316616415977478
0.3166721761226654
0.316619336605072
0.31669649481773376
0.31661102175712585
0.3166431486606598
0.31658241152763367
0.31656548380851746
0.3167092502117157
0.31658685207366943
0.3166165053844452
0.3166401982307434
0.3165799677371979
0.3166384994983673
0.3165591061115265
0.31671959161758423
0.3167325556278229
0.31652435660362244
0.31659185886383057
0.3165331482887268
0.3165357708930969
0.3165490925312042
0.31654131412506104
0.3165185749530792
0.3165346682071686
0.31654617190361023
0.3165340721607208
0.3165610134601593
0.316511869430542
0.31646043062210083
0.3165206015110016
0.31655368208885193
0.31646713614463806
0.3165842592716217
0.3164956867694855
0.3165156841278076
0.3164369463920593
0.3164604604244232
0.31649431586265564
0.316537082195282
0.3164810240268707
0.31644371151924133
0.3164671063423157
0.31650611758232117
0.3164018392562866
0.31649163365364075
0.31652334332466125
0.3165019154548645
0.3164030611515045
0.3163980543613434
0.3164511024951935
0.3164418935775757
0.31642794609069824
0.3164411783218384
0.31640926003456116
0.316413551568985
0.3164951503276825
0.3164377212524414
0.3163967728614807
0.31642046570777893
0.3165663480758667
0.3164263069629669
0.31640854477882385
0.31635135412216187
0.31634238362312317
0.31640860438346863
0.3164403736591339
0.31624603271484375
0.3163469433784485
0.31644344329833984
0.31639429926872253
0.31633928418159485
0.3162902593612671
0.31634125113487244
0.31645044684410095
0.3163275718688965
0.31628936529159546
0.31633004546165466
0.3163069784641266
0.31632527709007263
0.3163434565067291
0.3162771463394165
0.3163681924343109
0.31643471121788025
0.31639108061790466
0.31645211577415466
0.31642094254493713
0.31622567772865295
0.3162393271923065
0.316253125667572
0.3163178563117981
0.3162959814071655
0.3162367343902588
0.31622809171676636
0.31621211767196655
0.31624332070350647
0.3161790668964386
0.31619343161582947
0.3161955773830414
0.3162195682525635
0.31617581844329834
0.3161850869655609
0.31617847084999084
0.316199392080307
0.31621089577674866
0.31616145372390747
0.3161875009536743
0.3162142038345337
0.31617623567581177
0.3161771595478058
0.3162587583065033
0.3161650002002716
0.3162378966808319
0.3161911368370056
0.31617262959480286
0.3161904215812683
0.31617334485054016
0.3161497414112091
0.31621068716049194
0.31615251302719116
0.3161482810974121
0.3161380887031555
0.31612810492515564
0.3161347806453705
0.3161656856536865
0.31614816188812256
0.31618231534957886
0.31613802909851074
0.3161505162715912
0.3161635994911194
0.3161061704158783
0.31612449884414673
0.31611859798431396
0.3161696195602417
0.31611722707748413
0.316100150346756
0.3161192834377289
0.31615304946899414
0.3161102533340454
0.3161507248878479
0.31609979271888733
0.3162272572517395
0.31612974405288696
0.3160799443721771
0.31611552834510803
0.31607380509376526
0.31610578298568726
0.31608158349990845
0.3161018490791321
0.31615668535232544
0.3160836696624756
0.3161132037639618
0.31618183851242065
0.3160880506038666
0.31610754132270813
0.3161250948905945
0.3160967528820038
0.31609079241752625
0.31608131527900696
0.3160877823829651
0.31613674759864807
0.31607145071029663
0.3161061108112335
0.31615591049194336
0.31608009338378906
0.31611207127571106
0.3160908818244934
0.31605011224746704
0.31608057022094727
0.31605133414268494
0.31603875756263733
0.31632059812545776
0.31605908274650574
0.31605228781700134
0.31604281067848206
0.3160499036312103
0.31602126359939575
0.3160126507282257
0.316032737493515
0.31609535217285156
0.3160170018672943
0.3160083293914795
0.31603261828422546
0.31606173515319824
0.3160274922847748
0.3160254657268524
0.3160794973373413
0.31604593992233276
0.316060334444046
0.3160020709037781
0.315999835729599
0.31600648164749146
