0.6243302822113037
0.46678265929222107
0.39645788073539734
0.35679325461387634
0.3279436230659485
0.30173981189727783
0.28464609384536743
0.27052196860313416
0.24760015308856964
0.23749056458473206
0.2258356809616089
0.2141156941652298
0.20004494488239288
0.19458501040935516
0.18911559879779816
0.18205803632736206
0.16087792813777924
0.15483181178569794
0.1486363559961319
0.13422837853431702
0.1333887279033661
0.13538314402103424
0.15307128429412842
0.12859304249286652
0.11280691623687744
0.10208455473184586
0.09289488196372986
0.09285732358694077
0.09781264513731003
0.10293833166360855
0.07876412570476532
0.07607218623161316
0.07076440006494522
0.06340169906616211
0.060609832406044006
0.057489026337862015
0.05357151851058006
0.0613187737762928
0.05765693634748459
0.05907865986227989
0.04713846743106842
0.08670753985643387
0.05764295160770416
0.056906264275312424
0.04523387551307678
0.05341441556811333
0.03975939005613327
0.037669286131858826
0.030593249946832657
0.033582281321287155
0.030234385281801224
0.029375527054071426
0.030553894117474556
0.028419291600584984
0.029843661934137344
0.026950469240546227
0.0217570997774601
0.024958008900284767
0.028720298781991005
0.024111730977892876
0.022664271295070648
0.018581043928861618
0.021754881367087364
0.020128287374973297
0.03677002713084221
0.03260032460093498
0.0212729349732399
0.017113065347075462
0.01471886970102787
0.03983859717845917
0.03220036253333092
0.03246787190437317
0.025882966816425323
0.03118439018726349
0.03398606553673744
0.05360272526741028
0.07359260320663452
0.09414561092853546
0.05738954246044159
0.04821690544486046
0.02907353639602661
0.027321089059114456
0.01791718229651451
0.017105232924222946
0.018750831484794617
0.014126000925898552
0.008453832007944584
0.012850410304963589
0.011769050732254982
0.00910146813839674
0.009582591243088245
0.010539376176893711
0.0069846888072788715
0.007630121894180775
0.005263125989586115
0.0069926646538078785
0.007123713847249746
0.00550154410302639
0.007615456823259592
0.0056971535086631775
0.00870940089225769
0.006229863502085209
0.004903515335172415
0.005623032804578543
0.005319229792803526
0.008700929582118988
0.00766811752691865
0.00550387566909194
0.010348295792937279
0.03143155947327614
0.08327601104974747
0.055852290242910385
0.023759305477142334
0.01324336789548397
0.006823759526014328
0.005245800130069256
0.00424823397770524
0.0036589123774319887
0.003940231632441282
0.0036235093139111996
0.003421919886022806
0.0036845996510237455
0.003837041324004531
0.004799898248165846
0.003344699740409851
0.0033561293967068195
0.003273849142715335
0.002865383168682456
0.002982530975714326
0.0028186996933072805
0.002864234149456024
0.0026400871574878693
0.0027556922286748886
0.003307019593194127
0.0027980352751910686
0.002530754776671529
0.0023932030890136957
0.0025268495082855225
0.002834920072928071
0.0029271214734762907
0.003756409278139472
0.0023736937437206507
0.002308627124875784
0.0028253013733774424
0.0020886952988803387
0.0034095135051757097
0.0021543086040765047
0.002958323573693633
0.002886211033910513
0.002511639380827546
0.00237306859344244
0.004478819668292999
0.00544444564729929
0.002035762881860137
0.0021754198241978884
0.0023732397239655256
0.005685584619641304
0.0018887723563238978
0.001955776009708643
0.0025362283922731876
0.0019077464239671826
0.0019950801506638527
0.0018249100539833307
0.003867359133437276
0.0021620383486151695
0.0033761144150048494
0.0017966128652915359
0.0020690306555479765
0.0018381902482360601
0.0018647558754310012
0.0025631971657276154
0.0019140756921842694
0.0020616056863218546
0.0019292979268357158
0.0017085050931200385
0.001593833789229393
0.002103493781760335
0.002005656249821186
0.0017579448176547885
0.0015053729293867946
0.0014426325215026736
0.0014667818322777748
0.0016442409250885248
0.0015970326494425535
0.0015632902504876256
0.0015507987700402737
0.0018480997532606125
0.0015829716576263309
0.0023734583519399166
0.010150639340281487
0.012440603226423264
0.010772231966257095
0.01992659457027912
0.024828484281897545
0.04447059705853462
0.008446256630122662
0.008007116615772247
0.007127700839191675
0.007170851808041334
0.004786840174347162
0.0037272863555699587
0.002408165019005537
0.0020684818737208843
0.0018959130393341184
0.0021271652076393366
0.001558727235533297
0.0018931740196421742
0.001938923029229045
0.0021185814402997494
0.0033978885039687157
0.0014429742004722357
0.0013960535870864987
0.0013348670909181237
0.0014385810354724526
0.0014068058226257563
0.0013807691866531968
0.001331256702542305
0.0013927929103374481
0.0013614608906209469
0.0012617016909644008
0.001289936131797731
0.0013758804416283965
0.001273955567739904
0.0012175601441413164
0.0012245001271367073
0.0012440078426152468
0.001198559533804655
0.0012557896552607417
0.0012615113519132137
0.0012877299450337887
0.0012773372000083327
0.0012182255741208792
0.0011992219369858503
0.0013918017502874136
0.0014301848132163286
0.0011437067296355963
0.0011807577684521675
0.001222010119818151
0.0011559146223589778
0.001162066706456244
0.0011849426664412022
0.0011595203541219234
0.0011171824298799038
0.0012275666231289506
0.0011382775846868753
0.0011314789298921824
0.0014192580711096525
0.001508450717665255
0.0017324527725577354
0.0010111585725098848
0.0010155279887840152
0.0010821691248565912
0.001134490012191236
0.0010189349995926023
0.0012698983773589134
0.0011140890419483185
0.001074280240572989
0.0010525056859478354
0.001169316004961729
0.0010257494868710637
0.0011375569738447666
0.0012034348910674453
0.0009364821598865092
0.001058158348314464
0.00104005285538733
0.001028073369525373
0.0011367659317329526
0.0009912496898323298
0.0008521613199263811
0.0008222655742429197
0.0010676352540031075
0.0008474548812955618
0.0010806708596646786
0.0010247478494420648
0.000968279258813709
0.0011434312909841537
0.0008127789478749037
0.000998963601887226
0.0009200280182994902
0.0009549871901981533
0.0010492875007912517
0.0021492973901331425
0.0010302443988621235
0.0007910867570899427
0.0008402331732213497
0.0009035939583554864
0.0007930859574116766
0.0009272785391658545
0.0007451780838891864
0.0007675836677663028
0.0009058612049557269
0.0008000916568562388
0.0009743861737661064
0.000974490656517446
0.0007961391820572317
0.0007489409181289375
0.0008415388874709606
0.000983446603640914
0.0005531265633180737
0.0012151746777817607
0.0007949896971695125
0.0008095027296803892
0.0008114028023555875
0.0007610752363689244
0.0008280520560219884
0.0007669918122701347
0.0007561845704913139
0.0008010721066966653
0.0007822330226190388
0.0008035302744247019
0.0006405048770830035
0.00064884900348261
0.0006277159554883838
0.0006609325064346194
0.0006186151294969022
0.0006262498209252954
0.0005784039967693388
0.0006484734476543963
0.0005829048459418118
0.0006605058442801237
0.0006630673888139427
0.0009306152351200581
0.0006266228738240898
0.0006244026008062065
0.0006868381751701236
0.0005986894248053432
0.0006060534506104887
0.0005890664760954678
0.0006048199138604105
0.0005987724289298058
0.0006042992463335395
0.0005686377407982945
0.0006516402936540544
0.0005926183075644076
0.0005974831292405725
0.0005514775402843952
0.0005603100871667266
0.000530887977220118
0.0005924094002693892
0.0006586411036550999
0.0005219011218287051
0.0006294146296568215
0.0005421445239335299
0.0005487851449288428
0.0005906663136556745
0.0005688974051736295
0.0005628175567835569
0.0005553126684390008
0.0005048959283158183
0.000543769623618573
0.0005574203678406775
0.0005203236360102892
0.0005775594036094844
0.0005398344364948571
0.0005345447571016848
0.0005468594026751816
0.0004978026845492423
0.0005492876516655087
0.000666557636577636
0.000644868123345077
0.0008428575238212943
0.0004941950901411474
0.0007413036073558033
0.0004910037387162447
0.0006095669232308865
0.0012572936248034239
0.0004793590633198619
0.0005019812379032373
0.00046453281538560987
0.0005349243292585015
0.0004816352156922221
0.0005649863742291927
0.0004663490690290928
0.0004836738226003945
0.0005394799518398941
0.0004816084692720324
0.0004531598824542016
0.0004949650028720498
0.0005248146480880678
0.0005578820710070431
0.0005157525883987546
0.0004379146557766944
0.0005689787794835865
0.0006078027654439211
0.00042866560397669673
0.0004987744614481926
0.0004282384179532528
0.0004163938865531236
0.0004838620952796191
0.000427642953582108
0.0004504895769059658
0.0004330244555603713
0.0004962484817951918
0.00048809716827236116
0.000504366063978523
0.00046856989501975477
0.0004374203272163868
0.0005449337768368423
0.0006379960686899722
0.0009060973534360528
0.000590842158999294
0.0007251028437167406
0.000402940931962803
0.0004586113791447133
0.000373675546143204
0.00038382038474082947
0.0004970457521267235
0.0003657807828858495
0.00035057091736234725
0.0007477487670257688
0.0003041870368178934
0.0003837510012090206
0.00035933961044065654
0.00036684368387795985
0.00034314795630052686
0.0003352549101691693
0.00033513730159029365
0.00033340821391902864
0.00034233825863339007
0.00032493937760591507
0.0003363674331922084
0.0003317210648674518
0.0003431066870689392
0.0003386535681784153
0.00032502328394912183
0.00032549709430895746
0.00034175711334683
0.00031769092311151326
0.0003401694411877543
0.00032705700141377747
0.00034907733788713813
0.00033507327316328883
0.00037743328721262515
0.00031367395422421396
0.00037506260559894145
0.00041408505057916045
0.0003170397540088743
0.00031540243071503937
0.0003209082060493529
0.0003537142474669963
0.00030280291684903204
0.0003212326264474541
0.00030161160975694656
0.0003310263273306191
0.00030841334955766797
0.0003015885013155639
0.00032218327396549284
0.00029307318618521094
0.00032664311584085226
0.00034370386856608093
0.00029330875258892775
0.00031507888343185186
0.00032017414923757315
0.0003436250553932041
0.00029654588433913887
0.00029571575578302145
0.000311085837893188
0.00028802448650822043
0.00030505485483445227
0.00027878288528881967
0.0003104846691712737
0.00028890190878883004
0.00030200157198123634
0.0003013917012140155
0.00033970415825024247
0.00031181061058305204
0.0002985219471156597
0.00034601439256221056
0.0002919121761806309
0.0002861097746063024
0.00028679598472081125
0.0002648641529958695
0.0002763679949566722
0.000272295466857031
0.00027114799013361335
0.00031483767088502645
0.0002772101142909378
0.0002824162656906992
0.0002901182451751083
0.0002692154666874558
0.0002740691415965557
0.00027275094180367887
0.0002587938215583563
0.0002817312197294086
0.00026720689493231475
0.00023833621526136994
0.00033744360553100705
0.00035315915010869503
0.00023873876489233226
0.0003477668506093323
0.0002520335838198662
0.00025898238527588546
0.0002560739521868527
0.0002524124865885824
0.0002549793862272054
0.00025542982621118426
0.00024110332014970481
0.0002497672103345394
0.00026861991500481963
0.00024016595853026956
0.00026652729138731956
0.000248533469857648
0.00024408836907241493
0.00025142604135908186
0.00024574098642915487
0.0002467770245857537
0.00023907324066385627
0.00025916998856700957
0.0002726374368648976
0.00037036967114545405
0.0002568931377027184
0.00023658353893551975
0.00022377156710717827
0.0002353306917939335
0.00023279305605683476
0.00022115488536655903
0.0002214185515185818
0.00022961759532336146
0.0002321545034646988
0.00023569307813886553
0.0002240523899672553
0.0002455921203363687
0.0002661287726368755
0.00023951816547196358
0.00022486441594082862
0.00022743415320292115
0.00021923548774793744
0.0002251491096103564
0.0002170082152588293
0.00021835979714524
0.00023203302407637239
0.00020508657325990498
0.00022593543690163642
0.00023599715495947748
0.00022326642647385597
0.00019172044994775206
0.00023063577827997506
0.00023140001576393843
0.00021417581592686474
0.00022159775835461915
0.0002167409984394908
0.00021599391766358167
0.00022247497690841556
0.00021216008462943137
0.00021342755644582212
0.00021380573161877692
0.0002201510069426149
0.0002056094235740602
0.00020514227799139917
0.00020603610028047115
0.00020415872859302908
0.00020555636729113758
0.0002153137029381469
0.0002139565913239494
0.0002112312795361504
0.00021330403978936374
0.00020451559976208955
0.00021136930445209146
0.0002229765959782526
0.00022151875600684434
0.00020740233594551682
0.00019999266078229994
0.0002094641822623089
0.00019961198267992586
0.00021003479196224362
0.00020368449622765183
0.0001940530928550288
0.0001959761284524575
0.00021569861564785242
0.0001978208456421271
0.00020060388487763703
0.00019526085816323757
0.00019669141329359263
0.0001932879677042365
0.0002006013528443873
0.00019639662059489638
0.00018723607354331762
0.00020237109856680036
0.00020464208500925452
0.00019407353829592466
0.00021355411445256323
0.00019955281459260732
0.00019474420696496964
0.00019026926020160317
0.0001901976065710187
0.0001891055580927059
0.0001850370754254982
0.0001911081635626033
0.00019165489356964827
0.00018315612396690995
0.00018919965077657253
0.0001833267160691321
0.0002029070456046611
0.0001838337047956884
0.00019505148520693183
0.0001973856269614771
0.00018759322119876742
0.00020657078130170703
0.00018900491704698652
0.00017757863679435104
0.00018766454013530165
