0.7394588589668274
0.7174323201179504
0.6995965838432312
0.6835747361183167
0.6676884293556213
0.649320125579834
0.6310293078422546
0.6146918535232544
0.5974098443984985
0.5775578022003174
0.5530893206596375
0.5278857350349426
0.5019033551216125
0.47703254222869873
0.4531749486923218
0.43278756737709045
0.41635969281196594
0.40223756432533264
0.38953009247779846
0.3799703121185303
0.3725506365299225
0.36657628417015076
0.3628646433353424
0.3611724376678467
0.35541704297065735
0.3535526394844055
0.35276588797569275
0.3492712676525116
0.3482343554496765
0.34634825587272644
0.34469184279441833
0.34369659423828125
0.34272611141204834
0.34169960021972656
0.3406176269054413
0.33874523639678955
0.33802640438079834
0.33730193972587585
0.33632364869117737
0.33582553267478943
0.3349687457084656
0.33467185497283936
0.3340606689453125
0.33436280488967896
0.3333710730075836
0.33396345376968384
0.33345046639442444
0.3313833475112915
0.3312208652496338
0.33070775866508484
0.33031997084617615
0.3299142122268677
0.3297663927078247
0.3297903835773468
0.3285991847515106
0.32915523648262024
0.3281581997871399
0.3281088173389435
0.32784485816955566
0.3272986114025116
0.32718774676322937
0.3277202546596527
0.32709208130836487
0.32679620385169983
0.32595399022102356
0.32633447647094727
0.32578539848327637
0.3260577917098999
0.32621079683303833
0.32519516348838806
0.32515469193458557
0.32524070143699646
0.32521089911460876
0.32538193464279175
0.3245106339454651
0.324327290058136
0.32422852516174316
0.3248116075992584
0.3237784206867218
0.32349923253059387
0.32345205545425415
0.32326993346214294
0.3227033317089081
0.32266131043434143
0.3241550922393799
0.32269173860549927
0.3222097158432007
0.3227291405200958
0.3226473033428192
0.32156962156295776
0.3213258385658264
0.32189270853996277
0.32127484679222107
0.3209155201911926
0.320827841758728
0.3206619620323181
0.32008078694343567
0.3203805088996887
0.31980466842651367
0.3199042081832886
0.31940916180610657
0.3195258677005768
0.3194471597671509
0.31944283843040466
0.31889909505844116
0.3191433846950531
0.3204403221607208
0.31901293992996216
0.31821486353874207
0.3177885115146637
0.3178822994232178
0.3172531723976135
0.3174906373023987
0.3172634541988373
0.3173264265060425
0.31720301508903503
0.317707896232605
0.31674420833587646
0.31648051738739014
0.3163936138153076
0.31631559133529663
0.3163655698299408
0.31584519147872925
0.3160865902900696
0.31533196568489075
0.31539931893348694
0.31531932950019836
0.3154985308647156
0.31525343656539917
0.3147788345813751
0.31512197852134705
0.3147735595703125
0.314187616109848
0.314281165599823
0.31432098150253296
0.314435750246048
0.3137460947036743
0.31417936086654663
0.31392374634742737
0.3134082555770874
0.31303489208221436
0.31309717893600464
0.3133540153503418
0.3129872679710388
0.3132704794406891
0.3126572072505951
0.31265774369239807
0.31229010224342346
0.311926931142807
0.3122406005859375
0.31159213185310364
0.3118024468421936
0.3121581971645355
0.31096169352531433
0.3110381066799164
0.31091007590293884
0.31093406677246094
0.3113730847835541
0.31021854281425476
0.31116706132888794
0.31130799651145935
0.3102397620677948
0.31024613976478577
0.3101006746292114
0.31010890007019043
0.3097039759159088
0.3097154498100281
0.309407114982605
0.30925795435905457
0.3097749650478363
0.3089393973350525
0.30861330032348633
0.3087945878505707
0.30861568450927734
0.30830106139183044
0.30811062455177307
0.3085024356842041
0.30814531445503235
0.3079078197479248
0.3080463111400604
0.3075295686721802
0.30820706486701965
0.3071185350418091
0.3073204457759857
0.3077157139778137
0.3070542514324188
0.30746328830718994
0.30735844373703003
0.3067830204963684
0.30750781297683716
0.3066290020942688
0.30685144662857056
0.30645951628685
0.3066464960575104
0.306683748960495
0.3066277801990509
0.3069414794445038
0.30619871616363525
0.30611374974250793
0.30627092719078064
0.3064914643764496
0.3058259189128876
0.3065839111804962
0.30603712797164917
0.3057525157928467
0.30576401948928833
0.30612805485725403
0.305743545293808
0.30565544962882996
0.30557581782341003
0.3056265115737915
0.3056095540523529
0.30518367886543274
0.3052234947681427
0.3050241768360138
0.30486059188842773
0.3046353757381439
0.3047228157520294
0.30526238679885864
0.3050216734409332
0.3043980598449707
0.30438825488090515
0.3042880892753601
0.3040412664413452
0.30388757586479187
0.30353212356567383
0.30390259623527527
0.30325791239738464
0.30354031920433044
0.30279552936553955
0.3033527433872223
0.3029552400112152
0.30377861857414246
0.3023766279220581
0.3023683726787567
0.3022727072238922
0.30220741033554077
0.30225658416748047
0.3025813400745392
0.3020542860031128
0.30228936672210693
0.3022708296775818
0.30193498730659485
0.3015139102935791
0.3028017580509186
0.3018728792667389
0.3014465868473053
0.30175694823265076
0.3035326898097992
0.30144423246383667
0.30152130126953125
0.3014931380748749
0.3013763129711151
0.3006410598754883
0.30049973726272583
0.30057641863822937
0.3005853593349457
0.300248384475708
0.3003554940223694
0.3011852204799652
0.3005753755569458
0.2996937036514282
0.3003663122653961
0.3006201386451721
0.3002243936061859
0.301176518201828
0.30130553245544434
0.2998623251914978
0.29946354031562805
0.29957565665245056
0.3000403046607971
0.2988452613353729
0.29964008927345276
0.29903367161750793
0.2990998923778534
0.2988515794277191
0.2986026704311371
0.29885929822921753
0.2989383637905121
0.29903677105903625
0.29823094606399536
0.29928097128868103
0.29863691329956055
0.2987354099750519
0.2980893850326538
0.2983553409576416
0.29866284132003784
0.2978590130805969
0.2982763350009918
0.297954797744751
0.29822707176208496
0.2975417673587799
0.29777276515960693
0.29816481471061707
0.2977582514286041
0.29710954427719116
0.29763534665107727
0.29714393615722656
0.29763469099998474
0.29692405462265015
0.2973937392234802
0.2965743839740753
0.29742980003356934
0.2965010404586792
0.296315461397171
0.29675841331481934
0.2965702712535858
0.2961304187774658
0.29622429609298706
0.29564449191093445
0.2959924638271332
0.29587656259536743
0.2962435483932495
0.295221745967865
0.29535138607025146
0.29562097787857056
0.2948003113269806
0.29523029923439026
0.2951534688472748
0.295082151889801
0.2949325144290924
0.2947752773761749
0.2947046458721161
0.29481908679008484
0.2947688400745392
0.2943780720233917
0.2949461340904236
0.29452821612358093
0.29458239674568176
0.29404088854789734
0.2943888008594513
0.2938911020755768
0.29408276081085205
0.2935512065887451
0.2936147451400757
0.2932945489883423
0.2935025691986084
0.29398733377456665
0.29405519366264343
0.2933295965194702
0.2934739291667938
0.2930887043476105
0.293198823928833
0.29334643483161926
0.2928113639354706
0.2927033007144928
0.293287992477417
0.2946177124977112
0.2933492362499237
0.29233619570732117
0.29231247305870056
0.2939702570438385
0.29273226857185364
0.2922864258289337
0.292011559009552
0.2921889126300812
0.29217758774757385
0.2920108139514923
0.2919338047504425
0.29189449548721313
0.2919701933860779
0.29195013642311096
0.29242318868637085
0.2919841706752777
0.29151585698127747
0.2916680574417114
0.2916848659515381
0.2915595769882202
0.29237231612205505
0.2929024398326874
0.2912132143974304
0.29153427481651306
0.2911751866340637
0.2906876504421234
0.2906000316143036
0.2908889055252075
0.2906001806259155
0.2914089858531952
0.291548490524292
0.2908570170402527
0.2904961109161377
0.2904953360557556
0.29067885875701904
0.28994834423065186
0.29067710041999817
0.2902889847755432
0.2902722954750061
0.29083335399627686
0.29009878635406494
0.2902360260486603
0.2901105284690857
0.29018473625183105
0.2901376783847809
0.2899124324321747
0.2897251844406128
0.28976812958717346
0.28963541984558105
0.28988295793533325
0.2900630235671997
0.2894201874732971
0.2897614538669586
0.2903466820716858
0.28984200954437256
0.28951260447502136
0.2898082733154297
0.289694219827652
0.28955864906311035
0.2893489599227905
0.2889595031738281
0.2892848253250122
0.28888824582099915
0.2886650264263153
0.2893233597278595
0.2885794937610626
0.2896932065486908
0.28914007544517517
0.28969699144363403
0.28892403841018677
0.28866150975227356
0.2887263000011444
0.2880929112434387
0.2891317903995514
0.28871089220046997
0.2881685793399811
0.28820690512657166
0.2881079316139221
0.2884521484375
0.28836822509765625
0.28813788294792175
0.2887796461582184
0.2887639105319977
0.2877979576587677
0.2880636751651764
0.2879306972026825
0.2881142199039459
0.28786149621009827
0.28836512565612793
0.28782615065574646
0.28766658902168274
0.28786396980285645
0.2878604531288147
0.287508487701416
0.2877708971500397
0.28738704323768616
0.2880391776561737
0.2874560058116913
0.2870286703109741
0.2878298759460449
0.2874942421913147
0.2874644696712494
0.2882061004638672
0.2880215048789978
0.28720909357070923
0.2869104743003845
0.2871188223361969
0.2866218388080597
0.28701847791671753
0.2872602939605713
0.28689369559288025
0.2872059643268585
0.2874455749988556
0.2869616448879242
0.2874657213687897
0.2871529757976532
0.2869861125946045
0.2868468165397644
0.286956787109375
0.28693634271621704
0.28670692443847656
0.2882244884967804
0.2869221270084381
0.2874082326889038
0.28674036264419556
0.2869328558444977
0.28615275025367737
0.2866824269294739
0.2860308289527893
0.28678032755851746
0.2873079478740692
0.28699567914009094
0.28645437955856323
0.2866789400577545
0.28697994351387024
0.286434143781662
0.2865300476551056
0.28631219267845154
0.2861974239349365
0.2861267626285553
0.2864229679107666
0.28653427958488464
0.28565964102745056
0.2863938510417938
0.2857707142829895
0.2864590883255005
0.286074697971344
0.2855168879032135
0.28629010915756226
0.2862679064273834
0.28552451729774475
0.28608831763267517
0.28548872470855713
0.28547778725624084
0.2853619456291199
0.28535357117652893
0.2856549918651581
0.2865655720233917
0.28575265407562256
0.28545713424682617
0.28527089953422546
0.28563058376312256
0.2848536968231201
0.28510189056396484
0.285234659910202
0.2853865623474121
0.28465819358825684
0.28633013367652893
0.28538307547569275
0.28554731607437134
0.28499773144721985
0.28655382990837097
0.28597936034202576
0.2845924496650696
0.28477993607521057
0.2849772572517395
0.28480246663093567
0.28447139263153076
0.28470930457115173
0.2846014201641083
0.2854524850845337
0.28494665026664734
0.28384119272232056
0.2839640974998474
0.28409144282341003
0.2843361794948578
0.28494980931282043
0.2844916880130768
0.2842123806476593
0.2848019599914551
0.28382664918899536
0.2840896248817444
0.2838193476200104
0.28349819779396057
0.2844572365283966
0.283501535654068
0.28349021077156067
0.2841799557209015
0.28400489687919617
0.28338930010795593
0.28384578227996826
0.2847607433795929
0.28370875120162964
0.2835947573184967
0.28513097763061523
0.28369030356407166
0.2834678590297699
0.2829364836215973
0.28266265988349915
0.2832009196281433
0.2831619381904602
0.283130943775177
0.2831372022628784
0.2830597460269928
0.28282010555267334
0.28387391567230225
0.28385522961616516
0.2820320129394531
0.2827421724796295
0.2835138738155365
0.28250375390052795
0.2823109030723572
0.282219797372818
0.2822909951210022
0.28262946009635925
0.28259211778640747
0.28288888931274414
0.28259381651878357
0.28244224190711975
0.2820456326007843
0.28237706422805786
0.2818305194377899
0.2819409668445587
0.2824588119983673
0.2817048132419586
0.2822134494781494
0.2815537452697754
0.2814531922340393
0.2816174626350403
0.28166308999061584
0.2815851867198944
0.2819904685020447
0.2818754017353058
0.28162649273872375
0.2814563810825348
0.28206825256347656
0.2810361385345459
0.2816905081272125
0.2811479866504669
0.28119876980781555
0.2817428708076477
0.2808564305305481
0.28134283423423767
0.28130748867988586
0.28230082988739014
0.2812018096446991
0.28148266673088074
0.280904620885849
0.28108999133110046
0.2799385190010071
0.2801436185836792
0.280819296836853
0.28067320585250854
0.28059399127960205
0.28098922967910767
0.280613511800766
0.28058546781539917
0.28025954961776733
0.2800183892250061
0.28013747930526733
0.28019052743911743
0.2808089554309845
0.27999499440193176
0.28008878231048584
0.27974411845207214
0.28041771054267883
0.2802053987979889
0.2803827226161957
0.2796247899532318
0.27949637174606323
0.27946823835372925
0.2802049219608307
0.2793068587779999
0.27950963377952576
0.2802899181842804
0.2794177830219269
0.27976807951927185
0.2789882719516754
0.27999988198280334
0.27929040789604187
0.27971982955932617
0.2795628607273102
0.2787461280822754
0.2790983021259308
0.27975305914878845
0.27922722697257996
0.2786385416984558
0.27903902530670166
0.2793631851673126
0.27844029664993286
0.2784091830253601
0.27904877066612244
0.27896884083747864
0.2782323658466339
0.27847766876220703
0.2787795662879944
0.27806204557418823
0.2783738374710083
0.2786726653575897
0.27949994802474976
0.27828046679496765
0.2778543531894684
0.27823764085769653
0.2782171070575714
0.27871087193489075
0.2799878716468811
0.278454452753067
0.27809396386146545
0.27810558676719666
0.27755501866340637
0.2775338292121887
0.27724727988243103
0.2779507339000702
0.2787027359008789
0.2790684401988983
0.27722373604774475
0.2777787446975708
0.27793893218040466
0.27697086334228516
0.27765390276908875
0.27690520882606506
0.2770451307296753
0.278175950050354
0.2771930396556854
0.27691343426704407
0.27720728516578674
0.2773139178752899
0.2770967483520508
0.27611932158470154
0.2768705487251282
0.27644848823547363
0.27729088068008423
0.2766452729701996
0.27812814712524414
0.2777799963951111
0.27825844287872314
0.27659663558006287
0.27628692984580994
0.2762056887149811
0.27641135454177856
0.27588149905204773
0.27633562684059143
0.2762981355190277
0.2761301100254059
0.2774728536605835
0.2767384350299835
0.2756541967391968
0.2762789726257324
0.27603888511657715
0.2766898572444916
0.27616259455680847
0.2762446701526642
0.2755464017391205
0.27539893984794617
0.2760569751262665
0.2758798599243164
0.27524569630622864
0.275335431098938
0.2760513722896576
0.27547702193260193
0.2766144573688507
0.2757195234298706
0.2756965160369873
0.2749776542186737
0.2765645384788513
0.2761695981025696
0.2757681608200073
0.27517446875572205
0.27556687593460083
0.2748931646347046
0.2752651870250702
0.2754378914833069
0.27511855959892273
0.27598175406455994
0.2754549980163574
0.2755301296710968
0.274641215801239
0.27432504296302795
0.27448806166648865
0.27465343475341797
0.27531322836875916
0.27567461133003235
0.2754550576210022
0.2761733829975128
0.27560192346572876
0.27543288469314575
0.27595460414886475
0.27496224641799927
0.2747381031513214
0.27433544397354126
0.2739447355270386
0.27426227927207947
0.2736888825893402
0.2739082872867584
0.2747957706451416
0.27397915720939636
0.274420827627182
0.2737670838832855
0.27364346385002136
0.2738340497016907
0.27501004934310913
0.27343493700027466
0.2739875316619873
0.2737923860549927
0.27386030554771423
0.2733159363269806
0.2746700644493103
0.2740355134010315
0.27345842123031616
0.2735573947429657
0.27268338203430176
0.2728736400604248
0.273982435464859
0.27316245436668396
0.2738235294818878
0.27285680174827576
0.2727464735507965
0.2726942002773285
0.27359604835510254
0.27263233065605164
0.2742256820201874
0.27336302399635315
0.27274787425994873
0.27366510033607483
0.27431729435920715
0.2726474106311798
0.27269047498703003
0.27388840913772583
0.27297067642211914
0.27227210998535156
0.2726071774959564
0.2733820676803589
0.27277034521102905
0.2729327976703644
0.2728639841079712
0.273083359003067
0.27251824736595154
0.27209970355033875
0.27260419726371765
0.2721846401691437
0.274422287940979
0.27217981219291687
0.27369245886802673
0.27443596720695496
0.2725159227848053
0.27277129888534546
0.2721727788448334
0.27280983328819275
0.2721957862377167
0.2716381251811981
0.27310556173324585
0.2726736068725586
0.2725287079811096
0.2721986770629883
0.2724158763885498
0.2722872793674469
0.2736356258392334
0.27219414710998535
0.27170053124427795
0.27235692739486694
0.27229371666908264
0.27230972051620483
0.27222034335136414
0.2738518714904785
0.27356934547424316
0.27137047052383423
0.27249765396118164
0.27198290824890137
0.2720097601413727
0.2725452184677124
0.2719291150569916
0.2721884548664093
0.27203822135925293
0.2714165151119232
0.27151814103126526
0.271731972694397
0.2719278335571289
0.27217787504196167
0.27175915241241455
0.271454781293869
0.2713419198989868
0.2714269161224365
0.2713127136230469
0.27103880047798157
0.27134570479393005
0.2712426483631134
0.2719983458518982
0.2714971601963043
0.2719231843948364
0.2709938585758209
0.2712800204753876
0.2712051272392273
0.2715994715690613
0.2715971767902374
0.2713622450828552
0.27148252725601196
0.2717444896697998
0.27100419998168945
0.2704148590564728
0.27082937955856323
0.27154961228370667
0.2715476453304291
0.2720468044281006
0.2715208828449249
0.2708376944065094
0.270443856716156
0.2711378335952759
0.2710438072681427
0.27070239186286926
0.27120867371559143
0.2710340619087219
0.2705119252204895
0.2707223892211914
0.27071473002433777
0.2714541256427765
0.2711997330188751
0.270906537771225
0.27062931656837463
0.2706082761287689
0.2702675759792328
0.270375519990921
0.2706471085548401
0.2705152928829193
0.2705455422401428
0.27052071690559387
0.26998770236968994
0.2705000042915344
0.26986145973205566
0.27002865076065063
0.27079182863235474
0.2723351716995239
0.27255773544311523
0.2708183825016022
0.27042677998542786
0.27024972438812256
0.27020999789237976
0.2717510163784027
0.2703688144683838
0.2694738209247589
0.2703222930431366
0.27098849415779114
0.2713223099708557
0.2705414593219757
0.26996371150016785
0.2697824239730835
0.2698627710342407
0.27124276757240295
0.2696398198604584
0.2702784836292267
0.2697719633579254
0.2698219418525696
0.27058541774749756
0.2699684798717499
0.2706358730792999
0.269742876291275
0.27066242694854736
0.2694770097732544
0.27000343799591064
0.26983094215393066
0.26944413781166077
0.2699653208255768
0.27063360810279846
0.2703314423561096
0.2694138288497925
0.2705185115337372
0.26974740624427795
0.26924607157707214
0.2696147859096527
0.2690906226634979
0.2704205811023712
0.27030202746391296
0.26951655745506287
0.26946744322776794
0.2691722810268402
0.2697449028491974
0.2690425515174866
0.2692534625530243
0.2693014442920685
0.2694944739341736
0.26923662424087524
0.26877617835998535
0.26929572224617004
0.270729124546051
0.2695603370666504
0.26947152614593506
0.2688295841217041
0.2691563069820404
0.27040451765060425
0.2689586579799652
0.26871350407600403
0.26898521184921265
0.2690543830394745
0.26896288990974426
0.26877233386039734
0.2690484821796417
0.2687597870826721
0.2684623897075653
0.270382821559906
0.2684481143951416
0.2693830132484436
0.26861926913261414
0.2686842978000641
0.269330233335495
0.26915234327316284
0.2679150700569153
0.26879119873046875
0.2683471143245697
0.26917630434036255
0.26888197660446167
0.2683829367160797
0.26816612482070923
0.26787251234054565
0.2682560682296753
0.2691228985786438
0.26883411407470703
0.26895564794540405
0.2702232897281647
0.26926788687705994
0.2697681188583374
0.26847779750823975
0.26881498098373413
0.2687212824821472
0.2682303786277771
0.267965167760849
0.26804906129837036
0.2683725953102112
0.2686976492404938
0.2693893015384674
0.2678668797016144
0.26894545555114746
0.2677966058254242
0.2679102122783661
0.26860636472702026
0.2680390775203705
0.2677747309207916
0.26775413751602173
0.2682316303253174
0.2685606777667999
0.2682743966579437
0.267998069524765
0.26837506890296936
0.2672911584377289
