0.6275516152381897
0.6145789623260498
0.6014026999473572
0.5886609554290771
0.5761972665786743
0.5643620491027832
0.5526915192604065
0.5410680770874023
0.5298559665679932
0.5186558961868286
0.506412923336029
0.4957033693790436
0.4849746823310852
0.47431671619415283
0.4639745354652405
0.45395052433013916
0.4449602961540222
0.43590450286865234
0.42672199010849
0.4185347557067871
0.4107300639152527
0.40356653928756714
0.39721399545669556
0.39218947291374207
0.38576966524124146
0.38103535771369934
0.37758132815361023
0.3726584315299988
0.36995959281921387
0.3666616678237915
0.36354854702949524
0.3614144027233124
0.35915282368659973
0.3575606048107147
0.3558904230594635
0.3539433181285858
0.35270029306411743
0.3515423834323883
0.3500327169895172
0.3490050733089447
0.3478890657424927
0.3472628891468048
0.34638580679893494
0.34612980484962463
0.34502410888671875
0.34523215889930725
0.34416258335113525
0.34271153807640076
0.3421516418457031
0.3415473997592926
0.3411286175251007
0.3406144380569458
0.34014907479286194
0.3398995101451874
0.33910465240478516
0.33920183777809143
0.33805349469184875
0.33794233202934265
0.3375127613544464
0.33694514632225037
0.3365668058395386
0.33666422963142395
0.33604374527931213
0.3357643187046051
0.3349470794200897
0.33510807156562805
0.33421045541763306
0.3345257043838501
0.33397939801216125
0.3333130180835724
0.33293935656547546
0.3327298164367676
0.33272629976272583
0.33225321769714355
0.33140596747398376
0.3311006426811218
0.33088240027427673
0.3308086097240448
0.330302894115448
0.3297470510005951
0.32951033115386963
0.3294411599636078
0.32881397008895874
0.32849109172821045
0.32875165343284607
0.3276509642601013
0.3275233209133148
0.3276474177837372
0.3271593153476715
0.32628610730171204
0.32609322667121887
0.32606932520866394
0.3255755305290222
0.3253658711910248
0.3250093460083008
0.3249800503253937
0.32449984550476074
0.32478460669517517
0.32400283217430115
0.3241909146308899
0.32386255264282227
0.3237001597881317
0.3237071931362152
0.3232682943344116
0.32325777411460876
0.32330283522605896
0.3240026831626892
0.32305923104286194
0.3226889967918396
0.3223382532596588
0.32239392399787903
0.32199278473854065
0.3218793272972107
0.3217920660972595
0.3219461739063263
0.3220042288303375
0.3222895860671997
0.32135894894599915
0.32114675641059875
0.3212754428386688
0.3210059106349945
0.3210102915763855
0.32089415192604065
0.3208405375480652
0.32046008110046387
0.3203997015953064
0.3203745186328888
0.32055193185806274
0.32039308547973633
0.3200646936893463
0.3204365074634552
0.31997770071029663
0.31966274976730347
0.3199023902416229
0.31972265243530273
0.3198486268520355
0.31942546367645264
0.31959614157676697
0.3196588158607483
0.3193598985671997
0.31905844807624817
0.3189592957496643
0.31937724351882935
0.31906047463417053
0.3191218972206116
0.31874313950538635
0.3185826241970062
0.31874075531959534
0.31859493255615234
0.3187393248081207
0.31818294525146484
0.3183329105377197
0.31850913166999817
0.31802433729171753
0.3179398775100708
0.31790074706077576
0.3181578516960144
0.3187623620033264
0.317611426115036
0.3182467818260193
0.3183160126209259
0.3176631033420563
0.3180605173110962
0.31765639781951904
0.31752821803092957
0.3172474801540375
0.317249059677124
0.31737515330314636
0.31753605604171753
0.3178321123123169
0.3168845474720001
0.3168502449989319
0.3170439600944519
0.3169144093990326
0.3166481554508209
0.31636568903923035
0.31696659326553345
0.31651610136032104
0.3164196014404297
0.31638041138648987
0.31625041365623474
0.3165266513824463
0.3159927725791931
0.31614503264427185
0.31637144088745117
0.31569135189056396
0.31589657068252563
0.31590551137924194
0.31555116176605225
0.3160583972930908
0.3153478503227234
0.31545501947402954
0.3154183030128479
0.31522154808044434
0.3153248131275177
0.3152671158313751
0.315299928188324
0.3149429261684418
0.3149842917919159
0.31493741273880005
0.3151896595954895
0.31483492255210876
0.3149993419647217
0.31461095809936523
0.31448057293891907
0.3142849802970886
0.3147234618663788
0.3143434226512909
0.31427234411239624
0.31460514664649963
0.31440216302871704
0.31440797448158264
0.3142002522945404
0.3142005503177643
0.313762366771698
0.3137072026729584
0.3135305345058441
0.3137551546096802
0.31391099095344543
0.31346583366394043
0.31349658966064453
0.31354770064353943
0.31341108679771423
0.31334325671195984
0.31348565220832825
0.31318148970603943
0.31311163306236267
0.3133508861064911
0.3134203255176544
0.3129517436027527
0.31310996413230896
0.3128971457481384
0.31333065032958984
0.31269729137420654
0.3127543032169342
0.3123702108860016
0.31269708275794983
0.3123529851436615
0.3124215304851532
0.31232956051826477
0.312662273645401
0.3127567768096924
0.31214994192123413
0.31203925609588623
0.31276145577430725
0.31238853931427
0.31202131509780884
0.3127150237560272
0.31397688388824463
0.3120189607143402
0.3122052550315857
0.31223613023757935
0.3120271861553192
0.3115438222885132
0.3117857873439789
0.31163185834884644
0.31182539463043213
0.3118059039115906
0.3117269277572632
0.311633437871933
0.3116995394229889
0.31110909581184387
0.31114494800567627
0.31165796518325806
0.31127750873565674
0.31172552704811096
0.31209737062454224
0.311235249042511
0.3112912178039551
0.31107625365257263
0.3112698793411255
0.31058189272880554
0.3109571933746338
0.3106336295604706
0.31083378195762634
0.31067749857902527
0.3104451596736908
0.31065309047698975
0.3106595277786255
0.31091171503067017
0.3105032742023468
0.3105746805667877
0.31052473187446594
0.3102732002735138
0.3102205991744995
0.3100112974643707
0.31028109788894653
0.3100756108760834
0.31009727716445923
0.3100776970386505
0.31016919016838074
0.31004539132118225
0.31025221943855286
0.31032586097717285
0.31046703457832336
0.3096357583999634
0.30994918942451477
0.3095897436141968
0.3097866177558899
0.3096494674682617
0.309751033782959
0.30939343571662903
0.30987921357154846
0.30960527062416077
0.30923205614089966
0.3100280165672302
0.3094112277030945
0.3090587556362152
0.30928242206573486
0.30900678038597107
0.3091336786746979
0.30934062600135803
0.30928805470466614
0.3087150454521179
0.30908483266830444
0.3092464208602905
0.308754026889801
0.30886244773864746
0.30888524651527405
0.30893149971961975
0.3089735507965088
0.30873361229896545
0.3087618350982666
0.30873173475265503
0.309091180562973
0.30869486927986145
0.3089825212955475
0.3084064722061157
0.30838388204574585
0.3083653450012207
0.3086756765842438
0.30829179286956787
0.30838751792907715
0.3082626163959503
0.30812734365463257
0.30811262130737305
0.3082612454891205
0.3085862398147583
0.3085683286190033
0.3081352710723877
0.3082438111305237
0.30834269523620605
0.3077888786792755
0.3079316020011902
0.30769026279449463
0.3074849545955658
0.3079964220523834
0.3091098368167877
0.30763939023017883
0.30739471316337585
0.3076018691062927
0.3089423179626465
0.3077503442764282
0.3077273368835449
0.3073052167892456
0.307630330324173
0.3073867857456207
0.30701884627342224
0.3070260286331177
0.3070220649242401
0.30685895681381226
0.30689913034439087
0.30707427859306335
0.3067837357521057
0.3067539930343628
0.30680105090141296
0.3067953884601593
0.3069523274898529
0.30759721994400024
0.3071739077568054
0.3065900206565857
0.30661237239837646
0.30645015835762024
0.3061849772930145
0.30625420808792114
0.3064773976802826
0.3061555027961731
0.30660930275917053
0.3065207600593567
0.3058715760707855
0.306010901927948
0.3058156669139862
0.30605196952819824
0.3057994842529297
0.30570361018180847
0.30563685297966003
0.30570343136787415
0.3057023286819458
0.3056758940219879
0.30566123127937317
0.3052966892719269
0.3055746257305145
0.3054434061050415
0.3055923581123352
0.3052346706390381
0.30519112944602966
0.30515769124031067
0.3050960600376129
0.30500367283821106
0.3049856126308441
0.3047870099544525
0.3049834072589874
0.30496248602867126
0.30452582240104675
0.3047586679458618
0.30477645993232727
0.30445608496665955
0.3044734299182892
0.3041403591632843
0.30450791120529175
0.3042086064815521
0.3040693402290344
0.3042750954627991
0.3039698600769043
0.3046683967113495
0.3038170039653778
0.3040846586227417
0.30421197414398193
0.30378109216690063
0.3037910461425781
0.3035934567451477
0.30346980690956116
0.3037755787372589
0.3032910227775574
0.30340707302093506
0.3033169209957123
0.3033248484134674
0.30314213037490845
0.30296963453292847
0.30324527621269226
0.30312514305114746
0.30247625708580017
0.30278879404067993
0.3026905059814453
0.30284762382507324
0.30260229110717773
0.3028258681297302
0.30264341831207275
0.30237746238708496
0.30264702439308167
0.30250927805900574
0.3023777902126312
0.3028438091278076
0.3017936944961548
0.30261003971099854
0.30207768082618713
0.3019595742225647
0.3020329475402832
0.3017839193344116
0.3021646738052368
0.3031840920448303
0.3026687204837799
0.3016936779022217
0.3015352785587311
0.3017110824584961
0.30132317543029785
0.3016146123409271
0.30144739151000977
0.30120497941970825
0.30146655440330505
0.30138736963272095
0.3016362190246582
0.3009510934352875
0.3007875382900238
0.3009144067764282
0.3007364869117737
0.30080077052116394
0.3006725311279297
0.3006054759025574
0.3019510805606842
0.3006878197193146
0.3006146252155304
0.30032017827033997
0.3002995550632477
0.3001333475112915
0.3000921607017517
0.29968729615211487
0.2999555468559265
0.3002316355705261
0.2998133599758148
0.2996433675289154
0.299949049949646
0.29932671785354614
0.2996954321861267
0.29940536618232727
0.2995677888393402
0.29971545934677124
0.2992374300956726
0.2997262477874756
0.29891422390937805
0.2988196909427643
0.29921528697013855
0.29846325516700745
0.29860833287239075
0.29859307408332825
0.2984236180782318
0.29885849356651306
0.2985127866268158
0.2984156906604767
0.29862678050994873
0.2982303202152252
0.29825425148010254
0.29800286889076233
0.29796287417411804
0.2979646623134613
0.29813656210899353
0.29791295528411865
0.2983487844467163
0.29828572273254395
0.2980908751487732
0.2972193658351898
0.29813268780708313
0.29823362827301025
0.2976934313774109
0.29711219668388367
0.2978275418281555
0.2974013686180115
0.2975849211215973
0.2971931993961334
0.2976873517036438
0.29690852761268616
0.29673832654953003
0.2970665395259857
0.29689785838127136
0.29697084426879883
0.2967469096183777
0.2966911792755127
0.29661402106285095
0.2968895733356476
0.296692818403244
0.2965836524963379
0.2962430715560913
0.29644671082496643
0.29672202467918396
0.29642799496650696
0.2969035804271698
0.29605764150619507
0.2962203621864319
0.29604336619377136
0.29606232047080994
0.2958260774612427
0.2959708273410797
0.2967073321342468
0.2959465980529785
0.29595711827278137
0.29639288783073425
0.29589030146598816
0.2958638072013855
0.29566776752471924
0.29622605443000793
0.2958608865737915
0.2958502769470215
0.29617899656295776
0.29563108086586
0.29545190930366516
0.2955120801925659
0.295088529586792
0.29513493180274963
0.2952670753002167
0.29541096091270447
0.2956865727901459
0.29576781392097473
0.29489782452583313
0.2951712906360626
0.2949415147304535
0.29476940631866455
0.2950168550014496
0.2952755093574524
0.29445895552635193
0.29469722509384155
0.29422277212142944
0.29451441764831543
0.29466068744659424
0.29441067576408386
0.2950846552848816
0.29495152831077576
0.29492536187171936
0.2941001355648041
0.29423993825912476
0.2940412163734436
0.2941346764564514
0.29442381858825684
0.29433292150497437
0.29456934332847595
0.2939089238643646
0.29396191239356995
0.2944583594799042
0.2936403453350067
0.29395604133605957
0.2936873435974121
0.29365870356559753
0.293654203414917
0.2935978174209595
0.29372772574424744
0.2935168743133545
0.2933619022369385
0.29322350025177
0.2937849462032318
0.2939736843109131
0.29321402311325073
0.2932422459125519
0.29363709688186646
0.29409080743789673
0.29382285475730896
0.29324373602867126
0.2930682599544525
0.29319512844085693
0.29294484853744507
0.2931363582611084
0.2929793894290924
0.2930581271648407
0.29351264238357544
0.2933158278465271
0.2931073307991028
0.29310843348503113
0.292976051568985
0.29288122057914734
0.2927548587322235
0.2932341992855072
0.2928886115550995
0.29259297251701355
0.2925366461277008
0.2927740216255188
0.29309335350990295
0.2926637530326843
0.2926817536354065
0.2923664152622223
0.2924215495586395
0.29234808683395386
0.29316848516464233
0.2923455238342285
0.29238224029541016
0.2924208343029022
0.2922292947769165
0.2922815978527069
0.2927358150482178
0.2923603355884552
0.2920326888561249
0.2921195924282074
0.29225772619247437
0.29200994968414307
0.292064368724823
0.29306891560554504
0.29197320342063904
0.2920953929424286
0.2913868725299835
0.29214704036712646
0.29146507382392883
0.29179689288139343
0.29191455245018005
0.2915419638156891
0.2914348542690277
0.2913261353969574
0.29141518473625183
0.2912199795246124
0.29139524698257446
0.29148727655410767
0.29248571395874023
0.2919652760028839
0.2915382385253906
0.29104092717170715
0.29147306084632874
0.29173195362091064
0.2924218773841858
0.2909604012966156
0.29127922654151917
0.2917289435863495
0.2907377779483795
0.29119873046875
0.2910148501396179
0.2912726402282715
0.2914235591888428
0.29142874479293823
0.290675550699234
0.29102954268455505
0.29108306765556335
0.29074975848197937
0.2914113998413086
0.29070109128952026
0.29080867767333984
0.29111966490745544
0.29083916544914246
0.290569007396698
0.2905581593513489
0.2903802990913391
0.2907090187072754
0.2904748320579529
0.29120975732803345
0.290284663438797
0.2909069359302521
0.29024067521095276
0.2903748154640198
0.2904655933380127
0.2910211682319641
0.29006168246269226
0.2900962233543396
0.290094256401062
0.2896817922592163
0.29011157155036926
0.2905398905277252
0.2903037369251251
0.28990116715431213
0.29064998030662537
0.29000815749168396
0.2898859977722168
0.2897247076034546
0.2899287939071655
0.28965067863464355
0.29003867506980896
0.2900480031967163
0.2892557680606842
0.28954407572746277
0.28949764370918274
0.28967222571372986
0.289164662361145
0.2892851233482361
0.28950339555740356
0.28927499055862427
0.28926172852516174
0.28924301266670227
0.2891969680786133
0.28942200541496277
0.2895467281341553
0.2890077829360962
0.2894662618637085
0.2892969846725464
0.2890077531337738
0.28870272636413574
0.28909042477607727
0.2895365357398987
0.2888699769973755
0.2888784408569336
0.2892826497554779
0.2889336049556732
0.2886551320552826
0.28872406482696533
0.28896790742874146
0.28863364458084106
0.28887978196144104
0.2885406017303467
0.2894684374332428
0.28846922516822815
0.28824442625045776
0.28886353969573975
0.28849899768829346
0.28830066323280334
0.28861331939697266
0.288849413394928
0.2880544066429138
0.28856322169303894
0.28818854689598083
0.28849199414253235
0.2879854142665863
0.2882317900657654
0.28799042105674744
0.28796184062957764
0.2882111668586731
0.2878914177417755
0.2882680892944336
0.2883208394050598
0.28855836391448975
0.2880895137786865
0.28797149658203125
0.2884764075279236
0.2883400619029999
0.2881077527999878
0.28781548142433167
0.2879701256752014
0.287472128868103
0.2877301871776581
0.28897836804389954
0.287982702255249
0.28817856311798096
0.28743475675582886
0.2882401943206787
0.2876363694667816
0.2874363958835602
0.2876553237438202
0.2881368100643158
0.2876136600971222
0.2877214848995209
0.28765928745269775
0.2879214584827423
0.28755173087120056
0.28737184405326843
0.2881007194519043
0.28756099939346313
0.28719034790992737
0.2873794436454773
0.28743577003479004
0.2870636582374573
0.28744128346443176
0.2874043881893158
0.2880147695541382
0.287458211183548
0.2876146733760834
0.2867971360683441
0.2870856523513794
0.28737178444862366
0.287546306848526
0.2880230247974396
0.28774306178092957
0.2870824933052063
0.28723999857902527
0.28691360354423523
0.28702056407928467
0.2872433066368103
0.2867572605609894
0.28765809535980225
0.2869013547897339
0.28728723526000977
0.2870193421840668
0.2869154214859009
0.2869614362716675
0.2864771783351898
0.28681477904319763
0.2866290211677551
0.28652986884117126
0.28675195574760437
0.28656840324401855
0.2868063747882843
0.2890499532222748
0.28727078437805176
0.2860602140426636
0.2867158055305481
0.2863788902759552
0.28633615374565125
0.2863691747188568
0.28685110807418823
0.28629472851753235
0.2864921987056732
0.28620073199272156
0.2864386737346649
0.2861538231372833
0.2864992022514343
0.28609445691108704
0.28648415207862854
0.28612664341926575
0.2861994206905365
0.28603625297546387
0.2861025631427765
0.286060094833374
0.2858167290687561
0.28605782985687256
0.28583797812461853
0.2859031558036804
0.28619056940078735
0.28581610321998596
0.28579631447792053
0.2856522500514984
0.2859404683113098
0.28580379486083984
0.28592443466186523
0.285632848739624
0.28606149554252625
0.28588083386421204
0.28576987981796265
0.28579697012901306
0.2858675420284271
0.2858687937259674
0.2856904864311218
0.28580328822135925
0.28583917021751404
0.2856593132019043
0.285921573638916
0.2857040762901306
0.2854490578174591
0.28563255071640015
0.2861362099647522
0.2855856716632843
0.28546977043151855
0.28559666872024536
0.28532060980796814
0.28566011786460876
0.28531599044799805
0.28542962670326233
0.2855876684188843
0.285299152135849
0.2856273353099823
0.2856396436691284
0.2853868901729584
0.2852315306663513
0.285942405462265
0.2853949964046478
0.28542178869247437
0.2853396236896515
0.2853793501853943
0.2853854298591614
0.2855491638183594
0.28586432337760925
0.28520700335502625
0.2859755754470825
0.28497573733329773
0.28507497906684875
0.2855640947818756
0.2858949601650238
0.2850952744483948
0.2851753532886505
0.2851928472518921
0.2862928509712219
0.28499937057495117
0.2851965129375458
0.2849019169807434
0.28508007526397705
0.2848328948020935
0.2850932776927948
0.28501027822494507
0.284851610660553
0.28484293818473816
0.285057932138443
0.2851528823375702
0.284839928150177
0.2846727967262268
0.2847754657268524
0.28474199771881104
0.2846526503562927
0.2847922444343567
0.2846379280090332
0.2849956750869751
0.2846675217151642
0.28494933247566223
0.28470635414123535
0.2847871482372284
0.28457120060920715
0.28457364439964294
0.2849389612674713
0.28428781032562256
0.2846201956272125
0.2848301827907562
0.2843415439128876
0.28451403975486755
0.28458279371261597
0.28461503982543945
0.2841145396232605
0.2840886116027832
0.2843974232673645
0.2842198610305786
0.2841758131980896
0.28432512283325195
0.2844512462615967
0.28421851992607117
0.28432294726371765
0.28438833355903625
0.2842758595943451
0.2843123972415924
0.2840459644794464
0.2839922308921814
0.28458264470100403
0.2843947410583496
0.2845909893512726
0.2842545807361603
0.2840372323989868
0.2841722369194031
0.28443434834480286
0.2841609716415405
0.28407707810401917
0.28416550159454346
0.28441286087036133
0.2841004431247711
0.2842828035354614
0.28374066948890686
0.28420090675354004
0.2840363681316376
0.28392836451530457
0.283865749835968
0.283684641122818
0.28380656242370605
0.28392893075942993
0.2837430536746979
0.283924400806427
0.28381994366645813
0.28490012884140015
0.28376346826553345
0.2839888334274292
0.28371334075927734
0.2837299406528473
0.283666729927063
0.28345826268196106
0.2843824625015259
0.2844826579093933
0.2831396460533142
0.2833046615123749
0.28368791937828064
0.2835844159126282
0.28343042731285095
0.28405916690826416
0.2833140194416046
0.28385457396507263
0.2831493616104126
0.28353554010391235
0.28339874744415283
0.2832232713699341
0.28322046995162964
0.28332212567329407
0.28348028659820557
0.2829981744289398
0.2834971249103546
0.28353139758110046
0.2834858000278473
0.28302815556526184
