0.4942857027053833
0.5047619342803955
0.5209524035453796
0.5447618961334229
0.5647618770599365
0.5876190662384033
0.6085714101791382
0.6228571534156799
0.6504762172698975
0.6638095378875732
0.6838095188140869
0.6980952620506287
0.7095237970352173
0.7228571176528931
0.7342857122421265
0.7419047355651855
0.7495238184928894
0.760952353477478
0.7638095021247864
0.7714285850524902
0.7819047570228577
0.7838095426559448
0.7923809289932251
0.7952380776405334
0.800000011920929
0.8047618865966797
0.8095238208770752
0.8171428442001343
0.8238095045089722
0.8247619271278381
0.8276190757751465
0.8257142901420593
0.8295238018035889
0.8304761648178101
0.8295238018035889
0.8333333134651184
0.8295238018035889
0.831428587436676
0.8333333134651184
0.8390476107597351
0.8428571224212646
0.8428571224212646
0.845714271068573
0.8495237827301025
0.8485714197158813
0.8504762053489685
0.8504762053489685
0.8533333539962769
0.854285717010498
0.8580952286720276
0.8609523773193359
0.8609523773193359
0.8600000143051147
0.8600000143051147
0.8628571629524231
0.8619047403335571
0.8638095259666443
0.8628571629524231
0.8666666746139526
0.8657143115997314
0.868571400642395
0.8704761862754822
0.8704761862754822
0.8742856979370117
0.8752381205558777
0.8742856979370117
0.8733333349227905
0.8790476322174072
0.8780952095985413
0.8771428465843201
0.8790476322174072
0.8809523582458496
0.8809523582458496
0.8828571438789368
0.883809506893158
0.8828571438789368
0.8847619295120239
0.8857142925262451
0.8857142925262451
0.883809506893158
0.8914285898208618
0.8866666555404663
0.8876190185546875
0.8885714411735535
0.8895238041877747
0.8904761672019958
0.8933333158493042
0.8904761672019958
0.8904761672019958
0.8895238041877747
0.8914285898208618
0.892380952835083
0.8933333158493042
0.8933333158493042
0.8961904644966125
0.8914285898208618
0.8990476131439209
0.8980952501296997
0.8990476131439209
0.8952381014823914
0.8990476131439209
0.8990476131439209
0.8990476131439209
0.8999999761581421
0.9028571248054504
0.9028571248054504
0.9047619104385376
0.9085714221000671
0.9066666960716248
0.9104762077331543
0.9085714221000671
0.9047619104385376
0.9066666960716248
0.9057142734527588
0.9066666960716248
0.9047619104385376
0.9085714221000671
0.907619059085846
0.907619059085846
0.907619059085846
0.907619059085846
0.9047619104385376
0.907619059085846
0.907619059085846
0.9066666960716248
0.9085714221000671
0.9057142734527588
0.9066666960716248
0.907619059085846
0.9085714221000671
0.907619059085846
0.9066666960716248
0.907619059085846
0.9057142734527588
0.907619059085846
0.9057142734527588
0.9095237851142883
0.9095237851142883
0.9104762077331543
0.9104762077331543
0.9095237851142883
0.9104762077331543
0.9123809337615967
0.9114285707473755
0.9123809337615967
0.9104762077331543
0.9133333563804626
0.9114285707473755
0.9123809337615967
0.9095237851142883
0.9114285707473755
0.9142857193946838
0.915238082408905
0.915238082408905
0.9133333563804626
0.916190505027771
0.9142857193946838
0.915238082408905
0.9123809337615967
0.915238082408905
0.9180952310562134
0.9142857193946838
0.9133333563804626
0.9142857193946838
0.916190505027771
0.9190475940704346
0.916190505027771
0.9180952310562134
0.916190505027771
0.9171428680419922
0.9200000166893005
0.9200000166893005
0.916190505027771
0.9180952310562134
0.9190475940704346
0.9180952310562134
0.9200000166893005
0.9190475940704346
0.9190475940704346
0.9171428680419922
0.9171428680419922
0.9219047427177429
0.9190475940704346
0.9190475940704346
0.9190475940704346
0.9190475940704346
0.9190475940704346
0.9180952310562134
0.915238082408905
0.9171428680419922
0.9200000166893005
0.916190505027771
0.9190475940704346
0.9190475940704346
0.9209523797035217
0.9200000166893005
0.9200000166893005
0.9200000166893005
0.9190475940704346
0.9180952310562134
0.9209523797035217
0.9209523797035217
0.9171428680419922
0.9200000166893005
0.9190475940704346
0.9180952310562134
0.9200000166893005
0.9228571653366089
0.9200000166893005
0.9190475940704346
0.9219047427177429
0.9190475940704346
0.9190475940704346
0.9190475940704346
0.9180952310562134
0.9190475940704346
0.9190475940704346
0.9200000166893005
0.9200000166893005
0.9209523797035217
0.9171428680419922
0.9200000166893005
0.9200000166893005
0.9200000166893005
0.9180952310562134
0.9200000166893005
0.9219047427177429
0.9200000166893005
0.9190475940704346
0.9200000166893005
0.9228571653366089
0.9209523797035217
0.9209523797035217
0.9180952310562134
0.9219047427177429
0.9200000166893005
0.9171428680419922
0.9180952310562134
0.9219047427177429
0.9209523797035217
0.9200000166893005
0.9209523797035217
0.9200000166893005
0.9190475940704346
0.9180952310562134
0.9180952310562134
0.9180952310562134
0.9171428680419922
0.9180952310562134
0.9200000166893005
0.9190475940704346
0.9190475940704346
0.9190475940704346
0.9171428680419922
0.9171428680419922
0.9190475940704346
0.9171428680419922
0.9171428680419922
0.9200000166893005
0.9209523797035217
0.9180952310562134
0.9190475940704346
0.9200000166893005
0.9200000166893005
0.9200000166893005
0.9190475940704346
0.9180952310562134
0.9190475940704346
0.9200000166893005
0.9200000166893005
0.9190475940704346
0.9180952310562134
0.9180952310562134
0.9190475940704346
0.9200000166893005
0.9180952310562134
0.9180952310562134
0.9190475940704346
0.9180952310562134
0.9180952310562134
0.9180952310562134
0.9190475940704346
0.9180952310562134
0.9180952310562134
0.9180952310562134
0.9190475940704346
0.9190475940704346
0.9190475940704346
0.9180952310562134
0.9190475940704346
0.9200000166893005
0.9209523797035217
0.9180952310562134
0.9190475940704346
0.9180952310562134
0.9200000166893005
0.9247618913650513
0.9228571653366089
0.9209523797035217
0.9219047427177429
0.9219047427177429
0.9209523797035217
0.9228571653366089
0.9209523797035217
0.9219047427177429
0.9200000166893005
0.9219047427177429
0.9180952310562134
0.9180952310562134
0.9190475940704346
0.9209523797035217
0.9228571653366089
0.9238095283508301
0.9238095283508301
0.9228571653366089
0.9219047427177429
0.9219047427177429
0.9200000166893005
0.9219047427177429
0.9228571653366089
0.9238095283508301
0.9228571653366089
0.9238095283508301
0.9228571653366089
0.9209523797035217
0.9238095283508301
0.9247618913650513
0.9257143139839172
0.9238095283508301
0.9238095283508301
0.9228571653366089
0.9247618913650513
0.9238095283508301
0.9228571653366089
0.9247618913650513
0.9247618913650513
0.9247618913650513
0.9219047427177429
0.9228571653366089
0.9238095283508301
0.9247618913650513
0.9257143139839172
0.9228571653366089
0.9257143139839172
0.9257143139839172
0.9238095283508301
0.9238095283508301
0.9266666769981384
0.9257143139839172
0.9228571653366089
0.9276190400123596
0.9247618913650513
0.9257143139839172
0.9266666769981384
0.9257143139839172
0.9247618913650513
0.9228571653366089
0.9238095283508301
0.9257143139839172
0.9257143139839172
0.9276190400123596
0.9276190400123596
0.9247618913650513
0.9257143139839172
0.9257143139839172
0.9257143139839172
0.9266666769981384
0.9257143139839172
0.9266666769981384
0.9247618913650513
0.9266666769981384
0.9266666769981384
0.9266666769981384
0.9257143139839172
0.9276190400123596
0.9266666769981384
0.9266666769981384
0.9276190400123596
0.9266666769981384
0.9266666769981384
0.9266666769981384
0.9257143139839172
0.9257143139839172
0.9257143139839172
0.9266666769981384
0.9257143139839172
0.9257143139839172
0.9266666769981384
0.9257143139839172
0.9266666769981384
0.9257143139839172
0.9247618913650513
0.9257143139839172
0.9257143139839172
0.9257143139839172
0.9257143139839172
0.9257143139839172
0.9266666769981384
0.9257143139839172
0.9247618913650513
0.9266666769981384
0.9257143139839172
0.9257143139839172
0.9247618913650513
0.9257143139839172
0.9266666769981384
0.9266666769981384
0.9266666769981384
0.9266666769981384
0.9257143139839172
0.9257143139839172
0.9266666769981384
0.9257143139839172
0.9276190400123596
0.9276190400123596
0.9257143139839172
0.9276190400123596
0.9276190400123596
0.9276190400123596
0.9266666769981384
0.9266666769981384
0.9257143139839172
0.9266666769981384
0.9266666769981384
0.9266666769981384
0.9276190400123596
0.9257143139839172
0.9266666769981384
0.9257143139839172
0.9257143139839172
0.9257143139839172
0.9266666769981384
0.9276190400123596
0.9266666769981384
0.9276190400123596
0.9276190400123596
0.9276190400123596
0.9285714030265808
0.9285714030265808
0.9276190400123596
0.9276190400123596
0.9266666769981384
0.9285714030265808
0.9285714030265808
0.9276190400123596
0.9285714030265808
0.9276190400123596
0.9285714030265808
0.9285714030265808
0.9276190400123596
0.9276190400123596
0.9276190400123596
0.9276190400123596
0.9285714030265808
0.9285714030265808
0.9285714030265808
0.9276190400123596
0.9276190400123596
0.9276190400123596
0.9285714030265808
0.9276190400123596
0.9276190400123596
0.9285714030265808
0.9276190400123596
0.9276190400123596
0.9276190400123596
0.9276190400123596
0.9276190400123596
0.9285714030265808
0.9276190400123596
0.9285714030265808
0.9276190400123596
0.9276190400123596
0.9276190400123596
0.9276190400123596
0.9276190400123596
0.9285714030265808
0.9285714030265808
0.9276190400123596
0.9276190400123596
0.9276190400123596
0.9276190400123596
0.9276190400123596
0.9276190400123596
0.9285714030265808
0.9276190400123596
0.9276190400123596
0.9276190400123596
0.9276190400123596
0.9276190400123596
0.9276190400123596
0.9276190400123596
0.9276190400123596
0.9266666769981384
0.9266666769981384
0.9266666769981384
0.9276190400123596
0.9276190400123596
0.9276190400123596
0.9276190400123596
0.9276190400123596
0.9276190400123596
0.9276190400123596
0.9276190400123596
0.9266666769981384
0.9276190400123596
0.9276190400123596
0.9276190400123596
0.9266666769981384
0.9266666769981384
0.9266666769981384
0.9266666769981384
0.9276190400123596
0.9266666769981384
0.9266666769981384
0.9266666769981384
0.9276190400123596
0.9285714030265808
0.9285714030265808
0.9276190400123596
0.9276190400123596
0.9276190400123596
0.9276190400123596
0.9276190400123596
0.9276190400123596
0.9276190400123596
0.9276190400123596
0.9276190400123596
0.9285714030265808
0.9276190400123596
0.9276190400123596
0.9276190400123596
0.9276190400123596
0.9276190400123596
0.9285714030265808
0.9285714030265808
0.9285714030265808
0.9285714030265808
0.9276190400123596
0.9276190400123596
0.9285714030265808
0.9285714030265808
0.9276190400123596
0.9276190400123596
0.9276190400123596
0.9285714030265808
0.9285714030265808
0.9285714030265808
0.9285714030265808
0.9285714030265808
0.9276190400123596
0.9285714030265808
0.9285714030265808
0.9285714030265808
0.9285714030265808
0.9285714030265808
0.9285714030265808
0.9285714030265808
0.9285714030265808
0.9285714030265808
0.9285714030265808
0.9285714030265808
0.9285714030265808
0.9285714030265808
0.9285714030265808
0.9285714030265808
0.9285714030265808
0.9285714030265808
0.9285714030265808
0.9285714030265808
0.9276190400123596
0.9285714030265808
0.9285714030265808
0.9285714030265808
0.9285714030265808
0.9285714030265808
0.9285714030265808
0.9285714030265808
0.9285714030265808
0.9285714030265808
0.9285714030265808
0.9285714030265808
0.9276190400123596
0.9285714030265808
0.9276190400123596
0.9266666769981384
0.9276190400123596
0.9285714030265808
0.9276190400123596
0.9285714030265808
0.9285714030265808
0.9285714030265808
0.9285714030265808
0.9285714030265808
0.9285714030265808
0.9285714030265808
0.9285714030265808
0.9285714030265808
0.9285714030265808
0.9285714030265808
0.9285714030265808
0.9285714030265808
0.9285714030265808
0.9285714030265808
0.9285714030265808
0.9276190400123596
0.9285714030265808
0.9276190400123596
0.9276190400123596
0.9285714030265808
0.9276190400123596
0.9285714030265808
0.9285714030265808
0.9285714030265808
0.9285714030265808
0.9285714030265808
0.9285714030265808
0.9285714030265808
0.9285714030265808
0.9285714030265808
0.9285714030265808
0.9285714030265808
0.9285714030265808
0.9285714030265808
0.9285714030265808
0.9276190400123596
0.9266666769981384
0.9276190400123596
0.9266666769981384
0.9266666769981384
0.9266666769981384
0.9276190400123596
0.9285714030265808
0.9285714030265808
0.9285714030265808
0.9285714030265808
0.9276190400123596
0.9276190400123596
0.9285714030265808
0.9276190400123596
0.9276190400123596
0.9285714030265808
0.9266666769981384
0.9257143139839172
0.9266666769981384
0.9276190400123596
0.9285714030265808
0.9285714030265808
0.9276190400123596
0.9276190400123596
0.9276190400123596
0.9285714030265808
0.9285714030265808
0.9276190400123596
0.9276190400123596
0.9276190400123596
0.9276190400123596
0.9276190400123596
0.9276190400123596
0.9266666769981384
0.9276190400123596
0.9295238256454468
0.9285714030265808
0.9276190400123596
