0.6848475337028503
0.6706026792526245
0.6536221504211426
0.6343593597412109
0.6110422015190125
0.5848736763000488
0.5586454272270203
0.5312380194664001
0.5021635293960571
0.47808629274368286
0.45675545930862427
0.437745600938797
0.42269977927207947
0.4058758616447449
0.3934020400047302
0.384829580783844
0.3751611113548279
0.36739957332611084
0.36079463362693787
0.35559356212615967
0.35206520557403564
0.3450264632701874
0.34224703907966614
0.33726221323013306
0.3317634165287018
0.3289340138435364
0.32441040873527527
0.32413575053215027
0.31721049547195435
0.3154788017272949
0.31219157576560974
0.31152859330177307
0.304884672164917
0.3034787178039551
0.3003910779953003
0.29769134521484375
0.29638800024986267
0.29545360803604126
0.2938380539417267
0.29130929708480835
0.28985074162483215
0.28897109627723694
0.2896503508090973
0.2862446904182434
0.28484195470809937
0.2841748893260956
0.28379109501838684
0.28309762477874756
0.28107213973999023
0.2836992144584656
0.28085580468177795
0.281710684299469
0.27821847796440125
0.27617424726486206
0.2773759067058563
0.27756065130233765
0.27353668212890625
0.27591803669929504
0.27703630924224854
0.2725186049938202
0.2775211036205292
0.2738383710384369
0.2712542414665222
0.2713843286037445
0.27007681131362915
0.2705915868282318
0.27081310749053955
0.26789653301239014
0.26730212569236755
0.266081303358078
0.26513782143592834
0.2656155824661255
0.26497942209243774
0.26576900482177734
0.2651869058609009
0.26336753368377686
0.2631009817123413
0.2640388309955597
0.2620066702365875
0.26068761944770813
0.26080429553985596
0.2606600522994995
0.26027563214302063
0.2601504921913147
0.26009824872016907
0.26064708828926086
0.25866562128067017
0.2575172781944275
0.25736644864082336
0.2569926977157593
0.2574363052845001
0.25769031047821045
0.25876808166503906
0.2558223605155945
0.2540850043296814
0.2532275915145874
0.2552773952484131
0.25417423248291016
0.2516051232814789
0.2511173486709595
0.2530389130115509
0.25142285227775574
0.250363290309906
0.2519140839576721
0.24957719445228577
0.24780035018920898
0.24893103539943695
0.2477281242609024
0.2488342523574829
0.249626025557518
0.24909979104995728
0.24818512797355652
0.2506899833679199
0.24486106634140015
0.24569524824619293
0.24835513532161713
0.24397990107536316
0.2461591213941574
0.24290329217910767
0.24253609776496887
0.2435968816280365
0.24235355854034424
0.24215660989284515
0.24301135540008545
0.2413226068019867
0.24102817475795746
0.24514608085155487
0.24367226660251617
0.23835596442222595
0.24208024144172668
0.2376616895198822
0.23815542459487915
0.23759637773036957
0.23699995875358582
0.2372972071170807
0.23910373449325562
0.23764410614967346
0.23811441659927368
0.235317200422287
0.23620091378688812
0.23688533902168274
0.23537945747375488
0.23649409413337708
0.23578397929668427
0.23423878848552704
0.23301169276237488
0.23922257125377655
0.23207026720046997
0.23240523040294647
0.2397068589925766
0.23398584127426147
0.23430600762367249
0.23120883107185364
0.2300497442483902
0.2307421863079071
0.23003090918064117
0.23021018505096436
0.22773940861225128
0.2301463782787323
0.22841940820217133
0.2295411080121994
0.22779856622219086
0.2287493497133255
0.22679753601551056
0.227615624666214
0.23136326670646667
0.22606851160526276
0.2262779325246811
0.2245398908853531
0.2261790931224823
0.22397373616695404
0.2235461175441742
0.22450385987758636
0.2233119159936905
0.22258514165878296
0.22292852401733398
0.2220885306596756
0.22350935637950897
0.22138279676437378
0.22116915881633759
0.2218465507030487
0.22033821046352386
0.22214968502521515
0.2276754528284073
0.2178931087255478
0.21860556304454803
0.21812136471271515
0.2164132297039032
0.21868523955345154
0.21921344101428986
0.2151871919631958
0.21291418373584747
0.21406741440296173
0.21324631571769714
0.21274858713150024
0.2142866849899292
0.2136518657207489
0.21494726836681366
0.21324430406093597
0.21275575459003448
0.21420231461524963
0.2116807997226715
0.2129659652709961
0.2089301198720932
0.20885038375854492
0.20857736468315125
0.208346888422966
0.20730294287204742
0.20805181562900543
0.20594291388988495
0.20915773510932922
0.20927327871322632
0.20800352096557617
0.20701061189174652
0.20839600265026093
0.20621460676193237
0.20443673431873322
0.20412646234035492
0.20370347797870636
0.2038768082857132
0.21061143279075623
0.20516063272953033
0.2053898274898529
0.20874285697937012
0.20425215363502502
0.2015218436717987
0.2012185901403427
0.20210525393486023
0.2008262574672699
0.20141322910785675
0.19956320524215698
0.19964703917503357
0.20498448610305786
0.20564720034599304
0.20103420317173004
0.2006789743900299
0.1988709568977356
0.20031233131885529
0.19791918992996216
0.1991199404001236
0.19890178740024567
0.19797386229038239
0.19745220243930817
0.19964905083179474
0.19589701294898987
0.20046360790729523
0.19531315565109253
0.1949070245027542
0.19871759414672852
0.19609367847442627
0.19456695020198822
0.19451507925987244
0.19536906480789185
0.19369012117385864
0.19414399564266205
0.19200445711612701
0.1947089582681656
0.19239769876003265
0.191634863615036
0.19224673509597778
0.19474762678146362
0.19129064679145813
0.18950366973876953
0.19049087166786194
0.18956798315048218
0.19002217054367065
0.1901014894247055
0.19085443019866943
0.1886347085237503
0.1881193369626999
0.18691802024841309
0.1876869648694992
0.19050657749176025
0.19202926754951477
0.18847694993019104
0.1864456832408905
0.18513786792755127
0.18709026277065277
0.1875419169664383
0.18562033772468567
0.18448369204998016
0.1854386329650879
0.18514719605445862
0.18505829572677612
0.18667195737361908
0.18482749164104462
0.1840614229440689
0.1830035001039505
0.180137500166893
0.18273092806339264
0.18274623155593872
0.18277022242546082
0.18160106241703033
0.18368853628635406
0.18813103437423706
0.1829628348350525
0.17922934889793396
0.17834511399269104
0.17957396805286407
0.17979612946510315
0.17961230874061584
0.1789933741092682
0.17743630707263947
0.17803093791007996
0.17584489285945892
0.1769508421421051
0.17573244869709015
0.18055664002895355
0.1787482053041458
0.17912402749061584
0.181448295712471
0.17903967201709747
0.17629742622375488
0.17554233968257904
0.1716959923505783
0.17659685015678406
0.17493891716003418
0.17171384394168854
0.1724444478750229
0.17234276235103607
0.17122158408164978
0.1701756864786148
0.173655167222023
0.1709795743227005
0.1707598865032196
0.17892588675022125
0.17302002012729645
0.1729310303926468
0.16944296658039093
0.16919711232185364
0.17461122572422028
0.16979782283306122
0.17032556235790253
0.1685389131307602
0.16532637178897858
0.16707685589790344
0.1699025183916092
0.17032019793987274
0.1644285023212433
0.17020229995250702
0.16589407622814178
0.16332629323005676
0.16495376825332642
0.16533967852592468
0.16681018471717834
0.16564351320266724
0.16285638511180878
0.1624445766210556
0.16182810068130493
0.16299311816692352
0.16252151131629944
0.16569651663303375
0.1655563861131668
0.16367556154727936
0.1625751554965973
0.15946482121944427
0.16532336175441742
0.162415012717247
0.1593487560749054
0.16859713196754456
0.16106127202510834
0.16266413033008575
0.1567343771457672
0.15984822809696198
0.16263726353645325
0.15968605875968933
0.1632864773273468
0.16259822249412537
0.15845948457717896
0.16113626956939697
0.160456120967865
0.15847434103488922
0.1591670662164688
0.15701764822006226
0.15789401531219482
0.15598541498184204
0.1575385183095932
0.15454500913619995
0.15465886890888214
0.1551145762205124
0.15547378361225128
0.15510323643684387
0.15695714950561523
0.15455396473407745
0.15450596809387207
0.1517631709575653
0.15520676970481873
0.15076051652431488
0.153938889503479
0.15112660825252533
0.1518949717283249
0.15465638041496277
0.15297900140285492
0.15632344782352448
0.14963673055171967
0.14861230552196503
0.14833123981952667
0.150144562125206
0.15118077397346497
0.15294623374938965
0.15050840377807617
0.147642120718956
0.148996040225029
0.1552228480577469
0.14983317255973816
0.1497463434934616
0.14605186879634857
0.14739587903022766
0.1499384343624115
0.15019124746322632
0.14460864663124084
0.1482081562280655
0.14725828170776367
0.14986364543437958
0.14811456203460693
0.1499776840209961
0.14446184039115906
0.1443028599023819
0.14394573867321014
0.14448918402194977
0.140894815325737
0.14308451116085052
0.14236000180244446
0.14688168466091156
0.15292854607105255
0.14549995958805084
0.14224335551261902
0.1424209028482437
0.1422661989927292
0.1402646005153656
0.1433463841676712
0.1403176188468933
0.14491553604602814
0.14097298681735992
0.14131641387939453
0.13958485424518585
0.14000964164733887
0.1378920078277588
0.14240895211696625
0.14103326201438904
0.14484229683876038
0.13884051144123077
0.1382489651441574
0.1380135416984558
0.13968591392040253
0.13942350447177887
0.14394642412662506
0.14180022478103638
0.14040088653564453
0.1350776106119156
0.13893145322799683
0.13789188861846924
0.14233875274658203
0.14634469151496887
0.14212006330490112
0.1426047831773758
0.14166802167892456
0.14012597501277924
0.1417291760444641
0.1413584202528
0.1438089907169342
0.13762730360031128
0.1395024210214615
0.13506846129894257
0.13616415858268738
0.1469489485025406
0.1380532830953598
0.13562488555908203
0.13343651592731476
0.1328200101852417
0.13236938416957855
0.13306541740894318
0.13139863312244415
0.13232289254665375
0.1420769989490509
0.13411983847618103
0.13311868906021118
0.13503703474998474
0.1356065422296524
0.13102233409881592
0.13101117312908173
0.13062343001365662
0.13633790612220764
0.13467101752758026
0.13646958768367767
0.13719017803668976
0.1357116997241974
0.1347675770521164
0.13201406598091125
0.1329348087310791
0.13028965890407562
0.13138355314731598
0.12965020537376404
0.12967567145824432
0.1296815127134323
0.1326185166835785
0.13441665470600128
0.13284212350845337
0.1271606832742691
0.13746896386146545
0.14377720654010773
0.1380465030670166
0.135877788066864
0.13398608565330505
0.1305319368839264
0.12949012219905853
0.13048319518566132
0.13434021174907684
0.1339941769838333
0.12992295622825623
0.12621235847473145
0.12671853601932526
0.12649336457252502
0.12668690085411072
0.1246655136346817
0.1274133324623108
0.12912407517433167
0.13207325339317322
0.12877775728702545
0.13209126889705658
0.13164646923542023
0.1280384063720703
0.13168878853321075
0.1270839422941208
0.1267663687467575
0.1308906227350235
0.1268911063671112
0.12463599443435669
0.12785696983337402
0.12795665860176086
0.12593920528888702
0.13013234734535217
0.12993742525577545
0.1311231255531311
0.12834535539150238
0.1349121481180191
0.1317339986562729
0.13527709245681763
0.13203251361846924
0.13053540885448456
0.127023845911026
0.12366026639938354
0.12411718815565109
0.1255062073469162
0.12381839007139206
0.1305965781211853
0.12280082702636719
0.12194036692380905
0.12412846088409424
0.12356535345315933
0.12570104002952576
0.1224563866853714
0.123561792075634
0.13228081166744232
0.1257772594690323
0.12702925503253937
0.12451212853193283
0.12468962371349335
0.12655605375766754
0.12055742740631104
0.12320103496313095
0.12165975570678711
0.12283453345298767
0.12559539079666138
0.12382988631725311
0.12259253859519958
0.12806421518325806
0.1262875497341156
0.12944747507572174
0.13982459902763367
0.13110500574111938
0.12707599997520447
0.12200643122196198
0.12309210002422333
0.12076132744550705
0.12069351226091385
0.12366087734699249
0.12057869881391525
0.125418022274971
0.12223051488399506
0.1220884621143341
0.12022917717695236
0.11814676970243454
0.11713062226772308
0.1170467957854271
0.11990025639533997
0.11907284706830978
0.11746874451637268
0.12707097828388214
0.1360168159008026
0.12288404256105423
0.12030047178268433
0.1187024936079979
0.11736690998077393
0.11858652532100677
0.11557713150978088
0.11572423577308655
0.11774379760026932
0.11607418209314346
0.11566241085529327
0.12052758038043976
0.11739084869623184
0.11624731123447418
0.11850620061159134
0.11666760593652725
0.1162000223994255
0.11619778722524643
0.1290871948003769
0.12288612127304077
0.12514393031597137
0.12125933170318604
0.12604622542858124
0.12033682316541672
0.11621878296136856
0.11476154625415802
0.11428384482860565
0.11457659304141998
0.11596840620040894
0.12265026569366455
0.1275310516357422
0.12539343535900116
0.12072921544313431
0.11907607316970825
0.1160716637969017
0.11197774112224579
0.114655040204525
0.11787384748458862
0.11607229709625244
0.11260583996772766
0.11340830475091934
0.11638534069061279
0.12102387100458145
0.11840619891881943
0.11525025963783264
0.11597951501607895
0.11472167074680328
0.11311569809913635
0.11201061308383942
0.11362361907958984
0.12012272328138351
0.1193811222910881
0.11887532472610474
0.11097452789545059
0.11550619453191757
0.11809853464365005
0.12030480802059174
0.11524797230958939
0.11224079877138138
0.11366606503725052
0.1209782287478447
0.12966591119766235
0.12008676677942276
0.11319092661142349
0.11130391061306
0.11130445450544357
0.11061980575323105
0.10984683036804199
0.11145129054784775
0.11133944243192673
0.11147934943437576
0.10949999839067459
0.10952164232730865
0.10993348807096481
0.1121693104505539
0.10967100411653519
0.10950279980897903
0.11078326404094696
0.10833581537008286
0.10716447979211807
0.10726755857467651
0.10719619691371918
0.11001422256231308
0.11655639857053757
0.11241422593593597
0.11356116831302643
0.11078114062547684
0.11082058399915695
0.10810036212205887
0.11132407188415527
0.10979931801557541
0.1176527589559555
0.19231054186820984
0.14757578074932098
0.13969828188419342
0.12607041001319885
0.12004739046096802
0.11433742195367813
0.11060190200805664
0.11055602878332138
0.11001420021057129
0.11034971475601196
0.11322974413633347
0.10931919515132904
0.10836125910282135
0.10926615446805954
0.10982990264892578
0.11094892024993896
0.10868609696626663
0.10590341687202454
0.10418932139873505
0.10688615590333939
0.11253833770751953
0.11130349338054657
0.1178273931145668
0.11789090931415558
0.10869015753269196
0.10573672503232956
0.10396762937307358
0.10633198916912079
0.11397554725408554
0.10497082024812698
0.11018259078264236
0.10535334795713425
0.10428106039762497
0.1083264946937561
0.1095287948846817
0.1046731099486351
0.10524366796016693
0.10222535580396652
0.10569027066230774
0.10469896346330643
0.10327142477035522
0.10360989719629288
0.10372120887041092
0.10312681645154953
0.10295957326889038
0.10407522320747375
0.1030987873673439
0.1023574098944664
0.10858695209026337
0.11003042757511139
0.10933533310890198
0.10367044061422348
0.10518408566713333
0.1080879420042038
0.13189168274402618
0.12126049399375916
0.12255354970693588
0.15024349093437195
0.1310310959815979
0.11761080473661423
0.10777987539768219
0.10560309141874313
0.10323698818683624
0.10198791325092316
0.1034192219376564
0.10836940258741379
0.10500705242156982
0.10592538863420486
0.10417685657739639
0.10529353469610214
0.10593925416469574
0.10266872495412827
0.1028323695063591
0.1013183668255806
0.10499779880046844
0.1024782583117485
0.10529755055904388
0.10054146498441696
0.10825730115175247
0.10125457495450974
0.1006866991519928
0.10044979304075241
0.1004398912191391
0.10173936933279037
0.10030068457126617
0.09982841461896896
0.1012842059135437
0.10448884963989258
0.09845558553934097
0.10143926739692688
0.10727204382419586
0.10121596604585648
0.10104334354400635
0.10597308725118637
0.10122058540582657
0.10095411539077759
0.10115914791822433
0.09954696893692017
0.10530675202608109
0.10591887682676315
0.10777480900287628
0.10088227689266205
0.10543232411146164
0.1199212446808815
0.11624471098184586
0.11047755181789398
0.10777071118354797
0.10450747609138489
0.10330092906951904
0.10234259814023972
0.10481813549995422
0.10750222951173782
0.10337724536657333
0.10420508682727814
0.10265987366437912
0.1022215411067009
0.10447819530963898
0.10038244724273682
0.09856480360031128
0.10393638908863068
0.11819074302911758
0.12808682024478912
0.11370658129453659
0.10180382430553436
0.09929543733596802
0.09726831316947937
0.09656176716089249
0.09754971414804459
0.09871648997068405
0.10016439855098724
0.0981857180595398
0.09618166089057922
0.09460967779159546
0.09664926677942276
0.09684740006923676
0.09534743428230286
0.09841829538345337
0.09578470140695572
0.09172964841127396
0.09236375987529755
0.09513689577579498
0.09134706109762192
0.09088220447301865
0.09291261434555054
0.0945747047662735
0.09337417036294937
0.09225744754076004
0.09096042811870575
0.0898948684334755
0.09644589573144913
0.09286274760961533
0.09174223244190216
0.09190849214792252
0.09115227311849594
0.09492170065641403
0.09535994380712509
0.0920359343290329
0.09392628818750381
0.0982174500823021
0.09507386386394501
0.09531790018081665
0.09578075259923935
0.10817685723304749
0.11223404854536057
0.10326319187879562
0.09890012443065643
0.1006612479686737
0.1019519791007042
0.0962996780872345
0.09654310345649719
0.0930776372551918
0.09154810756444931
0.09108062833547592
0.09203392267227173
0.09644478559494019
0.10488678514957428
0.10087068378925323
0.09357275813817978
0.0984874814748764
0.09221815317869186
0.08867830038070679
0.08952166885137558
0.09119202941656113
0.09728759527206421
0.1019178256392479
0.11416620761156082
0.09790536761283875
0.09519235789775848
0.09436260163784027
0.09813371300697327
0.10069473832845688
0.09795676171779633
0.09455148130655289
0.09058696031570435
0.08845652639865875
0.08578484505414963
0.08955132216215134
0.08758414536714554
0.08575881272554398
0.08803439885377884
0.0858066976070404
0.08483324199914932
0.08784113824367523
0.09280379861593246
0.08911281824111938
0.08825089037418365
0.0892157331109047
0.08764385432004929
0.08692365884780884
0.0874967947602272
0.08574208617210388
0.08508798480033875
0.08309073746204376
0.08658349514007568
0.08839447051286697
0.08523204177618027
0.0848752036690712
0.08369966596364975
0.08342888206243515
0.08854077011346817
0.08788613975048065
0.08823918551206589
0.09305056929588318
0.08965544402599335
0.08989556133747101
0.09174849838018417
0.08784450590610504
0.08811546862125397
0.08396174013614655
0.08335850387811661
0.08748647570610046
0.08831949532032013
0.09640461951494217
0.09536256641149521
0.08961363136768341
0.09262017905712128
0.11075183004140854
0.09940026700496674
0.09540415555238724
0.09437142312526703
0.09232533723115921
0.0945655032992363
0.09093786031007767
0.08898939192295074
0.0886809453368187
0.08864396065473557
0.08759434521198273
0.08639600872993469
0.08603879809379578
0.0865817591547966
0.08409247547388077
0.09222327172756195
0.09619109332561493
0.09311873465776443
0.08386284857988358
0.08207503706216812
0.08193395286798477
0.08080770075321198
0.07891245931386948
0.07903607934713364
0.08074148744344711
0.08203249424695969
0.08381760120391846
0.08364254981279373
0.0827561616897583
0.08070631325244904
0.07988539338111877
0.08123849332332611
0.08043818175792694
0.08145423233509064
0.0801171287894249
0.08370822668075562
0.08250069618225098
0.08262216299772263
0.08535470813512802
0.08904630690813065
0.08466427028179169
0.10918965935707092
0.10291342437267303
0.09196004271507263
0.08208093792200089
0.08096757531166077
0.0828590914607048
0.07898418605327606
0.08184036612510681
0.08026322722434998
0.08300576359033585
0.07859489321708679
0.08448687940835953
0.10410097986459732
0.08863858878612518
0.08544524759054184
0.08221122622489929
0.08548754453659058
0.08276710659265518
0.08152838051319122
0.07897763699293137
0.07808878272771835
0.07778739929199219
0.077193982899189
0.0791454017162323
0.07857152074575424
0.07903807610273361
0.07883493602275848
0.08901994675397873
0.08172187209129333
0.07751245051622391
0.0756785124540329
0.07733024656772614
0.0761091336607933
0.07676494121551514
0.08356129378080368
0.07771831750869751
0.0791068747639656
0.0872025340795517
0.07999137043952942
0.07674062997102737
0.0830182358622551
0.08014843612909317
