0.5523809790611267
0.5952380895614624
0.6123809814453125
0.6209523677825928
0.6238095164299011
0.6247618794441223
0.6247618794441223
0.630476176738739
0.6514285802841187
0.6752380728721619
0.6885714530944824
0.7142857313156128
0.7342857122421265
0.7457143068313599
0.7561904788017273
0.761904776096344
0.7676190733909607
0.776190459728241
0.784761905670166
0.7895237803459167
0.799047589302063
0.8019047379493713
0.8028571605682373
0.8114285469055176
0.8152381181716919
0.8247619271278381
0.8285714387893677
0.8304761648178101
0.8361904621124268
0.8352380990982056
0.8409523963928223
0.8390476107597351
0.8428571224212646
0.846666693687439
0.8485714197158813
0.8485714197158813
0.8571428656578064
0.8600000143051147
0.854285717010498
0.8600000143051147
0.8619047403335571
0.8628571629524231
0.8638095259666443
0.8638095259666443
0.8647618889808655
0.8638095259666443
0.8657143115997314
0.8752381205558777
0.8761904835700989
0.8828571438789368
0.8809523582458496
0.8847619295120239
0.8876190185546875
0.8885714411735535
0.8876190185546875
0.8885714411735535
0.8904761672019958
0.8933333158493042
0.8895238041877747
0.8961904644966125
0.8942857384681702
0.8999999761581421
0.8999999761581421
0.9047619104385376
0.9038095474243164
0.9038095474243164
0.9095237851142883
0.9095237851142883
0.9085714221000671
0.9133333563804626
0.9180952310562134
0.9123809337615967
0.916190505027771
0.915238082408905
0.915238082408905
0.9219047427177429
0.9190475940704346
0.9200000166893005
0.915238082408905
0.9219047427177429
0.9171428680419922
0.9171428680419922
0.9228571653366089
0.9266666769981384
0.9257143139839172
0.9209523797035217
0.9219047427177429
0.9257143139839172
0.9257143139839172
0.9247618913650513
0.9238095283508301
0.9266666769981384
0.9257143139839172
0.9285714030265808
0.9276190400123596
0.9247618913650513
0.9276190400123596
0.9266666769981384
0.9257143139839172
0.9257143139839172
0.9276190400123596
0.9266666769981384
0.9266666769981384
0.9285714030265808
0.9276190400123596
0.9266666769981384
0.9295238256454468
0.9285714030265808
0.9323809742927551
0.9276190400123596
0.9266666769981384
0.9342857003211975
0.9266666769981384
0.9314285516738892
0.930476188659668
0.9323809742927551
0.930476188659668
0.930476188659668
0.9323809742927551
0.9333333373069763
0.9342857003211975
0.9314285516738892
0.9333333373069763
0.9361904859542847
0.9342857003211975
0.9342857003211975
0.9323809742927551
0.9361904859542847
0.9352381229400635
0.9371428489685059
0.9352381229400635
0.9333333373069763
0.938095211982727
0.9371428489685059
0.939047634601593
0.9361904859542847
0.9371428489685059
0.9399999976158142
0.938095211982727
0.930476188659668
0.938095211982727
0.939047634601593
0.9399999976158142
0.9428571462631226
0.9399999976158142
0.939047634601593
0.9409523606300354
0.9438095092773438
0.9399999976158142
0.9361904859542847
0.9419047832489014
0.939047634601593
0.9361904859542847
0.9438095092773438
0.939047634601593
0.9428571462631226
0.9399999976158142
0.9457142949104309
0.9447619318962097
0.9457142949104309
0.9428571462631226
0.9438095092773438
0.9447619318962097
0.9495238065719604
0.9419047832489014
0.9485714435577393
0.9476190209388733
0.9485714435577393
0.9476190209388733
0.9476190209388733
0.9495238065719604
0.9457142949104309
0.9466666579246521
0.9476190209388733
0.9466666579246521
0.9476190209388733
0.9476190209388733
0.9485714435577393
0.9495238065719604
0.9466666579246521
0.9485714435577393
0.9495238065719604
0.9485714435577393
0.9485714435577393
0.9485714435577393
0.9495238065719604
0.9476190209388733
0.9514285922050476
0.9495238065719604
0.9466666579246521
0.9495238065719604
0.9495238065719604
0.9485714435577393
0.9485714435577393
0.9476190209388733
0.9514285922050476
0.9504761695861816
0.9485714435577393
0.9476190209388733
0.9514285922050476
0.9466666579246521
0.9495238065719604
0.9514285922050476
0.9485714435577393
0.9523809552192688
0.9504761695861816
0.9514285922050476
0.9504761695861816
0.9485714435577393
0.9495238065719604
0.9523809552192688
0.9495238065719604
0.9514285922050476
0.9495238065719604
0.9485714435577393
0.9485714435577393
0.9504761695861816
0.9504761695861816
0.9514285922050476
0.9523809552192688
0.9523809552192688
0.9514285922050476
0.9504761695861816
0.95333331823349
0.9514285922050476
0.9495238065719604
0.9514285922050476
0.9504761695861816
0.9504761695861816
0.9514285922050476
0.9495238065719604
0.9514285922050476
0.9523809552192688
0.9514285922050476
0.9514285922050476
0.9514285922050476
0.9514285922050476
0.9514285922050476
0.9495238065719604
0.9514285922050476
0.9504761695861816
0.9504761695861816
0.9514285922050476
0.9504761695861816
0.9504761695861816
0.9495238065719604
0.9495238065719604
0.9485714435577393
0.9504761695861816
0.9504761695861816
0.9523809552192688
0.954285740852356
0.9514285922050476
0.9523809552192688
0.9523809552192688
0.9514285922050476
0.9514285922050476
0.9514285922050476
0.9523809552192688
0.9523809552192688
0.95333331823349
0.95333331823349
0.9523809552192688
0.954285740852356
0.954285740852356
0.954285740852356
0.95333331823349
0.95333331823349
0.95333331823349
0.954285740852356
0.95333331823349
0.95333331823349
0.954285740852356
0.95333331823349
0.954285740852356
0.9523809552192688
0.954285740852356
0.954285740852356
0.9504761695861816
0.95333331823349
0.95333331823349
0.95333331823349
0.954285740852356
0.95333331823349
0.954285740852356
0.954285740852356
0.954285740852356
0.954285740852356
0.954285740852356
0.95333331823349
0.954285740852356
0.954285740852356
0.954285740852356
0.9523809552192688
0.954285740852356
0.954285740852356
0.954285740852356
0.9552381038665771
0.9552381038665771
0.954285740852356
0.9552381038665771
0.954285740852356
0.95333331823349
0.9552381038665771
0.954285740852356
0.9552381038665771
0.95333331823349
0.9523809552192688
0.9552381038665771
0.9552381038665771
0.95333331823349
0.954285740852356
0.954285740852356
0.9552381038665771
0.9552381038665771
0.954285740852356
0.954285740852356
0.9552381038665771
0.9552381038665771
0.9552381038665771
0.9571428298950195
0.9552381038665771
0.954285740852356
0.954285740852356
0.9571428298950195
0.9561904668807983
0.9571428298950195
0.9552381038665771
0.9561904668807983
0.9552381038665771
0.9580952525138855
0.9552381038665771
0.9561904668807983
0.9571428298950195
0.9571428298950195
0.9571428298950195
0.9580952525138855
0.9561904668807983
0.9580952525138855
0.9571428298950195
0.9571428298950195
0.9552381038665771
0.9580952525138855
0.9571428298950195
0.9580952525138855
0.9571428298950195
0.9571428298950195
0.9590476155281067
0.9571428298950195
0.9561904668807983
0.9571428298950195
0.9580952525138855
0.9590476155281067
0.9561904668807983
0.9571428298950195
0.9580952525138855
0.9580952525138855
0.9580952525138855
0.9580952525138855
0.9590476155281067
0.9580952525138855
0.9590476155281067
0.9590476155281067
0.9590476155281067
0.9590476155281067
0.9590476155281067
0.9580952525138855
0.9590476155281067
0.9590476155281067
0.9590476155281067
0.9580952525138855
0.9590476155281067
0.9590476155281067
0.9590476155281067
0.9590476155281067
0.9590476155281067
0.9590476155281067
0.9590476155281067
0.9580952525138855
0.9580952525138855
0.9590476155281067
0.9590476155281067
0.9590476155281067
0.9590476155281067
0.9590476155281067
0.9590476155281067
0.9590476155281067
0.9590476155281067
0.9590476155281067
0.9590476155281067
0.9590476155281067
0.9590476155281067
0.9590476155281067
0.9590476155281067
0.9590476155281067
0.9590476155281067
0.9590476155281067
0.9590476155281067
0.9590476155281067
0.9590476155281067
0.9590476155281067
0.9590476155281067
0.9590476155281067
0.9580952525138855
0.9590476155281067
0.9590476155281067
0.9590476155281067
0.9590476155281067
0.9590476155281067
0.9590476155281067
0.9590476155281067
0.9590476155281067
0.9590476155281067
0.9590476155281067
0.9590476155281067
0.9590476155281067
0.9590476155281067
0.9590476155281067
0.9590476155281067
0.9590476155281067
0.9590476155281067
0.9590476155281067
0.9590476155281067
0.9590476155281067
0.9590476155281067
0.9590476155281067
0.9590476155281067
0.9590476155281067
0.9590476155281067
0.9590476155281067
0.9590476155281067
0.9590476155281067
0.9590476155281067
0.9590476155281067
0.9590476155281067
0.9590476155281067
0.9590476155281067
0.9590476155281067
0.9590476155281067
0.9590476155281067
0.9590476155281067
0.9590476155281067
0.9590476155281067
0.9590476155281067
0.9590476155281067
0.9590476155281067
0.9590476155281067
0.9590476155281067
0.9590476155281067
0.9590476155281067
0.9590476155281067
0.9590476155281067
0.9590476155281067
0.9590476155281067
0.9590476155281067
0.9590476155281067
0.9590476155281067
0.9590476155281067
0.9590476155281067
0.9590476155281067
0.9590476155281067
0.9590476155281067
0.9590476155281067
0.9590476155281067
0.9590476155281067
0.9590476155281067
0.9590476155281067
0.9590476155281067
0.9590476155281067
0.9590476155281067
0.9590476155281067
0.9590476155281067
0.9590476155281067
0.9590476155281067
0.9590476155281067
0.9590476155281067
0.9590476155281067
0.9590476155281067
0.9590476155281067
0.9590476155281067
0.9590476155281067
0.9590476155281067
0.9590476155281067
0.9590476155281067
0.9590476155281067
0.9590476155281067
0.9590476155281067
0.9590476155281067
0.9590476155281067
0.9590476155281067
0.9590476155281067
0.9590476155281067
0.9590476155281067
0.9590476155281067
0.9590476155281067
0.9590476155281067
0.9590476155281067
0.9590476155281067
0.9590476155281067
0.9590476155281067
0.9590476155281067
0.9590476155281067
0.9590476155281067
0.9590476155281067
0.9590476155281067
0.9590476155281067
0.9590476155281067
0.9590476155281067
0.9590476155281067
0.9590476155281067
0.9590476155281067
0.9590476155281067
0.9590476155281067
0.9590476155281067
0.9590476155281067
0.9590476155281067
0.9590476155281067
0.9590476155281067
0.9590476155281067
0.9590476155281067
0.9590476155281067
0.9590476155281067
0.9590476155281067
0.9590476155281067
0.9590476155281067
0.9590476155281067
0.9590476155281067
0.9590476155281067
0.9590476155281067
0.9590476155281067
0.9590476155281067
0.9590476155281067
0.9590476155281067
0.9590476155281067
0.9590476155281067
0.9590476155281067
0.9590476155281067
0.9590476155281067
0.9590476155281067
0.9590476155281067
0.9590476155281067
0.9590476155281067
0.9590476155281067
0.9599999785423279
0.9590476155281067
0.9590476155281067
0.9590476155281067
0.9590476155281067
0.9590476155281067
0.9590476155281067
0.9590476155281067
0.9590476155281067
0.9590476155281067
0.9590476155281067
0.9590476155281067
0.9590476155281067
0.9590476155281067
0.9590476155281067
0.9590476155281067
0.9590476155281067
0.9590476155281067
0.9590476155281067
0.9590476155281067
0.9590476155281067
0.9590476155281067
0.9590476155281067
0.9590476155281067
0.9590476155281067
0.9590476155281067
0.9590476155281067
0.9590476155281067
0.9590476155281067
0.9590476155281067
0.9590476155281067
0.9590476155281067
0.9590476155281067
0.9590476155281067
0.9590476155281067
0.9590476155281067
0.9590476155281067
0.9590476155281067
0.9590476155281067
0.9590476155281067
0.9590476155281067
0.9590476155281067
0.9590476155281067
0.9590476155281067
0.9590476155281067
0.9590476155281067
0.9590476155281067
0.9590476155281067
0.9590476155281067
0.9590476155281067
0.9590476155281067
0.9590476155281067
0.9590476155281067
0.9590476155281067
0.9590476155281067
0.9590476155281067
0.9590476155281067
0.9590476155281067
0.9590476155281067
