0.7224997878074646
0.6337236762046814
0.5828955173492432
0.5462830662727356
0.5171190500259399
0.4928489327430725
0.468500554561615
0.4482009708881378
0.430198609828949
0.4153587818145752
0.4025808274745941
0.392522394657135
0.3828014135360718
0.37660524249076843
0.37249404191970825
0.36560821533203125
0.36005905270576477
0.3567027151584625
0.3535192608833313
0.3489576280117035
0.3447283208370209
0.34251055121421814
0.33895304799079895
0.3375904858112335
0.3340250253677368
0.3303522765636444
0.32793769240379333
0.32506269216537476
0.32168424129486084
0.32031771540641785
0.31704264879226685
0.3158499300479889
0.3130415081977844
0.3103783428668976
0.3077492415904999
0.30628833174705505
0.30574020743370056
0.30223318934440613
0.2985393702983856
0.29765334725379944
0.2953966557979584
0.2937610447406769
0.2914322018623352
0.28969937562942505
0.28679347038269043
0.2840597629547119
0.2829444110393524
0.28093624114990234
0.27920129895210266
0.2769922614097595
0.2757601737976074
0.2748306393623352
0.2714982032775879
0.2705968916416168
0.27089449763298035
0.26864859461784363
0.2655080258846283
0.26402246952056885
0.2622372508049011
0.26135268807411194
0.25892990827560425
0.25937750935554504
0.2575518488883972
0.25513747334480286
0.2539422810077667
0.25372669100761414
0.25137245655059814
0.25039103627204895
0.24842314422130585
0.24970051646232605
0.24591314792633057
0.24573852121829987
0.24468296766281128
0.24255377054214478
0.24178847670555115
0.24028517305850983
0.2389879822731018
0.23976431787014008
0.23796048760414124
0.23840942978858948
0.23476338386535645
0.23396612703800201
0.2320101410150528
0.23170602321624756
0.23067565262317657
0.23155531287193298
0.2290811538696289
0.22681613266468048
0.22736984491348267
0.22873583436012268
0.22574050724506378
0.2230757176876068
0.22135679423809052
0.2227616012096405
0.22096377611160278
0.2198319137096405
0.21879661083221436
0.2176351249217987
0.21704064309597015
0.21729424595832825
0.21534134447574615
0.21555224061012268
0.21344830095767975
0.21276797354221344
0.2116222381591797
0.2113007754087448
0.2113885134458542
0.2114723026752472
0.2096341997385025
0.21054041385650635
0.20774511992931366
0.206785649061203
0.2060689777135849
0.20410937070846558
0.20384281873703003
0.20383483171463013
0.2025635540485382
0.20150569081306458
0.20084917545318604
0.1997518390417099
0.1992674171924591
0.1978495866060257
0.19758403301239014
0.19637399911880493
0.19626756012439728
0.19633188843727112
0.19516758620738983
0.1957850605249405
0.19334430992603302
0.19361217319965363
0.1911541372537613
0.19086605310440063
0.19104786217212677
0.18987789750099182
0.19014327228069305
0.1904522031545639
0.1881016045808792
0.18692108988761902
0.1897435188293457
0.18946190178394318
0.18484579026699066
0.186290442943573
0.18352431058883667
0.1838642805814743
0.18257145583629608
0.183280348777771
0.1807291954755783
0.18271932005882263
0.1797594279050827
0.1781284064054489
0.17906805872917175
0.1818411946296692
0.17877832055091858
0.17648723721504211
0.1752629578113556
0.17550791800022125
0.17524145543575287
0.17455227673053741
0.1746251881122589
0.17340125143527985
0.1728169023990631
0.17250363528728485
0.1713147610425949
0.17051689326763153
0.17118895053863525
0.16982156038284302
0.16957798600196838
0.1714656800031662
0.16948042809963226
0.17037688195705414
0.17395441234111786
0.16850034892559052
0.16767409443855286
0.16573253273963928
0.16594822704792023
0.16440843045711517
0.16499093174934387
0.1637353152036667
0.16308583319187164
0.1625201404094696
0.1633550375699997
0.1618366837501526
0.16219785809516907
0.16173245012760162
0.15867242217063904
0.16050408780574799
0.15929770469665527
0.15773478150367737
0.16050787270069122
0.15658091008663177
0.15627741813659668
0.15508782863616943
0.15515996515750885
0.15510039031505585
0.15432026982307434
0.15387935936450958
0.1535407453775406
0.1528804749250412
0.15360024571418762
0.1532812863588333
0.15267466008663177
0.15241116285324097
0.15195921063423157
0.15201152861118317
0.15178875625133514
0.15199778974056244
0.15046152472496033
0.15140147507190704
0.15065541863441467
0.15199561417102814
0.1499026119709015
0.14994964003562927
0.1504056602716446
0.14939649403095245
0.14926762878894806
0.14905041456222534
0.15001936256885529
0.14917945861816406
0.15031860768795013
0.14816085994243622
0.14784999191761017
0.14830096065998077
0.14844481647014618
0.14720647037029266
0.1468857079744339
0.14654844999313354
0.14686347544193268
0.1470777988433838
0.14621448516845703
0.14688396453857422
0.14502964913845062
0.14568139612674713
0.14520543813705444
0.1448376178741455
0.14499220252037048
0.1448499709367752
0.1441972702741623
0.1444980800151825
0.14417202770709991
0.1445561796426773
0.14426402747631073
0.14354828000068665
0.14389336109161377
0.14273424446582794
0.14266997575759888
0.1426347941160202
0.14272338151931763
0.14162416756153107
0.14296340942382812
0.14212076365947723
0.14171190559864044
0.14089186489582062
0.14152801036834717
0.1407073736190796
0.1410033255815506
0.14080430567264557
0.14000703394412994
0.14032259583473206
0.13977423310279846
0.1401233673095703
0.14061810076236725
0.13926401734352112
0.13931460678577423
0.13842549920082092
0.13814447820186615
0.13794168829917908
0.1376781463623047
0.13779854774475098
0.13717009127140045
0.13722160458564758
0.1370290368795395
0.13695941865444183
0.13681581616401672
0.1364712119102478
0.13675232231616974
0.13619136810302734
0.13564518094062805
0.13548891246318817
0.13548243045806885
0.13483846187591553
0.1344757378101349
0.13552531599998474
0.13480469584465027
0.1343926638364792
0.13417264819145203
0.13462261855602264
0.13420498371124268
0.13390707969665527
0.1341158002614975
0.1331089287996292
0.13281936943531036
0.13243335485458374
0.13156703114509583
0.13194409012794495
0.13166730105876923
0.13154588639736176
0.131653293967247
0.13142310082912445
0.13121576607227325
0.13116978108882904
0.1310778707265854
0.13089881837368011
0.13132239878177643
0.1308828443288803
0.13064493238925934
0.13043154776096344
0.13018907606601715
0.13017061352729797
0.1306036412715912
0.13003478944301605
0.12961378693580627
0.12969523668289185
0.12977907061576843
0.12991884350776672
0.1301124542951584
0.12957461178302765
0.1291642040014267
0.1295718550682068
0.12896528840065002
0.12942975759506226
0.12930573523044586
0.12924467027187347
0.12866616249084473
0.12871792912483215
0.12836910784244537
0.12872381508350372
0.12862485647201538
0.12820421159267426
0.128228098154068
0.12827135622501373
0.1280571073293686
0.12842126190662384
0.1279359757900238
0.12774761021137238
0.12745963037014008
0.12803632020950317
0.12749870121479034
0.12732917070388794
0.12708650529384613
0.12718337774276733
0.1268482208251953
0.12727437913417816
0.1266172081232071
0.12671519815921783
0.1266922503709793
0.12644021213054657
0.1263791024684906
0.12607139348983765
0.12623803317546844
0.1257532238960266
0.12594254314899445
0.1263783872127533
0.1253853440284729
0.12564150989055634
0.1255577951669693
0.125090092420578
0.1254958212375641
0.12486996501684189
0.12565690279006958
0.1248939037322998
0.1246301531791687
0.12470707297325134
0.12457718700170517
0.12498420476913452
0.12452016025781631
0.12474305927753448
0.12528620660305023
0.12428946048021317
0.12416114658117294
0.12440004199743271
0.12373670190572739
0.12367037683725357
0.12368665635585785
0.12362172454595566
0.12386945635080338
0.12327460944652557
0.12353697419166565
0.12325569987297058
0.1234123483300209
0.12298223376274109
0.122932069003582
0.1225573867559433
0.12261445820331573
0.12240718305110931
0.12271446734666824
0.12266939878463745
0.12224343419075012
0.12212422490119934
0.12236258387565613
0.12219180166721344
0.12179187685251236
0.12143611162900925
0.12136540561914444
0.12135375291109085
0.12115258723497391
0.12122247368097305
0.1211995929479599
0.12112350761890411
0.12092594802379608
0.12107699364423752
0.12086869776248932
0.12090086936950684
0.12077107280492783
0.12078110128641129
0.12080106884241104
0.12087394297122955
0.12074253708124161
0.1206178218126297
0.1206173375248909
0.12051363289356232
0.120432548224926
0.12048210203647614
0.12023922055959702
0.12033156305551529
0.12023225426673889
0.12011060118675232
0.12021683901548386
0.12005335837602615
0.11997251957654953
0.11987198889255524
0.12005762755870819
0.12005279213190079
0.1201067715883255
0.11974216997623444
0.1196226105093956
0.11977149546146393
0.11994937062263489
0.12003614008426666
0.11960604786872864
0.11947188526391983
0.11942130327224731
0.11942431330680847
0.11956670880317688
0.11939769983291626
0.11940284073352814
0.11926151067018509
0.11908092349767685
0.11925968527793884
0.11913199722766876
0.1191864088177681
0.11899451911449432
0.11917057633399963
0.11882618069648743
0.11883585900068283
0.11870691180229187
0.11869767308235168
0.11858940869569778
0.11866554617881775
0.11871859431266785
0.11878982931375504
0.11842358857393265
0.11848042160272598
0.1185479611158371
0.11851000785827637
0.11839307099580765
0.11814963817596436
0.11831682175397873
0.11817396432161331
0.11811172962188721
0.11811171472072601
0.11803378164768219
0.1179475486278534
0.11783778667449951
0.11800020188093185
0.11784704029560089
0.11786691099405289
0.1178501546382904
0.11781453341245651
0.11752716451883316
0.11736854910850525
0.11766879260540009
0.1176697313785553
0.11739103496074677
0.11726734787225723
0.11726349592208862
0.11723432689905167
0.117110975086689
0.11706533282995224
0.11708023399114609
0.1170799732208252
0.1171097680926323
0.11708015203475952
0.11705523729324341
0.11697028577327728
0.11693930625915527
0.11694683879613876
0.11701545864343643
0.11704324930906296
0.11686135083436966
0.11665789037942886
0.11641887575387955
0.1162736639380455
0.11620926111936569
0.1163872480392456
0.11618197709321976
0.11619482189416885
0.116385817527771
0.11615139245986938
0.11612340807914734
0.11615670472383499
0.11600989103317261
0.11603499203920364
0.11601156741380692
0.11601550132036209
0.11591576039791107
0.11594883352518082
0.11590177565813065
0.11587347090244293
0.11583846807479858
0.11583278328180313
0.1157580092549324
0.11578928679227829
0.1157737746834755
0.11579034477472305
0.11583560705184937
0.11580197513103485
0.11582038551568985
0.11563251167535782
0.11566100269556046
0.11560346186161041
0.1156201958656311
0.11556024104356766
0.11552552133798599
0.11554387956857681
0.11552517116069794
0.11575435847043991
0.1154903694987297
0.11546216160058975
0.11544916033744812
0.11533962935209274
0.11533910781145096
0.11536061018705368
0.11545296013355255
0.11526796221733093
0.11529731005430222
0.11522538214921951
0.1151663139462471
0.1151968240737915
0.1151525154709816
0.11512920260429382
0.11508957296609879
0.11523532122373581
0.11518910527229309
0.115118108689785
0.11501432210206985
0.11502129584550858
0.11498500406742096
0.11492488533258438
0.11494992673397064
0.11488382518291473
0.11487758904695511
0.11500111222267151
0.11483307182788849
0.11481384932994843
0.11489073187112808
0.11478576809167862
0.1147591769695282
0.11478441208600998
0.11471910774707794
0.11475995928049088
0.11469759047031403
0.11459645628929138
0.11458078771829605
0.11459559947252274
0.11479048430919647
0.11452677100896835
0.1145237386226654
0.11452464014291763
0.114484503865242
0.1144251897931099
0.1144544929265976
0.11450029909610748
0.11440058052539825
0.1144203245639801
0.11433754861354828
0.11431265622377396
0.11430647224187851
0.11427184194326401
0.11424277722835541
0.11426609754562378
0.11419627070426941
0.11437825858592987
0.11427174508571625
0.11417926847934723
0.11405949294567108
0.11411859840154648
0.11400863528251648
0.11394421011209488
0.11404069513082504
0.11403890699148178
0.11400268226861954
0.11385683715343475
0.11382707208395004
0.11385539174079895
0.11377754807472229
0.11375324428081512
0.11379119008779526
0.11374214291572571
0.1137654185295105
0.11378317326307297
0.11375656723976135
0.11369382590055466
