0.6057142615318298
0.7361904978752136
0.7638095021247864
0.7904762029647827
0.8276190757751465
0.8438095450401306
0.8476190567016602
0.8533333539962769
0.8561905026435852
0.8704761862754822
0.8761904835700989
0.8790476322174072
0.8799999952316284
0.892380952835083
0.9028571248054504
0.9095237851142883
0.9028571248054504
0.916190505027771
0.9142857193946838
0.9209523797035217
0.9190475940704346
0.9314285516738892
0.9266666769981384
0.916190505027771
0.930476188659668
0.938095211982727
0.9323809742927551
0.9409523606300354
0.9438095092773438
0.9409523606300354
0.9476190209388733
0.9476190209388733
0.9466666579246521
0.9504761695861816
0.9447619318962097
0.954285740852356
0.9523809552192688
0.9561904668807983
0.9552381038665771
0.9599999785423279
0.9590476155281067
0.9590476155281067
0.9599999785423279
0.9590476155281067
0.95333331823349
0.9609524011611938
0.9647619128227234
0.9666666388511658
0.9647619128227234
0.9714285731315613
0.9676190614700317
0.9685714244842529
0.9676190614700317
0.9704762101173401
0.977142870426178
0.977142870426178
0.9800000190734863
0.9733333587646484
0.9742857217788696
0.9723809361457825
0.9695237874984741
0.9752380847930908
0.9800000190734863
0.9819047451019287
0.9800000190734863
0.9809523820877075
0.9828571677207947
0.9847618937492371
0.9838095307350159
0.9819047451019287
0.9866666793823242
0.9847618937492371
0.9876190423965454
0.9885714054107666
0.9904761910438538
0.9885714054107666
0.9866666793823242
0.9828571677207947
0.9866666793823242
0.9885714054107666
0.9895238280296326
0.991428554058075
0.9904761910438538
0.9923809766769409
0.9857142567634583
0.9933333396911621
0.9923809766769409
0.9895238280296326
0.9904761910438538
0.991428554058075
0.9885714054107666
0.9904761910438538
0.9933333396911621
0.991428554058075
0.9923809766769409
0.9933333396911621
0.9942857027053833
0.9933333396911621
0.9952380657196045
0.9923809766769409
0.9876190423965454
0.9933333396911621
0.9933333396911621
0.9933333396911621
0.9933333396911621
0.9876190423965454
0.991428554058075
0.9895238280296326
0.9933333396911621
0.9895238280296326
0.9895238280296326
0.9876190423965454
0.9904761910438538
0.9933333396911621
0.9952380657196045
0.9942857027053833
0.9952380657196045
0.9952380657196045
0.9942857027053833
0.9942857027053833
0.9971428513526917
0.9952380657196045
0.9961904883384705
0.9961904883384705
0.9961904883384705
0.9971428513526917
0.9971428513526917
0.9971428513526917
0.9980952143669128
0.9971428513526917
0.9980952143669128
0.9980952143669128
0.9971428513526917
0.9990476369857788
0.9980952143669128
0.9990476369857788
0.9980952143669128
0.9980952143669128
0.9980952143669128
0.9971428513526917
0.9980952143669128
0.9990476369857788
0.9971428513526917
0.9990476369857788
0.9980952143669128
0.9980952143669128
0.9980952143669128
0.9990476369857788
1.0
0.9980952143669128
1.0
0.9990476369857788
0.9980952143669128
0.9990476369857788
0.9990476369857788
1.0
1.0
0.9980952143669128
0.9980952143669128
0.9990476369857788
0.9980952143669128
1.0
0.9980952143669128
0.9980952143669128
0.9980952143669128
0.9980952143669128
0.9980952143669128
0.9990476369857788
1.0
0.9980952143669128
1.0
1.0
0.9990476369857788
1.0
0.9990476369857788
1.0
1.0
0.9990476369857788
0.9990476369857788
0.9990476369857788
1.0
0.9980952143669128
0.9990476369857788
0.9990476369857788
1.0
0.9990476369857788
0.9990476369857788
1.0
0.9990476369857788
0.9990476369857788
0.9990476369857788
0.9980952143669128
0.9980952143669128
1.0
1.0
0.9990476369857788
0.9990476369857788
0.9990476369857788
0.9990476369857788
0.9990476369857788
1.0
0.9990476369857788
1.0
0.9990476369857788
0.9990476369857788
0.9980952143669128
0.9980952143669128
0.9990476369857788
0.9990476369857788
0.9980952143669128
0.9980952143669128
0.9990476369857788
0.9990476369857788
0.9990476369857788
0.9990476369857788
0.9990476369857788
0.9990476369857788
0.9990476369857788
1.0
0.9990476369857788
1.0
0.9990476369857788
0.9990476369857788
1.0
1.0
1.0
1.0
1.0
1.0
1.0
1.0
1.0
1.0
1.0
1.0
1.0
1.0
1.0
1.0
1.0
1.0
1.0
1.0
1.0
1.0
1.0
1.0
1.0
1.0
1.0
1.0
1.0
1.0
1.0
1.0
1.0
1.0
1.0
1.0
1.0
1.0
1.0
1.0
1.0
1.0
1.0
1.0
1.0
1.0
1.0
1.0
1.0
1.0
1.0
1.0
1.0
1.0
1.0
1.0
1.0
1.0
1.0
1.0
1.0
1.0
1.0
1.0
0.9990476369857788
1.0
1.0
1.0
1.0
1.0
1.0
1.0
1.0
1.0
1.0
1.0
1.0
1.0
0.9990476369857788
0.9990476369857788
1.0
1.0
1.0
1.0
1.0
1.0
1.0
1.0
1.0
1.0
1.0
1.0
1.0
1.0
1.0
1.0
1.0
1.0
1.0
1.0
1.0
1.0
1.0
1.0
1.0
1.0
1.0
1.0
1.0
1.0
1.0
1.0
1.0
1.0
1.0
1.0
1.0
1.0
1.0
1.0
1.0
1.0
1.0
1.0
1.0
1.0
1.0
1.0
1.0
1.0
1.0
1.0
1.0
1.0
1.0
1.0
1.0
1.0
1.0
1.0
1.0
1.0
1.0
1.0
1.0
1.0
1.0
1.0
1.0
1.0
1.0
1.0
1.0
1.0
1.0
1.0
1.0
1.0
1.0
1.0
1.0
1.0
1.0
1.0
1.0
1.0
1.0
1.0
1.0
1.0
1.0
1.0
1.0
1.0
1.0
1.0
1.0
1.0
1.0
1.0
1.0
1.0
1.0
1.0
1.0
1.0
1.0
1.0
1.0
1.0
1.0
1.0
1.0
1.0
1.0
1.0
1.0
1.0
1.0
1.0
1.0
1.0
1.0
1.0
1.0
1.0
1.0
1.0
1.0
1.0
1.0
1.0
1.0
1.0
1.0
1.0
1.0
1.0
1.0
1.0
1.0
1.0
1.0
1.0
1.0
1.0
1.0
1.0
1.0
1.0
1.0
1.0
1.0
1.0
1.0
1.0
1.0
1.0
1.0
1.0
1.0
1.0
1.0
1.0
1.0
1.0
1.0
1.0
1.0
1.0
1.0
1.0
1.0
1.0
1.0
1.0
1.0
1.0
1.0
1.0
1.0
1.0
1.0
1.0
1.0
1.0
1.0
1.0
1.0
1.0
1.0
1.0
1.0
1.0
1.0
1.0
1.0
1.0
1.0
1.0
1.0
1.0
1.0
1.0
1.0
1.0
1.0
1.0
1.0
1.0
1.0
1.0
1.0
1.0
1.0
1.0
1.0
1.0
1.0
1.0
1.0
1.0
1.0
1.0
1.0
1.0
1.0
1.0
1.0
1.0
1.0
1.0
1.0
1.0
1.0
1.0
1.0
1.0
1.0
1.0
1.0
1.0
1.0
1.0
1.0
1.0
1.0
1.0
1.0
1.0
1.0
1.0
1.0
1.0
1.0
1.0
1.0
1.0
1.0
1.0
1.0
1.0
1.0
1.0
1.0
1.0
1.0
1.0
1.0
1.0
1.0
1.0
1.0
1.0
1.0
1.0
1.0
1.0
1.0
1.0
1.0
1.0
1.0
1.0
1.0
1.0
1.0
1.0
1.0
1.0
1.0
1.0
1.0
1.0
1.0
1.0
1.0
1.0
1.0
