0.7145243287086487
0.7027236223220825
0.6950536966323853
0.6902040839195251
0.6859954595565796
0.6830817461013794
0.6801442503929138
0.6778831481933594
0.675627589225769
0.6734129786491394
0.6712527871131897
0.6690228581428528
0.6665063500404358
0.6632641553878784
0.6594812870025635
0.6550709009170532
0.6497563719749451
0.6425726413726807
0.6348305940628052
0.6259110569953918
0.6156995296478271
0.6048776507377625
0.5936207175254822
0.5817020535469055
0.569703221321106
0.5580859184265137
0.5459579825401306
0.5350891947746277
0.5239750146865845
0.5144747495651245
0.5057678818702698
0.4974810481071472
0.4901730418205261
0.4839533269405365
0.4782780408859253
0.4736620783805847
0.46892672777175903
0.46561199426651
0.4614531099796295
0.4580676853656769
0.4543404281139374
0.4513968527317047
0.4493356943130493
0.44516700506210327
0.442175030708313
0.43929165601730347
0.4366966187953949
0.4344242215156555
0.4316753149032593
0.42970240116119385
0.42713403701782227
0.4248650074005127
0.42266151309013367
0.4205392599105835
0.4187404215335846
0.4170621931552887
0.4145200252532959
0.41370460391044617
0.41277965903282166
0.41091644763946533
0.4076884388923645
0.40627607703208923
0.4049084782600403
0.40335729718208313
0.40175336599349976
0.4009602963924408
0.3988037705421448
0.39738887548446655
0.39617404341697693
0.39470571279525757
0.3937777876853943
0.3927079737186432
0.3920940160751343
0.39157694578170776
0.389200359582901
0.3881186246871948
0.38738155364990234
0.38613924384117126
0.3850270211696625
0.38397514820098877
0.3834574520587921
0.38270026445388794
0.3815986216068268
0.38026782870292664
0.3796035051345825
0.37888649106025696
0.37780681252479553
0.3771328330039978
0.376373291015625
0.3757134974002838
0.3746308386325836
0.3740733861923218
0.37316587567329407
0.3727576434612274
0.3722539246082306
0.37095555663108826
0.3703795075416565
0.3696589171886444
0.36902037262916565
0.36815255880355835
0.367981493473053
0.36702218651771545
0.3671167492866516
0.366169273853302
0.36535680294036865
0.3646155893802643
0.36438262462615967
0.3638197183609009
0.3634483516216278
0.36305829882621765
0.36249998211860657
0.3625478148460388
0.361674040555954
0.36112117767333984
0.3605959117412567
0.3597813546657562
0.3594435751438141
0.3593071699142456
0.35830971598625183
0.3581417500972748
0.357711523771286
0.3572264015674591
0.3576432764530182
0.35672691464424133
0.3564557731151581
0.3561737537384033
0.3563390076160431
0.35517391562461853
0.354891836643219
0.35451075434684753
0.3538316488265991
0.35360071063041687
0.35311469435691833
0.35320475697517395
0.3524768352508545
0.3521787226200104
0.3521207273006439
0.3516782820224762
0.3515380918979645
0.3513612747192383
0.350633442401886
0.35033851861953735
0.3500964939594269
0.35023385286331177
0.3493894040584564
0.3494642376899719
0.3488888144493103
0.3487730622291565
0.34915176033973694
0.3491824269294739
0.34772157669067383
0.347316175699234
0.34731510281562805
0.346598356962204
0.3463885486125946
0.34627392888069153
0.34582117199897766
0.34557899832725525
0.34610190987586975
0.3450891375541687
0.3445959687232971
0.34429073333740234
0.34416958689689636
0.34398993849754333
0.344270259141922
0.34398186206817627
0.34410443902015686
0.34293249249458313
0.3436589241027832
0.34296080470085144
0.34280022978782654
0.34221065044403076
0.34251463413238525
0.34231892228126526
0.3418903052806854
0.34174466133117676
0.3413349986076355
0.34138086438179016
0.3408455550670624
0.34121963381767273
0.3409138321876526
0.341229647397995
0.34256523847579956
0.3404500186443329
0.33994707465171814
0.3399523198604584
0.34035375714302063
0.33958953619003296
0.33963513374328613
0.3391539454460144
0.3396173119544983
0.3388148546218872
0.3389468193054199
0.3387245833873749
0.33835986256599426
0.3383415937423706
0.33787548542022705
0.33829745650291443
0.33751118183135986
0.338157594203949
0.3378542959690094
0.3372851610183716
0.3370738923549652
0.3369899392127991
0.3369928002357483
0.3365211486816406
0.3366924226284027
0.33670690655708313
0.33616945147514343
0.3359816372394562
0.3357497751712799
0.33564695715904236
0.33563533425331116
0.33605632185935974
0.33512213826179504
0.3353898823261261
0.3349912464618683
0.33490830659866333
0.33501023054122925
0.33477485179901123
0.3352074921131134
0.3343780040740967
0.33512648940086365
0.3345395624637604
0.3344431519508362
0.33424386382102966
0.33418241143226624
0.33392393589019775
0.33417177200317383
0.33407703042030334
0.3341957628726959
0.3338518440723419
0.3338932991027832
0.33367490768432617
0.33391714096069336
0.33336344361305237
0.33357179164886475
0.3336610198020935
0.3337452709674835
0.3335457742214203
0.3334523141384125
0.3332347273826599
0.33347228169441223
0.3331798017024994
0.33344149589538574
0.3330979347229004
0.33305907249450684
0.33366402983665466
0.3331608474254608
0.33265653252601624
0.33278948068618774
0.33292457461357117
0.33319932222366333
0.3331882953643799
0.33250826597213745
0.33264705538749695
0.3326058089733124
0.3328402638435364
0.3323923647403717
0.33221906423568726
0.3322247862815857
0.3327317535877228
0.3323255181312561
0.3322141766548157
0.3320782482624054
0.3323458433151245
0.3328952193260193
0.3319101929664612
0.33231881260871887
0.33208373188972473
0.33238768577575684
0.3320296108722687
0.3325852155685425
0.33234286308288574
0.3318422734737396
0.33171188831329346
0.33171483874320984
0.3323628902435303
0.33189287781715393
0.33212289214134216
0.33191829919815063
0.3315509259700775
0.3318473994731903
0.331815630197525
0.3315754532814026
0.33165454864501953
0.33138367533683777
0.3315288722515106
0.3317313492298126
0.3315733075141907
0.3316752314567566
0.33128902316093445
0.3314362168312073
0.3318418860435486
0.3317742645740509
0.33120420575141907
0.3314961791038513
0.3312958776950836
0.33121323585510254
0.33161938190460205
0.3315408527851105
0.33118945360183716
0.3313775360584259
0.331137478351593
0.33130866289138794
0.3309585452079773
0.33117803931236267
0.3311876654624939
0.3314608931541443
0.33151975274086
0.3308953642845154
0.33126452565193176
0.33080101013183594
0.3309052884578705
0.33139362931251526
0.3311704099178314
0.33113598823547363
0.3311173617839813
0.3309355080127716
0.33108147978782654
0.33082014322280884
0.33125168085098267
0.3308511972427368
0.330962210893631
0.33138787746429443
0.33124664425849915
0.33093321323394775
0.33087292313575745
0.3311372995376587
0.33070310950279236
0.33165258169174194
0.3309585452079773
0.331186980009079
0.33064424991607666
0.33097022771835327
0.33138346672058105
0.3306702971458435
0.3308490812778473
0.33093684911727905
0.33087873458862305
0.3307379484176636
0.330599308013916
0.33091336488723755
0.33064210414886475
0.3312017619609833
0.33079057931900024
0.33091384172439575
0.33049440383911133
0.33087849617004395
0.331114798784256
0.33067378401756287
0.3305206894874573
0.330701619386673
0.3309642970561981
0.33036765456199646
0.330325186252594
0.3304373621940613
0.33074265718460083
0.3304460346698761
0.3306545615196228
0.33030247688293457
0.330744206905365
0.33046603202819824
0.3310924172401428
0.33057543635368347
0.3305637240409851
0.33051344752311707
0.33031320571899414
0.3307362496852875
0.33023011684417725
0.3304738700389862
0.33084604144096375
0.33012405037879944
0.33115577697753906
0.3302595615386963
0.3302367925643921
0.33105751872062683
0.3307909369468689
0.3306054472923279
0.33031344413757324
0.33026373386383057
0.3303956091403961
0.3304521441459656
0.33033713698387146
0.3304741680622101
0.33055153489112854
0.33006569743156433
0.3305361866950989
0.3303273022174835
0.33043336868286133
0.33034592866897583
0.3302955627441406
0.330452024936676
0.33060333132743835
0.33021536469459534
0.3304336369037628
0.33035922050476074
0.3302191495895386
0.3303007483482361
0.33008551597595215
0.3309843838214874
0.330687552690506
0.33022189140319824
0.33032509684562683
0.330280065536499
0.3302702307701111
0.3301778733730316
0.3300524652004242
0.3301023542881012
0.3303559720516205
0.3305153250694275
0.33010435104370117
0.33054590225219727
0.3304899334907532
0.3302585482597351
0.33015286922454834
0.3302035927772522
0.33024781942367554
0.3302065134048462
0.33022868633270264
0.33023738861083984
0.3299737572669983
0.33004072308540344
0.3305286169052124
0.33062055706977844
0.3302728831768036
0.3304273188114166
0.32999253273010254
0.33000025153160095
0.3302343189716339
0.3302791118621826
0.3302304446697235
0.3304024934768677
0.33029985427856445
0.3301225006580353
0.3302130401134491
0.33002302050590515
0.33104684948921204
0.33009642362594604
0.3300185203552246
0.3302615284919739
0.3300122618675232
0.32993021607398987
0.329881876707077
0.32988467812538147
0.3299781382083893
0.33006370067596436
0.33032891154289246
0.33028706908226013
0.33021989464759827
0.32990261912345886
0.330115407705307
0.32990989089012146
0.3302493095397949
0.33011138439178467
0.33011797070503235
0.3301779329776764
0.3297696113586426
0.33086347579956055
0.32984477281570435
0.3300706446170807
0.3301783502101898
0.33051571249961853
0.32997822761535645
0.32982727885246277
0.3298570215702057
0.3299162685871124
0.32985273003578186
0.32969430088996887
0.3299602270126343
0.3296889662742615
0.33028268814086914
0.33029335737228394
0.3297017812728882
0.3312353193759918
0.32972270250320435
0.33082491159439087
0.33113041520118713
0.330463707447052
0.32994580268859863
0.3300321102142334
0.3298889994621277
0.3301335871219635
0.32996952533721924
0.3296326696872711
0.3303488492965698
0.3297711908817291
0.3299039900302887
0.3296453654766083
0.3297196328639984
0.3301200866699219
0.32991349697113037
0.3299669623374939
0.33000168204307556
0.3296818435192108
0.3309186100959778
0.3304150700569153
0.3307323753833771
0.3303494453430176
0.32979828119277954
0.3305104076862335
0.3294440805912018
0.32973340153694153
0.32995402812957764
0.3298255205154419
0.3292984962463379
0.3296321928501129
0.3295136094093323
0.3296445906162262
0.32969412207603455
0.3297269344329834
0.3295272886753082
0.3304387032985687
0.3298192024230957
0.32949018478393555
0.3295087218284607
0.3299329876899719
0.3297734260559082
0.32966840267181396
0.3296549320220947
0.32918545603752136
0.3294534385204315
0.329273521900177
0.32930639386177063
0.33069393038749695
0.32928386330604553
0.32982373237609863
0.32934534549713135
0.329891562461853
0.329721063375473
0.3291671574115753
0.32963162660598755
0.3301047384738922
0.32972657680511475
0.3297085762023926
0.32944175601005554
0.32931673526763916
0.33042946457862854
0.3295174837112427
0.3292534351348877
0.3290212154388428
0.3292040526866913
0.32964953780174255
0.3290552794933319
0.32949087023735046
0.329603374004364
0.3290390968322754
0.3295047879219055
0.3292555809020996
0.329856812953949
0.32908064126968384
0.32920560240745544
0.3304195702075958
0.32911616563796997
0.32904815673828125
0.32915177941322327
0.3289570212364197
0.3292643129825592
0.33020341396331787
0.32880982756614685
0.3291337490081787
0.32877492904663086
0.3293086886405945
0.3290391266345978
0.3288832902908325
0.3295894265174866
0.32917168736457825
0.3292027711868286
0.32918781042099
0.32879191637039185
0.3288053572177887
0.3291776180267334
0.3291281759738922
0.3290942907333374
0.32878538966178894
0.32925814390182495
0.32894235849380493
0.3295957148075104
0.32935309410095215
0.329037606716156
0.32960522174835205
0.32894909381866455
0.3290875256061554
0.3286372125148773
0.3302169442176819
0.32901519536972046
0.32915496826171875
0.32870426774024963
0.32878199219703674
0.32906264066696167
0.3287334740161896
0.3288828730583191
0.32872214913368225
0.3288889229297638
0.32878631353378296
0.3288620710372925
0.32910987734794617
0.3286525309085846
0.3294997215270996
0.3291037082672119
0.32851898670196533
0.32859566807746887
0.3284854590892792
0.32846903800964355
0.3284616470336914
0.3284197449684143
0.329090416431427
0.3288717269897461
0.32901567220687866
0.3281652629375458
0.32839202880859375
0.3283120393753052
0.32886165380477905
0.32851535081863403
0.32869961857795715
0.3283999562263489
0.3288023769855499
0.3285256624221802
0.3282081186771393
0.3283228278160095
0.3282628655433655
0.3282337486743927
0.3281444013118744
0.3284953832626343
0.3282277584075928
0.3281846344470978
0.32849690318107605
0.3282311260700226
0.32827016711235046
0.328130304813385
0.32854804396629333
0.3285312056541443
0.3282327651977539
0.3286360502243042
0.32797887921333313
0.32800838351249695
0.3286435306072235
0.3279359042644501
0.3284556269645691
0.3288331925868988
0.3281679153442383
0.3281031847000122
0.32812559604644775
0.3281814754009247
0.3278506100177765
0.32835543155670166
0.3284309208393097
0.328183114528656
0.3283720910549164
0.3277786374092102
0.32823190093040466
0.3279253840446472
0.32819557189941406
0.3280145227909088
0.3279890716075897
0.32815396785736084
0.3280237913131714
0.32804760336875916
0.3283306658267975
0.32815009355545044
0.3279761075973511
0.3280383050441742
0.32803985476493835
0.3280126750469208
0.3285953402519226
0.3296710252761841
0.327572762966156
0.3279591500759125
0.3277929723262787
0.32769784331321716
0.32795533537864685
0.3278115391731262
0.3278847932815552
0.32786011695861816
0.3279034197330475
0.32789739966392517
0.3278181552886963
0.32778456807136536
0.327983558177948
0.3276815712451935
0.3277571499347687
0.3278684914112091
0.32783934473991394
0.3276536464691162
0.32799917459487915
0.3278264105319977
0.3276647627353668
0.3277619779109955
0.3276415467262268
0.32799360156059265
0.3276388347148895
0.3275459110736847
0.3277199864387512
0.3275875151157379
0.32816165685653687
0.3275800347328186
0.3279856741428375
0.3276611566543579
0.32794609665870667
0.32746240496635437
0.32775017619132996
0.32833826541900635
0.3277062475681305
0.3277587294578552
0.3276832103729248
0.3274265229701996
0.3285905122756958
0.32714080810546875
0.32761111855506897
0.3279685974121094
0.32793477177619934
0.3279817998409271
0.3276088833808899
0.3273630142211914
0.3275665044784546
0.3275095522403717
0.32764318585395813
0.32758092880249023
0.32735416293144226
0.327373743057251
0.32744792103767395
0.32749953866004944
0.32798853516578674
0.3276902437210083
0.32780271768569946
0.32755619287490845
0.327948659658432
0.3275650441646576
0.32720112800598145
0.32731956243515015
0.3270455598831177
0.32761648297309875
0.3273264467716217
0.32751521468162537
0.3275567293167114
0.3274553716182709
0.32751989364624023
0.3271869719028473
0.32785311341285706
0.3281429708003998
0.3278660178184509
0.32786744832992554
0.3278725743293762
0.3275272846221924
0.3272218704223633
0.32696080207824707
0.32726556062698364
0.3270195424556732
0.32691490650177
0.327035516500473
0.3270830810070038
0.32700851559638977
0.32690420746803284
0.32684046030044556
0.3269515633583069
0.32726413011550903
0.32712194323539734
0.32672998309135437
0.3270663619041443
0.3270163834095001
0.3267403841018677
0.3269185423851013
0.3268434703350067
0.32746580243110657
0.3271521031856537
0.3270798325538635
0.3265075385570526
0.3263992965221405
0.3266049027442932
0.326863169670105
0.3266785144805908
0.3267988860607147
0.3266420066356659
0.32712072134017944
0.326895147562027
0.3262084424495697
0.3269851505756378
0.3274446725845337
0.3266410827636719
0.3262234926223755
0.32613301277160645
0.32650747895240784
0.3265661299228668
0.32612553238868713
0.32613956928253174
0.32610374689102173
0.32619720697402954
0.32619383931159973
0.32593992352485657
0.32609736919403076
0.32602065801620483
0.32631418108940125
0.3266156315803528
0.3259446620941162
0.3261345326900482
0.3261687755584717
0.3260256350040436
0.32607248425483704
0.32598015666007996
0.3259488344192505
0.32640209794044495
0.3260425925254822
0.3266964256763458
0.32845452427864075
0.3259192407131195
0.325810045003891
0.3259972929954529
0.3256606459617615
0.3257658779621124
0.3263508081436157
0.32622677087783813
0.3258545398712158
0.3257332742214203
0.32595309615135193
0.3256978392601013
0.325624018907547
0.32577285170555115
0.3256242275238037
0.3256029188632965
0.32587113976478577
0.3262026607990265
0.3256177306175232
0.32547727227211
0.32545751333236694
0.32547929883003235
0.325614869594574
0.3255811929702759
0.3260357975959778
0.3254769444465637
0.32540643215179443
0.3253301978111267
0.32577821612358093
0.3251509964466095
0.32542866468429565
0.3254506289958954
0.32561764121055603
0.3258180022239685
0.32526421546936035
0.32564666867256165
0.32539573311805725
0.3253706991672516
0.32553282380104065
0.32551679015159607
0.3254168927669525
0.3251684010028839
0.32542815804481506
0.3255808651447296
0.3255990147590637
0.3254084587097168
0.32537025213241577
0.3256534934043884
0.3262570798397064
0.325405478477478
0.32520246505737305
0.3251241445541382
0.3252502977848053
0.32517755031585693
0.32610708475112915
0.325426310300827
0.325102835893631
0.3257170617580414
0.3251645565032959
0.32602062821388245
0.32516881823539734
0.3254077434539795
0.32514825463294983
0.3254084289073944
0.32521122694015503
0.3250083327293396
0.32516980171203613
0.3249077796936035
0.3252294361591339
0.32491716742515564
0.3255693316459656
0.32542064785957336
0.3246263563632965
0.32533329725265503
0.32506370544433594
0.3254537880420685
0.3248729705810547
0.3249334990978241
0.32518959045410156
0.3248400390148163
0.32475385069847107
0.32465675473213196
0.32492518424987793
0.3251208961009979
0.32494136691093445
0.32492420077323914
0.32475751638412476
0.32479867339134216
0.32470181584358215
0.3251948952674866
0.3246137201786041
0.32462596893310547
0.3250085711479187
0.3247353136539459
0.3246283531188965
0.3246449828147888
0.32444876432418823
0.32531142234802246
0.3249591886997223
0.324777215719223
0.3248235285282135
0.3244765102863312
0.32447630167007446
0.32455000281333923
0.3245263993740082
0.32466965913772583
0.32462114095687866
0.3245999217033386
0.32442694902420044
0.3245302438735962
0.32419660687446594
0.32456743717193604
0.3247215747833252
0.3246314525604248
0.32446587085723877
0.3241913318634033
0.3244597613811493
0.32449275255203247
0.3250056803226471
0.3248498737812042
0.32409459352493286
0.3244694769382477
0.3242608904838562
0.3247400224208832
0.32428109645843506
0.32413458824157715
0.3245607912540436
0.32399100065231323
0.3244820833206177
0.324348509311676
0.324491411447525
0.32435160875320435
0.32415148615837097
0.32443174719810486
0.3242303431034088
0.32420703768730164
0.3241925537586212
0.3245106339454651
0.32416832447052
0.3240896761417389
0.324116975069046
0.3241558372974396
0.32401564717292786
0.3240143060684204
0.32404759526252747
0.32428300380706787
0.32394689321517944
0.32404017448425293
0.3237234055995941
0.3239392638206482
0.32394134998321533
0.3243962228298187
0.32432007789611816
0.32393965125083923
0.32367485761642456
0.3246607780456543
0.3237321376800537
0.3240739107131958
0.3242020308971405
0.32377469539642334
0.32381105422973633
0.3239443004131317
0.3239067494869232
0.32387202978134155
0.3237287402153015
0.3244876563549042
0.3238692581653595
0.323871910572052
0.32439351081848145
0.32385069131851196
0.3238702416419983
0.3239854872226715
0.32389822602272034
0.3235239088535309
0.32351601123809814
0.32423821091651917
0.3239690661430359
0.3238758444786072
0.3234304189682007
0.32367730140686035
0.32371291518211365
0.3237142860889435
0.32398873567581177
0.3236008882522583
0.3235941231250763
0.3234693706035614
0.32401803135871887
0.3234082758426666
0.32363361120224
0.32436996698379517
0.32336270809173584
0.323320209980011
0.3234500586986542
0.32367318868637085
0.32362428307533264
0.3234764635562897
0.3241806924343109
