0.7654572129249573
0.7178235650062561
0.6870329976081848
0.6668657660484314
0.6503174304962158
0.634981095790863
0.6191272735595703
0.6031138896942139
0.586342453956604
0.5684365034103394
0.5506508946418762
0.5324910283088684
0.5139977931976318
0.49622681736946106
0.4793664216995239
0.46423330903053284
0.4498673379421234
0.43753576278686523
0.4267686903476715
0.41674497723579407
0.408419668674469
0.4010646343231201
0.3945457637310028
0.388180673122406
0.38279688358306885
0.3781181871891022
0.37420016527175903
0.3704632520675659
0.3669227063655853
0.36437588930130005
0.36181628704071045
0.3585110902786255
0.35612764954566956
0.35333332419395447
0.35123661160469055
0.3491744101047516
0.3454853594303131
0.3428972065448761
0.3402004539966583
0.3386593163013458
0.3357729911804199
0.33356353640556335
0.33098962903022766
0.3286428153514862
0.3270972967147827
0.32560908794403076
0.3225949704647064
0.3210456669330597
0.3188597559928894
0.3165014386177063
0.3158568739891052
0.3139939308166504
0.31197652220726013
0.3106410801410675
0.3089205324649811
0.3079068064689636
0.30714714527130127
0.3050538897514343
0.30427294969558716
0.3028934895992279
0.3015732169151306
0.30147799849510193
0.2992807924747467
0.29798510670661926
0.29711297154426575
0.29573631286621094
0.294842928647995
0.2938489615917206
0.29275423288345337
0.2918611168861389
0.2908046245574951
0.29020196199417114
0.28879231214523315
0.2877773940563202
0.28674888610839844
0.28598910570144653
0.2851596772670746
0.28511157631874084
0.2841339409351349
0.2833796739578247
0.28287866711616516
0.28209587931632996
0.28092819452285767
0.2794819474220276
0.27957719564437866
0.279123455286026
0.2780556082725525
0.27726808190345764
0.27669331431388855
0.27623122930526733
0.2756069600582123
0.27551794052124023
0.27435386180877686
0.27416881918907166
0.27455875277519226
0.27257487177848816
0.2720583379268646
0.2720101773738861
0.2710406184196472
0.27050188183784485
0.27032026648521423
0.2701781690120697
0.2692531645298004
0.26836487650871277
0.268035888671875
0.267368346452713
0.26670610904693604
0.26844289898872375
0.26590970158576965
0.26646116375923157
0.26543864607810974
0.2654881179332733
0.26490429043769836
0.2640281021595001
0.26394718885421753
0.26317331194877625
0.263246089220047
0.2633477747440338
0.2623913884162903
0.26243075728416443
0.262041836977005
0.26219984889030457
0.2611333131790161
0.26074138283729553
0.26058295369148254
0.2601182162761688
0.2600075602531433
0.25946924090385437
0.25917598605155945
0.25924018025398254
0.2590310573577881
0.2581551969051361
0.25836679339408875
0.2580631375312805
0.25735682249069214
0.2573435604572296
0.2576393485069275
0.2562626302242279
0.25717049837112427
0.2570226192474365
0.25667890906333923
0.25564107298851013
0.2561790943145752
0.2554451823234558
0.25527989864349365
0.2549944221973419
0.2544212341308594
0.25497493147850037
0.2551538944244385
0.2554512619972229
0.25501763820648193
0.2552396059036255
0.25318968296051025
0.25384384393692017
0.2527051866054535
0.2527787983417511
0.2533785402774811
0.2527009844779968
0.25202420353889465
0.25164249539375305
0.2519284188747406
0.2525627613067627
0.25129052996635437
0.2518833875656128
0.25126099586486816
0.2511940002441406
0.25047507882118225
0.2501795291900635
0.2506837248802185
0.2500496506690979
0.25138646364212036
0.2505360245704651
0.25003382563591003
0.24952025711536407
0.24985529482364655
0.24914021790027618
0.24912618100643158
0.24866771697998047
0.24868077039718628
0.24847249686717987
0.2485009729862213
0.24834758043289185
0.24871312081813812
0.25080806016921997
0.24768662452697754
0.24786068499088287
0.24755364656448364
0.24815894663333893
0.24725341796875
0.2468561977148056
0.24686598777770996
0.24671578407287598
0.24693173170089722
0.24663862586021423
0.24671676754951477
0.24540576338768005
0.24635984003543854
0.24571047723293304
0.24584676325321198
0.24524056911468506
0.2461603879928589
0.2451339066028595
0.2465762197971344
0.2450125515460968
0.2446260303258896
0.24476534128189087
0.24441473186016083
0.24469976127147675
0.24414882063865662
0.24548444151878357
0.24424254894256592
0.24361293017864227
0.24345622956752777
0.2441072016954422
0.24327312409877777
0.24315620958805084
0.24315808713436127
0.24272198975086212
0.242354616522789
0.24237285554409027
0.24279189109802246
0.24183611571788788
0.2414180189371109
0.2415045201778412
0.24158577620983124
0.241250678896904
0.24145804345607758
0.24170081317424774
0.24168747663497925
0.2410488724708557
0.24038110673427582
0.24065622687339783
0.24039576947689056
0.24037010967731476
0.23980243504047394
0.23988045752048492
0.23936574161052704
0.2391134351491928
0.23914510011672974
0.2392168939113617
0.23918941617012024
0.2392723560333252
0.23913472890853882
0.23897336423397064
0.23874995112419128
0.2388007491827011
0.23889383673667908
0.23838798701763153
0.23857644200325012
0.23832592368125916
0.2386096715927124
0.23875506222248077
0.23869293928146362
0.23805086314678192
0.2381851226091385
0.23833929002285004
0.23814700543880463
0.23784589767456055
0.2381468564271927
0.23791727423667908
0.23779632151126862
0.2377404421567917
0.23782417178153992
0.23764926195144653
0.23736989498138428
0.23764026165008545
0.23824113607406616
0.23875442147254944
0.2379263937473297
0.2372605800628662
0.23703156411647797
0.23735834658145905
0.23766304552555084
0.237060084939003
0.23740029335021973
0.23710088431835175
0.23703718185424805
0.23671655356884003
0.23707501590251923
0.2372780740261078
0.2375769317150116
0.23673193156719208
0.23642808198928833
0.2369426041841507
0.23630879819393158
0.23663589358329773
0.2361016422510147
0.23613695800304413
0.23606300354003906
0.23638026416301727
0.2359890192747116
0.2364804893732071
0.2356516718864441
0.2361135631799698
0.23640631139278412
0.2357439547777176
0.23588047921657562
0.2364198863506317
0.23600399494171143
0.2358311265707016
0.2357417494058609
0.23571689426898956
0.23521873354911804
0.2351389080286026
0.23549692332744598
0.2353743463754654
0.23565234243869781
0.23579683899879456
0.2352052628993988
0.23543457686901093
0.23498216271400452
0.234938383102417
0.23496189713478088
0.23468708992004395
0.23487870395183563
0.2348073124885559
0.23504139482975006
0.23540833592414856
0.23439620435237885
0.23463378846645355
0.2344222366809845
0.2348776012659073
0.23514872789382935
0.2341790795326233
0.2342536449432373
0.23436878621578217
0.23435328900814056
0.23417170345783234
0.23389989137649536
0.23418670892715454
0.2339402735233307
0.23407487571239471
0.2337183952331543
0.23380476236343384
0.23369818925857544
0.23335760831832886
0.23376236855983734
0.2333112508058548
0.23351937532424927
0.23353126645088196
0.23334376513957977
0.23340746760368347
0.23319269716739655
0.2333948165178299
0.2332797646522522
0.23315589129924774
0.23323500156402588
0.2330971509218216
0.2330581545829773
0.23317208886146545
0.23305845260620117
0.23302270472049713
0.23306120932102203
0.2330055683851242
0.2330559492111206
0.23324359953403473
0.23299671709537506
0.23293709754943848
0.2328842431306839
0.23294641077518463
0.23325571417808533
0.2328564077615738
0.2327978014945984
0.2329736351966858
0.2326613962650299
0.23268982768058777
0.2331073135137558
0.2327362298965454
0.23283591866493225
0.23291626572608948
0.23270314931869507
0.2326137125492096
0.23266763985157013
0.23264148831367493
0.23263172805309296
0.2326156198978424
0.2325773388147354
0.23244644701480865
0.2326018214225769
0.23263637721538544
0.23253889381885529
0.23237213492393494
0.23231829702854156
0.23223519325256348
0.23228667676448822
0.2322862297296524
0.2323390543460846
0.23252680897712708
0.2321234792470932
0.23245622217655182
0.23239293694496155
0.23214338719844818
0.2323770970106125
0.23211179673671722
0.23221036791801453
0.23197975754737854
0.23211845755577087
0.23211266100406647
0.23190151154994965
0.23209165036678314
0.23184260725975037
0.23195843398571014
0.23191943764686584
0.23187923431396484
0.23175404965877533
0.2318221479654312
0.2318992167711258
0.23180563747882843
0.23198984563350677
0.23189328610897064
0.23174355924129486
0.2316874861717224
0.23172448575496674
0.23170150816440582
0.2315845936536789
0.23187389969825745
0.23161590099334717
0.23155756294727325
0.23174795508384705
0.23151564598083496
0.23156920075416565
0.2314816117286682
0.2316168248653412
0.2315099984407425
0.2315971851348877
0.23144122958183289
0.23133817315101624
0.23132586479187012
0.23146705329418182
0.23123617470264435
0.2312469184398651
0.23129971325397491
0.2313275784254074
0.2312983125448227
0.23101483285427094
0.23111261427402496
0.2310476154088974
0.23104877769947052
0.23096488416194916
0.23093481361865997
0.23097063601016998
0.2309042513370514
0.2308661937713623
0.23089756071567535
0.2309001386165619
0.23085972666740417
0.2309836745262146
0.23104099929332733
0.23088616132736206
0.2308892011642456
0.23097893595695496
0.23083443939685822
0.23089666664600372
0.23081852495670319
0.23083508014678955
0.23078441619873047
0.2307215929031372
0.23081722855567932
0.23076128959655762
0.2307211309671402
0.23069606721401215
0.2308044582605362
0.23067758977413177
0.23059894144535065
0.23065590858459473
0.23071859776973724
0.23067836463451385
0.2306509166955948
0.23058274388313293
0.23077306151390076
0.23059983551502228
0.23068736493587494
0.2305973470211029
0.2305995523929596
0.23066771030426025
0.23053476214408875
0.23059913516044617
0.2305450737476349
0.2305738478899002
0.2305178940296173
0.23053941130638123
0.2305581271648407
0.23050980269908905
0.2304518222808838
0.23050926625728607
0.23061947524547577
0.2303798347711563
0.23048530519008636
0.23050978779792786
0.23054416477680206
0.23043712973594666
0.23042252659797668
0.2304317057132721
0.23037828505039215
0.2303950935602188
0.2302636355161667
0.23038381338119507
0.2303910255432129
0.23039518296718597
0.2302616536617279
0.23024523258209229
0.2302745133638382
0.23042447865009308
0.23036223649978638
0.23027363419532776
0.23031671345233917
0.2301996648311615
0.23019631206989288
0.23027734458446503
0.23021374642848969
0.2301608771085739
0.2302359640598297
0.2302774339914322
0.23018838465213776
0.23018604516983032
0.23031727969646454
0.23021294176578522
0.2301614135503769
0.23012979328632355
0.23015975952148438
0.23011964559555054
0.23007732629776
0.2300628125667572
0.23011614382266998
0.23008595407009125
0.2300441414117813
0.230188250541687
0.23004044592380524
0.23001828789710999
0.23009490966796875
0.23015107214450836
0.2301444709300995
0.2300741821527481
0.23006220161914825
0.2299332469701767
0.22990143299102783
0.22988545894622803
0.22988298535346985
0.22987566888332367
0.22985568642616272
0.22990044951438904
0.22991681098937988
0.2299160361289978
0.2298867106437683
0.22983236610889435
0.2298412024974823
0.22984595596790314
0.22981753945350647
0.22982794046401978
0.2298058718442917
0.22982501983642578
0.2298307865858078
0.22984710335731506
0.22980348765850067
0.22978757321834564
0.22980885207653046
0.22982826828956604
0.22980378568172455
0.2298189103603363
0.22978752851486206
0.22976067662239075
0.22979682683944702
0.2298067808151245
0.22976478934288025
0.22976082563400269
0.2297653704881668
0.22975778579711914
0.22978214919567108
0.22972005605697632
0.22980926930904388
0.22974921762943268
0.22971650958061218
0.22971117496490479
0.22973449528217316
0.22977407276630402
0.22976209223270416
0.22968554496765137
0.22971472144126892
0.22972099483013153
0.22977273166179657
0.22966094315052032
0.22965621948242188
0.2296697199344635
0.22976869344711304
0.22966910898685455
0.22965450584888458
0.229655459523201
0.22964689135551453
0.22965820133686066
0.22963255643844604
0.22970536351203918
0.22967685759067535
0.22966724634170532
0.2296171635389328
0.22969016432762146
0.22958718240261078
0.22967633605003357
0.2295973151922226
0.22961565852165222
0.22958874702453613
0.22956225275993347
0.22958821058273315
0.22959885001182556
0.22960743308067322
0.22957026958465576
0.22957229614257812
0.2295982837677002
0.2296062409877777
0.22954152524471283
0.22957563400268555
0.2295173853635788
0.2295459508895874
0.22951212525367737
0.22951292991638184
0.22953343391418457
0.22954460978507996
0.2295094132423401
0.22956326603889465
0.22955575585365295
0.22951042652130127
0.22950056195259094
0.22950538992881775
0.22951863706111908
0.22947484254837036
0.2295304536819458
0.22946278750896454
0.22949129343032837
0.22946150600910187
0.22945323586463928
0.2295013666152954
0.2294686883687973
0.22956347465515137
0.22946299612522125
0.22954581677913666
