0.6875211000442505
0.6449286341667175
0.5993136167526245
0.5567182898521423
0.5214386582374573
0.49324673414230347
0.4709213078022003
0.45068904757499695
0.430736780166626
0.41428396105766296
0.39541125297546387
0.3808480501174927
0.36760008335113525
0.3514930009841919
0.338081955909729
0.3287312388420105
0.3179342746734619
0.3137570917606354
0.30492347478866577
0.2962573766708374
0.2919216752052307
0.2846026122570038
0.27396973967552185
0.2690812051296234
0.26947951316833496
0.26137828826904297
0.25421541929244995
0.2501817047595978
0.24992966651916504
0.24105019867420197
0.23493878543376923
0.23060615360736847
0.22405938804149628
0.22136059403419495
0.21645356714725494
0.21785607933998108
0.21410150825977325
0.2074384242296219
0.20186133682727814
0.20120270550251007
0.19604119658470154
0.2005498707294464
0.1883086860179901
0.18841473758220673
0.1876486837863922
0.19089263677597046
0.17915548384189606
0.18668204545974731
0.17382629215717316
0.17293091118335724
0.1684805154800415
0.16914580762386322
0.1649216264486313
0.16158339381217957
0.16098587214946747
0.15835681557655334
0.15907056629657745
0.17344561219215393
0.1575840562582016
0.1529679298400879
0.14820405840873718
0.14881213009357452
0.14920537173748016
0.14846685528755188
0.14109985530376434
0.14370419085025787
0.14115014672279358
0.14204314351081848
0.14337551593780518
0.15249601006507874
0.13854385912418365
0.1452992856502533
0.1423117071390152
0.13501249253749847
0.1305762231349945
0.1288551241159439
0.12562881410121918
0.1266452521085739
0.12270385771989822
0.12238114327192307
0.1247180625796318
0.12390267848968506
0.12609916925430298
0.12225309759378433
0.12608666718006134
0.12271257489919662
0.1149943545460701
0.11360408365726471
0.11476746946573257
0.113074392080307
0.11614398658275604
0.11252434551715851
0.11008859425783157
0.11108258366584778
0.10661234706640244
0.10764503479003906
0.10368799418210983
0.10356797277927399
0.11048698425292969
0.1038929894566536
0.11059001833200455
0.10212256759405136
0.10286111384630203
0.09949786216020584
0.10012838244438171
0.10292746871709824
0.09583401679992676
0.09906650334596634
0.10133060067892075
0.09896804392337799
0.09391266107559204
0.09079540520906448
0.09056562930345535
0.08940461277961731
0.08986825495958328
0.0943460762500763
0.08824308961629868
0.08492092788219452
0.08679968863725662
0.08455470204353333
0.08759462088346481
0.08331438899040222
0.09065011143684387
0.09229697287082672
0.08601216971874237
0.08218757808208466
0.07878946512937546
0.08242504298686981
0.08025455474853516
0.07544278353452682
0.07674265652894974
0.07676799595355988
0.0736447274684906
0.0732506588101387
0.07157190889120102
0.07097756862640381
0.07403332740068436
0.06939813494682312
0.07006259262561798
0.07008063793182373
0.0691320076584816
0.0685347318649292
0.06889919191598892
0.06974690407514572
0.07055409252643585
0.06733017414808273
0.06727269291877747
0.0662461593747139
0.06518944352865219
0.06560949981212616
0.06656885892152786
0.06589028984308243
0.06601102650165558
0.064724400639534
0.06368300318717957
0.06348217278718948
0.06540322303771973
0.06310725212097168
0.06302889436483383
0.061676256358623505
0.06130373105406761
0.06145799905061722
0.06033673137426376
0.06035129725933075
0.06091850623488426
0.06014100834727287
0.05966833978891373
0.05963966250419617
0.05851687118411064
0.05938762053847313
0.0594133697450161
0.057864960283041
0.05766994133591652
0.05738615244626999
0.057292524725198746
0.058521755039691925
0.06340409070253372
0.05866836756467819
0.05532645434141159
0.0552108958363533
0.05743931606411934
0.055693790316581726
0.05623357743024826
0.055227749049663544
0.054410893470048904
0.05548211932182312
0.052981797605752945
0.05287175253033638
0.051999181509017944
0.052465613931417465
0.053992945700883865
0.052775006741285324
0.05224285274744034
0.051461923867464066
0.05094267427921295
0.05046040564775467
0.04927472397685051
0.049987129867076874
0.049979060888290405
0.048815153539180756
0.04888908565044403
0.04844086244702339
0.048541318625211716
0.047806501388549805
0.04783179238438606
0.046275969594717026
0.04658515006303787
0.04672743007540703
0.04705007001757622
0.04997403174638748
0.04712531343102455
0.04610130935907364
0.04590284451842308
0.04487330839037895
0.04443639889359474
0.045191749930381775
0.0435262992978096
0.04342198371887207
0.04385339841246605
0.04215960204601288
0.04320212081074715
0.0429423488676548
0.04125938192009926
0.04102633520960808
0.04165583476424217
0.04124285280704498
0.041011884808540344
0.041159313172101974
0.04035487398505211
0.039441537111997604
0.04077716916799545
0.039148177951574326
0.038610126823186874
0.03825860098004341
0.03925364837050438
0.03843780979514122
0.03778150677680969
0.03754672408103943
0.03745210915803909
0.03781776875257492
0.03728950396180153
0.03734699636697769
0.03706391528248787
0.03808160498738289
0.037019625306129456
0.03683190420269966
0.0373028926551342
0.036748532205820084
0.0367729514837265
0.03633331134915352
0.036252398043870926
0.03592884913086891
0.03591705113649368
0.03551233559846878
0.0354975126683712
0.03560125455260277
0.03537466377019882
0.03542811796069145
0.034944891929626465
0.0352536216378212
0.034609001129865646
0.035012729465961456
0.03606594726443291
0.034893181174993515
0.03409240394830704
0.033822957426309586
0.03413677215576172
0.033654388040304184
0.03354928642511368
0.033512625843286514
0.0342424139380455
0.033357277512550354
0.03267168253660202
0.0334944948554039
0.032947082072496414
0.032822247594594955
0.03250277042388916
0.03221768140792847
0.032599035650491714
0.032244712114334106
0.03179217129945755
0.0322900228202343
0.031448427587747574
0.03175582364201546
0.03136810287833214
0.03127041086554527
0.03141501918435097
0.03232032433152199
0.030684607103466988
0.030294213443994522
0.030963273718953133
0.030179966241121292
0.030376924201846123
0.029954949393868446
0.029679283499717712
0.02977868542075157
0.029523519799113274
0.029238468036055565
0.02895236946642399
0.028923889622092247
0.028916360810399055
0.02844078466296196
0.028517303988337517
0.028146876022219658
0.02832038328051567
0.02815857343375683
0.027796169742941856
0.02873789332807064
0.027574460953474045
0.02689547836780548
0.026726150885224342
0.026584284380078316
0.02613036334514618
0.02630765736103058
0.027740824967622757
0.026448359712958336
0.02596386708319187
0.02593683823943138
0.025790242478251457
0.027680518105626106
0.026819247752428055
0.025851672515273094
0.025188086554408073
0.02463463880121708
0.024577755481004715
0.024808043614029884
0.024861624464392662
0.024469131603837013
0.02436763606965542
0.02413736656308174
0.02430739998817444
0.023290429264307022
0.023280102759599686
0.023183586075901985
0.023195598274469376
0.022925792261958122
0.022843362763524055
0.023083778098225594
0.02341952919960022
0.022859301418066025
0.022756651043891907
0.02277795411646366
0.022594507783651352
0.022647252306342125
0.022395027801394463
0.022409183904528618
0.022287806496024132
0.02259230799973011
0.022469155490398407
0.022314632311463356
0.02211838588118553
0.022213326767086983
0.022709667682647705
0.02196347527205944
0.021960275247693062
0.021871985867619514
0.021876685321331024
0.02163562923669815
0.02169000916182995
0.021550333127379417
0.021515564993023872
0.021453550085425377
0.021295147016644478
0.021412048488855362
0.021555326879024506
0.021268343552947044
0.021098464727401733
0.02120370604097843
0.02087276428937912
0.021109189838171005
0.02124522440135479
0.021186621859669685
0.02104734443128109
0.02069840393960476
0.02066946215927601
0.020762674510478973
0.021039048209786415
0.020795607939362526
0.0205217357724905
0.0204693041741848
0.02038903906941414
0.020357370376586914
0.020310167223215103
0.02023334428668022
0.02022043615579605
0.020520741119980812
0.020527642220258713
0.020025527104735374
0.02011927217245102
0.0199735127389431
0.019819706678390503
0.01983579806983471
0.01974879577755928
0.019678691402077675
0.02004730887711048
0.0197871346026659
0.01995158940553665
0.01961269974708557
0.019644079729914665
0.01972019672393799
0.01935352198779583
0.01974397338926792
0.01942260190844536
0.019361024722456932
0.019270164892077446
0.01922246813774109
0.019144127145409584
0.019123494625091553
0.018954409286379814
0.019150489941239357
0.018920978531241417
0.018999435007572174
0.018868042156100273
0.018785057589411736
0.019146805629134178
0.018806643784046173
0.018739067018032074
0.018796579912304878
0.018602678552269936
0.01851242035627365
0.01881428435444832
0.0188766922801733
0.018659448251128197
0.018539052456617355
0.018258851021528244
0.018150566145777702
0.01844818890094757
0.018122391775250435
0.01817496493458748
0.017947658896446228
0.017909258604049683
0.01774711348116398
0.017788056284189224
0.01772565394639969
0.017736878246068954
0.01767939142882824
0.017637129873037338
0.017619607970118523
0.01756739616394043
0.017560839653015137
0.01755584217607975
0.017479825764894485
0.01746339164674282
0.017512202262878418
0.01741771586239338
0.017467577010393143
0.01747734099626541
0.017327696084976196
0.017402373254299164
0.0175308920443058
0.01734646037220955
0.017321059480309486
0.017270399257540703
0.01738167181611061
0.017251066863536835
0.01715809293091297
0.017345741391181946
0.017076391726732254
0.017239650711417198
0.017151275649666786
0.017102854326367378
0.017045147716999054
0.017079288139939308
0.016988681629300117
0.016973033547401428
0.017018230631947517
0.01708783581852913
0.01705855131149292
0.01688620261847973
0.016797853633761406
0.01671183668076992
0.016676146537065506
0.016742069274187088
0.016719073057174683
0.016804084181785583
0.016864776611328125
0.01681498810648918
0.016671115532517433
0.01659526862204075
0.01670048013329506
0.016525011509656906
0.01643981598317623
0.016447700560092926
0.01641780696809292
0.016519835218787193
0.016437210142612457
0.016471516340970993
0.016453521326184273
0.016296325251460075
0.016368912532925606
0.016285724937915802
0.016219209879636765
0.016305161640048027
0.016237657517194748
0.01622115448117256
0.01624513976275921
0.016217071563005447
0.016217593103647232
0.016108866780996323
0.01610330492258072
0.01641697809100151
0.01629413664340973
0.01631467230618
0.016125014051795006
0.016063282266259193
0.016099603846669197
0.01601850427687168
0.015907667577266693
0.015943530946969986
0.016008172184228897
0.015928879380226135
0.01590721681714058
0.016066955402493477
0.01586206629872322
0.016057755798101425
0.015794511884450912
0.015780191868543625
0.015864133834838867
0.015699783340096474
0.015691354870796204
0.015655871480703354
0.01584923267364502
0.015742329880595207
0.01582254283130169
0.015554364770650864
0.015581079758703709
0.01553430687636137
0.015455849468708038
0.015541554428637028
0.015551160089671612
0.015637177973985672
0.015393230132758617
0.01536310650408268
0.015389436855912209
0.015283786691725254
0.015313263051211834
0.015275733545422554
0.015245095826685429
0.015253477729856968
0.015227381139993668
0.015211372636258602
0.015234241262078285
0.01520171295851469
0.015217163600027561
0.015204662457108498
0.01517005730420351
0.015180853195488453
0.015145492739975452
0.015157482586801052
0.01513509452342987
0.015155216678977013
0.015096521005034447
0.015107372775673866
0.015105127356946468
0.015063071623444557
0.01518381480127573
0.015090887434780598
0.01508112158626318
0.015036560595035553
0.015016419813036919
0.015043167397379875
0.015071739442646503
0.015016438439488411
0.015001227147877216
0.014957422390580177
0.014976026490330696
0.014980627223849297
0.014979404397308826
0.015045149251818657
0.014960603788495064
0.014962342567741871
0.01493107434362173
0.014861268922686577
0.014899121597409248
0.014928161166608334
0.014937013387680054
0.014878883957862854
0.01484846230596304
0.014822186902165413
0.014872247353196144
0.014830408617854118
0.014840290881693363
0.014823418110609055
0.014783790335059166
0.014820616692304611
0.01475711539387703
0.014767366461455822
0.01475687138736248
0.0147747453302145
0.014725446701049805
0.014725498855113983
0.014701574109494686
0.014787851832807064
0.014712410047650337
0.01475360058248043
0.014653288759291172
0.014667990617454052
0.014730405062437057
0.014617105014622211
0.014689297415316105
0.014707142487168312
0.014585872180759907
0.014652751386165619
0.014568283222615719
0.014595411717891693
0.014610708691179752
0.014583987183868885
0.014551728032529354
