0.6868438720703125
0.6706402897834778
0.6581781506538391
0.6448461413383484
0.6289541721343994
0.6070561408996582
0.5803648233413696
0.5568384528160095
0.5395593643188477
0.5250169634819031
0.5130664110183716
0.500176727771759
0.4882622957229614
0.4782958924770355
0.46808838844299316
0.4592778980731964
0.4531010687351227
0.4435197412967682
0.43775439262390137
0.4313054084777832
0.42174357175827026
0.40155676007270813
0.38152945041656494
0.3640104830265045
0.3486514687538147
0.33535128831863403
0.32548612356185913
0.31853240728378296
0.3147796392440796
0.30936428904533386
0.3049437701702118
0.30201825499534607
0.30405545234680176
0.2987641990184784
0.2971654236316681
0.29653286933898926
0.2919398844242096
0.29145002365112305
0.28874725103378296
0.2875215709209442
0.28581807017326355
0.28417184948921204
0.28353846073150635
0.2815452814102173
0.283473402261734
0.2797546982765198
0.2797470986843109
0.2827124297618866
0.2757321000099182
0.27582213282585144
0.27578333020210266
0.2745499014854431
0.27151861786842346
0.2694830596446991
0.2751132845878601
0.2732369601726532
0.2699788510799408
0.26842495799064636
0.26887714862823486
0.26959559321403503
0.26785123348236084
0.2650260925292969
0.26375120878219604
0.26370394229888916
0.2625458836555481
0.26319295167922974
0.2612672746181488
0.2605815827846527
0.2608445882797241
0.26249969005584717
0.2603526711463928
0.261241614818573
0.2605375349521637
0.26029783487319946
0.2603933811187744
0.2565499246120453
0.2576938271522522
0.2558468282222748
0.2569746673107147
0.25645551085472107
0.2547484040260315
0.25407037138938904
0.2558458149433136
0.2533775866031647
0.25206539034843445
0.25249069929122925
0.2540028989315033
0.25736549496650696
0.25229400396347046
0.256110817193985
0.25225064158439636
0.25008392333984375
0.24945670366287231
0.2506653964519501
0.24880428612232208
0.2472478151321411
0.2473466843366623
0.24772460758686066
0.24657610058784485
0.24511155486106873
0.25049492716789246
0.24641409516334534
0.24941615760326385
0.24480608105659485
0.2430385798215866
0.24258968234062195
0.2542138695716858
0.2439785599708557
0.24309979379177094
0.24048960208892822
0.24222606420516968
0.24242831766605377
0.24260655045509338
0.24472354352474213
0.24010279774665833
0.24396318197250366
0.23948945105075836
0.23890376091003418
0.24063615500926971
0.23724518716335297
0.23699645698070526
0.23640793561935425
0.23666535317897797
0.23634591698646545
0.2388962209224701
0.23364482820034027
0.2365695685148239
0.23558151721954346
0.23737867176532745
0.23494018614292145
0.23674426972866058
0.23424039781093597
0.23285797238349915
0.23537828028202057
0.23872357606887817
0.23279742896556854
0.23253406584262848
0.2322947084903717
0.23163443803787231
0.23326997458934784
0.23480835556983948
0.23362688720226288
0.233552947640419
0.22974015772342682
0.23228809237480164
0.23396408557891846
0.23188883066177368
0.23295995593070984
0.2289537638425827
0.2294386625289917
0.22791677713394165
0.23033805191516876
0.23209825158119202
0.23011282086372375
0.22898773849010468
0.22741270065307617
0.22810722887516022
0.22838722169399261
0.22774510085582733
0.22699673473834991
0.22717581689357758
0.22630839049816132
0.22671419382095337
0.23633824288845062
0.22845526039600372
0.23109878599643707
0.22855834662914276
0.2276393324136734
0.22782517969608307
0.22619515657424927
0.2265552580356598
0.22570370137691498
0.22572433948516846
0.22445647418498993
0.22331051528453827
0.22422268986701965
0.2207949161529541
0.23073936998844147
0.22329546511173248
0.22404927015304565
0.22237569093704224
0.22826002538204193
0.22249937057495117
0.22147703170776367
0.22051171958446503
0.22174033522605896
0.22263434529304504
0.2219894677400589
0.2210058718919754
0.2216598242521286
0.22111865878105164
0.2215021848678589
0.22603929042816162
0.2197888344526291
0.22398197650909424
0.22237491607666016
0.2233186513185501
0.2204049974679947
0.22319215536117554
0.21805992722511292
0.21931198239326477
0.21889188885688782
0.21736809611320496
0.2230467051267624
0.2187090367078781
0.218229740858078
0.2169792503118515
0.22487860918045044
0.2208014726638794
0.21825698018074036
0.21571680903434753
0.2177397608757019
0.217572420835495
0.2189491093158722
0.2204061597585678
0.2248723953962326
0.21702231466770172
0.21458128094673157
0.2155323326587677
0.2165699601173401
0.21454967558383942
0.21568350493907928
0.21677890419960022
0.21567153930664062
0.21337181329727173
0.21372531354427338
0.21306322515010834
0.21713893115520477
0.21520954370498657
0.21428827941417694
0.21447555720806122
0.21225038170814514
0.21647025644779205
0.21251599490642548
0.21384449303150177
0.21322311460971832
0.21887420117855072
0.21426773071289062
0.21783921122550964
0.2120082825422287
0.2101590782403946
0.21068158745765686
0.2098744809627533
0.21119852364063263
0.20963138341903687
0.208982914686203
0.20763590931892395
0.2071538269519806
0.20911389589309692
0.20742914080619812
0.20665504038333893
0.20922255516052246
0.21027237176895142
0.21256178617477417
0.20536768436431885
0.20688486099243164
0.20637446641921997
0.2062024474143982
0.20612949132919312
0.2063412219285965
0.20571529865264893
0.20441418886184692
0.20539186894893646
0.20653226971626282
0.2102963626384735
0.20629815757274628
0.20454302430152893
0.2072039097547531
0.20403441786766052
0.20455655455589294
0.2052197903394699
0.2043514847755432
0.20214907824993134
0.2026057243347168
0.20693625509738922
0.20548540353775024
0.20396998524665833
0.20535270869731903
0.20129840075969696
0.20114025473594666
0.2030877321958542
0.20405852794647217
0.20210660994052887
0.20497243106365204
0.20173603296279907
0.20130178332328796
0.20259501039981842
0.20447218418121338
0.20003975927829742
0.2009914070367813
0.1983378380537033
0.1978646069765091
0.19794417917728424
0.2009197175502777
0.1996629685163498
0.2006767839193344
0.1967613697052002
0.1986013799905777
0.20125126838684082
0.19888050854206085
0.19612297415733337
0.19719934463500977
0.19648312032222748
0.19646112620830536
0.19433553516864777
0.19442866742610931
0.19546757638454437
0.19982244074344635
0.2002544403076172
0.19653841853141785
0.1961219608783722
0.1931840479373932
0.19545699656009674
0.19371919333934784
0.1941245049238205
0.19661515951156616
0.19729143381118774
0.19832400977611542
0.1939089596271515
0.1925649493932724
0.19414766132831573
0.19721166789531708
0.19804005324840546
0.194632887840271
0.19334667921066284
0.19559474289417267
0.19093334674835205
0.19005213677883148
0.19215993583202362
0.19118016958236694
0.1923421174287796
0.1997767835855484
0.1949329376220703
0.19332316517829895
0.19152365624904633
0.19257031381130219
0.19230538606643677
0.1928715854883194
0.19240282475948334
0.193796306848526
0.1903161108493805
0.18908952176570892
0.1903783529996872
0.19243265688419342
0.18990850448608398
0.19450749456882477
0.18932032585144043
0.18898066878318787
0.19141358137130737
0.18929557502269745
0.19112691283226013
0.19589386880397797
0.1949259340763092
0.19789433479309082
0.19296982884407043
0.19488143920898438
0.18783755600452423
0.18888218700885773
0.18861505389213562
0.19160261750221252
0.19115392863750458
0.19011914730072021
0.19300927221775055
0.1920013427734375
0.18951818346977234
0.19101886451244354
0.1895199418067932
0.18943852186203003
0.18798264861106873
0.19126427173614502
0.19790415465831757
0.19270336627960205
0.18761292099952698
0.1928495168685913
0.18855632841587067
0.18753013014793396
0.18956109881401062
0.18615229427814484
0.18535561859607697
0.18801400065422058
0.1861971914768219
0.18586818873882294
0.192437082529068
0.1906919628381729
0.190506711602211
0.18880736827850342
0.18621277809143066
0.1887093335390091
0.19094038009643555
0.187794491648674
0.18528130650520325
0.18817320466041565
0.18666891753673553
0.18967017531394958
0.18822793662548065
0.1837388426065445
0.18330712616443634
0.18254664540290833
0.18504513800144196
0.18546269834041595
0.1846761256456375
0.18431873619556427
0.18319542706012726
0.18546134233474731
0.1852729618549347
0.18382257223129272
0.18468768894672394
0.18393714725971222
0.18624624609947205
0.1822560727596283
0.18234911561012268
0.1864251345396042
0.1821974217891693
0.18224705755710602
0.18297037482261658
0.18257318437099457
0.1917961984872818
0.18669308722019196
0.18346521258354187
0.18498288094997406
0.18775931000709534
0.18383097648620605
0.18266244232654572
0.182749941945076
0.18158872425556183
0.1842540204524994
0.18159595131874084
0.18426299095153809
0.18113870918750763
0.19478842616081238
0.19723579287528992
0.19871020317077637
0.18826602399349213
0.18689338862895966
0.18566212058067322
0.1873117983341217
0.18454459309577942
0.18497392535209656
0.1815938800573349
0.1800493448972702
0.18319375813007355
0.18261770904064178
0.18545576930046082
0.1805201768875122
0.1814032793045044
0.18295197188854218
0.18670965731143951
0.1789618283510208
0.18101869523525238
0.18079426884651184
0.1836780160665512
0.18083736300468445
0.1820373833179474
0.1789797693490982
0.1794009506702423
0.17976106703281403
0.1765919029712677
0.18147636950016022
0.18327687680721283
0.18636734783649445
0.18560266494750977
0.17979414761066437
0.18366515636444092
0.18696941435337067
0.19060169160366058
0.181617870926857
0.18287193775177002
0.18463793396949768
0.1816171407699585
0.18481694161891937
0.18293870985507965
0.18350407481193542
0.1793811023235321
0.1781044751405716
0.17727260291576385
0.17789486050605774
0.17930372059345245
0.17641130089759827
0.1773529350757599
0.18290002644062042
0.17910632491111755
0.17662467062473297
0.18128067255020142
0.181503564119339
0.17803600430488586
0.17730078101158142
0.18645013868808746
0.1829167604446411
0.17808988690376282
0.17864978313446045
0.18096983432769775
0.18341870605945587
0.17588965594768524
0.17565448582172394
0.1736481636762619
0.1753113865852356
0.17767179012298584
0.18261653184890747
0.17885278165340424
0.1768633872270584
0.1749822497367859
0.1759433001279831
0.17654311656951904
0.1841510832309723
0.18361257016658783
0.19032195210456848
0.1928768754005432
0.18930789828300476
0.18937285244464874
0.1828310489654541
0.17588740587234497
0.19112981855869293
0.186266228556633
0.17748335003852844
0.17526718974113464
0.17379045486450195
0.182355135679245
0.17379428446292877
0.17940254509449005
0.17709365487098694
0.17685022950172424
0.1765030026435852
0.17696259915828705
0.17471060156822205
0.17425018548965454
0.1750936210155487
0.172606959939003
0.17588290572166443
0.17633798718452454
0.17586322128772736
0.17480291426181793
0.17942188680171967
0.17567847669124603
0.1760534942150116
0.17489276826381683
0.1706942915916443
0.17211128771305084
0.17356301844120026
0.17235885560512543
0.17443035542964935
0.17967288196086884
0.17771375179290771
0.17235539853572845
0.1747739315032959
0.17713017761707306
0.17320621013641357
0.17253905534744263
0.18369878828525543
0.17772673070430756
0.18277767300605774
0.18573307991027832
0.17878083884716034
0.18674762547016144
0.18195922672748566
0.17632144689559937
0.17278026044368744
0.17770983278751373
0.1785772740840912
0.17561817169189453
0.18051058053970337
0.17809969186782837
0.17299434542655945
0.17460720241069794
0.17230971157550812
0.17113134264945984
0.17179661989212036
0.17084519565105438
0.1729523241519928
0.16971227526664734
0.17243805527687073
0.17063476145267487
0.1697484254837036
0.17129762470722198
0.17108052968978882
0.17135441303253174
0.17866134643554688
0.18399840593338013
0.19268643856048584
0.19446958601474762
0.17642520368099213
0.18056099116802216
0.1733376532793045
0.17028430104255676
0.16987265646457672
0.17228013277053833
0.17122623324394226
0.17325830459594727
0.17888636887073517
0.17254847288131714
0.17030486464500427
0.17354042828083038
0.17587308585643768
0.17073211073875427
0.1696697175502777
0.17144903540611267
0.1734139323234558
0.18619677424430847
0.18317033350467682
0.17190693318843842
0.16927281022071838
0.17373020946979523
0.1778012067079544
0.16898426413536072
0.17076194286346436
0.1699213981628418
0.1698000282049179
0.16908487677574158
0.17069289088249207
0.17005932331085205
0.17174115777015686
0.1802709996700287
0.17229056358337402
0.17254070937633514
0.17144116759300232
0.17242111265659332
0.16901789605617523
0.1674460619688034
0.1677127480506897
0.16826613247394562
0.16801761090755463
0.1687784194946289
0.16693852841854095
0.1665118783712387
0.16618458926677704
0.16787920892238617
0.16854248940944672
0.16627687215805054
0.1686723828315735
0.16851139068603516
0.16705775260925293
0.1681797057390213
0.16923843324184418
0.16707108914852142
0.16635660827159882
0.16628901660442352
0.16614453494548798
0.17105558514595032
0.17174531519412994
0.17292504012584686
0.17625729739665985
0.18040671944618225
0.1777087152004242
0.17076605558395386
0.17028896510601044
0.16830044984817505
0.17273767292499542
0.1756819635629654
0.17765994369983673
0.17553821206092834
0.1776115894317627
0.17483191192150116
0.1900092512369156
0.17977061867713928
0.17177550494670868
0.1685672104358673
0.16895093023777008
0.1648261547088623
0.1674167960882187
0.1648823767900467
0.16955232620239258
0.16647496819496155
0.16807608306407928
0.17184390127658844
0.1683247685432434
0.1671263724565506
0.16566786170005798
0.16632315516471863
0.16821271181106567
0.16445320844650269
0.1647474467754364
0.16883960366249084
0.16499926149845123
0.1650402694940567
0.16561634838581085
0.16556444764137268
0.16756372153759003
0.17380304634571075
0.17975196242332458
0.17287300527095795
0.18239739537239075
0.19154459238052368
0.18005859851837158
0.19329014420509338
0.17234812676906586
0.16875064373016357
0.17000605165958405
0.16871488094329834
0.16912692785263062
0.16347144544124603
0.16459250450134277
0.1653345376253128
0.16162431240081787
0.16406995058059692
0.1660061627626419
0.1683412343263626
0.1666519045829773
0.1647159904241562
0.16430312395095825
0.1725781410932541
0.16565178334712982
0.16683843731880188
0.17239351570606232
0.18178647756576538
0.18029604852199554
0.17639736831188202
0.17474135756492615
0.1695225089788437
0.1659001260995865
0.1631271243095398
0.1665111929178238
0.16609832644462585
0.16571463644504547
0.17561452090740204
0.16802449524402618
0.1628720462322235
0.16279913485050201
0.16206009685993195
0.1621258556842804
0.1663108617067337
0.16921363770961761
0.16353224217891693
0.16476185619831085
0.1623467206954956
0.16836069524288177
0.16756032407283783
0.1642000675201416
0.16357441246509552
0.16368211805820465
0.16197986900806427
0.15877681970596313
0.16447927057743073
0.16585634648799896
0.16032055020332336
0.1659734547138214
0.18107225000858307
0.18690763413906097
0.17784611880779266
0.19587711989879608
0.1867215931415558
0.17861633002758026
0.17150439321994781
0.16989344358444214
0.16992251574993134
0.1636754274368286
0.17093561589717865
0.17802497744560242
0.16845567524433136
0.16480793058872223
0.1606774628162384
0.16275890171527863
0.16131249070167542
0.16152890026569366
0.16081289947032928
0.16050229966640472
0.16196148097515106
0.16406452655792236
0.16110417246818542
0.16228976845741272
0.16386544704437256
0.16629013419151306
0.16181622445583344
0.1622041016817093
0.1676185131072998
0.17220456898212433
0.1682935655117035
0.16913363337516785
0.1754247099161148
0.17181062698364258
0.16447213292121887
0.17088904976844788
0.16498683393001556
0.16133379936218262
0.16167184710502625
0.1648022085428238
0.15833161771297455
0.16630305349826813
0.16465893387794495
0.15899376571178436
0.15767358243465424
0.1576862782239914
0.15958832204341888
0.15793800354003906
0.15903538465499878
0.16565822064876556
0.16606813669204712
0.1778571754693985
0.17376641929149628
0.17705067992210388
0.16822655498981476
0.16542010009288788
0.1673189401626587
0.16918328404426575
0.1641278713941574
0.16180074214935303
0.16165314614772797
0.16051800549030304
0.15845395624637604
0.1581975817680359
0.1591702103614807
0.1650889813899994
0.1676184982061386
0.16860489547252655
0.16765713691711426
0.17996376752853394
0.1715754121541977
0.17320449650287628
0.16399766504764557
0.16199438273906708
0.158781960606575
0.15935847163200378
0.1593688577413559
0.16089875996112823
0.15684658288955688
0.15753941237926483
0.15602938830852509
0.1579151302576065
0.1617613583803177
0.1613784283399582
0.15722690522670746
0.15683095157146454
0.15501734614372253
0.15571075677871704
0.15823468565940857
0.1619768589735031
0.15980760753154755
0.15727125108242035
0.1698545217514038
0.17247113585472107
0.1729303002357483
0.17641928791999817
0.16934730112552643
0.15738680958747864
0.15994389355182648
0.15534453094005585
0.15611349046230316
0.1608983725309372
0.16223742067813873
0.16492417454719543
0.15503305196762085
0.15530171990394592
0.16029182076454163
0.15593749284744263
0.1571613848209381
0.15429385006427765
0.1562114953994751
0.17506787180900574
0.16825753450393677
0.16455522179603577
0.15882471203804016
0.1559424251317978
0.15566690266132355
0.15475639700889587
0.15639100968837738
0.15446814894676208
0.1560513973236084
0.15430215001106262
0.1577032208442688
0.15965381264686584
0.16231371462345123
0.16202975809574127
0.15606078505516052
0.1530708372592926
0.15893030166625977
0.15771357715129852
0.16115041077136993
0.1633484810590744
0.15563994646072388
0.15210121870040894
0.15239088237285614
0.15233828127384186
0.15260764956474304
0.15088807046413422
0.15325427055358887
0.15318207442760468
0.1577012985944748
0.15614676475524902
0.1541105955839157
0.16237133741378784
0.17221325635910034
0.1569928377866745
0.15779319405555725
0.15350352227687836
0.15268324315547943
0.1498572677373886
0.1569782942533493
0.1601661741733551
0.15268972516059875
0.158918097615242
0.15180937945842743
0.15832306444644928
0.16211842000484467
0.15330873429775238
0.1578253209590912
0.1601293385028839
0.17896270751953125
0.16384850442409515
0.1544383466243744
0.1531321257352829
0.15426912903785706
0.15255117416381836
0.1513352394104004
0.15048936009407043
0.15160316228866577
0.15308623015880585
0.14961814880371094
0.15336625277996063
0.15102796256542206
0.14925046265125275
0.14870841801166534
0.15512509644031525
0.16097994148731232
0.17433606088161469
0.18348778784275055
0.16944485902786255
0.19308587908744812
0.1887117177248001
0.19361667335033417
0.17733325064182281
0.1650027483701706
0.16618266701698303
0.16510941088199615
0.16430960595607758
0.1579427719116211
0.1727333962917328
0.17307566106319427
0.16417285799980164
0.16293945908546448
0.1633247584104538
0.16231776773929596
0.1634415090084076
0.1598701775074005
0.15868888795375824
0.15470324456691742
0.15796537697315216
0.1648835390806198
0.15660299360752106
0.17248061299324036
0.1650753915309906
0.1617719978094101
0.15762074291706085
0.16158980131149292
0.1551234871149063
0.15641702711582184
0.15757548809051514
0.15272654592990875
0.1559792160987854
0.15430133044719696
0.15389640629291534
0.15081040561199188
0.15453919768333435
0.15769250690937042
0.15376855432987213
0.1516137570142746
0.14849638938903809
0.14839325845241547
0.14940330386161804
0.15493656694889069
0.15972213447093964
0.15288516879081726
0.1475151628255844
0.1462441384792328
0.14681005477905273
0.14960668981075287
0.15134470164775848
0.15081629157066345
0.15132954716682434
0.15260623395442963
0.15499939024448395
0.15331171452999115
0.15260732173919678
0.1474757194519043
0.14652951061725616
0.1464187055826187
0.14796334505081177
0.17285406589508057
0.17160433530807495
0.1638936698436737
0.15524451434612274
0.15157084167003632
0.1519673615694046
0.15209776163101196
0.16497154533863068
0.16424493491649628
0.16261927783489227
0.1593688428401947
0.16384175419807434
0.16913124918937683
0.17897292971611023
0.1593373566865921
0.15256968140602112
0.15399985015392303
0.16342034935951233
0.17288094758987427
0.16225551068782806
0.15782015025615692
0.1595245897769928
0.1603444367647171
0.16421209275722504
0.16443462669849396
0.16838890314102173
