0.6678830981254578
0.5698349475860596
0.49447840452194214
0.43556997179985046
0.39692452549934387
0.38003313541412354
0.35422566533088684
0.3403819501399994
0.3221238851547241
0.31247931718826294
0.30212780833244324
0.2889775335788727
0.28070831298828125
0.2693804204463959
0.265600323677063
0.2551485300064087
0.24396935105323792
0.23774749040603638
0.2382345050573349
0.22596195340156555
0.21387632191181183
0.2081802487373352
0.20556166768074036
0.19497160613536835
0.1941964477300644
0.18782073259353638
0.1799175888299942
0.17992059886455536
0.181419238448143
0.16760852932929993
0.16470851004123688
0.1547587811946869
0.1589680016040802
0.15247008204460144
0.14323902130126953
0.14434802532196045
0.148259237408638
0.14109009504318237
0.1331588625907898
0.1268826574087143
0.1333921104669571
0.12484823912382126
0.12043153494596481
0.121973916888237
0.11404439061880112
0.1125323548913002
0.10879044979810715
0.10463977605104446
0.1003488302230835
0.09814579039812088
0.10001254826784134
0.10090026259422302
0.09561654925346375
0.09192369133234024
0.08702529966831207
0.091916523873806
0.09370331466197968
0.08002137392759323
0.07722724229097366
0.07289068400859833
0.0763780027627945
0.07386098802089691
0.07534194737672806
0.0704009160399437
0.0684213787317276
0.07000543177127838
0.07046418637037277
0.0640595331788063
0.06242962181568146
0.06237596645951271
0.06731382757425308
0.06139253079891205
0.057149626314640045
0.05538814142346382
0.058073487132787704
0.05408073216676712
0.057059332728385925
0.058384936302900314
0.04914040118455887
0.0481903962790966
0.04762982949614525
0.04820190370082855
0.04192328453063965
0.039051372557878494
0.042245082557201385
0.04322157800197601
0.04260827600955963
0.03458264097571373
0.03725142776966095
0.03472037985920906
0.03539855033159256
0.03342125192284584
0.030070479959249496
0.02828311175107956
0.027887849137187004
0.026990234851837158
0.028349533677101135
0.032386019825935364
0.02519630827009678
0.025005189701914787
0.027016228064894676
0.02715475484728813
0.02234567515552044
0.023230815306305885
0.0232044979929924
0.023519786074757576
0.022831466048955917
0.018983544781804085
0.01864696480333805
0.017771702259778976
0.028704142197966576
0.024652622640132904
0.026564979925751686
0.019221285358071327
0.015134572982788086
0.014243769459426403
0.01327905710786581
0.012364860624074936
0.012894175946712494
0.012641328386962414
0.011707528494298458
0.011388787068426609
0.0116061270236969
0.011493243277072906
0.012265260331332684
0.011066107079386711
0.011401249095797539
0.010428945533931255
0.01054370030760765
0.010077939368784428
0.009656448848545551
0.009787476621568203
0.009719373658299446
0.009807676076889038
0.009342506527900696
0.009497050195932388
0.009005226194858551
0.008730970323085785
0.008654887787997723
0.009163972921669483
0.009467045776546001
0.008285291492938995
0.008284972049295902
0.008218822069466114
0.007594496477395296
0.008571022190153599
0.00930674746632576
0.011766682378947735
0.009947208687663078
0.00954377744346857
0.020095661282539368
0.012271411716938019
0.011851901188492775
0.011392297223210335
0.00814647227525711
0.007216335739940405
0.006763499695807695
0.006800791248679161
0.006245129741728306
0.005975067615509033
0.006238690577447414
0.0060684955678880215
0.005808623973280191
0.005584292579442263
0.005488208495080471
0.005471058189868927
0.005849900655448437
0.0053548663854599
0.005111809354275465
0.0048903231509029865
0.006123947910964489
0.009270266629755497
0.005473976954817772
0.0061212629079818726
0.01170781347900629
0.01110559981316328
0.008355492725968361
0.00665156077593565
0.005448727868497372
0.004359829239547253
0.00455841887742281
0.004367663525044918
0.004596396815031767
0.0050019267946481705
0.004606377333402634
0.005237809382379055
0.004758438095450401
0.004170800093561411
0.004292039200663567
0.003914970904588699
0.004018603824079037
0.00416020629927516
0.004171853419393301
0.003980182111263275
0.003366750432178378
0.0032369026448577642
0.003290175460278988
0.00328987673856318
0.0030896803364157677
0.002948376815766096
0.002820470603182912
0.003154899924993515
0.004366864915937185
0.003939176443964243
0.003354407846927643
0.0030455496162176132
0.0028622716199606657
0.004660783801227808
0.004578353371471167
0.006750224158167839
0.00602691899985075
0.01290779560804367
0.04086350277066231
0.02276276797056198
0.011189631186425686
0.004845187067985535
0.003369402838870883
0.0030416976660490036
0.002857060404494405
0.0026851240545511246
0.0026262905448675156
0.0025377015117555857
0.0025749586056917906
0.0024677650071680546
0.002567512448877096
0.0023519257083535194
0.002371209906414151
0.002305991016328335
0.0022541845683008432
0.0023256056010723114
0.002244416158646345
0.0022416268475353718
0.002158427843824029
0.002111827488988638
0.00208880752325058
0.002080044709146023
0.0020523660350590944
0.0019772364757955074
0.002137499861419201
0.0019500559428706765
0.0019491002894937992
0.0019358133431524038
0.001906254212372005
0.0019314264645799994
0.0018491321243345737
0.0018714728066697717
0.0018698920030146837
0.0018073340179398656
0.0018364492570981383
0.0017931874608621001
0.001814938965253532
0.0018096319399774075
0.001770398928783834
0.0017366429092362523
0.0017386628314852715
0.0017411981243640184
0.001802657381631434
0.0016708651091903448
0.0016766213811933994
0.0016453773714601994
0.0016753681702539325
0.0017005985137075186
0.0016508835833519697
0.0016086283139884472
0.0015923333121463656
0.0016045353841036558
0.0015898003475740552
0.001558275194838643
0.0015256075421348214
0.0015320575330406427
0.0015502548776566982
0.0015221214853227139
0.001496234443038702
0.001487877918407321
0.0014912132173776627
0.0014745347434654832
0.001480425358749926
0.001410160562954843
0.0014716440346091986
0.0014550276100635529
0.0014222251484170556
0.0014263046905398369
0.0015306554269045591
0.0016100731445476413
0.0017787398537620902
0.002856611041352153
0.002947967266663909
0.0027500600554049015
0.002033425495028496
0.0014242050237953663
0.0013739971909672022
0.0013179958332329988
0.001281601726077497
0.0013114282628521323
0.0013006326043978333
0.0012455489486455917
0.0012336422223597765
0.0013503042282536626
0.0019036721205338836
0.0016602342948317528
0.0012546799844130874
0.0011833638418465853
0.0011961006093770266
0.0011624121107161045
0.0011645701015368104
0.0011947460006922483
0.0011377832852303982
0.0011375785106793046
0.0011333745205774903
0.0011096193920820951
0.001088885124772787
0.001220043981447816
0.0011546597816050053
0.0010608254233375192
0.0010433896677568555
0.0010366610949859023
0.0010331468656659126
0.001024198834784329
0.00102627940941602
0.0010188375599682331
0.0010160093661397696
0.0010054296581074595
0.0010040448978543282
0.0010141790844500065
0.0009844929445534945
0.0009988133097067475
0.0009827978210523725
0.0009823053842410445
0.0009852760704234242
0.0009802888380363584
0.00097249960526824
0.0009740423993207514
0.0009611350251361728
0.0009665049728937447
0.0009505036869086325
0.0009444377501495183
0.0009441586444154382
0.0009353734785690904
0.0009311158792115748
0.0009361288975924253
0.0009360130061395466
0.0009375872323289514
0.0009349567699246109
0.0009466892806813121
0.0009178283507935703
0.0009219959611073136
0.0009062381577678025
0.0009162214118987322
0.0008884904091246426
0.0008830718579702079
0.000888851354829967
0.0009019238641485572
0.0008556095417588949
0.0009041820303536952
0.0010375377023592591
0.0008974728407338262
0.0008570018690079451
0.0008689078385941684
0.0008633204852230847
0.0008624506299383938
0.0008423495455645025
0.0008390407310798764
0.0008331586141139269
0.0008374154567718506
0.0008298776810988784
0.0008297672611661255
0.0008238038280978799
0.0008192562963813543
0.0008158469572663307
0.000815214472822845
0.0008044805726967752
0.0007974705076776445
0.0007950130966491997
0.000807689968496561
0.0007935658213682473
0.0007831895491108298
0.0007852038834244013
0.0007760978769510984
0.0007884658989496529
0.0007769025978632271
0.000774217362049967
0.0007555918418802321
0.0007818866288289428
0.000741998665034771
0.0007805958739481866
0.0008125696913339198
0.0007949610007926822
0.0007436080486513674
0.000774820800870657
0.0007695648237131536
0.0007140311063267291
0.0007157145882956684
0.0007369632949121296
0.0007123532122932374
0.0007081396179273725
0.000702864199411124
0.0007082442753016949
0.0007234830409288406
0.0006846991018392146
0.0006881763692945242
0.000687155406922102
0.000683305028360337
0.0006744859274476767
0.0006799658294767141
0.0006736436625942588
0.0006599207990802824
0.0006537871668115258
0.0006504387711174786
0.0006517014116980135
0.0006433867383748293
0.000639375124592334
0.0006529020029120147
0.0006321946857497096
0.0006225875695236027
0.0006214450695551932
0.0006124755018390715
0.0006277890643104911
0.0006014019018039107
0.0006256265332922339
0.0006137258023954928
0.0006167724495753646
0.0006142932106740773
0.000620243779849261
0.0006015070830471814
0.000602342130150646
0.0006093826377764344
0.0006067329668439925
0.0006359514663927257
0.000597843318246305
0.000599244493059814
0.0005883313715457916
0.0005887262523174286
0.0005885903374291956
0.0005830332520417869
0.0005876035429537296
0.0005971601931378245
0.0005762768560089171
0.0005770882125943899
0.0005829028668813407
0.0005758192855864763
0.000572532881051302
0.0005716636660508811
0.0005733820726163685
0.0005660507595166564
0.000568204268347472
0.0005688549135811627
0.0005602267920039594
0.0005613596877083182
0.0005713938153348863
0.0005538510740734637
0.0005584359751082957
0.0005950785707682371
0.0005555997486226261
0.0005516363307833672
0.0005487134330905974
0.000539878848940134
0.0005635069101117551
0.000551805307622999
0.0005469807074405253
0.0005414386396296322
0.0005398807697929442
0.0005287780659273267
0.0005292802234180272
0.0005314801819622517
0.000526064308360219
0.0005224939668551087
0.0005163338501006365
0.0005207200301811099
0.0005178533610887825
0.0005066207377240062
0.0005242311744950712
0.0005163682508282363
0.0005100248381495476
0.0005097156390547752
0.0005190005176700652
0.0005134183447808027
0.0005072236526757479
0.0005052980268374085
0.0005015661590732634
0.0005191686213947833
0.0005007687141187489
0.0004885488888248801
0.0005000566015951335
0.0004890425479970872
0.0004887658869847655
0.0004886499955318868
0.0005008152802474797
0.0004957772325724363
0.0005012351321056485
0.0004828335077036172
0.00047851187991909683
0.0004702036385424435
0.00047356708091683686
0.0004691968788392842
0.00046196929179131985
0.0004710789944510907
0.0004630152543541044
0.00046067903167568147
0.00046293644118122756
0.00045773753663524985
0.000475428911158815
0.0004559665103442967
0.000475879613077268
0.0004588384763337672
0.00045087593025527894
0.0004462800861801952
0.0004523834795691073
0.0004615019424818456
0.0004633608623407781
0.00045701529597863555
0.0004539338406175375
0.0004525691911112517
0.0004440392949618399
0.00042783800745382905
0.00042659451719373465
0.00042581374873407185
0.0004266105534043163
0.00042156808194704354
0.0004203259013593197
0.0004223085124976933
0.00041603881982155144
0.00041787390364333987
0.0004149421874899417
0.0004174268979113549
0.00041295544360764325
0.0004178615636192262
0.0004125906270928681
0.00041397238965146244
0.0004111471935175359
0.0004114771436434239
0.0004087199049536139
0.000413487694459036
0.00040656697819940746
0.00041235590470023453
0.00040765164885669947
0.00040327146416530013
0.0004060652572661638
0.0004086901026312262
0.00040586121031083167
0.0004008761025033891
0.0004016145539935678
0.00039921607822179794
0.0003980631590820849
0.0003980756737291813
0.00039659845060668886
0.0003938649606425315
0.000397781899664551
0.00039112052763812244
0.00039338847273029387
0.0003901920572388917
0.0003920887829735875
0.0003899568982888013
0.0003862733137793839
0.00038636199315078557
0.00038631781353615224
0.00038365647196769714
0.00038494044565595686
0.00038282250170595944
0.00038406276144087315
0.0003867521299980581
0.00038851911085657775
0.0003799778060056269
0.00037602559314109385
0.00038120022509247065
0.00037502660416066647
0.0003785411245189607
0.00037510914262384176
0.0003741313121281564
0.0003712789330165833
0.0003725455317180604
0.00037214625626802444
0.0003680656955111772
0.0003650116559583694
0.0003649153222795576
0.0003663069219328463
0.00036180971073918045
0.00036636239383369684
0.0003611657302826643
0.00036362928221933544
0.0003643424133770168
0.00035762551124207675
0.00036021164851263165
0.00035745181958191097
0.00036294377059675753
0.00035828168620355427
0.00035328289959579706
0.0003557040181476623
0.00035135122016072273
0.00034917687298730016
0.0003532785049173981
0.00034833556856028736
0.0003468054055701941
0.00034925880027003586
0.0003566686937119812
0.0003454691031947732
0.0003463408211246133
0.00034921677433885634
0.00033949155476875603
0.0003402948204893619
0.000340979517204687
0.00034353203955106437
