0.6912745237350464
0.6876294016838074
0.683606743812561
0.6796431541442871
0.6760508418083191
0.672076404094696
0.6678993105888367
0.6634913086891174
0.6585263609886169
0.6537734270095825
0.6485722661018372
0.643742561340332
0.6376535296440125
0.6315506100654602
0.6246715784072876
0.6177709698677063
0.6107689738273621
0.6029666662216187
0.595340371131897
0.5873982906341553
0.5793912410736084
0.5706256628036499
0.5620150566101074
0.5533198118209839
0.5434483885765076
0.5343939065933228
0.5242682099342346
0.5139180421829224
0.5024194717407227
0.4896387755870819
0.47679856419563293
0.4648919701576233
0.45243746042251587
0.4391278028488159
0.42705321311950684
0.4145491123199463
0.40370723605155945
0.39472976326942444
0.38624632358551025
0.37963196635246277
0.3730716407299042
0.3659566342830658
0.36087653040885925
0.35594505071640015
0.35189786553382874
0.3481284976005554
0.34355393052101135
0.33984699845314026
0.3363974094390869
0.3340951204299927
0.3311803936958313
0.32838448882102966
0.3255481421947479
0.3228500485420227
0.32028189301490784
0.31814029812812805
0.3159720301628113
0.31507423520088196
0.3128586709499359
0.31189316511154175
0.31015315651893616
0.3091198205947876
0.3076675534248352
0.30709072947502136
0.30561521649360657
0.304697722196579
0.30404606461524963
0.3029021918773651
0.30270445346832275
0.3019684851169586
0.30082353949546814
0.30010634660720825
0.2998199760913849
0.29960498213768005
0.2993979752063751
0.2981792986392975
0.29838937520980835
0.2978156805038452
0.2967599630355835
0.29665645956993103
0.29589858651161194
0.29595285654067993
0.2956116497516632
0.29528799653053284
0.2942699193954468
0.29452985525131226
0.29444295167922974
0.2941835820674896
0.29359152913093567
0.2932734787464142
0.2927268445491791
0.2928577959537506
0.2917989194393158
0.2919701933860779
0.29160192608833313
0.29140716791152954
0.2912132441997528
0.29060178995132446
0.2906154990196228
0.29050374031066895
0.2905306816101074
0.2895939350128174
0.28952211141586304
0.2894480526447296
0.28879281878471375
0.2892610728740692
0.2885420322418213
0.2889028489589691
0.2886769473552704
0.2889248728752136
0.2884841561317444
0.2880938649177551
0.28728023171424866
0.28720760345458984
0.2872404456138611
0.28701940178871155
0.2867562174797058
0.2875629663467407
0.2865064740180969
0.28619325160980225
0.28622692823410034
0.28573688864707947
0.28646141290664673
0.2857058048248291
0.28554558753967285
0.28520670533180237
0.2850381135940552
0.2848798334598541
0.28538209199905396
0.28465384244918823
0.28453364968299866
0.28502988815307617
0.28432953357696533
0.2849445044994354
0.2843016982078552
0.28400298953056335
0.2843643128871918
0.283704549074173
0.28348010778427124
0.28393927216529846
0.2831621766090393
0.28316330909729004
0.2831111252307892
0.28305506706237793
0.28303512930870056
0.2828603684902191
0.28278160095214844
0.2825949192047119
0.2830921709537506
0.28247785568237305
0.2820868492126465
0.28250426054000854
0.28230440616607666
0.28223827481269836
0.2815614938735962
0.2815445065498352
0.2821010947227478
0.281984806060791
0.2816365659236908
0.2814953327178955
0.28140515089035034
0.2813992500305176
0.2809933125972748
0.2809307277202606
0.28118160367012024
0.28099310398101807
0.28070101141929626
0.2805112302303314
0.28145790100097656
0.28044751286506653
0.2818392217159271
0.28053972125053406
0.28057464957237244
0.2808632552623749
0.2806318402290344
0.2803402841091156
0.2809327244758606
0.2805655896663666
0.28017160296440125
0.28108370304107666
0.2815374433994293
0.2797654867172241
0.27995210886001587
0.2798202335834503
0.2800208628177643
0.27971288561820984
0.2797011733055115
0.2799013555049896
0.28028714656829834
0.279894083738327
0.27957242727279663
0.27962079644203186
0.27933764457702637
0.2792230248451233
0.27951863408088684
0.27950340509414673
0.2789112329483032
0.27966731786727905
0.2796141803264618
0.27963438630104065
0.2790324091911316
0.27967390418052673
0.28099918365478516
0.2793169319629669
0.2795145511627197
0.27903226017951965
0.27919065952301025
0.27885469794273376
0.2790163457393646
0.2783758044242859
0.2782238721847534
0.27832716703414917
0.27834323048591614
0.27766185998916626
0.2783220708370209
0.2780427932739258
0.2781762182712555
0.27787354588508606
0.2779509723186493
0.27781951427459717
0.27778515219688416
0.2777943015098572
0.27778661251068115
0.2775307595729828
0.2776526212692261
0.27727967500686646
0.27755293250083923
0.2773003578186035
0.27736595273017883
0.2777283191680908
0.2775581181049347
0.2771793603897095
0.2770763635635376
0.2770606577396393
0.2775631248950958
0.2770475149154663
0.2766733169555664
0.27737534046173096
0.27696725726127625
0.2767844498157501
0.2771686613559723
0.2769443392753601
0.2769051194190979
0.27716103196144104
0.2768264412879944
0.2770916521549225
0.276812881231308
0.2768709659576416
0.2766854465007782
0.27751463651657104
0.27612608671188354
0.27652186155319214
0.2762332260608673
0.27696746587753296
0.27677902579307556
0.27636751532554626
0.27621614933013916
0.27607113122940063
0.27635055780410767
0.2762843072414398
0.2766863703727722
0.27653390169143677
0.2765326201915741
0.2763703465461731
0.2762877941131592
0.27633699774742126
0.27597182989120483
0.2763274908065796
0.2758740186691284
0.27585938572883606
0.27764567732810974
0.27749696373939514
0.27544575929641724
0.27713826298713684
0.2759909927845001
0.2761303186416626
0.2760155498981476
0.2771798372268677
0.2749955356121063
0.2763557434082031
0.275747686624527
0.275505930185318
0.2758480906486511
0.2763981223106384
0.27559301257133484
0.2760164439678192
0.27666059136390686
0.2756142020225525
0.27613458037376404
0.2763252556324005
0.27706021070480347
0.27558791637420654
0.27535703778266907
0.2754410207271576
0.2761395573616028
0.2752792537212372
0.27521613240242004
0.27546533942222595
0.27659571170806885
0.27549830079078674
0.27553024888038635
0.27549201250076294
0.2754271924495697
0.2761833071708679
0.27503713965415955
0.2749703824520111
0.27537304162979126
0.27576181292533875
0.27599725127220154
0.27530786395072937
0.27506428956985474
0.27545711398124695
0.27690935134887695
0.2749534845352173
0.27536243200302124
0.2753184735774994
0.274882435798645
0.2752627730369568
0.2757497727870941
0.27565667033195496
0.2754371166229248
0.274913489818573
0.2748506963253021
0.27504196763038635
0.2746804356575012
0.27528369426727295
0.2746775448322296
0.2748960554599762
0.27501070499420166
0.27445289492607117
0.2747404873371124
0.2749541699886322
0.27467626333236694
0.2747993767261505
0.27483823895454407
0.2755250334739685
0.2754461467266083
0.2748523950576782
0.2757629454135895
0.2748071551322937
0.2749687731266022
0.2750493288040161
0.27446866035461426
0.27463603019714355
0.27504202723503113
0.2747200131416321
0.2746660113334656
0.27487844228744507
0.27440372109413147
0.2752896845340729
0.27488648891448975
0.2743088901042938
0.27474096417427063
0.27448174357414246
0.27435535192489624
0.27482423186302185
0.2745974063873291
0.27442145347595215
0.2752317786216736
0.27537548542022705
0.27421629428863525
0.27439653873443604
0.2743653953075409
0.27465903759002686
0.2747081518173218
0.2740127146244049
0.2743207812309265
0.27398985624313354
0.27471044659614563
0.27414482831954956
0.27431994676589966
0.2746850550174713
0.2749021351337433
0.274255633354187
0.2742786705493927
0.27432960271835327
0.27426519989967346
0.274420827627182
0.27411916851997375
0.2744656503200531
0.2743968069553375
0.2740347683429718
0.2739679217338562
0.27411842346191406
0.27403268218040466
0.27422410249710083
0.274162620306015
0.27387285232543945
0.27417242527008057
0.2746029794216156
0.2740206718444824
0.27447932958602905
0.27427321672439575
0.273992121219635
0.27431532740592957
0.27490657567977905
0.27423277497291565
0.2746639549732208
0.2737884223461151
0.27420341968536377
0.2740611135959625
0.2740445137023926
0.2740307152271271
0.2743242084980011
0.27458494901657104
0.27404749393463135
0.27444934844970703
0.2741074860095978
0.2744711935520172
0.27519306540489197
0.2735048234462738
0.2742652893066406
0.2736271619796753
0.27374890446662903
0.27412497997283936
0.27390989661216736
0.273858904838562
0.27418023347854614
0.2736472487449646
0.27509498596191406
0.2754863202571869
0.27459216117858887
0.2745060920715332
0.2738809585571289
0.2736104726791382
0.2743963301181793
0.274642676115036
0.27356159687042236
0.27437493205070496
0.2739555835723877
0.2738102376461029
0.27390557527542114
0.2738068699836731
0.2742919325828552
0.27311182022094727
0.27317142486572266
0.273210734128952
0.27239301800727844
0.2726692855358124
0.27243468165397644
0.2723856568336487
0.27355602383613586
0.27264922857284546
0.27216506004333496
0.2726140320301056
0.27244770526885986
0.272222101688385
0.2720884382724762
0.27207252383232117
0.2719357907772064
0.2720962464809418
0.2721787691116333
0.2723822295665741
0.2721557021141052
0.2723158001899719
0.2725626528263092
0.2721415162086487
0.2716015577316284
0.2721523940563202
0.2723694145679474
0.2718237340450287
0.2728039026260376
0.2721133828163147
0.272288978099823
0.27177467942237854
0.2720873951911926
0.2719828188419342
0.27190765738487244
0.27203184366226196
0.2719477713108063
0.2719513773918152
0.2717660963535309
0.2720766067504883
0.27356278896331787
0.27292317152023315
0.27212050557136536
0.2721526026725769
0.27199745178222656
0.2725314795970917
0.272183895111084
0.27189698815345764
0.27266669273376465
0.27273625135421753
0.27185606956481934
0.27184420824050903
0.27188873291015625
0.27224650979042053
0.272430419921875
0.2725740075111389
0.2718047797679901
0.27202698588371277
0.271933376789093
0.2719818353652954
0.27178192138671875
0.27271363139152527
0.27216944098472595
0.27231019735336304
0.27169346809387207
0.2719075083732605
0.271762490272522
0.27335432171821594
0.27171191573143005
0.2723924219608307
0.272487610578537
0.2718566060066223
0.27169546484947205
0.27203503251075745
0.2715904116630554
0.27139562368392944
0.27157047390937805
0.2716723680496216
0.2719227075576782
0.2711975872516632
0.2719811499118805
0.2715132236480713
0.272129088640213
0.2714366614818573
0.2722482681274414
0.2713829576969147
0.2716091275215149
0.2717582583427429
0.2720828652381897
0.2713888883590698
0.271872341632843
0.2715218961238861
0.271560400724411
0.2712877690792084
0.2713688015937805
0.2724016010761261
0.2716926634311676
0.2712539732456207
0.2720491588115692
0.2719684839248657
0.2713242173194885
0.270976185798645
0.27134743332862854
0.271236777305603
0.27155810594558716
0.2716359496116638
0.27149245142936707
0.27122703194618225
0.2713223397731781
0.271114319562912
0.27154844999313354
0.2709692120552063
0.27235516905784607
0.2712169885635376
0.2713578939437866
0.27118322253227234
0.2712962031364441
0.2712574005126953
0.27135419845581055
0.27099308371543884
0.270876944065094
0.2712860405445099
0.27101102471351624
0.27099722623825073
0.27115362882614136
0.27207258343696594
0.2720365822315216
0.2714173197746277
0.2713777720928192
0.27119970321655273
0.2710561454296112
0.2708856761455536
0.2711488604545593
0.271135151386261
0.2710435390472412
0.2710045278072357
0.2708719074726105
0.2712269127368927
0.2712782621383667
0.27174606919288635
0.27162763476371765
0.2717520296573639
0.27137044072151184
0.2717415392398834
0.27078214287757874
0.27192285656929016
0.271372526884079
0.2712309956550598
0.2712112069129944
0.2710128426551819
0.27087506651878357
0.27094537019729614
0.2710326910018921
0.2708733081817627
0.2717154324054718
0.27094048261642456
0.27107253670692444
0.27096027135849
0.2711808383464813
0.27082744240760803
0.2710574269294739
0.27139899134635925
0.2710186541080475
0.27101391553878784
0.27168330550193787
0.27148139476776123
0.27081313729286194
0.2711280286312103
0.2714996337890625
0.2710743248462677
0.2714037597179413
0.27132081985473633
0.27063319087028503
0.270980566740036
0.270850270986557
0.271430641412735
0.2706696689128876
0.2710917592048645
0.27140140533447266
0.271266907453537
0.270565927028656
0.2710937261581421
0.2708015441894531
0.2705496847629547
0.27061963081359863
0.2708609104156494
0.2722470760345459
0.27040281891822815
0.27189165353775024
0.27097633481025696
0.27104267477989197
0.2708684504032135
0.27127978205680847
0.27059122920036316
0.27101537585258484
0.2711940109729767
0.2705932557582855
0.2708122432231903
0.27084213495254517
0.27055197954177856
0.2709260880947113
0.27105003595352173
0.27084866166114807
0.27059757709503174
0.2705003321170807
0.27093520760536194
0.2708708345890045
0.27051761746406555
0.27079054713249207
0.2705894112586975
0.2710692286491394
0.27114078402519226
0.2720050811767578
0.2711125314235687
0.2711509168148041
0.2710326015949249
0.2709473967552185
0.27103668451309204
0.270747572183609
0.27097511291503906
0.27109426259994507
0.2708543837070465
0.27107667922973633
0.27095019817352295
0.2708049714565277
0.27076539397239685
0.27072203159332275
0.2707901895046234
0.2705751955509186
0.2705255448818207
0.2704299986362457
0.27086931467056274
0.27086350321769714
0.2705480456352234
0.27055129408836365
0.27035820484161377
0.2713607847690582
0.2705059051513672
0.2707715928554535
0.2706214189529419
0.2712612748146057
0.27101996541023254
0.2702471911907196
0.27089396119117737
0.2715234160423279
0.27181199193000793
0.27063748240470886
0.2705937325954437
0.2701806128025055
0.2706333100795746
0.2704761326313019
0.2709096074104309
0.2707669734954834
0.2706434726715088
0.270867258310318
0.2708102762699127
0.2702983021736145
0.27065348625183105
0.2704724073410034
0.2704499363899231
0.2707346975803375
0.27057990431785583
0.2711926996707916
0.27057984471321106
0.27091336250305176
0.2704422175884247
0.27149903774261475
0.2704041600227356
0.2707805037498474
0.2706769108772278
0.2707543969154358
0.271124929189682
0.2704007029533386
0.27060815691947937
0.2709173262119293
0.2707115411758423
0.27107319235801697
0.27091333270072937
0.2703334391117096
0.27097436785697937
0.27139249444007874
0.2706878185272217
0.27026864886283875
0.27028095722198486
0.27023500204086304
0.27072739601135254
0.27126502990722656
0.2707726061344147
0.27031105756759644
0.2712973952293396
0.27013102173805237
0.27071860432624817
0.2706530690193176
0.2700725197792053
0.27080419659614563
0.2704969048500061
0.27022865414619446
0.2704116702079773
0.2701380252838135
0.27100974321365356
0.27107366919517517
0.27040374279022217
0.2709638178348541
0.27070266008377075
0.27065443992614746
0.2709368169307709
0.2710508108139038
0.27082666754722595
0.2712325155735016
0.2708238959312439
0.27049440145492554
0.2700835168361664
0.2706070840358734
0.27025723457336426
0.27000316977500916
0.2705322504043579
0.27029478549957275
0.27061668038368225
0.2703895568847656
0.2708313763141632
0.2707037031650543
0.27042248845100403
0.2704746127128601
0.27059686183929443
0.2702576220035553
0.27019360661506653
0.270249605178833
0.27085283398628235
0.27040359377861023
0.2713005542755127
0.26993775367736816
0.270096093416214
0.27029120922088623
0.2708212733268738
0.2705588638782501
0.269986093044281
0.26993322372436523
0.2702323794364929
0.2703914940357208
0.2708309590816498
0.2706623077392578
0.2701352834701538
0.2709822356700897
0.2704916298389435
0.2699887156486511
0.270693302154541
0.2707795202732086
0.271205335855484
0.27033573389053345
0.27052953839302063
0.27049538493156433
0.27035993337631226
0.270609050989151
0.2701853811740875
0.270946741104126
0.27035078406333923
0.2701827883720398
0.27002379298210144
0.27044805884361267
0.2699999511241913
0.26998546719551086
0.27114275097846985
0.270873099565506
0.27092570066452026
0.2702794671058655
0.27022814750671387
0.27013131976127625
0.2699848711490631
0.27054595947265625
0.27007076144218445
0.270337849855423
0.2702973783016205
0.270586222410202
0.27025896310806274
0.2703477740287781
0.2700647711753845
0.2698443830013275
0.27019909024238586
0.27064260840415955
0.2705836892127991
0.2701915204524994
0.2702872157096863
0.2709268629550934
0.2706144154071808
0.2704133987426758
0.2703258693218231
0.2700905501842499
0.27018308639526367
0.26998668909072876
0.2700135111808777
0.2703913450241089
0.2707817256450653
0.27017146348953247
0.27078211307525635
0.2703152298927307
0.2699843645095825
0.2700832188129425
0.2707539498806
0.26994842290878296
0.27028805017471313
0.2702159881591797
0.2702687084674835
0.2699258029460907
0.26984503865242004
0.269878089427948
0.2698051333427429
0.26985496282577515
0.27025049924850464
0.2702638506889343
0.27002742886543274
0.2698867619037628
0.27004876732826233
0.27059245109558105
0.27059730887413025
0.27034252882003784
0.26995277404785156
0.27063387632369995
0.27001455426216125
0.27029404044151306
0.2709976136684418
0.2701245844364166
0.2698085606098175
0.2702277898788452
0.2705744206905365
0.2697816789150238
0.2706025540828705
0.26980167627334595
0.270245760679245
0.2699694037437439
0.2702395021915436
0.27000778913497925
0.2700413763523102
0.2702854871749878
0.2701062560081482
0.27022868394851685
0.271472305059433
0.2711746394634247
0.2697117328643799
0.2705259323120117
0.27005043625831604
0.27059322595596313
0.2699454128742218
0.26995566487312317
0.2698669731616974
0.2696993052959442
0.2702936828136444
0.2698177993297577
0.27015358209609985
0.27033862471580505
0.2701289653778076
0.26979419589042664
0.2702033519744873
0.2697162330150604
0.2702426612377167
0.2696826756000519
0.2696806788444519
0.2697938084602356
0.27009081840515137
0.2706970274448395
0.27000927925109863
0.27003172039985657
0.270791620016098
0.27002617716789246
0.2704125642776489
0.2703678011894226
0.269896537065506
0.2700674533843994
0.269248366355896
0.2701093554496765
0.26990145444869995
0.27019426226615906
0.2699626088142395
0.27002912759780884
0.26999813318252563
0.26983633637428284
0.26963549852371216
0.2703856825828552
0.2700765132904053
0.2698402404785156
0.2697836756706238
0.26988112926483154
0.2700866162776947
0.2706117630004883
0.2706517279148102
0.27001041173934937
0.2695249617099762
0.2701472043991089
0.26996323466300964
0.2698030173778534
0.26955798268318176
0.2703171968460083
0.2700963318347931
0.27043700218200684
0.26968294382095337
0.27004313468933105
0.2703079879283905
0.26971134543418884
0.26959577202796936
0.27032822370529175
0.27031633257865906
0.27008384466171265
0.2697713375091553
0.26968443393707275
0.26951438188552856
0.2703752815723419
0.2696318030357361
0.26970788836479187
0.2701539695262909
0.26982542872428894
0.2696564793586731
0.2715086042881012
0.2698186933994293
0.26960521936416626
0.2701302468776703
0.27100247144699097
0.27000367641448975
0.2699064314365387
0.2707535922527313
0.2697080373764038
0.2693644165992737
0.26959678530693054
0.26985687017440796
0.2692546546459198
0.26978158950805664
0.26989489793777466
0.26993638277053833
0.2696141302585602
0.2705005705356598
0.27038416266441345
0.26902055740356445
0.2695334553718567
0.2696070373058319
0.2696085274219513
0.26971977949142456
0.26931560039520264
0.2695104479789734
0.2694697976112366
0.2696298062801361
0.2697819471359253
0.2698129415512085
0.2690730392932892
0.26988717913627625
0.2692384719848633
0.26959285140037537
0.26946765184402466
0.2692687213420868
0.2695853114128113
0.26960739493370056
0.26928144693374634
0.26936084032058716
0.2693059742450714
0.26982051134109497
0.26931580901145935
0.2692900002002716
0.269118994474411
0.2694225609302521
0.2693522572517395
0.26928648352622986
0.26937124133110046
0.2688369154930115
0.2692207098007202
0.26916471123695374
0.2694913148880005
0.26900577545166016
0.2690546214580536
0.2694890797138214
0.2690095901489258
