0.7009804844856262
0.6859869956970215
0.6721373796463013
0.6589694023132324
0.6466319561004639
0.6331217288970947
0.6192551255226135
0.6031855344772339
0.5860511064529419
0.5673663020133972
0.5482980608940125
0.5283729434013367
0.5091646313667297
0.49100470542907715
0.4736543893814087
0.45719850063323975
0.4439657926559448
0.4290210008621216
0.41705217957496643
0.40678662061691284
0.39732134342193604
0.38956794142723083
0.38255801796913147
0.377744197845459
0.37255406379699707
0.37007060647010803
0.3663146495819092
0.3636331558227539
0.3607001006603241
0.35852891206741333
0.3569672107696533
0.35514694452285767
0.3545902967453003
0.3528767228126526
0.3512285649776459
0.3506804406642914
0.3488265872001648
0.3482036590576172
0.34741637110710144
0.34639108180999756
0.3456389605998993
0.3449048101902008
0.34435203671455383
0.34370365738868713
0.3424578607082367
0.34161558747291565
0.34159359335899353
0.34102392196655273
0.3396177887916565
0.33912211656570435
0.33841732144355774
0.33759790658950806
0.3371795117855072
0.33661794662475586
0.33566030859947205
0.33501702547073364
0.3345431685447693
0.33398568630218506
0.3336387276649475
0.33313125371932983
0.3326408863067627
0.33211612701416016
0.33119654655456543
0.331139475107193
0.3307875692844391
0.33026358485221863
0.3294999301433563
0.32899209856987
0.3289715349674225
0.32904303073883057
0.32857227325439453
0.32847556471824646
0.32740136981010437
0.32703474164009094
0.32692787051200867
0.3260308504104614
0.3264196813106537
0.3256353735923767
0.3254508078098297
0.3256947696208954
0.32444271445274353
0.32408207654953003
0.32419681549072266
0.32372164726257324
0.3231983482837677
0.32293909788131714
0.3229439854621887
0.3223465383052826
0.3223112225532532
0.3225882053375244
0.32131776213645935
0.3211941421031952
0.32088497281074524
0.3208622932434082
0.32068437337875366
0.3206930458545685
0.3196083903312683
0.31974726915359497
0.3185954988002777
0.3193737268447876
0.3197116553783417
0.31823354959487915
0.3185237944126129
0.31858497858047485
0.3176986277103424
0.31765541434288025
0.3173237442970276
0.3166148066520691
0.31709253787994385
0.3165239989757538
0.3167394995689392
0.315869003534317
0.31573551893234253
0.31584104895591736
0.31510084867477417
0.31531617045402527
0.3149360120296478
0.31459513306617737
0.3148227035999298
0.3141546845436096
0.31408026814460754
0.3141714334487915
0.3136064112186432
0.3131926357746124
0.31366080045700073
0.31311163306236267
0.3133407235145569
0.31262847781181335
0.31254059076309204
0.3122981786727905
0.3123275935649872
0.3124490976333618
0.31215357780456543
0.3118589222431183
0.31320273876190186
0.3121283948421478
0.31126242876052856
0.3113257884979248
0.31097832322120667
0.3113917112350464
0.3115449547767639
0.31079739332199097
0.31034111976623535
0.3106233775615692
0.3104480504989624
0.31077417731285095
0.309957355260849
0.3102377951145172
0.3098470866680145
0.3110051453113556
0.3098282814025879
0.30977869033813477
0.3099726438522339
0.30934226512908936
0.3094693720340729
0.3094017803668976
0.30963045358657837
0.3094501495361328
0.30850493907928467
0.3091483414173126
0.3084230124950409
0.3085786998271942
0.3088439702987671
0.30837181210517883
0.3083638548851013
0.3087548315525055
0.308106005191803
0.30790212750434875
0.30795153975486755
0.3080318570137024
0.3077436089515686
0.30818289518356323
0.30820202827453613
0.30785486102104187
0.3070679008960724
0.30759695172309875
0.3094116151332855
0.3070630729198456
0.3070583939552307
0.30708104372024536
0.30703654885292053
0.30684834718704224
0.30648326873779297
0.30650386214256287
0.3064180314540863
0.3068442642688751
0.3064189553260803
0.30683064460754395
0.3066793978214264
0.3065705895423889
0.30640703439712524
0.3064570128917694
0.3059450685977936
0.30611324310302734
0.30572178959846497
0.30669212341308594
0.30612024664878845
0.3056032359600067
0.30592119693756104
0.3053640127182007
0.3048078119754791
0.30499154329299927
0.3049532175064087
0.30547863245010376
0.30580946803092957
0.3052532970905304
0.3052763044834137
0.3045816123485565
0.3048665225505829
0.3044266104698181
0.30433523654937744
0.30509719252586365
0.30469295382499695
0.3040357530117035
0.3041601777076721
0.3041102886199951
0.3038559854030609
0.3038576543331146
0.3034560978412628
0.3038954436779022
0.3033725321292877
0.30327722430229187
0.303326815366745
0.3034760057926178
0.30298054218292236
0.3026272654533386
0.3034589886665344
0.3023405075073242
0.30269354581832886
0.3026321232318878
0.3018965423107147
0.30202195048332214
0.3030073642730713
0.30218586325645447
0.3019254207611084
0.30241692066192627
0.3015623092651367
0.3034987151622772
0.302047461271286
0.3020084798336029
0.3019769489765167
0.30110684037208557
0.3011796772480011
0.3010862469673157
0.30131545662879944
0.30071911215782166
0.3004409372806549
0.30030232667922974
0.2999862730503082
0.30034005641937256
0.2996578514575958
0.30000123381614685
0.30003297328948975
0.29967236518859863
0.29936981201171875
0.2990763187408447
0.29949453473091125
0.2996353507041931
0.29889175295829773
0.29851609468460083
0.29846471548080444
0.29903966188430786
0.2988659739494324
0.298114538192749
0.30001020431518555
0.29850640892982483
0.29795634746551514
0.29813653230667114
0.2974511384963989
0.2974478602409363
0.29746177792549133
0.2968408763408661
0.29668110609054565
0.29677078127861023
0.2967085838317871
0.29683157801628113
0.2977185547351837
0.29602593183517456
0.29586902260780334
0.29586851596832275
0.2958948314189911
0.29586198925971985
0.29560360312461853
0.29525139927864075
0.29558223485946655
0.29539430141448975
0.2946634292602539
0.29561328887939453
0.2948758900165558
0.2948583662509918
0.2943708300590515
0.2945859730243683
0.29475560784339905
0.29468029737472534
0.2948254644870758
0.2954045534133911
0.2946026027202606
0.2945047914981842
0.2934838533401489
0.2938821315765381
0.2932446599006653
0.2932533919811249
0.29281535744667053
0.29310092329978943
0.29249298572540283
0.29285505414009094
0.2938612699508667
0.292613685131073
0.2931934893131256
0.2922114431858063
0.29164236783981323
0.29128703474998474
0.29096218943595886
0.29148125648498535
0.2913636565208435
0.2904544174671173
0.2918284237384796
0.28979727625846863
0.28974905610084534
0.28955256938934326
0.2900041341781616
0.28972843289375305
0.28975456953048706
0.2890814244747162
0.28907111287117004
0.28852733969688416
0.2883835732936859
0.2879706621170044
0.2879561185836792
0.28786352276802063
0.28777387738227844
0.2879165709018707
0.28726136684417725
0.2872563302516937
0.2872820794582367
0.28735584020614624
0.2865413427352905
0.28649693727493286
0.2867613136768341
0.2862681448459625
0.28591063618659973
0.28596436977386475
0.285698264837265
0.28534945845603943
0.2852661609649658
0.28537416458129883
0.2835625410079956
0.2847582697868347
0.2835051715373993
0.28350067138671875
0.2828034460544586
0.28218138217926025
0.282440721988678
0.28121089935302734
0.2811119556427002
0.2803415060043335
0.28066709637641907
0.27986255288124084
0.27963775396347046
0.278547078371048
0.2782582640647888
0.2778659164905548
0.2785819470882416
0.27779465913772583
0.27685433626174927
0.2772228717803955
0.276629775762558
0.27614447474479675
0.2756042182445526
0.27651673555374146
0.27484801411628723
0.27502113580703735
0.27439430356025696
0.2752327620983124
0.2739802896976471
0.2735009789466858
0.2734204828739166
0.2734491229057312
0.2728106379508972
0.27321872115135193
0.27251774072647095
0.27248191833496094
0.2725411355495453
0.272789865732193
0.27169278264045715
0.27149200439453125
0.2717852294445038
0.27192777395248413
0.27122631669044495
0.26941126585006714
0.2697051167488098
0.2697339355945587
0.2696492075920105
0.2696567475795746
0.2688435912132263
0.2686399817466736
0.2680877149105072
0.26831114292144775
0.2673535943031311
0.2674543857574463
0.2671092748641968
0.26704099774360657
0.2667979598045349
0.26681312918663025
0.266582727432251
0.2662397623062134
0.2657107710838318
0.26568174362182617
0.265401154756546
0.2649386525154114
0.2645173966884613
0.26500436663627625
0.2637406885623932
0.26326969265937805
0.2625788450241089
0.2621901035308838
0.26169341802597046
0.26112058758735657
0.2607322037220001
0.26109597086906433
0.2608397603034973
0.2597081959247589
0.2600320875644684
0.25909850001335144
0.25842368602752686
0.25937962532043457
0.25875020027160645
0.2578372657299042
0.2593894600868225
0.25784000754356384
0.2558187246322632
0.2554459869861603
0.2549265921115875
0.2543129324913025
0.2544606924057007
0.2536602020263672
0.2536390721797943
0.2542337477207184
0.25298193097114563
0.25268030166625977
0.2527600824832916
0.25149303674697876
0.25171971321105957
0.251451700925827
0.2509285509586334
0.2513294517993927
0.25045546889305115
0.2500405013561249
0.25041255354881287
0.24993135035037994
0.2490469217300415
0.24929094314575195
0.24862682819366455
0.24856218695640564
0.2479151040315628
0.24883204698562622
0.24805594980716705
0.2475889027118683
0.24803608655929565
0.247574120759964
0.24686488509178162
0.24728482961654663
0.24698035418987274
0.24653640389442444
0.24687913060188293
0.2456950694322586
0.24517923593521118
0.24694031476974487
0.24547171592712402
0.24519406259059906
0.2449912279844284
0.24488955736160278
0.24451503157615662
0.24503278732299805
0.24476832151412964
0.24559526145458221
0.2434341013431549
0.24372859299182892
0.24344439804553986
0.24355009198188782
0.2431875318288803
0.24295328557491302
0.24327124655246735
0.24257442355155945
0.24318167567253113
0.2429114133119583
0.24214670062065125
0.24284370243549347
0.24196301400661469
0.24170935153961182
0.24306589365005493
0.2428925335407257
0.24199990928173065
0.24172666668891907
0.24178284406661987
0.2407616227865219
0.2408854216337204
0.24136564135551453
0.24193033576011658
0.2410816252231598
0.2404644787311554
0.24122612178325653
0.2406391054391861
0.24098770320415497
0.24118615686893463
0.2403196096420288
0.2403133362531662
0.24085621535778046
0.24003055691719055
0.24008357524871826
0.24116110801696777
0.24014917016029358
0.24107159674167633
0.24002785980701447
0.2401026487350464
0.2399372160434723
0.23980587720870972
0.2395775467157364
0.23955535888671875
0.23911559581756592
0.2398526817560196
0.23936307430267334
0.24014504253864288
0.2392115443944931
0.2387150228023529
0.23935209214687347
0.23896408081054688
0.23856894671916962
0.2399432510137558
0.24043811857700348
0.23870272934436798
0.2393215149641037
0.238292396068573
0.23877233266830444
0.23818407952785492
0.23830032348632812
0.238065704703331
0.23810622096061707
0.23792456090450287
0.23793193697929382
0.23766063153743744
0.23723749816417694
0.23699769377708435
0.23733146488666534
0.23810163140296936
0.2382161021232605
0.2379952222108841
0.23731596767902374
0.23839597404003143
0.2379775494337082
0.23666374385356903
0.23668648302555084
0.23729462921619415
0.23677679896354675
0.2371819019317627
0.23730690777301788
0.2371315360069275
0.23618707060813904
0.23664209246635437
0.23619553446769714
0.23719771206378937
0.23746845126152039
0.23731712996959686
0.23636187613010406
0.23571430146694183
0.2369074821472168
0.23608875274658203
0.23592984676361084
0.23623085021972656
0.23706120252609253
0.2361622005701065
0.2358960062265396
0.23604194819927216
0.23580217361450195
0.23666565120220184
0.2355780154466629
0.23519088327884674
0.2348097413778305
0.23520146310329437
0.23550115525722504
0.23550061881542206
0.2350362092256546
0.23516805469989777
0.235114187002182
0.2346130609512329
0.23546287417411804
0.23557066917419434
0.23461046814918518
0.23439159989356995
0.23473159968852997
0.23433127999305725
0.2341332882642746
0.23413945734500885
0.23460926115512848
0.2342347800731659
0.23456323146820068
0.2341596931219101
0.23455683887004852
0.23504610359668732
0.23465190827846527
0.23526516556739807
0.233877494931221
0.233581081032753
0.233407124876976
0.2337767332792282
0.23367632925510406
0.23333975672721863
0.23339465260505676
0.23349294066429138
0.23315021395683289
0.23348993062973022
0.23454321920871735
0.23314164578914642
0.23342777788639069
0.23287642002105713
0.2329631894826889
0.23282255232334137
0.23325560986995697
0.23302820324897766
0.23278048634529114
0.23311468958854675
0.23314952850341797
0.2337341010570526
0.23278175294399261
0.23292875289916992
0.2331433743238449
0.23271118104457855
0.23267309367656708
0.23244677484035492
0.2338416874408722
0.23179921507835388
0.23201575875282288
0.23227564990520477
0.2332908660173416
0.23363420367240906
0.23233437538146973
0.23194465041160583
0.2320888191461563
0.23191337287425995
0.23202012479305267
0.23265990614891052
0.23287323117256165
0.23250000178813934
0.23219434916973114
0.231378972530365
0.23196502029895782
0.23198246955871582
0.23157893121242523
0.23232898116111755
0.2319715917110443
0.2328353375196457
0.2315874993801117
0.23137719929218292
0.2315131425857544
0.2319919914007187
0.231853649020195
0.2322424203157425
0.2315225899219513
0.23188865184783936
0.23106901347637177
0.23111864924430847
0.23212753236293793
0.2315235733985901
0.2308260053396225
0.2316363900899887
0.23152190446853638
0.23105952143669128
0.23149508237838745
0.230698823928833
0.2306758463382721
0.23093730211257935
0.23034825921058655
0.2309717983007431
0.23060758411884308
0.2310020476579666
0.23046831786632538
0.23047979176044464
0.23111115396022797
0.23055262863636017
0.23034913837909698
0.23019970953464508
0.23044000566005707
0.23054422438144684
0.2309538722038269
0.2310294359922409
0.23006191849708557
0.2301137000322342
0.2309732288122177
0.23119007050991058
0.23093844950199127
0.23013964295387268
0.2298729568719864
0.2299237698316574
0.23001277446746826
0.22969339787960052
0.230195552110672
0.2293223887681961
0.2299409657716751
0.22914035618305206
0.22997307777404785
0.23074586689472198
0.22941730916500092
0.22972339391708374
0.23025493323802948
0.22943368554115295
0.22931726276874542
0.22998741269111633
0.22932958602905273
0.22943083941936493
0.22971874475479126
0.22858569025993347
0.22919932007789612
0.22914457321166992
0.22898593544960022
0.22942151129245758
0.22994644939899445
0.22901813685894012
0.22965474426746368
0.22879207134246826
0.22961661219596863
0.2295347899198532
0.2295055091381073
0.22888943552970886
0.22838515043258667
0.22933493554592133
0.22885674238204956
0.22891007363796234
0.2289234697818756
0.22868703305721283
0.22800499200820923
0.2284911572933197
0.2286168485879898
0.228275328874588
0.22865469753742218
0.22786450386047363
0.2283390611410141
0.2283969521522522
0.22790786623954773
0.22800174355506897
0.22780543565750122
0.22766084969043732
0.22862960398197174
0.22754959762096405
0.2284502536058426
0.22701573371887207
0.2279050648212433
0.2270231693983078
0.22755782306194305
0.2275988608598709
0.22725968062877655
0.22749917209148407
0.22762131690979004
0.2272137999534607
0.22757229208946228
0.22746166586875916
0.22727520763874054
0.22746428847312927
0.2271503359079361
0.22757719457149506
0.22714395821094513
0.2273416668176651
0.22736690938472748
0.22738546133041382
0.22661063075065613
0.22660423815250397
0.22725138068199158
0.22811977565288544
0.2277328073978424
0.22820459306240082
0.22640293836593628
0.22751575708389282
0.22657537460327148
0.22684964537620544
0.22677771747112274
0.2269682139158249
0.22689791023731232
0.22579042613506317
0.22655215859413147
0.2258535474538803
0.22653256356716156
0.2260708212852478
0.2271929830312729
0.22667790949344635
0.22618311643600464
0.2263766974210739
0.22637085616588593
0.22589600086212158
0.22619397938251495
0.2267691195011139
0.22542791068553925
0.22599312663078308
0.22638162970542908
0.225578173995018
0.22590471804141998
0.22574502229690552
0.22584663331508636
0.22564367949962616
0.2263890653848648
0.22720693051815033
0.22674913704395294
0.22666244208812714
0.2255880981683731
0.22601279616355896
0.22516705095767975
0.22563369572162628
0.22624678909778595
0.22490639984607697
0.22524942457675934
0.22522591054439545
0.22520138323307037
0.22507838904857635
0.22500930726528168
0.22610589861869812
0.22610844671726227
0.22535565495491028
0.22482028603553772
0.22493158280849457
0.22482004761695862
0.22544099390506744
0.2259400188922882
0.22526668012142181
0.22628214955329895
0.22463084757328033
0.2248889058828354
0.2250933051109314
0.22431956231594086
0.22488148510456085
0.2247074544429779
0.22615976631641388
0.22506098449230194
0.22509734332561493
0.22495047748088837
0.22478440403938293
0.2250688672065735
0.22458890080451965
0.2243967056274414
0.2251981645822525
0.22676627337932587
0.22520285844802856
0.22463345527648926
0.22451306879520416
0.22488491237163544
0.22492597997188568
0.22391603887081146
0.22409166395664215
0.22427299618721008
0.22490103542804718
0.22574347257614136
0.22424839437007904
0.2246490865945816
0.22423112392425537
0.2241450548171997
0.2240954488515854
0.22381043434143066
0.22435523569583893
0.22449837625026703
0.22457008063793182
0.22425591945648193
0.22417494654655457
0.2247636914253235
0.22386157512664795
0.22417062520980835
0.22371937334537506
0.22357051074504852
0.22438868880271912
0.22413064539432526
0.22421297430992126
0.22455468773841858
0.22419674694538116
0.22473593056201935
0.22404924035072327
0.2236972153186798
0.2243679165840149
0.22391961514949799
0.2243998497724533
0.22607865929603577
0.224397212266922
0.22409777343273163
0.22400929033756256
0.22368302941322327
0.22304126620292664
0.22346964478492737
0.2235177904367447
0.22353273630142212
0.2236102819442749
0.22447364032268524
0.22364161908626556
0.22401684522628784
0.2235090732574463
0.2236003279685974
0.2238473892211914
0.22328509390354156
0.22418279945850372
0.2246810495853424
0.22310079634189606
0.22389402985572815
0.22333821654319763
0.2241370677947998
0.22377073764801025
0.2244144082069397
0.22372713685035706
0.22311854362487793
0.22383292019367218
0.2227456420660019
0.2240251749753952
0.22287243604660034
0.22363658249378204
0.22306710481643677
0.2238462120294571
0.22345606982707977
0.2225964218378067
0.22284962236881256
0.22428543865680695
0.2232329547405243
0.2233833521604538
0.22317956387996674
0.22361893951892853
0.22306057810783386
0.22346056997776031
0.22305811941623688
0.22325140237808228
0.2229638397693634
0.22251476347446442
0.2232038676738739
0.22384487092494965
0.2230433225631714
0.22356067597866058
0.2227638065814972
0.22309008240699768
0.22331470251083374
0.2232939451932907
0.22258193790912628
0.22249582409858704
0.22310788929462433
0.22212287783622742
0.22309917211532593
0.2233084738254547
0.22264671325683594
0.22287142276763916
0.22442328929901123
0.22231502830982208
0.22201374173164368
0.22233223915100098
0.22235581278800964
0.22247804701328278
0.22288735210895538
0.22275273501873016
0.22260762751102448
0.22252720594406128
0.22324760258197784
0.22281920909881592
0.22274518013000488
0.22260384261608124
0.22234494984149933
0.22271758317947388
0.2221507877111435
0.22282230854034424
0.22337304055690765
0.22497676312923431
0.2232597917318344
0.22324113547801971
0.22339309751987457
0.2225930243730545
0.2225894033908844
0.22306662797927856
0.221842959523201
0.22195769846439362
0.22218647599220276
0.22315610945224762
0.22289422154426575
0.22195208072662354
0.22344139218330383
0.22272366285324097
0.22197489440441132
0.2219727635383606
0.22222770750522614
0.22258567810058594
0.22274906933307648
0.22187471389770508
0.22267642617225647
0.22252480685710907
0.22330255806446075
0.22188839316368103
0.22396276891231537
0.22327354550361633
0.2228897660970688
0.22240085899829865
0.22178594768047333
0.22241522371768951
0.22188924252986908
0.22202573716640472
0.22194179892539978
0.22150295972824097
0.22180110216140747
0.22198434174060822
0.2221079021692276
0.22184723615646362
0.22144632041454315
0.22168594598770142
0.2217731773853302
