1.1866413354873657
1.0584673881530762
0.9569685459136963
0.8708783388137817
0.7961644530296326
0.7360438108444214
0.6834354400634766
0.6412083506584167
0.6027931571006775
0.5721312761306763
0.5444632768630981
0.5205792188644409
0.5008424520492554
0.48238006234169006
0.466692715883255
0.4536362886428833
0.4412684142589569
0.43106868863105774
0.42296653985977173
0.4149325489997864
0.40855899453163147
0.4026837646961212
0.39758747816085815
0.3930245637893677
0.3889637291431427
0.38505294919013977
0.3815472722053528
0.37868908047676086
0.3755800426006317
0.3728181719779968
0.370263934135437
0.3674430251121521
0.36507171392440796
0.36287441849708557
0.36039987206459045
0.3585958182811737
0.3569295108318329
0.35480996966362
0.35283300280570984
0.35121482610702515
0.3494328260421753
0.347456157207489
0.34576210379600525
0.34410157799720764
0.3424326479434967
0.3409315347671509
0.3392295241355896
0.33784955739974976
0.3365781605243683
0.33478260040283203
0.3334284722805023
0.33211302757263184
0.3300760090351105
0.3293127417564392
0.3276018500328064
0.3268775939941406
0.3252517580986023
0.3233632445335388
0.32214847207069397
0.32062914967536926
0.31961727142333984
0.3183174133300781
0.31704258918762207
0.31574633717536926
0.31455570459365845
0.3134121000766754
0.3123490810394287
0.3108171224594116
0.3103579878807068
0.30899882316589355
0.3073338568210602
0.3064362406730652
0.30546289682388306
0.30415207147598267
0.302960067987442
0.3020913004875183
0.3008052408695221
0.30028417706489563
0.29920580983161926
0.2984170913696289
0.2971598505973816
0.29586395621299744
0.29518958926200867
0.2940562665462494
0.29395434260368347
0.29235008358955383
0.29158011078834534
0.2906763553619385
0.2897580564022064
0.28915682435035706
0.28852221369743347
0.28785139322280884
0.28661075234413147
0.2859732508659363
0.28538835048675537
0.28432193398475647
0.2837037444114685
0.28280866146087646
0.2822721302509308
0.28123074769973755
0.2812119722366333
0.28014203906059265
0.27959269285202026
0.2788980305194855
0.2785165309906006
0.27771875262260437
0.2768333852291107
0.27763673663139343
0.2758481204509735
0.27564188838005066
0.2749764621257782
0.2751072943210602
0.27361735701560974
0.272871732711792
0.2726214528083801
0.27208295464515686
0.2714366316795349
0.2709875702857971
0.27061691880226135
0.2702641785144806
0.2696201503276825
0.2698709964752197
0.2687281370162964
0.2680879831314087
0.268055260181427
0.2671635150909424
0.266761839389801
0.2664485275745392
0.26579421758651733
0.26572754979133606
0.2653820812702179
0.2645568251609802
0.26464420557022095
0.26478326320648193
0.2632500231266022
0.263450026512146
0.2632325291633606
0.2624255120754242
0.2627153694629669
0.26260852813720703
0.26156967878341675
0.260952889919281
0.26064416766166687
0.260206401348114
0.25972485542297363
0.25971633195877075
0.2589804530143738
0.25924238562583923
0.25896555185317993
0.2590581476688385
0.2584562599658966
0.257931113243103
0.2578679323196411
0.25779208540916443
0.2570284903049469
0.2566792368888855
0.2571878135204315
0.2561677098274231
0.25573575496673584
0.2550869286060333
0.2556271255016327
0.2551133632659912
0.25452136993408203
0.2541939914226532
0.25403261184692383
0.2536804974079132
0.2534201443195343
0.2530291676521301
0.25353509187698364
0.2528159022331238
0.25305554270744324
0.25307995080947876
0.25157684087753296
0.25171223282814026
0.25145143270492554
0.2508544623851776
0.2504359781742096
0.2502274811267853
0.24998825788497925
0.2496231496334076
0.24933233857154846
0.2501472532749176
0.24910868704319
0.24950236082077026
0.24822960793972015
0.2479691058397293
0.24817894399166107
0.24792450666427612
0.2475227564573288
0.24711687862873077
0.24708129465579987
0.24656055867671967
0.24650509655475616
0.24648074805736542
0.24601399898529053
0.24548712372779846
0.24544306099414825
0.24508385360240936
0.2449653595685959
0.24494203925132751
0.24487444758415222
0.24477289617061615
0.24476654827594757
0.24369511008262634
0.24412848055362701
0.24315187335014343
0.2433868646621704
0.2430431991815567
0.2430775761604309
0.24296940863132477
0.24200421571731567
0.24242056906223297
0.24164679646492004
0.24167422950267792
0.24159446358680725
0.2409130036830902
0.24121873080730438
0.240414097905159
0.24013809859752655
0.2400146722793579
0.23988975584506989
0.23928453028202057
0.2392187863588333
0.23890604078769684
0.2391262948513031
0.23871664702892303
0.23869729042053223
0.23809586465358734
0.23800556361675262
0.23763112723827362
0.23750624060630798
0.23718780279159546
0.2370368391275406
0.2371479570865631
0.23695994913578033
0.2371002733707428
0.2364330291748047
0.23573952913284302
0.2357972115278244
0.23554295301437378
0.2357683628797531
0.2348092794418335
0.23505899310112
0.2345176339149475
0.23459362983703613
0.23439285159111023
0.2343677431344986
0.23376743495464325
0.23378832638263702
0.23330102860927582
0.2333892285823822
0.23377878963947296
0.23293247818946838
0.232462540268898
0.23226219415664673
0.23206225037574768
0.2317642718553543
0.23127087950706482
0.23161965608596802
0.2313947081565857
0.23070278763771057
0.2311675250530243
0.23151564598083496
0.2301579862833023
0.23037078976631165
0.23029692471027374
0.2299480438232422
0.23028436303138733
0.2298317849636078
0.22867320477962494
0.22848325967788696
0.22830496728420258
0.228499174118042
0.22811302542686462
0.22853735089302063
0.2283714860677719
0.22775043547153473
0.22773772478103638
0.22832325100898743
0.22812087833881378
0.22769153118133545
0.22735922038555145
0.22718703746795654
0.22714094817638397
0.22669412195682526
0.22690533101558685
0.22673510015010834
0.22662627696990967
0.22643250226974487
0.22656956315040588
0.22626663744449615
0.2264242023229599
0.22609522938728333
0.226167231798172
0.22595156729221344
0.22576889395713806
0.22591543197631836
0.22606369853019714
0.2254454344511032
0.22551949322223663
0.2254055291414261
0.22536258399486542
0.22498053312301636
0.22496260702610016
0.2249504029750824
0.22507449984550476
0.22545982897281647
0.22487519681453705
0.22456328570842743
0.224490687251091
0.224148690700531
0.22418682277202606
0.22418393194675446
0.2238702028989792
0.22383834421634674
0.2237471044063568
0.22407671809196472
0.22383032739162445
0.2234097123146057
0.22341009974479675
0.22319842875003815
0.22359926998615265
0.2233959585428238
0.22304916381835938
0.22275321185588837
0.22308117151260376
0.22298312187194824
0.22258733212947845
0.22235806286334991
0.22274935245513916
0.22232967615127563
0.22224818170070648
0.22190484404563904
0.22185921669006348
0.2219092845916748
0.22167471051216125
0.2220338135957718
0.22157859802246094
0.22147059440612793
0.2216130942106247
0.22127623856067657
0.22124861180782318
0.22090958058834076
0.22118911147117615
0.22095562517642975
0.22074833512306213
0.22059641778469086
0.22052794694900513
0.2205030471086502
0.2203802466392517
0.22013865411281586
0.22015252709388733
0.22011537849903107
0.21998858451843262
0.21998760104179382
0.21977537870407104
0.21960367262363434
0.2197304368019104
0.21938456594944
0.21955963969230652
0.21944063901901245
0.21929606795310974
0.21913178265094757
0.21913428604602814
0.21912042796611786
0.21879629790782928
0.21880201995372772
0.21858985722064972
0.21886633336544037
0.21817044913768768
0.21803967654705048
0.21797610819339752
0.21796230971813202
0.217875674366951
0.2178589254617691
0.217806875705719
0.21781234443187714
0.21772216260433197
0.21778100728988647
0.2176794856786728
0.21765120327472687
0.21752077341079712
0.2174147218465805
0.21727097034454346
0.21729318797588348
0.21724960207939148
0.21723394095897675
0.21717724204063416
0.21711763739585876
0.21727406978607178
0.2172999531030655
0.2169855237007141
0.2170388400554657
0.2168915867805481
0.21692638099193573
0.21683929860591888
0.2167869359254837
0.2166936844587326
0.21660590171813965
0.2165193408727646
0.21651484072208405
0.2164955735206604
0.21646875143051147
0.21639876067638397
0.21636229753494263
0.21628603339195251
0.21632301807403564
0.21615999937057495
0.21618999540805817
0.2161525934934616
0.21617567539215088
0.21603654325008392
0.21602888405323029
0.2160750776529312
0.21582303941249847
0.21582864224910736
0.21573932468891144
0.21568410098552704
0.21574357151985168
0.21558919548988342
0.2155357301235199
0.21543259918689728
0.21561376750469208
0.21550065279006958
0.21551132202148438
0.21535418927669525
0.21522125601768494
0.21519596874713898
0.21517159044742584
0.2151036113500595
0.21503014862537384
0.21504837274551392
0.21502375602722168
0.21494649350643158
0.21491816639900208
0.21501833200454712
0.21487054228782654
0.21478646993637085
0.2146984040737152
0.21462799608707428
0.21454031765460968
0.21451818943023682
0.21444113552570343
0.21453757584095
0.2144552767276764
0.2143847793340683
0.2145298719406128
0.21437843143939972
0.21416662633419037
0.2141832560300827
0.2142699658870697
0.2141938954591751
0.2141311913728714
0.213990718126297
0.21400336921215057
0.21385997533798218
0.2137943059206009
0.21394744515419006
0.2137710303068161
0.21367637813091278
0.21367469429969788
0.21365858614444733
0.21363893151283264
0.21346931159496307
0.21343959867954254
0.21341601014137268
0.21335165202617645
0.21339654922485352
0.2132212370634079
0.21323485672473907
0.2131001353263855
0.2130863219499588
0.2130572348833084
0.21299691498279572
0.21301545202732086
0.21293586492538452
0.21299485862255096
0.21295654773712158
0.21296711266040802
0.21286332607269287
0.21291637420654297
0.21287812292575836
0.21285304427146912
0.21279259026050568
0.21280354261398315
0.21288076043128967
0.21274536848068237
0.2127029001712799
0.21269591152668
0.21273519098758698
0.21263009309768677
0.21260471642017365
0.2125813364982605
0.21255913376808167
0.21259383857250214
0.21247568726539612
0.21252033114433289
0.21253365278244019
0.21245352923870087
0.21238036453723907
0.2123788297176361
0.212368905544281
0.2123575210571289
0.21236298978328705
0.21234232187271118
0.21237120032310486
0.21220137178897858
0.21220038831233978
0.21227383613586426
0.21221932768821716
0.21218565106391907
0.21219469606876373
0.21213193237781525
0.21209895610809326
0.21211566030979156
0.21210120618343353
0.21200861036777496
0.21198001503944397
0.2120080590248108
0.21197402477264404
0.21197479963302612
0.21193534135818481
0.21189406514167786
0.21191979944705963
0.21184992790222168
0.211834117770195
0.2119080126285553
0.2118993103504181
0.21178704500198364
0.2117488533258438
0.2117844969034195
0.21177677810192108
0.21170726418495178
0.211674764752388
0.21171627938747406
0.2116340696811676
0.21161708235740662
0.21154530346393585
0.21154101192951202
0.2114952653646469
0.2115556001663208
0.2115572988986969
0.2114540934562683
0.21144357323646545
0.21140554547309875
0.2114385962486267
0.21138954162597656
0.2113160490989685
0.2113240659236908
0.2112758904695511
0.2112467885017395
0.21125328540802002
0.21122081577777863
0.21126972138881683
0.21117278933525085
0.21118323504924774
0.2111535370349884
0.21114718914031982
0.21112820506095886
0.2110946923494339
0.21103574335575104
0.21104645729064941
0.2110224813222885
0.2109931856393814
0.21095573902130127
0.21095769107341766
0.210967019200325
0.21091453731060028
0.2108801007270813
0.21080803871154785
0.21078434586524963
0.2107856273651123
0.2107739895582199
0.21078738570213318
0.21076296269893646
0.21075056493282318
0.2107069045305252
0.21071700751781464
0.2107052356004715
0.21070989966392517
0.2106804996728897
0.21066029369831085
0.21064698696136475
0.21068967878818512
0.21062245965003967
0.21062061190605164
0.21060366928577423
0.2106008529663086
0.2105857878923416
0.2105821818113327
0.2106156349182129
0.21057657897472382
0.21056659519672394
0.21053089201450348
0.21057173609733582
0.21050868928432465
0.21052049100399017
0.2105083018541336
0.21049727499485016
0.21047300100326538
0.21045339107513428
0.2104514092206955
0.2104991376399994
0.21044817566871643
0.21041937172412872
0.21042349934577942
0.21044157445430756
0.21039694547653198
0.21035633981227875
0.21038629114627838
0.21034707129001617
0.21034285426139832
0.21032854914665222
0.2103022038936615
0.21030116081237793
0.21032553911209106
0.21027544140815735
0.21028664708137512
0.21028831601142883
0.2102488875389099
0.21021990478038788
0.21022994816303253
0.21025994420051575
0.21020975708961487
0.21024532616138458
0.21018972992897034
0.2101767212152481
0.21015655994415283
0.21016043424606323
0.2101784646511078
0.21015533804893494
0.2101668119430542
0.21013188362121582
0.2101161777973175
0.21008963882923126
0.21009017527103424
0.2100619077682495
0.2100602388381958
0.2100408375263214
0.210056871175766
0.21000762283802032
0.2100154012441635
0.2099868655204773
0.20998242497444153
0.21000200510025024
0.20997610688209534
0.2099647969007492
0.2099638730287552
0.20994609594345093
0.20993854105472565
0.20990824699401855
0.2099292278289795
0.20990809798240662
0.20991051197052002
0.20988839864730835
0.2098863273859024
0.20987962186336517
0.2098417580127716
0.20981484651565552
0.2098209410905838
0.2098073810338974
0.20981693267822266
0.20981048047542572
0.20980043709278107
0.20979423820972443
0.20978106558322906
0.20975756645202637
0.2097312957048416
0.20971229672431946
